1513395455.6665947437	64172.5174	-61672.8720	0.000000	17.5110	25194
1513395455.7699732780	64172.7510	-61672.7772	0.000972	17.5150	25217
1513395455.8726985455	64172.3878	-61672.3432	0.569262	17.5150	25205
1513395455.9762954712	64171.9693	-61672.0863	0.943190	17.5160	25113
1513395456.0822412968	64171.5517	-61671.8260	1.294202	17.5170	25027
1513395456.1899352074	64171.1475	-61671.6031	1.567545	17.5140	25008
1513395456.2931213379	64170.7485	-61671.4119	1.786704	17.5110	25001
1513395456.3983240128	64170.3357	-61671.1815	1.957188	17.5170	24906
1513395456.5050475597	64169.9310	-61670.9944	2.093305	17.5180	24824
1513395456.6060729027	64169.5355	-61670.8053	2.196223	17.5190	24818
1513395456.7119274139	64169.1005	-61670.5782	2.280262	17.5170	24429
1513395456.8207502365	64168.6974	-61670.3991	2.347570	17.5180	24632
1513395456.9237668514	64168.3247	-61670.2368	2.399025	17.5220	24406
1513395457.0248081684	64167.9358	-61670.0746	2.444787	17.5240	23843
1513395457.1348161697	64167.4911	-61669.8646	2.482222	17.5220	23386
1513395457.2364332676	64167.1307	-61669.7188	2.512833	17.5190	23528
1513395457.3417279720	64166.6844	-61669.5003	2.536799	17.5200	23954
1513395457.4606006145	64166.2554	-61669.3147	2.560977	17.5240	24376
1513395457.5524106026	64165.9540	-61669.1940	2.577893	17.5230	24119
1513395457.6586661339	64165.5705	-61669.0228	2.593280	17.5220	23733
1513395457.7625999451	64165.1168	-61668.8028	2.605560	17.5210	24195
1513395457.8672339916	64164.7750	-61668.6550	2.617480	17.5260	24285
1513395457.9737362862	64164.3411	-61668.4519	2.627792	17.5230	24283
1513395458.0769062042	64163.9930	-61668.2963	2.636573	17.5210	24286
1513395458.1792383194	64163.5610	-61668.0868	2.643024	17.5240	24149
1513395458.2854206562	64163.2071	-61667.9264	2.650334	17.5230	24251
1513395458.3920440674	64162.7492	-61667.7015	2.655205	17.5230	24279
1513395458.4958600998	64162.4044	-61667.5443	2.660805	17.5270	24320
1513395458.6035108566	64161.9455	-61667.3236	2.665189	17.5280	24322
1513395458.7063632011	64161.6022	-61667.1637	2.669663	17.5240	24294
1513395458.8126192093	64161.1675	-61666.9546	2.673397	17.5350	24386
1513395458.9170992374	64160.7936	-61666.7767	2.676545	17.5380	24294
1513395459.0210435390	64160.3680	-61666.5699	2.678696	17.5450	24293
1513395459.1278443336	64159.9918	-61666.3887	2.680971	17.5340	23998
1513395459.2318999767	64159.5406	-61666.1690	2.682858	17.5350	23540
1513395459.3351540565	64159.1632	-61665.9853	2.684522	17.5370	23511
1513395459.4430534840	64158.6689	-61665.7431	2.685854	17.5310	23884
1513395459.5453624725	64158.3117	-61665.5681	2.686779	17.5270	24225
1513395459.6503767967	64157.8464	-61665.3399	2.687800	17.5230	24058
1513395459.7573771477	64157.4917	-61665.1647	2.688563	17.5250	24105
1513395459.8600039482	64157.0241	-61664.9346	2.689002	17.5260	24387
1513395459.9638321400	64156.6626	-61664.7556	2.689395	17.5280	24449
1513395460.0735011101	64156.2175	-61664.5361	2.689938	17.5280	24504
1513395460.1757688522	64155.8186	-61664.3398	2.690925	17.5250	24589
1513395460.2784116268	64155.4149	-61664.1420	2.692032	17.5180	24511
1513395460.3831009865	64154.9411	-61663.9106	2.692640	17.5100	24774
1513395460.4863321781	64154.5659	-61663.7268	2.692832	17.5120	24731
1513395460.5977675915	64154.0893	-61663.4939	2.692668	17.5130	24896
1513395460.6992843151	64153.7127	-61663.3091	2.692426	17.5160	24829
1513395460.8015692234	64153.2996	-61663.1073	2.692478	17.5160	24862
1513395460.9127333164	64152.8115	-61662.8693	2.692594	17.5160	24776
1513395461.0145146847	64152.4492	-61662.6927	2.692676	17.5100	24710
1513395461.1205456257	64152.0344	-61662.4910	2.692796	17.5100	24807
1513395461.2268817425	64151.5722	-61662.2667	2.693042	17.5060	24577
1513395461.3294839859	64151.1329	-61662.0538	2.693151	17.5110	24018
1513395461.4355425835	64150.7448	-61661.8655	2.693233	17.5100	23891
1513395461.5411179066	64150.2907	-61661.6459	2.693762	17.5130	24361
1513395461.6438369751	64149.9106	-61661.4619	2.694558	17.5160	24382
1513395461.7487812042	64149.5173	-61661.2716	2.695229	17.5090	24649
1513395461.8551003933	64149.0685	-61661.0546	2.695367	17.5080	24628
1513395461.9579977989	64148.6897	-61660.8707	2.695432	17.5010	24746
1513395462.0622844696	64148.2207	-61660.6444	2.696240	17.5000	24803
1513395462.1684756279	64147.8494	-61660.4654	2.697536	17.4940	24836
1513395462.2735719681	64147.3886	-61660.2452	2.698934	17.4930	24751
1513395462.3790392876	64146.9556	-61660.0392	2.700122	17.4930	24584
1513395462.4827144146	64146.5405	-61659.8419	2.701036	17.4920	24814
1513395462.5871698856	64146.1549	-61659.6583	2.701648	17.4970	24736
1513395462.6941630840	64145.7004	-61659.4426	2.702218	17.4980	25005
1513395462.7977087498	64145.3433	-61659.2731	2.702820	17.4980	24930
1513395462.9033203125	64144.9420	-61659.0847	2.703948	17.4790	25081
1513395463.0091743469	64144.5945	-61658.9221	2.705440	17.4750	25127
1513395463.1121990681	64144.1517	-61658.7166	2.707162	17.4710	25088
1513395463.2191047668	64143.7539	-61658.5335	2.708964	17.4780	25121
1513395463.3243594170	64143.3143	-61658.3320	2.710517	17.4810	24928
1513395463.4279990196	64142.9341	-61658.1583	2.711916	17.4850	24259
1513395463.5327312946	64142.5369	-61657.9779	2.713607	17.4790	24055
1513395463.6374938488	64142.0645	-61657.7641	2.715614	17.4790	24582
1513395463.7424726486	64141.6566	-61657.5805	2.717484	17.4720	24855
1513395463.8486852646	64141.2167	-61657.3832	2.719127	17.4720	25068
1513395463.9523069859	64140.8228	-61657.2071	2.720704	17.4690	25327
1513395464.0551974773	64140.3967	-61657.0174	2.722431	17.4670	25364
1513395464.1687428951	64139.9316	-61656.8111	2.724501	17.4650	25382
1513395464.2678997517	64139.5531	-61656.6446	2.726454	17.4680	25255
1513395464.3711972237	64139.1357	-61656.4619	2.728369	17.4730	25238
1513395464.4769439697	64138.6800	-61656.2639	2.730231	17.4770	25047
1513395464.5816264153	64138.2681	-61656.0860	2.732245	17.4880	25147
1513395464.6886134148	64137.8159	-61655.8919	2.734444	17.4950	25127
1513395464.7916686535	64137.4039	-61655.7160	2.736219	17.5010	25087
1513395464.8968536854	64136.9496	-61655.5229	2.737641	17.5030	25076
1513395465.0024638176	64136.5344	-61655.3470	2.738817	17.5040	25059
1513395465.1065301895	64136.0808	-61655.1556	2.740254	17.5050	25154
1513395465.2136614323	64135.6717	-61654.9837	2.741751	17.5060	25198
1513395465.3185048103	64135.2122	-61654.7912	2.743228	17.5010	25222
1513395465.4201922417	64134.8136	-61654.6250	2.744616	17.5080	25121
1513395465.5254058838	64134.3566	-61654.4350	2.746130	17.5070	24490
1513395465.6333153248	64133.9146	-61654.2516	2.747572	17.5110	24108
1513395465.7368462086	64133.4439	-61654.0566	2.748760	17.5140	24360
1513395465.8416726589	64133.0383	-61653.8890	2.749780	17.5150	24548
1513395465.9479987621	64132.5473	-61653.6860	2.750825	17.5130	24910
1513395466.0493073463	64132.1505	-61653.5220	2.751891	17.5120	25075
1513395466.1544647217	64131.6561	-61653.3181	2.752833	17.5170	25264
1513395466.2621078491	64131.2414	-61653.1469	2.753529	17.5160	25225
1513395466.3917105198	64130.5675	-61652.8697	2.754647	17.5210	25328
1513395466.4716043472	64130.3797	-61652.7920	2.755451	17.5250	25340
1513395466.5769612789	64129.8428	-61652.5723	2.756634	17.5230	25294
1513395466.6785290241	64129.4263	-61652.4014	2.757573	17.5210	25298
1513395466.7836468220	64128.9759	-61652.2173	2.758446	17.5200	25370
1513395466.8885912895	64128.4933	-61652.0204	2.759242	17.5230	25392
1513395466.9944841862	64127.9998	-61651.8200	2.760296	17.5210	25365
1513395467.1016509533	64127.5975	-61651.6565	2.761390	17.5240	25290
1513395467.2038779259	64127.1564	-61651.4783	2.762324	17.5230	25220
1513395467.3084311485	64126.6450	-61651.2723	2.763019	17.5240	24992
1513395467.4159631729	64126.1944	-61651.0914	2.763887	17.5260	25080
1513395467.5183334351	64125.6997	-61650.8934	2.764989	17.5220	25078
1513395467.6241509914	64125.2636	-61650.7197	2.766025	17.5190	24887
1513395467.7321867943	64124.7674	-61650.5226	2.767031	17.5100	24274
1513395467.8325023651	64124.3434	-61650.3547	2.768152	17.4980	24132
1513395467.9385330677	64123.8471	-61650.1591	2.769340	17.4940	24485
1513395468.0453770161	64123.3929	-61649.9808	2.770537	17.4940	24824
1513395468.1495027542	64122.8542	-61649.7706	2.771445	17.4940	25019
1513395468.2527320385	64122.4313	-61649.6059	2.772141	17.5000	25194
1513395468.3574171066	64121.9138	-61649.4052	2.773124	17.5070	25167
1513395468.4630670547	64121.4512	-61649.2261	2.774009	17.5110	25212
1513395468.5670967102	64120.9628	-61649.0373	2.774509	17.5110	25122
1513395468.6725203991	64120.4832	-61648.8520	2.775224	17.5140	25221
1513395468.7805619240	64119.9785	-61648.6573	2.776148	17.5120	25037
1513395468.8839724064	64119.5271	-61648.4838	2.776838	17.5100	25094
1513395468.9887828827	64119.0417	-61648.2975	2.777255	17.5120	25070
1513395469.0944297314	64118.5667	-61648.1158	2.777803	17.5090	25131
1513395469.1972067356	64118.0725	-61647.9275	2.778810	17.5130	25146
1513395469.3046462536	64117.5889	-61647.7441	2.779764	17.5160	25079
1513395469.4094729424	64117.0986	-61647.5589	2.780038	17.5240	25150
1513395469.5116035938	64116.6327	-61647.3831	2.780462	17.5320	25180
1513395469.6199083328	64116.0979	-61647.1815	2.781304	17.5300	25230
1513395469.7232997417	64115.6450	-61647.0112	2.781939	17.5320	25040
1513395469.8437609673	64115.0088	-61646.7726	2.782653	17.5340	24781
1513395469.9344875813	64114.7374	-61646.6713	2.783477	17.5310	24283
1513395470.0362920761	64114.1680	-61646.4590	2.784751	17.5310	24505
1513395470.1462156773	64113.6808	-61646.2779	2.785807	17.5310	24873
1513395470.2457537651	64113.1825	-61646.0930	2.786553	17.5310	25433
1513395470.3505282402	64112.6567	-61645.8980	2.787417	17.5330	25582
1513395470.4554049969	64112.1814	-61645.7220	2.788411	17.5360	25596
1513395470.5614457130	64111.6605	-61645.5293	2.789136	17.5350	25604
1513395470.6698706150	64111.1214	-61645.3302	2.789732	17.5420	25640
1513395470.7689943314	64110.6846	-61645.1691	2.790439	17.5430	25702
1513395470.8768644333	64110.1712	-61644.9805	2.791522	17.5500	25642
1513395470.9748198986	64109.7302	-61644.8190	2.792551	17.5580	25627
1513395471.0862522125	64109.1886	-61644.6215	2.793667	17.5630	25693
1513395471.1902632713	64108.6609	-61644.4298	2.794735	17.5650	25818
1513395471.2976675034	64108.1540	-61644.2464	2.795901	17.5630	25771
1513395471.3964040279	64107.6982	-61644.0821	2.796987	17.5630	25825
1513395471.5055117607	64107.2051	-61643.9052	2.798258	17.5680	25903
1513395471.6104810238	64106.6327	-61643.7008	2.799681	17.5680	25860
1513395471.7150959969	64106.1775	-61643.5392	2.801220	17.5710	25933
1513395471.8221659660	64105.6174	-61643.3414	2.802861	17.5700	25987
1513395471.9238066673	64105.1692	-61643.1840	2.804258	17.5700	25604
1513395472.0287754536	64104.6383	-61642.9982	2.805533	17.5720	25154
1513395472.1371552944	64104.1660	-61642.8336	2.806982	17.5750	24920
1513395472.2385158539	64103.6271	-61642.6468	2.808530	17.5730	25475
1513395472.3446521759	64103.1172	-61642.4707	2.809986	17.5700	25771
1513395472.4522213936	64102.5703	-61642.2828	2.811446	17.5670	25914
1513395472.5536241531	64102.0992	-61642.1214	2.812980	17.5640	25958
1513395472.6579525471	64101.5425	-61641.9315	2.814532	17.5660	25949
1513395472.7669222355	64101.0718	-61641.7715	2.816016	17.5650	26060
1513395472.8678982258	64100.5137	-61641.5826	2.817483	17.5600	26040
1513395472.9750726223	64100.0382	-61641.4222	2.819094	17.5640	26035
1513395473.0784659386	64099.4819	-61641.2357	2.820639	17.5650	25891
1513395473.1839194298	64099.0088	-61641.0773	2.822067	17.5600	26034
1513395473.2914052010	64098.4124	-61640.8788	2.823607	17.5640	26049
1513395473.3938295841	64097.9813	-61640.7357	2.825180	17.5650	26131
1513395473.4978308678	64097.4138	-61640.5491	2.826815	17.5700	26066
1513395473.6065018177	64096.9306	-61640.3913	2.828430	17.5790	26006
1513395473.7077434063	64096.3654	-61640.2082	2.830147	17.5740	25943
1513395473.8115346432	64095.8775	-61640.0512	2.831942	17.5680	25931
1513395473.9188926220	64095.3686	-61639.8883	2.833592	17.5620	25997
1513395474.0240573883	64094.8160	-61639.7123	2.835207	17.5620	26090
1513395474.1308913231	64094.2874	-61639.5448	2.836670	17.5530	25703
1513395474.2360494137	64093.7955	-61639.3893	2.837664	17.5460	25135
1513395474.3379042149	64093.2009	-61639.2024	2.838597	17.5430	25331
1513395474.4428317547	64092.7393	-61639.0578	2.839652	17.5340	25817
1513395474.5528314114	64092.1339	-61638.8691	2.840806	17.5370	26257
1513395474.6522133350	64091.6650	-61638.7237	2.841882	17.5380	26320
1513395474.7567422390	64091.1460	-61638.5632	2.842820	17.5480	26471
1513395474.8615696430	64090.5843	-61638.3901	2.843721	17.5430	26471
1513395474.9661242962	64090.0795	-61638.2348	2.844664	17.5490	26530
1513395475.0729990005	64089.5439	-61638.0706	2.845584	17.5520	26529
1513395475.1767268181	64089.0292	-61637.9134	2.846567	17.5470	26532
1513395475.2827429771	64088.4742	-61637.7444	2.847544	17.5430	26308
1513395475.3922026157	64087.8856	-61637.5657	2.848650	17.5370	26422
1513395475.4906923771	64087.4744	-61637.4413	2.849669	17.5370	26510
1513395475.5955343246	64086.9340	-61637.2784	2.850588	17.5350	26577
1513395475.7027063370	64086.3971	-61637.1171	2.851629	17.5360	26510
1513395475.8065264225	64085.8792	-61636.9622	2.852925	17.5440	26517
1513395475.9117996693	64085.3490	-61636.8047	2.854234	17.5370	26523
1513395476.0192179680	64084.8345	-61636.6528	2.855477	17.5380	26476
1513395476.1205189228	64084.3077	-61636.4981	2.856733	17.5410	26469
1513395476.2296757698	64083.8023	-61636.3506	2.858134	17.5390	26531
1513395476.3335425854	64083.2497	-61636.1905	2.859533	17.5450	25979
1513395476.4375209808	64082.7998	-61636.0611	2.860985	17.5320	25438
1513395476.5450134277	64082.2456	-61635.9019	2.862446	17.5260	25926
1513395476.6452403069	64081.6715	-61635.7373	2.863816	17.5250	26288
1513395476.7486360073	64081.2401	-61635.6135	2.864890	17.5190	26380
1513395476.8536660671	64080.7122	-61635.4625	2.866082	17.5110	26436
1513395476.9648265839	64080.1402	-61635.2996	2.867505	17.5160	26485
1513395477.0662693977	64079.7065	-61635.1758	2.868564	17.5200	26490
1513395477.1717410088	64079.1384	-61635.0149	2.869854	17.5270	26533
1513395477.2725839615	64078.6955	-61634.8897	2.871140	17.5240	26559
1513395477.3831419945	64078.1138	-61634.7264	2.872293	17.5170	26580
1513395477.4869668484	64077.6680	-61634.6011	2.873161	17.5160	26457
1513395477.5928411484	64077.0731	-61634.4355	2.873983	17.5070	26592
1513395477.6945204735	64076.6528	-61634.3187	2.874809	17.5150	26670
1513395477.8039464951	64076.0943	-61634.1653	2.875673	17.5260	26679
1513395477.9045841694	64075.6286	-61634.0383	2.876584	17.5380	26682
1513395478.0126361847	64075.1297	-61633.9035	2.877880	17.5440	26684
1513395478.1182799339	64074.6013	-61633.7618	2.879162	17.5440	26686
1513395478.2200303078	64074.0789	-61633.6224	2.880243	17.5500	26629
1513395478.3246660233	64073.6204	-61633.5012	2.881574	17.5510	26559
1513395478.4313218594	64073.1429	-61633.3757	2.883003	17.5550	26482
1513395478.5324773788	64072.6314	-61633.2418	2.884222	17.5530	25868
1513395478.6379508972	64072.1622	-61633.1198	2.885434	17.5560	25619
1513395478.7461473942	64071.6116	-61632.9771	2.886715	17.5500	26250
1513395478.8484284878	64071.1506	-61632.8586	2.888101	17.5510	26558
1513395478.9571738243	64070.5934	-61632.7156	2.889303	17.5550	26564
1513395479.0621211529	64070.1535	-61632.6034	2.890350	17.5570	26685
1513395479.1623704433	64069.6236	-61632.4682	2.891425	17.5520	26688
1513395479.2717370987	64069.1772	-61632.3550	2.892419	17.5570	26679
1513395479.3735156059	64068.6519	-61632.2219	2.893450	17.5590	26647
1513395479.4776966572	64068.2029	-61632.1087	2.894606	17.5620	26690
1513395479.5851504803	64067.6540	-61631.9709	2.895889	17.5630	26592
1513395479.6875965595	64067.2179	-61631.8620	2.897248	17.5660	26572
1513395479.7908461094	64066.6908	-61631.7307	2.898371	17.5690	26780
1513395479.9010748863	64066.2486	-61631.6209	2.899265	17.5690	26673
1513395480.0028700829	64065.7239	-61631.4912	2.900266	17.5710	26750
1513395480.1077301502	64065.2869	-61631.3834	2.901421	17.5700	26708
1513395480.2153837681	64064.7666	-61631.2558	2.902608	17.5720	26661
1513395480.3210878372	64064.3109	-61631.1441	2.903524	17.5610	26635
1513395480.4360666275	64063.7556	-61631.0084	2.904474	17.5640	26520
1513395480.5302209854	64063.4028	-61630.9221	2.905390	17.5630	26576
1513395480.6357719898	64062.8844	-61630.7961	2.906296	17.5630	26412
1513395480.7379219532	64062.4497	-61630.6907	2.907133	17.5610	25748
1513395480.8496840000	64061.9035	-61630.5587	2.908090	17.5570	25807
1513395480.9486355782	64061.5149	-61630.4647	2.908939	17.5590	26424
1513395481.0680282116	64060.9323	-61630.3250	2.909983	17.5530	26667
1513395481.1607887745	64060.5847	-61630.2414	2.910594	17.5480	26658
1513395481.2656040192	64060.1200	-61630.1302	2.911242	17.5410	26719
1513395481.3692798615	64059.5961	-61630.0056	2.912218	17.5390	26623
1513395481.4741547108	64059.1886	-61629.9087	2.913150	17.5410	26583
1513395481.5761647224	64058.6697	-61629.7862	2.913908	17.5410	26532
1513395481.6885697842	64058.2608	-61629.6897	2.914606	17.5410	26406
1513395481.7887578011	64057.7686	-61629.5747	2.915386	17.5460	26293
1513395481.8929796219	64057.3529	-61629.4779	2.916416	17.5470	26237
1513395481.9979655743	64056.8461	-61629.3610	2.917577	17.5470	26390
1513395482.1021528244	64056.4434	-61629.2687	2.918433	17.5420	26510
1513395482.2052872181	64055.9697	-61629.1608	2.919165	17.5370	26528
1513395482.3097801208	64055.5442	-61629.0644	2.920016	17.5340	26478
1513395482.4188613892	64055.0298	-61628.9484	2.920674	17.5360	26446
1513395482.5227718353	64054.6406	-61628.8609	2.921225	17.5400	26484
1513395482.6244950294	64054.1658	-61628.7547	2.921884	17.5490	26550
1513395482.7307555676	64053.7534	-61628.6629	2.922232	17.5480	26436
1513395482.8322477341	64053.3100	-61628.5644	2.922393	17.5450	26074
1513395482.9371380806	64052.9060	-61628.4748	2.922809	17.5370	25407
1513395483.0499746799	64052.4128	-61628.3659	2.923334	17.5300	25574
1513395483.1488945484	64052.0085	-61628.2773	2.924241	17.5350	26003
1513395483.2542314529	64051.5369	-61628.1744	2.925208	17.5440	26259
1513395483.3599097729	64051.1403	-61628.0886	2.925740	17.5550	26233
1513395483.4639849663	64050.6669	-61627.9859	2.926199	17.5660	26237
1513395483.5703577995	64050.2827	-61627.9031	2.926975	17.5640	26119
1513395483.6750743389	64049.8295	-61627.8056	2.927799	17.5530	26113
1513395483.7773654461	64049.4450	-61627.7236	2.928697	17.5410	25958
1513395483.8838903904	64049.0308	-61627.6355	2.929768	17.5410	25984
1513395483.9866893291	64048.5819	-61627.5409	2.930977	17.5480	25666
1513395484.0926194191	64048.1218	-61627.4443	2.932261	17.5670	25591
1513395484.2001733780	64047.7249	-61627.3619	2.933478	17.5700	25593
1513395484.3039119244	64047.2505	-61627.2634	2.934460	17.5680	25467
1513395484.4066951275	64046.8581	-61627.1826	2.935509	17.5710	25343
1513395484.5130941868	64046.4470	-61627.0982	2.936602	17.5670	25229
1513395484.6171085835	64045.9882	-61627.0044	2.937673	17.5710	25059
1513395484.7378625870	64045.4312	-61626.8912	2.938903	17.5740	24510
1513395484.8291528225	64045.1474	-61626.8342	2.939846	17.5810	24164
1513395484.9311099052	64044.6956	-61626.7432	2.941025	17.5800	24441
1513395485.0371017456	64044.2234	-61626.6484	2.942020	17.5860	24141
1513395485.1405451298	64043.8109	-61626.5660	2.942829	17.5900	23621
1513395485.2464854717	64043.3173	-61626.4674	2.943632	17.5920	23985
1513395485.3535170555	64042.9085	-61626.3860	2.944511	17.5920	24235
1513395485.4566912651	64042.4339	-61626.2916	2.945523	17.5870	24464
1513395485.5604219437	64041.9614	-61626.1977	2.946301	17.5890	24455
1513395485.6670522690	64041.5476	-61626.1156	2.946871	17.5880	24344
1513395485.7700550556	64041.0808	-61626.0233	2.947580	17.5840	24395
1513395485.8773820400	64040.6093	-61625.9304	2.948348	17.5870	24372
1513395485.9835753441	64040.1567	-61625.8413	2.949055	17.5890	24354
1513395486.0863225460	64039.6846	-61625.7483	2.949511	17.5940	24294
1513395486.1904048920	64039.2229	-61625.6571	2.949812	17.5970	24137
1513395486.3071956635	64038.6782	-61625.5495	2.950141	17.6010	24175
1513395486.4013299942	64038.2789	-61625.4704	2.950496	17.6030	24118
1513395486.5064895153	64037.8316	-61625.3823	2.950979	17.6000	24258
1513395486.6124584675	64037.3430	-61625.2864	2.951360	17.6010	24292
1513395486.7149362564	64036.8540	-61625.1904	2.951601	17.6040	24230
1513395486.8218283653	64036.3887	-61625.0991	2.951803	17.6070	24198
1513395486.9252498150	64035.9438	-61625.0116	2.951938	17.6100	23688
1513395487.0309910774	64035.4044	-61624.9059	2.952130	17.6110	23300
1513395487.1368272305	64034.9327	-61624.8133	2.952306	17.6100	23311
1513395487.2378180027	64034.5097	-61624.7304	2.952616	17.6080	23354
1513395487.3402297497	64034.0221	-61624.6352	2.952912	17.6030	23135
1513395487.4505105019	64033.4740	-61624.5284	2.953045	17.6010	23599
1513395487.5552296638	64033.0335	-61624.4422	2.953101	17.6000	24107
1513395487.6583187580	64032.5255	-61624.3434	2.953274	17.5980	24197
1513395487.7648227215	64032.0042	-61624.2422	2.953504	17.5960	24200
1513395487.8662848473	64031.5040	-61624.1453	2.953726	17.5930	24203
1513395487.9713597298	64031.0592	-61624.0591	2.953906	17.5900	24141
1513395488.0813572407	64030.5233	-61623.9561	2.954303	17.5920	24106
1513395488.1835205555	64030.0610	-61623.8673	2.954839	17.5940	24143
1513395488.2901480198	64029.4953	-61623.7595	2.955508	17.6000	24106
1513395488.3949165344	64029.0502	-61623.6751	2.956185	17.6070	24039
1513395488.4979236126	64028.4727	-61623.5665	2.956887	17.6020	23983
1513395488.6038718224	64028.0444	-61623.4864	2.957583	17.5960	23961
1513395488.7095329762	64027.5026	-61623.3858	2.958386	17.5940	24116
1513395488.8257396221	64026.9206	-61623.2787	2.959496	17.5920	24112
1513395488.9197604656	64026.5412	-61623.2096	2.960520	17.5920	24092
1513395489.0269384384	64026.0325	-61623.1178	2.961878	17.5940	24007
1513395489.1273634434	64025.4743	-61623.0177	2.963263	17.5900	23397
1513395489.2345561981	64024.9981	-61622.9331	2.964583	17.5920	23034
1513395489.3400709629	64024.4705	-61622.8398	2.965855	17.5890	23086
1513395489.4401066303	64024.0037	-61622.7578	2.967241	17.5920	23084
1513395489.5497803688	64023.3852	-61622.6497	2.968803	17.5930	23209
1513395489.6554441452	64022.9352	-61622.5721	2.970388	17.5920	23883
1513395489.7555272579	64022.3641	-61622.4741	2.971939	17.5940	24077
1513395489.8640871048	64021.8810	-61622.3918	2.973540	17.5960	24155
1513395489.9671287537	64021.3155	-61622.2961	2.975258	17.6000	24138
1513395490.0724737644	64020.8350	-61622.2153	2.977058	17.6000	24137
1513395490.1783988476	64020.2644	-61622.1205	2.978930	17.6000	24155
1513395490.2806115150	64019.7811	-61622.0410	2.980955	17.5920	24134
1513395490.3872487545	64019.2171	-61621.9493	2.982754	17.5940	24131
1513395490.4933192730	64018.7357	-61621.8716	2.984622	17.5930	24006
1513395490.5954744816	64018.1620	-61621.7802	2.986841	17.5980	24097
1513395490.7031371593	64017.6774	-61621.7036	2.988836	17.6020	24014
1513395490.8083202839	64017.0731	-61621.6098	2.990796	17.6080	23856
1513395490.9102051258	64016.6169	-61621.5393	2.992782	17.6080	23953
1513395491.0171360970	64016.0544	-61621.4540	2.995120	17.6090	24034
1513395491.1237504482	64015.5654	-61621.3811	2.997590	17.6090	24118
1513395491.2250559330	64014.9943	-61621.2980	3.000064	17.6140	24027
1513395491.3328850269	64014.5039	-61621.2278	3.002675	17.6160	23354
1513395491.4380135536	64013.9494	-61621.1500	3.005281	17.6210	23021
1513395491.5385570526	64013.4672	-61621.0830	3.007465	17.6210	23076
1513395491.6460304260	64012.9018	-61621.0055	3.009542	17.6100	23043
1513395491.7522280216	64012.4066	-61620.9384	3.011948	17.6080	23714
1513395491.8545882702	64011.8031	-61620.8585	3.014383	17.6040	24042
1513395491.9621577263	64011.3325	-61620.7975	3.016943	17.6070	24093
1513395492.0642716885	64010.7443	-61620.7232	3.019675	17.6090	24125
1513395492.1696860790	64010.2768	-61620.6656	3.022394	17.6120	24160
1513395492.2763447762	64009.7337	-61620.6002	3.025086	17.6140	24181
1513395492.3783121109	64009.1921	-61620.5364	3.027662	17.6160	24153
1513395492.4854688644	64008.6252	-61620.4709	3.029868	17.6160	24198
1513395492.5920464993	64008.1657	-61620.4185	3.031501	17.6210	24107
1513395492.6934294701	64007.6243	-61620.3579	3.033015	17.6250	24123
1513395492.8006775379	64007.0903	-61620.2993	3.034772	17.6210	24087
1513395492.9069950581	64006.5265	-61620.2389	3.036669	17.6210	24093
1513395493.0080873966	64006.0718	-61620.1914	3.038621	17.6240	23957
1513395493.1141176224	64005.5568	-61620.1387	3.040616	17.6220	23877
1513395493.2198131084	64005.0305	-61620.0862	3.042630	17.6220	24170
1513395493.3261799812	64004.5296	-61620.0374	3.044544	17.6180	24196
1513395493.4315667152	64004.0106	-61619.9882	3.046607	17.6180	23995
1513395493.5344941616	64003.5181	-61619.9427	3.048841	17.6190	23296
1513395493.6403017044	64002.9934	-61619.8957	3.051076	17.6220	23178
1513395493.7456133366	64002.5297	-61619.8550	3.053114	17.6240	23263
1513395493.8485083580	64001.9908	-61619.8085	3.055150	17.6240	23710
1513395493.9541852474	64001.4801	-61619.7653	3.057060	17.6270	24339
1513395494.0599336624	64000.9567	-61619.7220	3.059028	17.6260	24524
1513395494.1630051136	64000.4736	-61619.6831	3.061218	17.6260	24558
1513395494.2744083405	63999.9117	-61619.6388	3.063223	17.6280	24678
1513395494.3768100739	63999.4753	-61619.6055	3.064977	17.6300	24714
1513395494.4781756401	63998.9650	-61619.5670	3.066821	17.6300	24721
1513395494.5841131210	63998.4096	-61619.5260	3.068739	17.6280	24686
1513395494.6998760700	63997.8494	-61619.4856	3.070865	17.6310	24766
1513395494.7932510376	63997.4753	-61619.4593	3.072502	17.6330	24756
1513395494.8986694813	63996.9672	-61619.4242	3.074250	17.6370	24900
1513395495.0016660690	63996.4088	-61619.3865	3.076169	17.6450	24805
1513395495.1084785461	63995.9405	-61619.3556	3.078114	17.6520	24791
1513395495.2132389545	63995.3935	-61619.3207	3.079838	17.6610	24618
1513395495.3158082962	63994.8730	-61619.2881	3.081528	17.6610	24465
1513395495.4251463413	63994.4095	-61619.2598	3.083293	17.6640	24650
1513395495.5289962292	63993.9076	-61619.2297	3.084927	17.6640	24696
1513395495.6276235580	63993.3360	-61619.1966	3.086233	17.6580	24354
1513395495.7383005619	63992.8835	-61619.1705	3.087371	17.6490	23625
1513395495.8439600468	63992.3467	-61619.1405	3.088736	17.6550	23664
1513395495.9446167946	63991.8686	-61619.1143	3.090033	17.6520	23822
1513395496.0544843674	63991.3322	-61619.0855	3.091065	17.6580	24480
1513395496.1594727039	63990.8444	-61619.0597	3.091981	17.6610	24800
1513395496.2591347694	63990.3050	-61619.0317	3.092899	17.6620	24927
1513395496.3684306145	63989.7958	-61619.0057	3.093826	17.6570	24902
1513395496.4736449718	63989.2729	-61618.9793	3.094739	17.6530	24864
1513395496.5756251812	63988.7686	-61618.9543	3.095586	17.6580	24885
1513395496.6828095913	63988.2559	-61618.9289	3.096220	17.6610	24883
1513395496.7882308960	63987.7569	-61618.9045	3.096806	17.6600	24867
1513395496.8989005089	63987.1651	-61618.8759	3.097514	17.6570	24726
1513395496.9972100258	63986.7745	-61618.8571	3.098154	17.6580	24891
1513395497.1011717319	63986.2190	-61618.8313	3.098891	17.6690	24960
1513395497.2058613300	63985.7013	-61618.8078	3.099497	17.6770	24870
1513395497.3221471310	63985.1004	-61618.7808	3.100069	17.6890	24906
1513395497.4165871143	63984.7103	-61618.7633	3.100541	17.6890	24931
1513395497.5208585262	63984.1512	-61618.7390	3.101074	17.6910	24985
1513395497.6264328957	63983.6547	-61618.7179	3.101819	17.6900	25136
1513395497.7310974598	63983.1188	-61618.6962	3.102853	17.6920	25205
1513395497.8375756741	63982.6254	-61618.6768	3.103685	17.6920	24991
1513395497.9437029362	63982.0877	-61618.6561	3.104299	17.6920	24126
1513395498.0456173420	63981.6039	-61618.6377	3.104968	17.6970	24089
1513395498.1621966362	63980.9671	-61618.6140	3.105888	17.7030	24501
1513395498.2566640377	63980.5883	-61618.6004	3.106754	17.7130	25137
1513395498.3603715897	63980.0699	-61618.5825	3.107736	17.7170	25223
1513395498.4665901661	63979.5076	-61618.5639	3.108623	17.7200	25322
1513395498.5674958229	63979.0294	-61618.5489	3.109669	17.7190	25432
1513395498.6753621101	63978.4906	-61618.5325	3.110653	17.7180	25399
1513395498.7800292969	63977.9773	-61618.5173	3.111464	17.7210	25508
1513395498.8832542896	63977.4464	-61618.5019	3.112326	17.7230	25656
1513395498.9928419590	63976.9365	-61618.4874	3.113267	17.7310	25702
1513395499.0959365368	63976.4134	-61618.4729	3.114296	17.7290	25647
1513395499.1986787319	63975.9002	-61618.4591	3.115386	17.7240	25868
1513395499.3064119816	63975.3774	-61618.4455	3.116345	17.7180	25869
1513395499.4132404327	63974.8630	-61618.4325	3.117305	17.7220	25910
1513395499.5136020184	63974.3379	-61618.4198	3.118218	17.7230	25910
1513395499.6217010021	63973.8387	-61618.4080	3.119036	17.7350	25923
1513395499.7261674404	63973.2885	-61618.3952	3.119752	17.7420	25927
1513395499.8263785839	63972.7740	-61618.3834	3.120244	17.7430	25837
1513395499.9344134331	63972.2439	-61618.3713	3.120716	17.7460	25969
1513395500.0412759781	63971.7475	-61618.3607	3.121373	17.7390	26129
1513395500.1429936886	63971.2156	-61618.3500	3.122358	17.7350	25295
1513395500.2495515347	63970.7505	-61618.3412	3.123400	17.7340	25089
1513395500.3554196358	63970.1955	-61618.3312	3.124186	17.7310	25676
1513395500.4587485790	63969.6653	-61618.3219	3.124920	17.7380	26116
1513395500.5635545254	63969.1317	-61618.3128	3.125619	17.7480	26114
1513395500.6689920425	63968.6293	-61618.3046	3.126406	17.7500	26035
1513395500.7744545937	63968.0799	-61618.2963	3.127302	17.7600	26024
1513395500.8803074360	63967.5887	-61618.2894	3.128159	17.7670	26055
1513395500.9825251102	63967.0390	-61618.2821	3.128966	17.7720	26112
1513395501.0858907700	63966.5606	-61618.2763	3.129944	17.7730	26037
1513395501.1950266361	63965.9923	-61618.2696	3.131065	17.7800	26013
1513395501.2970945835	63965.4723	-61618.2638	3.131931	17.7780	25969
1513395501.4202334881	63964.8279	-61618.2569	3.132679	17.7830	26112
1513395501.5105974674	63964.4929	-61618.2533	3.133260	17.7830	25992
1513395501.6253879070	63963.8327	-61618.2469	3.134092	17.7900	26000
1513395501.7180445194	63963.4620	-61618.2433	3.134635	17.7900	26047
1513395501.8240804672	63962.8722	-61618.2383	3.135176	17.8000	25959
1513395501.9232590199	63962.3880	-61618.2343	3.135723	17.8010	25814
1513395502.0304071903	63961.8722	-61618.2303	3.136328	17.8060	25959
1513395502.1392745972	63961.3000	-61618.2264	3.137030	17.8080	26041
1513395502.2395455837	63960.8258	-61618.2234	3.137582	17.8090	25932
1513395502.3491275311	63960.2717	-61618.2205	3.138231	17.8140	25257
1513395502.4504899979	63959.7902	-61618.2183	3.139065	17.8160	25256
1513395502.5559875965	63959.2167	-61618.2164	3.139887	17.8170	25903
1513395502.6755607128	63958.5887	-61618.2146	3.140488	17.8200	26224
1513395502.7677216530	63958.2238	-61618.2138	3.141107	17.8190	26368
1513395502.8702707291	63957.6776	-61618.2130	-3.141108	17.8240	26391
1513395502.9780967236	63957.1000	-61618.2127	-3.140320	17.8230	26447
1513395503.0804696083	63956.6152	-61618.2127	-3.139821	17.8220	26402
1513395503.1853196621	63956.0635	-61618.2131	-3.139179	17.8250	26440
1513395503.2922432423	63955.5605	-61618.2140	-3.138320	17.8300	26469
1513395503.3952164650	63954.9855	-61618.2157	-3.137457	17.8290	26261
1513395503.5023024082	63954.5002	-61618.2174	-3.136802	17.8350	26519
1513395503.6072766781	63953.9193	-61618.2201	-3.136074	17.8380	26542
1513395503.7092692852	63953.4357	-61618.2228	-3.135093	17.8390	26436
1513395503.8160340786	63952.8750	-61618.2265	-3.134176	17.8440	26551
1513395503.9217832088	63952.3638	-61618.2303	-3.133532	17.8420	26504
1513395504.0248191357	63951.7842	-61618.2350	-3.132783	17.8400	26534
1513395504.1306149960	63951.2896	-61618.2394	-3.131866	17.8370	26567
1513395504.2380011082	63950.7197	-61618.2451	-3.131000	17.8400	26401
1513395504.3397083282	63950.2256	-61618.2503	-3.130219	17.8390	26605
1513395504.4477112293	63949.6690	-61618.2566	-3.129255	17.8400	26598
1513395504.5522119999	63949.1596	-61618.2634	-3.128022	17.8410	25741
1513395504.6553418636	63948.5513	-61618.2724	-3.126908	17.8440	25866
1513395504.7622535229	63948.0815	-61618.2800	-3.126153	17.8470	26343
1513395504.8655927181	63947.4800	-61618.2898	-3.125484	17.8520	26648
1513395504.9696359634	63946.9856	-61618.2979	-3.125008	17.8530	26714
1513395505.0762491226	63946.4293	-61618.3070	-3.124757	17.8560	26749
1513395505.1791577339	63945.9290	-61618.3150	-3.124577	17.8570	26779
1513395505.2841825485	63945.3761	-61618.3238	-3.124554	17.8600	26786
1513395505.3907446861	63944.8218	-61618.3328	-3.124329	17.8640	26784
1513395505.4940531254	63944.2810	-61618.3420	-3.123875	17.8690	26860
1513395505.5972576141	63943.7333	-61618.3519	-3.123452	17.8750	26700
1513395505.7041170597	63943.2099	-61618.3620	-3.123112	17.8880	26778
1513395505.8058996201	63942.6292	-61618.3737	-3.122670	17.8920	26852
1513395505.9139022827	63942.0836	-61618.3848	-3.121918	17.8980	26842
1513395506.0190324783	63941.5279	-61618.3964	-3.121399	17.8970	26883
1513395506.1217875481	63940.9836	-61618.4075	-3.121171	17.8910	26817
1513395506.2309999466	63940.4038	-61618.4193	-3.120652	17.8860	26825
1513395506.3352050781	63939.9086	-61618.4297	-3.120065	17.8790	26829
1513395506.4363543987	63939.3375	-61618.4416	-3.119661	17.8810	26842
1513395506.5452229977	63938.8165	-61618.4522	-3.119240	17.8780	26738
1513395506.6483662128	63938.2479	-61618.4636	-3.118865	17.8770	26709
1513395506.7529304028	63937.7347	-61618.4739	-3.118582	17.8810	26465
1513395506.8592574596	63937.1538	-61618.4856	-3.118255	17.8820	25724
1513395506.9624793530	63936.5947	-61618.4973	-3.117615	17.8900	26307
1513395507.0674176216	63936.0278	-61618.5100	-3.116645	17.8970	26596
1513395507.1744909286	63935.4785	-61618.5233	-3.115589	17.9080	26926
1513395507.2781426907	63934.9105	-61618.5381	-3.114474	17.9100	26952
1513395507.3829350471	63934.3653	-61618.5532	-3.113112	17.9190	26946
1513395507.4891645908	63933.7997	-61618.5700	-3.111740	17.9190	26989
1513395507.5917739868	63933.2603	-61618.5869	-3.110324	17.9200	26976
1513395507.6979544163	63932.6915	-61618.6058	-3.108634	17.9160	26967
1513395507.8047790527	63932.1651	-61618.6241	-3.106664	17.9190	26953
1513395507.9081156254	63931.5878	-61618.6449	-3.104751	17.9200	26757
1513395508.0139923096	63931.0423	-61618.6650	-3.103020	17.9180	26936
1513395508.1161327362	63930.4691	-61618.6867	-3.101271	17.9240	26869
1513395508.2221515179	63929.9558	-61618.7071	-3.099411	17.9260	26840
1513395508.3278954029	63929.3552	-61618.7323	-3.097465	17.9320	26789
1513395508.4317951202	63928.8203	-61618.7559	-3.095417	17.9340	26748
1513395508.5368552208	63928.2290	-61618.7834	-3.093221	17.9390	26699
1513395508.6430826187	63927.7133	-61618.8084	-3.091024	17.9410	26701
1513395508.7449712753	63927.1665	-61618.8359	-3.089014	17.9530	26600
1513395508.8526198864	63926.5715	-61618.8671	-3.087059	17.9570	26593
1513395508.9660966396	63925.9298	-61618.9020	-3.084734	17.9570	26318
1513395509.0610072613	63925.5038	-61618.9264	-3.082546	17.9620	25538
1513395509.1664044857	63924.9273	-61618.9605	-3.080141	17.9690	25827
1513395509.2716128826	63924.3041	-61618.9992	-3.077814	17.9750	26110
1513395509.3762938976	63923.7889	-61619.0325	-3.075493	17.9840	26232
1513395509.4817619324	63923.1773	-61619.0737	-3.072870	17.9870	26340
1513395509.5876302719	63922.6559	-61619.1101	-3.070306	17.9880	26406
1513395509.6934871674	63922.0454	-61619.1537	-3.068173	17.9840	26354
1513395509.7967188358	63921.5312	-61619.1910	-3.066368	17.9880	26366
1513395509.9033610821	63920.9208	-61619.2359	-3.065082	17.9920	26416
1513395510.0068507195	63920.4068	-61619.2736	-3.064379	17.9920	26434
1513395510.1128213406	63919.7949	-61619.3194	-3.063687	17.9920	26311
1513395510.2175178528	63919.2302	-61619.3619	-3.062832	17.9850	26477
1513395510.3187434673	63918.6782	-61619.4038	-3.061934	17.9850	26520
1513395510.4270336628	63918.1446	-61619.4449	-3.061208	17.9940	26575
1513395510.5291295052	63917.5274	-61619.4935	-3.060355	17.9940	26575
1513395510.6354568005	63917.0047	-61619.5350	-3.059263	18.0010	26544
1513395510.7408552170	63916.3846	-61619.5855	-3.058301	18.0050	26439
1513395510.8430075645	63915.8636	-61619.6290	-3.057277	18.0130	26479
1513395510.9518997669	63915.2719	-61619.6799	-3.055933	18.0200	26514
1513395511.0555427074	63914.7154	-61619.7289	-3.054496	18.0230	26582
1513395511.1641852856	63914.1434	-61619.7800	-3.053199	18.0200	26432
1513395511.2668285370	63913.5576	-61619.8335	-3.051771	18.0230	25590
1513395511.3747923374	63912.9119	-61619.8933	-3.050194	18.0230	25929
1513395511.4746425152	63912.4274	-61619.9395	-3.048629	18.0150	26275
1513395511.5774784088	63911.8082	-61619.9985	-3.047170	18.0150	26518
1513395511.6832902431	63911.2829	-61620.0487	-3.045641	18.0180	26556
1513395511.7881357670	63910.6862	-61620.1063	-3.043998	18.0220	26586
1513395511.8921267986	63910.0945	-61620.1643	-3.042364	18.0290	26586
1513395512.0016708374	63909.4731	-61620.2256	-3.040635	18.0340	26627
1513395512.1054625511	63908.9686	-61620.2757	-3.038982	18.0550	26651
1513395512.2083144188	63908.4111	-61620.3313	-3.037429	18.0530	26558
1513395512.3127329350	63907.8162	-61620.3911	-3.036053	18.0220	26534
1513395512.4153842926	63907.2506	-61620.4477	-3.034914	18.0130	26576
1513395512.5228006840	63906.6718	-61620.5054	-3.034108	18.0210	26618
1513395512.6282382011	63906.1157	-61620.5611	-3.033623	18.0470	26572
1513395512.7336072922	63905.5390	-61620.6196	-3.033322	18.0510	26454
1513395512.8379971981	63905.0057	-61620.6740	-3.032973	18.0600	26445
1513395512.9424870014	63904.4155	-61620.7355	-3.032462	18.0740	26553
1513395513.0475928783	63903.8800	-61620.7925	-3.031828	18.0810	26580
1513395513.1547398567	63903.2986	-61620.8556	-3.031146	18.0850	26679
1513395513.2575089931	63902.7879	-61620.9118	-3.030180	18.0840	26808
1513395513.3619241714	63902.2053	-61620.9771	-3.028981	18.0930	26630
1513395513.4678463936	63901.5642	-61621.0500	-3.027836	18.0920	25893
1513395513.5719168186	63901.0250	-61621.1130	-3.026455	18.0960	26281
1513395513.6778311729	63900.5569	-61621.1690	-3.024777	18.0910	26360
1513395513.7825176716	63899.9718	-61621.2394	-3.023205	18.0880	26491
1513395513.8871898651	63899.4782	-61621.2997	-3.021815	18.0860	26558
1513395513.9934456348	63898.8989	-61621.3705	-3.020515	18.0880	26617
1513395514.0963442326	63898.4110	-61621.4311	-3.019056	18.0860	26638
1513395514.1981263161	63897.8524	-61621.5011	-3.017329	18.0770	26624
1513395514.3066182137	63897.3512	-61621.5647	-3.015388	18.0840	26524
1513395514.4124784470	63896.7748	-61621.6389	-3.013493	18.0830	26458
1513395514.5161240101	63896.2989	-61621.7012	-3.011632	18.0830	26583
1513395514.6168510914	63895.7999	-61621.7672	-3.009882	18.0810	26555
1513395514.7265362740	63895.2153	-61621.8454	-3.007918	18.1000	26566
1513395514.8297581673	63894.7017	-61621.9153	-3.006139	18.1040	26515
1513395514.9362528324	63894.2197	-61621.9819	-3.004531	18.1100	26528
1513395515.0543084145	63893.5945	-61622.0693	-3.002528	18.1060	26552
1513395515.1482448578	63893.2228	-61622.1222	-3.000804	18.1010	26538
1513395515.2478709221	63892.7398	-61622.1916	-2.999079	18.1050	26542
1513395515.3556025028	63892.1818	-61622.2726	-2.997154	18.1050	26509
1513395515.4598703384	63891.6687	-61622.3484	-2.995267	18.1020	26278
1513395515.5664091110	63891.2062	-61622.4174	-2.993322	18.1120	25535
1513395515.6823997498	63890.5780	-61622.5119	-2.991426	18.1180	25767
1513395515.7732746601	63890.2208	-61622.5659	-2.990153	18.1180	26082
1513395515.8821377754	63889.7102	-61622.6430	-2.988406	18.1230	26229
1513395515.9834599495	63889.1913	-61622.7220	-2.986709	18.1240	26486
1513395516.0902841091	63888.7198	-61622.7943	-2.985286	18.1230	26479
1513395516.1962764263	63888.1678	-61622.8803	-2.983781	18.1230	26426
1513395516.3004772663	63887.7458	-61622.9465	-2.982059	18.1190	26450
1513395516.4054231644	63887.2276	-61623.0294	-2.980107	18.1200	26426
1513395516.5080335140	63886.7527	-61623.1062	-2.978549	18.1190	26289
1513395516.6150271893	63886.2941	-61623.1808	-2.977545	18.1230	26345
1513395516.7214090824	63885.8331	-61623.2562	-2.976545	18.1240	26447
1513395516.8306634426	63885.3734	-61623.3319	-2.975320	18.1310	26333
1513395516.9283254147	63884.9468	-61623.4029	-2.973957	18.1510	26347
1513395517.0343465805	63884.4345	-61623.4897	-2.972554	18.1510	26340
1513395517.1399052143	63884.0342	-61623.5585	-2.971150	18.1530	26362
1513395517.2477927208	63883.5580	-61623.6409	-2.969420	18.1580	26413
1513395517.3465750217	63883.2688	-61623.6923	-2.967642	18.1510	26386
1513395517.5037064552	63882.5758	-61623.8150	-2.965685	18.1500	26442
1513395517.6519997120	63881.9454	-61623.9276	-2.963942	18.1520	26587
1513395517.7938666344	63881.7859	-61623.9595	-2.961706	18.1490	25635
1513395517.8902370930	63881.3686	-61624.0358	-2.960434	18.1490	25864
1513395517.9625790119	63881.0732	-61624.0901	-2.959312	18.1420	26048
1513395518.0106141567	63880.7990	-61624.1413	-2.958230	18.1420	26531
1513395518.0832135677	63880.4119	-61624.2139	-2.956373	18.1540	26559
1513395518.1874072552	63879.8320	-61624.3227	-2.954159	18.1470	26469
1513395518.3030650616	63879.2524	-61624.4319	-2.952634	18.1440	26635
1513395518.3967373371	63878.9270	-61624.4936	-2.951410	18.1290	26596
1513395518.5021376610	63878.5116	-61624.5733	-2.948725	18.1320	26623
1513395518.6071913242	63878.0701	-61624.6600	-2.945630	18.1560	26384
1513395518.7135510445	63877.6335	-61624.7474	-2.943330	18.1660	26552
1513395518.8168387413	63877.2544	-61624.8242	-2.940877	18.1680	26626
1513395518.9213099480	63876.8546	-61624.9060	-2.938170	18.1490	26529
1513395519.0289609432	63876.4188	-61624.9959	-2.936048	18.1390	26552
1513395519.1340839863	63876.0221	-61625.0780	-2.934647	18.1410	26458
1513395519.2386469841	63875.6619	-61625.1529	-2.933366	18.1510	26522
1513395519.3420524597	63875.2709	-61625.2347	-2.931934	18.1580	26571
1513395519.4460918903	63874.8437	-61625.3252	-2.930262	18.1590	26432
1513395519.5547506809	63874.4459	-61625.4103	-2.928526	18.1600	26399
1513395519.6560986042	63874.0982	-61625.4854	-2.926920	18.1630	26381
1513395519.7614185810	63873.7210	-61625.5674	-2.925361	18.1650	25717
1513395519.8672115803	63873.2947	-61625.6608	-2.923833	18.1750	25187
1513395519.9696328640	63872.9414	-61625.7387	-2.922302	18.1740	25513
1513395520.0761716366	63872.5267	-61625.8311	-2.920553	18.1830	25789
1513395520.1824290752	63872.1769	-61625.9098	-2.918509	18.1880	25763
1513395520.2848815918	63871.7675	-61626.0032	-2.916227	18.1870	25446
1513395520.3894786835	63871.4230	-61626.0830	-2.913818	18.1830	25558
1513395520.4960281849	63871.0374	-61626.1732	-2.911369	18.1850	25544
1513395520.6012146473	63870.6966	-61626.2536	-2.908894	18.1870	25468
1513395520.7044761181	63870.2981	-61626.3483	-2.906607	18.1860	25425
1513395520.8063302040	63869.9780	-61626.4251	-2.904602	18.1840	25212
1513395520.9138376713	63869.5834	-61626.5204	-2.902339	18.1890	25294
1513395521.0202503204	63869.2378	-61626.6049	-2.899599	18.1950	25192
1513395521.1250429153	63868.8460	-61626.7020	-2.896689	18.1950	25102
1513395521.2280135155	63868.5312	-61626.7812	-2.893876	18.1950	25005
1513395521.3388271332	63868.1412	-61626.8803	-2.890896	18.1960	24601
1513395521.4421322346	63867.8155	-61626.9640	-2.888099	18.1950	24903
1513395521.5454649925	63867.4229	-61627.0659	-2.885275	18.1980	24630
1513395521.6503009796	63867.0926	-61627.1526	-2.882306	18.1990	24498
1513395521.7545773983	63866.7414	-61627.2458	-2.879261	18.2010	24156
1513395521.8621559143	63866.3993	-61627.3375	-2.876252	18.2030	24219
1513395521.9652295113	63866.0414	-61627.4346	-2.873588	18.2060	23618
1513395522.0670702457	63865.7237	-61627.5215	-2.870979	18.2070	23723
1513395522.1746163368	63865.3250	-61627.6317	-2.868294	18.2120	24137
1513395522.2772462368	63865.0163	-61627.7178	-2.865800	18.2070	24279
1513395522.3824610710	63864.6216	-61627.8290	-2.863246	18.2080	24129
1513395522.4891450405	63864.3149	-61627.9163	-2.860568	18.2040	24548
1513395522.5927662849	63863.9808	-61628.0121	-2.858101	18.1980	24561
1513395522.6978316307	63863.6209	-61628.1162	-2.855843	18.1960	24558
1513395522.8025190830	63863.2944	-61628.2114	-2.853481	18.1950	24533
1513395522.9075284004	63862.9350	-61628.3171	-2.851204	18.1930	24500
1513395523.0142283440	63862.5570	-61628.4296	-2.849139	18.1910	24467
1513395523.1201689243	63862.2368	-61628.5255	-2.847031	18.1850	24547
1513395523.2230362892	63861.9046	-61628.6260	-2.844685	18.1820	24549
1513395523.3280036449	63861.5549	-61628.7328	-2.842502	18.1820	24591
1513395523.4338726997	63861.2185	-61628.8363	-2.840334	18.1780	24572
1513395523.5362010002	63860.8552	-61628.9488	-2.838239	18.1740	24419
1513395523.6407084465	63860.5402	-61629.0467	-2.836288	18.1670	24370
1513395523.7460083961	63860.1693	-61629.1630	-2.834501	18.1540	24400
1513395523.8512301445	63859.8546	-61629.2620	-2.832769	18.1440	24048
1513395523.9569454193	63859.4991	-61629.3749	-2.830707	18.1310	23858
1513395524.0619769096	63859.1826	-61629.4762	-2.828539	18.1230	23617
1513395524.1672542095	63858.8116	-61629.5959	-2.826355	18.1180	23652
1513395524.2721235752	63858.5117	-61629.6934	-2.824134	18.1120	24071
1513395524.3778553009	63858.1305	-61629.8182	-2.822102	18.1070	24212
1513395524.4813742638	63857.8136	-61629.9222	-2.820407	18.1040	24358
1513395524.5831954479	63857.4503	-61630.0425	-2.818702	18.0950	24529
1513395524.6920523643	63857.0687	-61630.1695	-2.816794	18.0870	24516
1513395524.7975974083	63856.7615	-61630.2723	-2.814848	18.0770	24523
1513395524.9001758099	63856.4537	-61630.3760	-2.812748	18.0720	24565
1513395525.0067934990	63856.0630	-61630.5087	-2.810822	18.0780	24412
1513395525.1118476391	63855.7485	-61630.6160	-2.809155	18.0770	24463
1513395525.2150444984	63855.4122	-61630.7312	-2.807629	18.0720	24567
1513395525.3209595680	63855.0545	-61630.8543	-2.806138	18.0550	24526
1513395525.4262561798	63854.7225	-61630.9688	-2.804834	18.0410	24556
1513395525.5369296074	63854.3396	-61631.1017	-2.803524	18.0320	24553
1513395525.6439375877	63853.9467	-61631.2385	-2.802161	18.0270	24504
1513395525.7411379814	63853.6802	-61631.3316	-2.800866	18.0240	24476
1513395525.8463251591	63853.2822	-61631.4719	-2.799429	18.0180	24425
1513395525.9480342865	63852.9529	-61631.5884	-2.797987	18.0130	24277
1513395526.0570344925	63852.5637	-61631.7268	-2.796589	18.0070	24041
1513395526.1598169804	63852.2363	-61631.8435	-2.795391	18.0040	23823
1513395526.2647461891	63851.8549	-61631.9800	-2.794283	17.9940	24099
1513395526.3699815273	63851.5254	-61632.0979	-2.793588	17.9910	24556
1513395526.4797222614	63851.1652	-61632.2268	-2.793278	17.9940	24861
1513395526.5788199902	63850.7881	-61632.3623	-2.792607	17.9920	25085
1513395526.6863279343	63850.4563	-61632.4816	-2.791314	17.9910	25196
1513395526.7996611595	63850.0151	-61632.6413	-2.790253	17.9830	25220
1513395526.8957467079	63849.7158	-61632.7497	-2.789809	17.9790	25344
1513395527.0000004768	63849.2819	-61632.9078	-2.789440	17.9790	25441
1513395527.1034791470	63848.9447	-61633.0305	-2.788805	17.9770	25339
1513395527.2071659565	63848.5573	-61633.1723	-2.787761	17.9950	25307
1513395527.3130283356	63848.1716	-61633.3140	-2.787129	18.0080	25479
1513395527.4218175411	63847.7456	-61633.4707	-2.787175	17.9630	25671
1513395527.5244476795	63847.3861	-61633.6027	-2.786770	17.9380	25767
1513395527.6300184727	63846.9660	-61633.7578	-2.785636	17.9300	25723
1513395527.7320499420	63846.6216	-61633.8859	-2.784392	17.9300	25822
1513395527.8369567394	63846.1698	-61634.0546	-2.783644	17.9380	25829
1513395527.9453947544	63845.7772	-61634.2018	-2.783353	17.9380	25895
1513395528.0478897095	63845.3292	-61634.3701	-2.782607	17.9330	25933
1513395528.1532561779	63844.9476	-61634.5143	-2.781428	17.9200	25505
1513395528.2626013756	63844.5145	-61634.6782	-2.780497	17.9050	25154
1513395528.3640272617	63844.1325	-61634.8234	-2.779642	17.9040	25270
1513395528.4702680111	63843.6737	-61634.9982	-2.778677	17.9170	25989
1513395528.5703880787	63843.2598	-61635.1563	-2.777697	17.9250	26236
1513395528.6769623756	63842.7534	-61635.3497	-2.776813	17.9250	26434
1513395528.7846834660	63842.3511	-61635.5035	-2.776052	17.9280	26502
1513395528.8920431137	63841.8476	-61635.6961	-2.775282	17.9260	26551
1513395528.9917073250	63841.4475	-61635.8492	-2.774528	17.9240	26617
1513395529.1011996269	63840.9188	-61636.0519	-2.773920	17.9250	26645
1513395529.2019531727	63840.5039	-61636.2111	-2.773648	17.9220	26693
1513395529.3083212376	63839.9623	-61636.4192	-2.773545	17.9280	26595
1513395529.4146859646	63839.5583	-61636.5743	-2.773523	17.9350	26743
1513395529.5178577900	63839.0689	-61636.7623	-2.773455	17.9330	26849
1513395529.6208744049	63838.5500	-61636.9621	-2.773215	17.9200	26851
1513395529.7295103073	63838.0670	-61637.1484	-2.772972	17.9210	26899
1513395529.8331551552	63837.5456	-61637.3497	-2.772807	17.9170	26967
1513395529.9393434525	63837.0415	-61637.5447	-2.772618	17.9110	27022
1513395530.0446212292	63836.5829	-61637.7223	-2.772351	17.9100	26956
1513395530.1460967064	63836.0773	-61637.9187	-2.771800	17.9040	26997
1513395530.2519381046	63835.5352	-61638.1296	-2.771331	17.8920	26986
1513395530.3569612503	63835.0448	-61638.3207	-2.770963	17.8820	26110
1513395530.4608578682	63834.5058	-61638.5309	-2.770438	17.8780	26190
1513395530.5663957596	63834.0228	-61638.7195	-2.769990	17.8730	27025
1513395530.6710565090	63833.4468	-61638.9440	-2.769758	17.8780	27195
1513395530.7759487629	63832.9595	-61639.1342	-2.769662	17.8720	27202
1513395530.8840899467	63832.4040	-61639.3509	-2.769374	17.8740	27196
1513395530.9869880676	63831.9043	-61639.5459	-2.769002	17.8800	27169
1513395531.0906951427	63831.3294	-61639.7706	-2.768773	17.8770	27157
1513395531.1918728352	63830.8556	-61639.9561	-2.768533	17.8790	27137
1513395531.2999262810	63830.2607	-61640.1889	-2.768192	17.8740	27119
1513395531.4059798717	63829.7813	-61640.3766	-2.767914	17.8700	27022
1513395531.5125277042	63829.2075	-61640.6011	-2.767807	17.8650	27103
1513395531.6250166893	63828.6927	-61640.8025	-2.767616	17.8580	27089
1513395531.7264237404	63828.1330	-61641.0215	-2.767291	17.8560	27041
1513395531.8277497292	63827.6460	-61641.2120	-2.767145	17.8600	27062
1513395531.9365055561	63827.0379	-61641.4500	-2.767082	17.8620	27020
1513395532.0397198200	63826.5284	-61641.6497	-2.766795	17.8600	27088
1513395532.1434350014	63825.9470	-61641.8779	-2.766413	17.8590	27052
1513395532.2501575947	63825.4643	-61642.0678	-2.766121	17.8610	27051
1513395532.3504314423	63824.9319	-61642.2774	-2.765811	17.8510	27068
1513395532.4588284492	63824.3587	-61642.5031	-2.765518	17.8470	26505
1513395532.5602562428	63823.8355	-61642.7088	-2.765367	17.8470	26180
1513395532.6681034565	63823.2681	-61642.9320	-2.765331	17.8370	27117
1513395532.7750325203	63822.7065	-61643.1529	-2.765245	17.8270	27201
1513395532.8745529652	63822.2196	-61643.3445	-2.765027	17.8240	27347
1513395532.9756684303	63821.6592	-61643.5657	-2.764828	17.8230	27376
1513395533.0856170654	63821.0752	-61643.7963	-2.764654	17.8290	27363
1513395533.1944463253	63820.4764	-61644.0329	-2.764451	17.8260	27418
1513395533.2934942245	63820.0049	-61644.2196	-2.764310	17.8260	27379
1513395533.3959941864	63819.4539	-61644.4381	-2.764195	17.8260	27396
1513395533.5015945435	63818.8718	-61644.6693	-2.763877	17.8170	27308
1513395533.6064045429	63818.3288	-61644.8853	-2.763441	17.8080	27306
1513395533.7147400379	63817.7738	-61645.1061	-2.763158	17.7960	27262
1513395533.8187625408	63817.2344	-61645.3204	-2.763030	17.7850	27232
1513395533.9225471020	63816.6885	-61645.5369	-2.762957	17.7780	27205
1513395534.0305335522	63816.1524	-61645.7491	-2.762820	17.7700	27181
