1508998997.1652660370	64284.5444	-61755.8067	0.000000	17.6580	24696
1508998997.2700729370	64284.9113	-61755.6319	0.001909	17.6610	24559
1508998997.3749220371	64284.4452	-61754.8419	0.814404	17.6590	24764
1508998997.4797880650	64283.9287	-61754.3995	1.295769	17.6580	24954
1508998997.5846140385	64283.4087	-61753.9545	1.661053	17.6550	25602
1508998997.6894619465	64282.9559	-61753.6153	1.880929	17.6550	25762
1508998997.7944281101	64282.5264	-61753.2610	2.021112	17.6430	25794
1508998997.8991720676	64282.0688	-61752.8679	2.120844	17.6430	25873
1508998998.0039420128	64281.6330	-61752.4957	2.187140	17.6420	25881
1508998998.1089200974	64281.2600	-61752.1785	2.229777	17.6400	25923
1508998998.2136750221	64280.8331	-61751.7938	2.262982	17.6390	25834
1508998998.3185060024	64280.4690	-61751.4683	2.285511	17.6400	25921
1508998998.4234380722	64280.0510	-61751.0828	2.303969	17.6360	26024
1508998998.5282800198	64279.6959	-61750.7571	2.317170	17.6330	26088
1508998998.6330490112	64279.3296	-61750.4161	2.327923	17.6290	26123
1508998998.7379329205	64278.9174	-61750.0289	2.337378	17.6260	26134
1508998998.8427269459	64278.5163	-61749.6521	2.344387	17.6250	26116
1508998998.9476358891	64278.1725	-61749.3300	2.349467	17.6220	26210
1508998999.0524139404	64277.7628	-61748.9427	2.354482	17.6210	26198
1508998999.1572659016	64277.4145	-61748.6149	2.358861	17.6220	26227
1508998999.2621099949	64277.0527	-61748.2738	2.362330	17.6230	25980
1508998999.3669569492	64276.6365	-61747.8804	2.365223	17.6270	25295
1508998999.4718699455	64276.2457	-61747.5111	2.368176	17.6250	25363
1508998999.5766520500	64275.8809	-61747.1680	2.371527	17.6240	25778
1508998999.6814599037	64275.4809	-61746.7909	2.373880	17.6260	26153
1508998999.7863180637	64275.1203	-61746.4521	2.375426	17.6220	26315
1508998999.8911449909	64274.7567	-61746.1106	2.377446	17.6250	26343
1508998999.9960219860	64274.3411	-61745.7213	2.380117	17.6240	26272
1508999000.1008229256	64273.9557	-61745.3613	2.382362	17.6260	26327
1508999000.2056310177	64273.5904	-61745.0208	2.384070	17.6240	26380
1508999000.3105239868	64273.2175	-61744.6724	2.385776	17.6190	26407
1508999000.4153950214	64272.8009	-61744.2827	2.387498	17.6150	26240
1508999000.5202291012	64272.4584	-61743.9627	2.389115	17.6010	26399
1508999000.6250178814	64272.0556	-61743.5871	2.391100	17.5890	26453
1508999000.7299520969	64271.7168	-61743.2721	2.393048	17.5860	26414
1508999000.8346540928	64271.3133	-61742.8973	2.394780	17.5840	26409
1508999000.9395470619	64270.9700	-61742.5787	2.396128	17.5810	26347
1508999001.0443470478	64270.5821	-61742.2187	2.397095	17.5820	26388
1508999001.1492729187	64270.2342	-61741.8952	2.398040	17.5890	26445
1508999001.2540729046	64269.8314	-61741.5208	2.398950	17.5890	26449
1508999001.3589169979	64269.4963	-61741.2093	2.399851	17.5940	26397
1508999001.4636900425	64269.1010	-61740.8429	2.400780	17.6010	26101
1508999001.5686299801	64268.7724	-61740.5392	2.401938	17.6050	25285
1508999001.6734321117	64268.3731	-61740.1718	2.403221	17.6110	25471
1508999001.7782680988	64268.0369	-61739.8633	2.404312	17.6180	25917
1508999001.8830819130	64267.6447	-61739.5041	2.405020	17.6200	26151
1508999001.9879269600	64267.3169	-61739.2041	2.405952	17.6120	26379
1508999002.0927970409	64266.9368	-61738.8568	2.406925	17.6070	26347
1508999002.1977040768	64266.6034	-61738.5527	2.407530	17.6020	26460
1508999002.3025150299	64266.2617	-61738.2416	2.407690	17.6010	26538
1508999002.4074668884	64265.8723	-61737.8876	2.407834	17.6030	26591
1508999002.5121560097	64265.5113	-61737.5602	2.408278	17.6020	26614
1508999002.6170320511	64265.1704	-61737.2514	2.408815	17.6080	26502
1508999002.7218370438	64264.8055	-61736.9215	2.409171	17.5970	26711
1508999002.8267281055	64264.4704	-61736.6188	2.409497	17.5950	26736
1508999002.9314780235	64264.0973	-61736.2824	2.410072	17.5970	26793
1508999003.0363650322	64263.7636	-61735.9821	2.410855	17.5960	26883
1508999003.1414051056	64263.4274	-61735.6803	2.411613	17.5980	26859
1508999003.2460870743	64263.0476	-61735.3402	2.412264	17.5920	26826
1508999003.3509070873	64262.6923	-61735.0225	2.412900	17.5910	26870
1508999003.4557271004	64262.3634	-61734.7288	2.413589	17.5870	26888
1508999003.5605640411	64262.0032	-61734.4076	2.414376	17.5830	26877
1508999003.6654429436	64261.6762	-61734.1165	2.415362	17.5780	26818
1508999003.7702469826	64261.3124	-61733.7932	2.416175	17.5760	25878
1508999003.8751099110	64260.9886	-61733.5059	2.416824	17.5790	26066
1508999003.9799621105	64260.6627	-61733.2172	2.417779	17.5800	26633
1508999004.0848140717	64260.2895	-61732.8873	2.418914	17.5830	26906
1508999004.1896679401	64259.9818	-61732.6158	2.419817	17.5850	26960
1508999004.2945060730	64259.6099	-61732.2883	2.420589	17.5800	26924
1508999004.3992829323	64259.3002	-61732.0164	2.421579	17.5810	26889
1508999004.5041310787	64258.9311	-61731.6930	2.422920	17.5740	26987
1508999004.6090641022	64258.6259	-61731.4266	2.424355	17.5720	26964
1508999004.7138528824	64258.2579	-61731.1064	2.425693	17.5690	26924
1508999004.8186879158	64257.9480	-61730.8373	2.426918	17.5650	26755
1508999004.9234828949	64257.5916	-61730.5284	2.428271	17.5600	26948
1508999005.0283699036	64257.2832	-61730.2616	2.429641	17.5590	26908
1508999005.1331620216	64256.9158	-61729.9444	2.430866	17.5600	26876
1508999005.2381799221	64256.6104	-61729.6813	2.432040	17.5670	26944
1508999005.3429958820	64256.2467	-61729.3689	2.433381	17.5670	26913
1508999005.4477720261	64255.9420	-61729.1079	2.434801	17.5630	26912
1508999005.5525529385	64255.5828	-61728.8011	2.436248	17.5540	26932
1508999005.6574239731	64255.2765	-61728.5404	2.437653	17.5590	26934
1508999005.7622559071	64254.9295	-61728.2460	2.438957	17.5540	26880
1508999005.8671278954	64254.6125	-61727.9777	2.440428	17.5520	26648
1508999005.9719328880	64254.2585	-61727.6792	2.441992	17.5530	25883
1508999006.0767989159	64253.9399	-61727.4115	2.443494	17.5450	26091
1508999006.1816289425	64253.5867	-61727.1156	2.444965	17.5450	26528
1508999006.2864398956	64253.2781	-61726.8580	2.446203	17.5410	26738
1508999006.3913240433	64252.9689	-61726.6004	2.447121	17.5350	26826
1508999006.4962658882	64252.5971	-61726.2911	2.448053	17.5350	26836
1508999006.6010379791	64252.2596	-61726.0108	2.449046	17.5300	26779
1508999006.7058389187	64251.9437	-61725.7487	2.449911	17.5240	26854
1508999006.8107750416	64251.5953	-61725.4598	2.450422	17.5290	26859
1508999006.9154479504	64251.2809	-61725.1991	2.450662	17.5300	26881
1508999007.0203669071	64250.9637	-61724.9363	2.451148	17.5230	26770
1508999007.1251249313	64250.6050	-61724.6399	2.452058	17.5230	26950
1508999007.2300500870	64250.2683	-61724.3627	2.453042	17.5160	26977
1508999007.3348360062	64249.9594	-61724.1090	2.453900	17.5170	26877
1508999007.4397039413	64249.6431	-61723.8494	2.454705	17.5230	26920
1508999007.5445320606	64249.2795	-61723.5512	2.455463	17.5260	26893
1508999007.6494090557	64248.9641	-61723.2927	2.456151	17.5360	26938
1508999007.7542428970	64248.5961	-61722.9915	2.456893	17.5510	26850
1508999007.8591001034	64248.2862	-61722.7388	2.457887	17.5560	26817
1508999007.9638640881	64247.9167	-61722.4386	2.459155	17.5600	26761
1508999008.0687789917	64247.6025	-61722.1844	2.460477	17.5620	26338
1508999008.1734910011	64247.2270	-61721.8810	2.461749	17.5630	25680
1508999008.2784430981	64246.9077	-61721.6229	2.462607	17.5660	26111
1508999008.3833808899	64246.5355	-61721.3222	2.463230	17.5680	26500
1508999008.4883100986	64246.2155	-61721.0644	2.464264	17.5720	26749
1508999008.5929880142	64245.8903	-61720.8039	2.465862	17.5760	26778
1508999008.6978108883	64245.5092	-61720.5007	2.468028	17.5780	26750
1508999008.8026320934	64245.1541	-61720.2197	2.469848	17.5680	26827
1508999008.9076199532	64244.8238	-61719.9584	2.471035	17.5580	26803
1508999009.0123889446	64244.4456	-61719.6584	2.471969	17.5440	26826
1508999009.1172130108	64244.1217	-61719.4008	2.472854	17.5360	26861
1508999009.2220239639	64243.7575	-61719.1109	2.473808	17.5340	26738
1508999009.3270258904	64243.4183	-61718.8408	2.474892	17.5310	26855
1508999009.4318470955	64243.0454	-61718.5447	2.476175	17.5300	26766
1508999009.5367310047	64242.7111	-61718.2792	2.477422	17.5220	26817
1508999009.6413900852	64242.3388	-61717.9841	2.478336	17.5160	26788
1508999009.7462110519	64242.0014	-61717.7162	2.478938	17.5140	26818
1508999009.8510949612	64241.6301	-61717.4218	2.479576	17.5050	26773
1508999009.9559040070	64241.2970	-61717.1575	2.480473	17.4940	26681
1508999010.0607659817	64240.9262	-61716.8648	2.481457	17.4910	26673
1508999010.1655979156	64240.5894	-61716.5993	2.482304	17.4960	26557
1508999010.2704389095	64240.2184	-61716.3082	2.483185	17.4970	25970
1508999010.3753321171	64239.8808	-61716.0436	2.484146	17.5080	25422
1508999010.4801199436	64239.5458	-61715.7820	2.485172	17.5100	25793
1508999010.5849978924	64239.1590	-61715.4811	2.486210	17.5080	26085
1508999010.6898090839	64238.8362	-61715.2307	2.487345	17.5120	26300
1508999010.7946579456	64238.4522	-61714.9341	2.488683	17.5100	26303
1508999010.8994560242	64238.1347	-61714.6898	2.490059	17.5040	26338
1508999011.0042669773	64237.7498	-61714.3951	2.491392	17.5030	26354
1508999011.1092200279	64237.4228	-61714.1459	2.492963	17.5020	26173
1508999011.2140998840	64237.0388	-61713.8546	2.494762	17.5020	26224
1508999011.3187990189	64236.7126	-61713.6085	2.496290	17.5090	26127
1508999011.4236600399	64236.3261	-61713.3181	2.497071	17.5110	26107
1508999011.5285170078	64235.9970	-61713.0715	2.497499	17.5100	26259
1508999011.6333670616	64235.6222	-61712.7911	2.498192	17.5120	26157
1508999011.7382121086	64235.2820	-61712.5376	2.499145	17.5090	26203
1508999011.8431220055	64234.8906	-61712.2465	2.499988	17.5120	26151
1508999011.9478731155	64234.5627	-61712.0034	2.500674	17.5120	26184
1508999012.0527338982	64234.1812	-61711.7206	2.501381	17.5170	26385
1508999012.1576850414	64233.8331	-61711.4633	2.502235	17.5120	26417
1508999012.2624049187	64233.4379	-61711.1718	2.503264	17.5070	26393
1508999012.3673930168	64233.1027	-61710.9252	2.504172	17.5100	25946
1508999012.4722199440	64232.7175	-61710.6422	2.504956	17.5120	25700
1508999012.5769510269	64232.3652	-61710.3839	2.505877	17.5190	25553
1508999012.6817669868	64231.9597	-61710.0869	2.506933	17.5160	26166
1508999012.7866740227	64231.6247	-61709.8419	2.507835	17.5190	26415
1508999012.8916189671	64231.2205	-61709.5461	2.508597	17.5150	26517
1508999012.9963870049	64230.8758	-61709.2941	2.509263	17.5170	26644
1508999013.1013040543	64230.5255	-61709.0379	2.509987	17.5210	26653
1508999013.2061140537	64230.1163	-61708.7389	2.510753	17.5280	26699
1508999013.3108489513	64229.7205	-61708.4499	2.511504	17.5290	26601
1508999013.4156930447	64229.3761	-61708.1987	2.512197	17.5290	26706
1508999013.5206170082	64229.0169	-61707.9372	2.512908	17.5320	26563
1508999013.6253950596	64228.6036	-61707.6365	2.513730	17.5280	26667
1508999013.7301731110	64228.2039	-61707.3458	2.514519	17.5290	26778
1508999013.8350949287	64227.8547	-61707.0920	2.515196	17.5280	26861
1508999013.9399380684	64227.4597	-61706.8055	2.515968	17.5320	26822
1508999014.0446820259	64227.0969	-61706.5429	2.517062	17.5300	26798
1508999014.1495640278	64226.6932	-61706.2517	2.518415	17.5300	26876
1508999014.2543959618	64226.3253	-61705.9870	2.519634	17.5370	26940
1508999014.3593320847	64225.9202	-61705.6964	2.520740	17.5320	26860
1508999014.4640460014	64225.5477	-61705.4296	2.521822	17.5320	26758
1508999014.5690820217	64225.1379	-61705.1367	2.523002	17.5340	26567
1508999014.6738169193	64224.7582	-61704.8661	2.524146	17.5310	25835
1508999014.7786750793	64224.3830	-61704.5995	2.525264	17.5280	25927
1508999014.8833980560	64223.9444	-61704.2887	2.526597	17.5230	26518
1508999014.9883060455	64223.5487	-61704.0094	2.528103	17.5200	26621
1508999015.0931620598	64223.1678	-61703.7412	2.529542	17.5200	26587
1508999015.1980340481	64222.7886	-61703.4750	2.530809	17.5180	26494
1508999015.3028540611	64222.3651	-61703.1784	2.532082	17.5130	26484
1508999015.4076890945	64221.9449	-61702.8849	2.533521	17.5110	26461
1508999015.5124900341	64221.5513	-61702.6107	2.534959	17.5050	26388
1508999015.6173861027	64221.1673	-61702.3440	2.536195	17.5020	26295
1508999015.7221910954	64220.7236	-61702.0365	2.537415	17.5020	26119
1508999015.8270521164	64220.3489	-61701.7775	2.538800	17.5030	26215
1508999015.9318239689	64219.9158	-61701.4791	2.540360	17.5010	26254
1508999016.0367970467	64219.5232	-61701.2095	2.541921	17.4990	26244
1508999016.1416280270	64219.0864	-61700.9108	2.543429	17.4900	26222
1508999016.2464001179	64218.6912	-61700.6413	2.544997	17.4880	26208
1508999016.3512680531	64218.2529	-61700.3434	2.546618	17.4760	26269
1508999016.4561069012	64217.8699	-61700.0841	2.548030	17.4760	26211
1508999016.5609259605	64217.3971	-61699.7649	2.549683	17.4670	26076
1508999016.6659240723	64217.0072	-61699.5029	2.551282	17.4730	25852
1508999016.7708098888	64216.5649	-61699.2068	2.552754	17.4750	25539
1508999016.8754329681	64216.1605	-61698.9370	2.553475	17.4800	25114
1508999016.9802620411	64215.7555	-61698.6674	2.553636	17.4800	25578
1508999017.0852708817	64215.2794	-61698.3513	2.554537	17.4710	26130
1508999017.1900689602	64214.8967	-61698.0981	2.556085	17.4720	26094
1508999017.2948250771	64214.4363	-61697.7937	2.556757	17.4660	25904
1508999017.3996729851	64213.9999	-61697.5053	2.556360	17.4700	25821
1508999017.5045709610	64213.6063	-61697.2451	2.556829	17.4730	25843
1508999017.6095089912	64213.1833	-61696.9667	2.558757	17.4750	25799
1508999017.7141430378	64212.7133	-61696.6586	2.560303	17.4750	25785
1508999017.8190479279	64212.3151	-61696.3977	2.560462	17.4800	25660
1508999017.9239039421	64211.8414	-61696.0867	2.560749	17.4820	25587
1508999018.0287439823	64211.4465	-61695.8273	2.561952	17.4810	25758
1508999018.1335220337	64210.9740	-61695.5175	2.563076	17.4810	25752
1508999018.2385370731	64210.5770	-61695.2577	2.563841	17.4820	25754
1508999018.3431510925	64210.1029	-61694.9478	2.564774	17.4830	25776
1508999018.4480829239	64209.7086	-61694.6902	2.565693	17.4860	25777
1508999018.5530369282	64209.2323	-61694.3795	2.566679	17.4840	25698
1508999018.6577990055	64208.8325	-61694.1187	2.567498	17.4860	25577
1508999018.7626080513	64208.3817	-61693.8254	2.568235	17.4860	25550
1508999018.8675110340	64207.9626	-61693.5530	2.569087	17.4850	25241
1508999018.9722299576	64207.4809	-61693.2410	2.570193	17.4860	24621
1508999019.0771310329	64207.0823	-61692.9834	2.571160	17.4950	24458
1508999019.1820340157	64206.6044	-61692.6751	2.571939	17.4960	24954
1508999019.2867870331	64206.2044	-61692.4175	2.572774	17.4990	25083
1508999019.3916618824	64205.7436	-61692.1217	2.573865	17.4970	25279
1508999019.4966139793	64205.3246	-61691.8534	2.575039	17.5000	25136
1508999019.6013329029	64204.8523	-61691.5523	2.576310	17.5010	25548
1508999019.7063000202	64204.4477	-61691.2956	2.577805	17.5010	25536
1508999019.8110508919	64203.9891	-61691.0059	2.579491	17.5030	25528
1508999019.9158620834	64203.5735	-61690.7447	2.581225	17.5040	25510
1508999020.0206921101	64203.1001	-61690.4484	2.582929	17.5060	25427
1508999020.1255431175	64202.7055	-61690.2024	2.584536	17.5080	25510
1508999020.2304480076	64202.2896	-61689.9439	2.586143	17.5130	25543
1508999020.3352549076	64201.8193	-61689.6528	2.587938	17.5040	25515
1508999020.4401459694	64201.3798	-61689.3818	2.589589	17.5140	25573
1508999020.5450069904	64200.9930	-61689.1443	2.591204	17.5150	25501
1508999020.6498370171	64200.5715	-61688.8865	2.593159	17.5160	25552
1508999020.7547030449	64200.0980	-61688.5983	2.595110	17.5150	25516
1508999020.8594460487	64199.6657	-61688.3363	2.596960	17.5170	25451
1508999020.9642610550	64199.2631	-61688.0932	2.598665	17.5130	25349
1508999021.0691549778	64198.8608	-61687.8511	2.600113	17.5130	24981
1508999021.1738479137	64198.3980	-61687.5731	2.601193	17.5130	24538
1508999021.2787950039	64197.9741	-61687.3191	2.602005	17.5160	24618
1508999021.3837978840	64197.5754	-61687.0805	2.602763	17.5110	24912
1508999021.4884850979	64197.1797	-61686.8442	2.603553	17.5150	25362
1508999021.5933389664	64196.7247	-61686.5729	2.604571	17.5160	25476
1508999021.6981980801	64196.3026	-61686.3218	2.605417	17.5180	25511
1508999021.8030040264	64195.9265	-61686.0985	2.606088	17.5140	25560
1508999021.9079530239	64195.5183	-61685.8563	2.606806	17.5110	25548
1508999022.0126581192	64195.0677	-61685.5894	2.607666	17.5060	25598
1508999022.1175189018	64194.6893	-61685.3657	2.608568	17.5130	25538
1508999022.2224109173	64194.2449	-61685.1037	2.609349	17.5140	25451
1508999022.3273570538	64193.8733	-61684.8851	2.610050	17.5130	25483
1508999022.4321250916	64193.4892	-61684.6595	2.610780	17.5110	25499
1508999022.5369780064	64193.0479	-61684.4007	2.611683	17.5130	25491
1508999022.6417250633	64192.6416	-61684.1629	2.612502	17.5080	25516
1508999022.7466559410	64192.2586	-61683.9389	2.613195	17.5090	25314
1508999022.8514919281	64191.8758	-61683.7155	2.613946	17.5110	25314
1508999022.9562070370	64191.4379	-61683.4605	2.614926	17.5120	25347
1508999023.0610930920	64191.0238	-61683.2200	2.616020	17.5090	25137
1508999023.1661190987	64190.6430	-61682.9992	2.617052	17.5110	24932
1508999023.2707378864	64190.2245	-61682.7569	2.617741	17.5090	24650
1508999023.3756759167	64189.8487	-61682.5392	2.618354	17.5050	24367
1508999023.4805541039	64189.4701	-61682.3199	2.619112	17.5010	24502
1508999023.5853469372	64189.0563	-61682.0807	2.619822	17.4920	24939
1508999023.6901259422	64188.6419	-61681.8414	2.620495	17.4930	25215
1508999023.7950990200	64188.2723	-61681.6281	2.621258	17.4940	25511
1508999023.8998289108	64187.8996	-61681.4133	2.621965	17.4890	25509
1508999024.0046570301	64187.4699	-61681.1661	2.622673	17.4870	25511
1508999024.1095409393	64187.1059	-61680.9569	2.623296	17.4840	25470
1508999024.2143919468	64186.6803	-61680.7128	2.623917	17.4810	25303
1508999024.3191831112	64186.2860	-61680.4870	2.624746	17.4740	25237
1508999024.4240200520	64185.9215	-61680.2785	2.625581	17.4770	25221
1508999024.5289440155	64185.5574	-61680.0704	2.626318	17.4830	25228
1508999024.6337990761	64185.1380	-61679.8312	2.626895	17.4770	25280
1508999024.7385718822	64184.7818	-61679.6283	2.627474	17.4820	25175
1508999024.8434009552	64184.3644	-61679.3912	2.628341	17.4660	25030
1508999024.9482960701	64184.0152	-61679.1935	2.629231	17.4680	25085
1508999025.0530200005	64183.6009	-61678.9597	2.630159	17.4640	25111
1508999025.1579890251	64183.2530	-61678.7640	2.631198	17.4640	24961
1508999025.2628080845	64182.8963	-61678.5638	2.631710	17.4600	25032
1508999025.3677101135	64182.4826	-61678.3320	2.631895	17.4560	24568
1508999025.4724590778	64182.0823	-61678.1080	2.632143	17.4540	24503
1508999025.5774500370	64181.7312	-61677.9120	2.632590	17.4500	24104
1508999025.6821560860	64181.3543	-61677.7018	2.632999	17.4510	24419
1508999025.7870750427	64181.0081	-61677.5090	2.633140	17.4540	24461
1508999025.8918809891	64180.6158	-61677.2904	2.633328	17.4510	25085
1508999025.9968130589	64180.2575	-61677.0912	2.633947	17.4500	25281
1508999026.1014389992	64179.8726	-61676.8778	2.634663	17.4420	25295
1508999026.2063910961	64179.5350	-61676.6914	2.635239	17.4390	25084
1508999026.3111948967	64179.1552	-61676.4820	2.636093	17.4470	25290
1508999026.4160630703	64178.8119	-61676.2933	2.637109	17.4500	25143
1508999026.5209639072	64178.4651	-61676.1027	2.637791	17.4520	25317
1508999026.6257290840	64178.0833	-61675.8928	2.638116	17.4440	25023
1508999026.7306320667	64177.7417	-61675.7048	2.638360	17.4390	25275
1508999026.8353989124	64177.4134	-61675.5243	2.638846	17.4430	25281
1508999026.9402348995	64177.0448	-61675.3221	2.639665	17.4490	25138
1508999027.0452399254	64176.7048	-61675.1361	2.640589	17.4610	25147
1508999027.1500239372	64176.3332	-61674.9333	2.641374	17.4710	25155
1508999027.2547459602	64176.0072	-61674.7557	2.642211	17.4810	25131
1508999027.3596370220	64175.6831	-61674.5794	2.643093	17.4960	25295
1508999027.4645318985	64175.3081	-61674.3755	2.643909	17.5040	25256
1508999027.5693039894	64174.9941	-61674.2052	2.644670	17.4960	24916
1508999027.6741030216	64174.6399	-61674.0133	2.645530	17.4860	24527
1508999027.7789208889	64174.2857	-61673.8219	2.646571	17.4830	24274
1508999027.8837759495	64173.9715	-61673.6527	2.647610	17.4870	24518
1508999027.9886229038	64173.6583	-61673.4845	2.648543	17.4980	24811
1508999028.0933771133	64173.3019	-61673.2933	2.649614	17.5070	25266
1508999028.1983189583	64172.9772	-61673.1195	2.650864	17.5120	25047
1508999028.3033249378	64172.6184	-61672.9279	2.652064	17.5120	25100
1508999028.4080169201	64172.2567	-61672.7351	2.653154	17.5110	25194
1508999028.5128819942	64171.9255	-61672.5590	2.654062	17.5150	25217
1508999028.6177620888	64171.5997	-61672.3863	2.655213	17.5150	25205
1508999028.7225599289	64171.2317	-61672.1918	2.656503	17.5160	25113
1508999028.8274719715	64170.9064	-61672.0204	2.657806	17.5170	25027
1508999028.9322218895	64170.5369	-61671.8263	2.658973	17.5140	25008
1508999029.0372500420	64170.2064	-61671.6529	2.659567	17.5110	25001
1508999029.1419429779	64169.8361	-61671.4588	2.659835	17.5170	24906
1508999029.2467620373	64169.4943	-61671.2796	2.660362	17.5190	24824
1508999029.3516170979	64169.1171	-61671.0824	2.660896	17.5170	24818
1508999029.4565050602	64168.7755	-61670.9041	2.661395	17.5180	24429
1508999029.5612471104	64168.3941	-61670.7056	2.662053	17.5190	24632
1508999029.6662130356	64168.0438	-61670.5235	2.662680	17.5220	24406
1508999029.7708580494	64167.6941	-61670.3420	2.663152	17.5240	23843
1508999029.8758020401	64167.2930	-61670.1340	2.663672	17.5220	23386
1508999029.9806959629	64166.9191	-61669.9405	2.664246	17.5190	23528
1508999030.0855019093	64166.5640	-61669.7570	2.664913	17.5200	23954
1508999030.1903181076	64166.1790	-61669.5585	2.665677	17.5240	24376
1508999030.2952179909	64165.8174	-61669.3724	2.666316	17.5230	24119
1508999030.3999879360	64165.4254	-61669.1711	2.666889	17.5220	23733
1508999030.5048089027	64165.0673	-61668.9874	2.667517	17.5210	24195
1508999030.6098480225	64164.6654	-61668.7815	2.668226	17.5260	24285
1508999030.7147049904	64164.3031	-61668.5963	2.669005	17.5230	24283
1508999030.8194139004	64163.9019	-61668.3916	2.669635	17.5210	24286
1508999030.9241580963	64163.5524	-61668.2136	2.670266	17.5240	24149
1508999031.0292129517	64163.1699	-61668.0188	2.671147	17.5230	24251
1508999031.1338410378	64162.7383	-61667.7992	2.671997	17.5230	24279
1508999031.2387599945	64162.3769	-61667.6155	2.672551	17.5270	24320
1508999031.3435590267	64161.9480	-61667.3978	2.673166	17.5240	24322
1508999031.4485969543	64161.5853	-61667.2141	2.674186	17.5350	24294
1508999031.5532259941	64161.1502	-61666.9945	2.675390	17.5380	24386
1508999031.6580979824	64160.7802	-61666.8080	2.676267	17.5410	24294
1508999031.7630100250	64160.3639	-61666.5982	2.676925	17.5450	24293
1508999031.8678209782	64159.9775	-61666.4039	2.677763	17.5340	23998
1508999031.9725539684	64159.5487	-61666.1888	2.678702	17.5350	23540
1508999032.0775859356	64159.1631	-61665.9954	2.679634	17.5370	23511
1508999032.1823129654	64158.7271	-61665.7773	2.680583	17.5310	23884
1508999032.2873260975	64158.3388	-61665.5833	2.681266	17.5270	24225
1508999032.3920431137	64157.9029	-61665.3661	2.682197	17.5230	24058
1508999032.4968869686	64157.5034	-61665.1668	2.683059	17.5250	24105
1508999032.6017899513	64157.0619	-61664.9471	2.683623	17.5260	24387
1508999032.7064990997	64156.6588	-61664.7465	2.684250	17.5280	24449
1508999032.8113720417	64156.2220	-61664.5302	2.685179	17.5280	24504
1508999032.9162440300	64155.8240	-61664.3340	2.686595	17.5250	24589
1508999033.0211288929	64155.3801	-61664.1164	2.688075	17.5180	24511
1508999033.1259679794	64154.9822	-61663.9219	2.689075	17.5100	24774
1508999033.2306671143	64154.5769	-61663.7238	2.689661	17.5120	24731
1508999033.3355660439	64154.1131	-61663.4971	2.689866	17.5130	24896
1508999033.4404430389	64153.6813	-61663.2862	2.689982	17.5160	24829
1508999033.5452070236	64153.2972	-61663.0989	2.690350	17.5160	24862
1508999033.6500799656	64152.8382	-61662.8756	2.690842	17.5100	24776
1508999033.7549200058	64152.4370	-61662.6807	2.691175	17.5100	24710
1508999033.8597741127	64151.9943	-61662.4662	2.691534	17.5100	24807
1508999033.9646189213	64151.5860	-61662.2685	2.691995	17.5060	24577
1508999034.0694539547	64151.1601	-61662.0624	2.692292	17.5110	24018
1508999034.1743180752	64150.7686	-61661.8733	2.692596	17.5100	23891
1508999034.2790489197	64150.2990	-61661.6466	2.693216	17.5130	24361
1508999034.3839700222	64149.9143	-61661.4609	2.694109	17.5160	24382
1508999034.4887919426	64149.4813	-61661.2519	2.694902	17.5090	24649
1508999034.5936288834	64149.0884	-61661.0618	2.695088	17.5080	24628
1508999034.6985371113	64148.6962	-61660.8719	2.695266	17.5010	24746
1508999034.8032920361	64148.2561	-61660.6595	2.696078	17.5000	24803
1508999034.9082920551	64147.8583	-61660.4682	2.697475	17.4940	24836
1508999035.0129790306	64147.4074	-61660.2527	2.698876	17.4930	24751
1508999035.1179060936	64146.9857	-61660.0522	2.700077	17.4930	24584
1508999035.2226641178	64146.6050	-61659.8715	2.701048	17.4920	24814
1508999035.3275630474	64146.2154	-61659.6862	2.701677	17.4970	24736
1508999035.4323790073	64145.7460	-61659.4633	2.702201	17.4980	25005
1508999035.5372240543	64145.3855	-61659.2923	2.702826	17.4980	24930
1508999035.6420569420	64144.9618	-61659.0929	2.703848	17.4750	25081
1508999035.7469830513	64144.5694	-61658.9095	2.705395	17.4710	25127
1508999035.8518390656	64144.1381	-61658.7096	2.707191	17.4780	25088
1508999035.9567799568	64143.7408	-61658.5268	2.708976	17.4810	25121
1508999036.0614590645	64143.3017	-61658.3255	2.710550	17.4880	24928
1508999036.1664319038	64142.9069	-61658.1455	2.712007	17.4850	24259
1508999036.2710940838	64142.4708	-61657.9473	2.713660	17.4790	24055
1508999036.3759860992	64142.0748	-61657.7683	2.715625	17.4790	24582
1508999036.4807860851	64141.6337	-61657.5698	2.717530	17.4720	24855
1508999036.5856928825	64141.2398	-61657.3933	2.719183	17.4720	25068
1508999036.6904370785	64140.8050	-61657.1990	2.720800	17.4690	25327
1508999036.7955079079	64140.4197	-61657.0275	2.722542	17.4670	25364
1508999036.9001901150	64139.9709	-61656.8286	2.724568	17.4650	25382
1508999037.0050170422	64139.5612	-61656.6482	2.726562	17.4680	25255
1508999037.1098899841	64139.1143	-61656.4527	2.728493	17.4730	25238
1508999037.2147490978	64138.7036	-61656.2743	2.730329	17.4770	25047
1508999037.3195610046	64138.2484	-61656.0777	2.732332	17.4880	25147
1508999037.4244470596	64137.8399	-61655.9024	2.734466	17.4950	25127
1508999037.5292110443	64137.3862	-61655.7086	2.736243	17.5010	25087
1508999037.6340720654	64136.9733	-61655.5332	2.737600	17.5030	25076
1508999037.7388899326	64136.5580	-61655.3573	2.738799	17.5050	25059
1508999037.8437690735	64136.0863	-61655.1580	2.740223	17.5060	25154
1508999037.9486269951	64135.6486	-61654.9740	2.741724	17.5010	25198
1508999038.0534250736	64135.2335	-61654.8002	2.743175	17.5040	25222
1508999038.1582729816	64134.8189	-61654.6273	2.744590	17.5080	25121
1508999038.2631399632	64134.3517	-61654.4329	2.746100	17.5070	24490
1508999038.3680109978	64133.9314	-61654.2586	2.747554	17.5110	24108
1508999038.4728260040	64133.4655	-61654.0656	2.748704	17.5140	24360
1508999038.5776369572	64133.0011	-61653.8735	2.749752	17.5150	24548
1508999038.6824231148	64132.5859	-61653.7019	2.750793	17.5130	24910
1508999038.7873089314	64132.1601	-61653.5260	2.751860	17.5120	25075
1508999038.8921110630	64131.6777	-61653.3269	2.752789	17.5170	25264
1508999038.9970970154	64131.2466	-61653.1490	2.753493	17.5160	25225
1508999039.1018400192	64130.7730	-61652.9540	2.754347	17.5210	25328
1508999039.2067170143	64130.3418	-61652.7765	2.755424	17.5250	25340
1508999039.3115220070	64129.8674	-61652.5819	2.756520	17.5230	25294
1508999039.4164359570	64129.4317	-61652.4034	2.757449	17.5210	25298
1508999039.5212609768	64128.9537	-61652.2081	2.758333	17.5200	25370
1508999039.6260778904	64128.5170	-61652.0299	2.759205	17.5230	25392
1508999039.7309100628	64128.0357	-61651.8343	2.760226	17.5210	25365
1508999039.8357100487	64127.5942	-61651.6552	2.761345	17.5230	25290
1508999039.9405848980	64127.1129	-61651.4609	2.762292	17.5240	25220
1508999040.0454509258	64126.6680	-61651.2816	2.763002	17.5260	24992
1508999040.1502830982	64126.1719	-61651.0824	2.763847	17.5220	25080
1508999040.2551109791	64125.7277	-61650.9046	2.764975	17.5190	25078
1508999040.3599820137	64125.2342	-61650.7079	2.765976	17.5130	24887
1508999040.4647760391	64124.7828	-61650.5285	2.766992	17.5100	24274
1508999040.5696299076	64124.2936	-61650.3350	2.768130	17.4980	24132
1508999040.6745779514	64123.8471	-61650.1589	2.769325	17.4940	24485
1508999040.7793259621	64123.3491	-61649.9637	2.770484	17.4940	24824
1508999040.8841669559	64122.8939	-61649.7859	2.771348	17.4940	25019
1508999040.9889900684	64122.3934	-61649.5911	2.772079	17.5000	25194
1508999041.0938420296	64121.9379	-61649.4142	2.773073	17.5070	25167
1508999041.1986780167	64121.4774	-61649.2359	2.773948	17.5110	25212
1508999041.3036201000	64120.9677	-61649.0390	2.774467	17.5110	25122
1508999041.4083731174	64120.5048	-61648.8601	2.775180	17.5140	25221
1508999041.5131618977	64119.9837	-61648.6592	2.776120	17.5120	25037
1508999041.6180191040	64119.5032	-61648.4745	2.776795	17.5100	25094
1508999041.7228960991	64119.0492	-61648.3002	2.777218	17.5120	25070
1508999041.8277349472	64118.5895	-61648.1243	2.777765	17.5090	25131
1508999041.9325149059	64118.0799	-61647.9302	2.778781	17.5160	25146
1508999042.0374178886	64117.6119	-61647.7528	2.779732	17.5240	25079
1508999042.1422610283	64117.1050	-61647.5613	2.780011	17.5240	25150
1508999042.2471330166	64116.6355	-61647.3841	2.780449	17.5330	25180
1508999042.3519029617	64116.1203	-61647.1898	2.781270	17.5300	25230
1508999042.4568140507	64115.6514	-61647.0135	2.781925	17.5320	25040
1508999042.5615930557	64115.1310	-61646.8183	2.782537	17.5340	24781
1508999042.6665070057	64114.6639	-61646.6437	2.783514	17.5310	24283
1508999042.7713789940	64114.1454	-61646.4505	2.784792	17.5310	24505
1508999042.8760969639	64113.6758	-61646.2761	2.785844	17.5310	24873
1508999042.9809401035	64113.1551	-61646.0828	2.786635	17.5310	25433
1508999043.0858950615	64112.6831	-61645.9078	2.787540	17.5330	25582
1508999043.1905798912	64112.1569	-61645.7131	2.788569	17.5360	25596
1508999043.2956409454	64111.6902	-61645.5405	2.789341	17.5350	25604
1508999043.4003050327	64111.1693	-61645.3482	2.789906	17.5420	25640
1508999043.5051760674	64110.6942	-61645.1729	2.790630	17.5430	25702
1508999043.6101579666	64110.1688	-61644.9799	2.791632	17.5500	25642
1508999043.7149341106	64109.7090	-61644.8115	2.792656	17.5580	25627
1508999043.8197190762	64109.1700	-61644.6150	2.793786	17.5630	25693
1508999043.9245309830	64108.6878	-61644.4399	2.794868	17.5650	25818
1508999044.0294449329	64108.1599	-61644.2488	2.796004	17.5630	25771
1508999044.1342849731	64107.7021	-61644.0839	2.797060	17.5630	25825
1508999044.2391440868	64107.2082	-61643.9066	2.798311	17.5680	25903
1508999044.3440968990	64106.6562	-61643.7095	2.799726	17.5710	25860
1508999044.4487888813	64106.1390	-61643.5258	2.801277	17.5710	25933
1508999044.5536129475	64105.6593	-61643.3565	2.802923	17.5700	25987
1508999044.6585040092	64105.1784	-61643.1875	2.804316	17.5720	25604
1508999044.7634611130	64104.6259	-61642.9940	2.805581	17.5710	25154
1508999044.8684399128	64104.1075	-61642.8134	2.807023	17.5750	24920
1508999044.9729580879	64103.6435	-61642.6526	2.808565	17.5730	25475
1508999045.0777809620	64103.0890	-61642.4611	2.810018	17.5700	25771
1508999045.1826570034	64102.5995	-61642.2929	2.811460	17.5670	25914
1508999045.2874751091	64102.1054	-61642.1236	2.812991	17.5640	25958
1508999045.3922989368	64101.5683	-61641.9404	2.814527	17.5660	25949
1508999045.4972479343	64101.0300	-61641.7575	2.816016	17.5650	26060
1508999045.6019709110	64100.5584	-61641.5978	2.817479	17.5600	26040
1508999045.7069189548	64100.0481	-61641.4256	2.819067	17.5640	26035
1508999045.8116340637	64099.5071	-61641.2441	2.820615	17.5650	25891
1508999045.9165821075	64099.0147	-61641.0793	2.822041	17.5600	26034
1508999046.0213758945	64098.4702	-61640.8980	2.823536	17.5640	26049
1508999046.1262400150	64097.9812	-61640.7358	2.825158	17.5650	26131
1508999046.2310099602	64097.4359	-61640.5564	2.826790	17.5700	26066
1508999046.3359470367	64096.9366	-61640.3933	2.828431	17.5740	26006
1508999046.4407379627	64096.3888	-61640.2158	2.830132	17.5680	25943
1508999046.5456519127	64095.8842	-61640.0533	2.831929	17.5620	25931
1508999046.6503710747	64095.3376	-61639.8784	2.833598	17.5620	25997
1508999046.7552831173	64094.8432	-61639.7209	2.835234	17.5560	26090
1508999046.8601191044	64094.2911	-61639.5459	2.836670	17.5530	25703
1508999046.9649679661	64093.7875	-61639.3868	2.837680	17.5460	25135
1508999047.0697610378	64093.2338	-61639.2126	2.838583	17.5430	25331
1508999047.1748080254	64092.7330	-61639.0558	2.839666	17.5340	25817
1508999047.2795488834	64092.1776	-61638.8827	2.840777	17.5370	26257
1508999047.3843309879	64091.6746	-61638.7267	2.841881	17.5380	26320
1508999047.4891660213	64091.1713	-61638.5710	2.842815	17.5480	26471
1508999047.5940880775	64090.5907	-61638.3920	2.843710	17.5430	26471
1508999047.6989099979	64090.0522	-61638.2265	2.844647	17.5490	26530
1508999047.8036830425	64089.5521	-61638.0731	2.845569	17.5520	26529
1508999047.9085569382	64089.0008	-61637.9047	2.846522	17.5470	26532
1508999048.0134758949	64088.5043	-61637.7534	2.847486	17.5430	26308
1508999048.1182060242	64087.9488	-61637.5848	2.848568	17.5370	26422
1508999048.2230000496	64087.4741	-61637.4412	2.849621	17.5370	26510
1508999048.3279280663	64086.9570	-61637.2853	2.850529	17.5350	26577
1508999048.4327700138	64086.4052	-61637.1195	2.851575	17.5440	26510
1508999048.5376420021	64085.8548	-61636.9549	2.852867	17.5370	26517
1508999048.6424500942	64085.3762	-61636.8126	2.854183	17.5380	26523
1508999048.7472510338	64084.8136	-61636.6466	2.855432	17.5410	26476
1508999048.8522169590	64084.3355	-61636.5061	2.856690	17.5390	26469
1508999048.9569749832	64083.8202	-61636.3558	2.858087	17.5420	26531
1508999049.0617830753	64083.2653	-61636.1950	2.859501	17.5450	25979
1508999049.1666629314	64082.7753	-61636.0539	2.860963	17.5320	25438
1508999049.2714350224	64082.2336	-61635.8984	2.862420	17.5260	25926
1508999049.3763899803	64081.7441	-61635.7579	2.863772	17.5250	26288
1508999049.4812281132	64081.2541	-61635.6175	2.864846	17.5190	26380
1508999049.5860750675	64080.7169	-61635.4639	2.866053	17.5110	26436
1508999049.6907570362	64080.1772	-61635.3100	2.867424	17.5160	26485
1508999049.7957808971	64079.6982	-61635.1735	2.868546	17.5200	26490
1508999049.9004919529	64079.1587	-61635.0206	2.869812	17.5270	26533
1508999050.0053389072	64078.7028	-61634.8918	2.871090	17.5240	26559
1508999050.1102159023	64078.1527	-61634.7371	2.872194	17.5170	26580
1508999050.2149679661	64077.6637	-61634.5999	2.873095	17.5160	26457
1508999050.3198790550	64077.1307	-61634.4514	2.873888	17.5070	26592
1508999050.4247019291	64076.6499	-61634.3180	2.874750	17.5150	26670
1508999050.5295460224	64076.1153	-61634.1710	2.875592	17.5380	26679
1508999050.6344039440	64075.6357	-61634.0402	2.876504	17.5440	26682
1508999050.7392230034	64075.1035	-61633.8963	2.877792	17.5440	26684
1508999050.8440980911	64074.6297	-61633.7693	2.879085	17.5460	26686
1508999050.9489810467	64074.1072	-61633.6299	2.880177	17.5500	26629
1508999051.0537929535	64073.6288	-61633.5033	2.881511	17.5510	26559
1508999051.1586389542	64073.0977	-61633.3635	2.882908	17.5550	26482
1508999051.2635068893	64072.6228	-61633.2394	2.884122	17.5530	25868
1508999051.3684511185	64072.1472	-61633.1157	2.885326	17.5560	25619
1508999051.4731729031	64071.6068	-61632.9758	2.886661	17.5500	26250
1508999051.5779750347	64071.1033	-61632.8462	2.888018	17.5510	26558
1508999051.6828150749	64070.6344	-61632.7260	2.889184	17.5550	26564
1508999051.7876830101	64070.1163	-61632.5936	2.890242	17.5570	26685
1508999051.8925259113	64069.6667	-61632.4791	2.891333	17.5520	26688
1508999051.9973959923	64069.1868	-61632.3572	2.892335	17.5570	26679
1508999052.1022050381	64068.6549	-61632.2225	2.893402	17.5590	26647
1508999052.2070810795	64068.2066	-61632.1095	2.894557	17.5620	26690
1508999052.3119020462	64067.6945	-61631.9810	2.895854	17.5630	26592
1508999052.4167540073	64067.2259	-61631.8639	2.897208	17.5660	26572
1508999052.5215740204	64066.7135	-61631.7363	2.898337	17.5690	26780
1508999052.6264851093	64066.2555	-61631.6226	2.899233	17.5690	26673
1508999052.7312560081	64065.7474	-61631.4970	2.900229	17.5700	26750
1508999052.8360669613	64065.2938	-61631.3851	2.901387	17.5720	26708
1508999052.9409461021	64064.7896	-61631.2614	2.902560	17.5650	26661
1508999053.0457570553	64064.3327	-61631.1494	2.903469	17.5610	26635
1508999053.1506209373	64063.8281	-61631.0260	2.904283	17.5640	26520
1508999053.2555871010	64063.3778	-61630.9160	2.905288	17.5630	26576
1508999053.3602581024	64062.8823	-61630.7955	2.906197	17.5680	26412
1508999053.4651260376	64062.4366	-61630.6874	2.907020	17.5610	25748
1508999053.5698709488	64061.9392	-61630.5673	2.907943	17.5570	25807
1508999053.6748290062	64061.4928	-61630.4595	2.908886	17.5590	26424
1508999053.7796139717	64061.0028	-61630.3418	2.909810	17.5530	26667
1508999053.8844718933	64060.5623	-61630.2360	2.910459	17.5480	26658
1508999053.9893879890	64060.0744	-61630.1194	2.911144	17.5410	26719
1508999054.0941851139	64059.6341	-61630.0143	2.912126	17.5390	26623
1508999054.1990160942	64059.1515	-61629.8999	2.913059	17.5410	26583
1508999054.3040130138	64058.7296	-61629.8001	2.913836	17.5410	26532
1508999054.4086558819	64058.2280	-61629.6821	2.914508	17.5410	26406
1508999054.5135419369	64057.7922	-61629.5799	2.915241	17.5460	26293
1508999054.6183938980	64057.3146	-61629.4688	2.916284	17.5470	26237
1508999054.7232129574	64056.8861	-61629.3699	2.917463	17.5470	26390
1508999054.8280410767	64056.4523	-61629.2704	2.918336	17.5420	26510
1508999054.9328970909	64055.9734	-61629.1614	2.919082	17.5340	26528
1508999055.0378561020	64055.5056	-61629.0554	2.919921	17.5360	26478
1508999055.1426188946	64055.0855	-61628.9607	2.920578	17.5360	26446
1508999055.2474439144	64054.6090	-61628.8536	2.921132	17.5400	26484
1508999055.3522400856	64054.2064	-61628.7637	2.921806	17.5490	26550
1508999055.4571590424	64053.7623	-61628.6647	2.922161	17.5480	26436
1508999055.5619690418	64053.3058	-61628.5633	2.922337	17.5450	26074
1508999055.6668388844	64052.8994	-61628.4732	2.922757	17.5370	25407
1508999055.7716228962	64052.4402	-61628.3719	2.923290	17.5300	25574
1508999055.8764600754	64052.0028	-61628.2759	2.924208	17.5350	26003
1508999055.9813270569	64051.5560	-61628.1786	2.925192	17.5440	26259
1508999056.0861890316	64051.1461	-61628.0898	2.925721	17.5550	26233
1508999056.1909720898	64050.6870	-61627.9903	2.926199	17.5660	26237
1508999056.2958660126	64050.2888	-61627.9044	2.926969	17.5640	26119
1508999056.4005820751	64049.8476	-61627.8096	2.927813	17.5530	26113
1508999056.5055310726	64049.4501	-61627.7247	2.928707	17.5410	25958
1508999056.6104340553	64049.0109	-61627.6314	2.929812	17.5410	25984
1508999056.7152431011	64048.6021	-61627.5452	2.931014	17.5480	25666
1508999056.8200759888	64048.1447	-61627.4493	2.932332	17.5670	25591
1508999056.9249210358	64047.7281	-61627.3627	2.933532	17.5700	25593
1508999057.0296928883	64047.2770	-61627.2692	2.934538	17.5710	25467
1508999057.1345689297	64046.8667	-61627.1846	2.935567	17.5710	25343
1508999057.2393529415	64046.4102	-61627.0907	2.936653	17.5710	25229
1508999057.3444390297	64045.9917	-61627.0053	2.937728	17.5700	25059
1508999057.4491539001	64045.5370	-61626.9128	2.938758	17.5740	24510
1508999057.5540509224	64045.1168	-61626.8279	2.939826	17.5810	24164
1508999057.6587860584	64044.6491	-61626.7338	2.940988	17.5800	24441
1508999057.7636790276	64044.2507	-61626.6539	2.941968	17.5860	24141
1508999057.8685169220	64043.8156	-61626.5669	2.942778	17.5900	23621
1508999057.9733300209	64043.3183	-61626.4676	2.943605	17.5920	23985
1508999058.0781888962	64042.9115	-61626.3866	2.944479	17.5920	24235
1508999058.1829810143	64042.4380	-61626.2924	2.945490	17.5870	24464
1508999058.2878119946	64041.9635	-61626.1981	2.946280	17.5890	24455
1508999058.3926889896	64041.5507	-61626.1163	2.946846	17.5880	24344
1508999058.4975769520	64041.1019	-61626.0275	2.947548	17.5840	24395
1508999058.6023709774	64040.6151	-61625.9315	2.948320	17.5870	24372
1508999058.7072041035	64040.1770	-61625.8453	2.949016	17.5890	24354
1508999058.8120670319	64039.6906	-61625.7495	2.949481	17.5940	24294
1508999058.9168570042	64039.2402	-61625.6604	2.949762	17.5970	24137
1508999059.0217430592	64038.7597	-61625.5655	2.950060	17.6030	24175
1508999059.1267540455	64038.3077	-61625.4761	2.950447	17.6000	24118
1508999059.2313659191	64037.8126	-61625.3786	2.950908	17.6010	24258
1508999059.3362360001	64037.3594	-61625.2894	2.951268	17.6040	24292
1508999059.4410998821	64036.8589	-61625.1912	2.951524	17.6070	24230
1508999059.5459470749	64036.4118	-61625.1034	2.951714	17.6070	24198
1508999059.6509339809	64035.9010	-61625.0032	2.951844	17.6100	23688
1508999059.7558391094	64035.4482	-61624.9142	2.952024	17.6110	23300
1508999059.8604640961	64034.9424	-61624.8151	2.952214	17.6100	23311
1508999059.9652678967	64034.4996	-61624.7284	2.952530	17.6080	23354
1508999060.0701799393	64033.9704	-61624.6252	2.952839	17.6030	23135
1508999060.1749539375	64033.5131	-61624.5358	2.952963	17.6010	23599
1508999060.2798841000	64032.9933	-61624.4344	2.953027	17.6000	24107
1508999060.3846518993	64032.5710	-61624.3519	2.953208	17.5980	24197
1508999060.4894649982	64031.9648	-61624.2345	2.953441	17.5960	24200
1508999060.5943620205	64031.5480	-61624.1536	2.953664	17.5930	24203
1508999060.6991250515	64031.0684	-61624.0607	2.953860	17.5900	24141
1508999060.8040258884	64030.5263	-61623.9563	2.954220	17.5920	24106
1508999060.9088540077	64030.0148	-61623.8583	2.954800	17.5940	24143
1508999061.0136890411	64029.5411	-61623.7679	2.955498	17.6000	24106
1508999061.1185510159	64029.0094	-61623.6673	2.956172	17.6070	24039
1508999061.2233541012	64028.5351	-61623.5780	2.956835	17.5960	23983
1508999061.3282759190	64028.0080	-61623.4794	2.957543	17.5940	23961
1508999061.4330708981	64027.5488	-61623.3942	2.958355	17.5950	24116
1508999061.5379540920	64026.9979	-61623.2928	2.959382	17.5920	24112
1508999061.6427900791	64026.5117	-61623.2041	2.960526	17.5920	24092
1508999061.7476079464	64025.9791	-61623.1080	2.961949	17.5940	24007
1508999061.8524160385	64025.5156	-61623.0251	2.963412	17.5900	23397
1508999061.9573259354	64025.0073	-61622.9348	2.964723	17.5920	23034
1508999062.0622630119	64024.4636	-61622.8387	2.966009	17.5890	23086
1508999062.1670529842	64023.9264	-61622.7444	2.967409	17.5920	23084
1508999062.2717790604	64023.4555	-61622.6624	2.968953	17.5930	23209
1508999062.3766660690	64022.9476	-61622.5746	2.970518	17.5920	23883
1508999062.4814679623	64022.3886	-61622.4787	2.972050	17.5940	24077
1508999062.5865030289	64021.8873	-61622.3932	2.973630	17.5960	24155
1508999062.6912040710	64021.3394	-61622.3004	2.975332	17.6000	24138
1508999062.7959868908	64020.8423	-61622.2168	2.977114	17.6000	24137
1508999062.9008369446	64020.2888	-61622.1248	2.978958	17.6000	24155
1508999063.0057120323	64019.7879	-61622.0423	2.980971	17.5920	24134
1508999063.1105749607	64019.2411	-61621.9533	2.982746	17.5940	24131
1508999063.2154209614	64018.7421	-61621.8728	2.984610	17.5930	24006
1508999063.3202900887	64018.1872	-61621.7843	2.986811	17.5980	24097
1508999063.4250769615	64017.6837	-61621.7047	2.988793	17.6080	24014
1508999063.5298500061	64017.1375	-61621.6196	2.990695	17.6080	23856
1508999063.6347539425	64016.6300	-61621.5413	2.992704	17.6090	23953
1508999063.7395648956	64016.0798	-61621.4578	2.995026	17.6090	24034
1508999063.8444581032	64015.5737	-61621.3824	2.997503	17.6090	24118
1508999063.9491999149	64015.0186	-61621.3015	2.999976	17.6140	24027
1508999064.0541369915	64014.5109	-61621.2288	3.002588	17.6160	23354
1508999064.1589601040	64013.9449	-61621.1493	3.005176	17.6210	23021
1508999064.2638599873	64013.4387	-61621.0788	3.007336	17.6180	23076
1508999064.3685879707	64012.8805	-61621.0022	3.009414	17.6100	23043
1508999064.4734899998	64012.3718	-61620.9333	3.011815	17.6080	23714
1508999064.5783379078	64011.8163	-61620.8597	3.014241	17.6040	24042
1508999064.6831760406	64011.3154	-61620.7948	3.016827	17.6070	24093
1508999064.7879951000	64010.7643	-61620.7252	3.019561	17.6090	24125
1508999064.8928658962	64010.2828	-61620.6661	3.022310	17.6120	24160
1508999064.9977200031	64009.7574	-61620.6028	3.025018	17.6140	24181
1508999065.1025199890	64009.1985	-61620.5370	3.027595	17.6160	24153
1508999065.2074611187	64008.6501	-61620.4736	3.029798	17.6160	24198
1508999065.3122289181	64008.1720	-61620.4191	3.031448	17.6210	24107
1508999065.4170949459	64007.6490	-61620.3605	3.032949	17.6250	24123
1508999065.5219950676	64007.0975	-61620.3000	3.034728	17.6210	24087
1508999065.6267490387	64006.5511	-61620.2414	3.036611	17.6240	24093
1508999065.7315309048	64006.0782	-61620.1920	3.038564	17.6220	23957
1508999065.8364970684	64005.5806	-61620.1411	3.040565	17.6220	23877
1508999065.9412889481	64005.0384	-61620.0869	3.042583	17.6190	24170
1508999066.0461161137	64004.5433	-61620.0387	3.044511	17.6180	24196
1508999066.1509499550	64004.0031	-61619.9874	3.046571	17.6150	23995
1508999066.2558240891	64003.5040	-61619.9414	3.048824	17.6190	23296
1508999066.3606050014	64002.9736	-61619.8938	3.051066	17.6220	23178
1508999066.4654870033	64002.5091	-61619.8531	3.053121	17.6240	23263
1508999066.5702440739	64001.9748	-61619.8070	3.055141	17.6240	23710
1508999066.6751921177	64001.4944	-61619.7665	3.057073	17.6270	24339
1508999066.7799909115	64000.9593	-61619.7222	3.059059	17.6260	24524
1508999066.8849151134	64000.4777	-61619.6834	3.061271	17.6260	24558
1508999066.9897511005	63999.9450	-61619.6415	3.063236	17.6280	24678
1508999067.0945110321	63999.4710	-61619.6052	3.065025	17.6300	24714
1508999067.1993250847	63998.9386	-61619.5651	3.066858	17.6300	24721
1508999067.3042109013	63998.4553	-61619.5295	3.068811	17.6280	24686
1508999067.4089848995	63997.9252	-61619.4912	3.070732	17.6310	24766
1508999067.5138700008	63997.4454	-61619.4573	3.072523	17.6330	24756
1508999067.6186530590	63996.9153	-61619.4207	3.074355	17.6370	24900
1508999067.7236340046	63996.4331	-61619.3882	3.076309	17.6520	24805
1508999067.8284430504	63995.9002	-61619.3532	3.078206	17.6520	24791
1508999067.9332869053	63995.4361	-61619.3235	3.079886	17.6610	24618
1508999068.0381178856	63994.8826	-61619.2889	3.081566	17.6620	24465
1508999068.1429851055	63994.3946	-61619.2590	3.083317	17.6640	24650
1508999068.2479081154	63993.8568	-61619.2269	3.084922	17.6600	24696
1508999068.3525829315	63993.3935	-61619.1998	3.086174	17.6580	24354
1508999068.4574840069	63992.8933	-61619.1710	3.087322	17.6490	23625
1508999068.5623250008	63992.3518	-61619.1407	3.088670	17.6550	23664
1508999068.6671528816	63991.8640	-61619.1140	3.089991	17.6520	23822
1508999068.7721040249	63991.3308	-61619.0855	3.091031	17.6580	24480
1508999068.8768570423	63990.7971	-61619.0573	3.091945	17.6610	24800
1508999068.9816730022	63990.3277	-61619.0329	3.092876	17.6620	24927
1508999069.0866029263	63989.8221	-61619.0069	3.093789	17.6570	24902
1508999069.1912860870	63989.2792	-61618.9796	3.094695	17.6530	24864
1508999069.2961900234	63988.7933	-61618.9553	3.095516	17.6580	24885
1508999069.4009819031	63988.2618	-61618.9291	3.096164	17.6610	24883
1508999069.5058889389	63987.7800	-61618.9053	3.096728	17.6600	24867
1508999069.6107170582	63987.2458	-61618.8796	3.097413	17.6570	24726
1508999069.7156779766	63986.7563	-61618.8562	3.098157	17.6690	24891
1508999069.8203790188	63986.2177	-61618.8312	3.098899	17.6770	24960
1508999069.9253609180	63985.7247	-61618.8087	3.099474	17.6850	24870
1508999070.0300459862	63985.1825	-61618.7844	3.100005	17.6890	24906
1508999070.1348900795	63984.6916	-61618.7625	3.100538	17.6930	24931
1508999070.2397310734	63984.1499	-61618.7390	3.101072	17.6910	24985
1508999070.3446300030	63983.6586	-61618.7181	3.101822	17.6900	25136
1508999070.4494419098	63983.1227	-61618.6963	3.102849	17.6920	25205
1508999070.5543119907	63982.6330	-61618.6770	3.103672	17.6920	24991
1508999070.6591589451	63982.0955	-61618.6563	3.104273	17.6920	24126
1508999070.7639660835	63981.6044	-61618.6377	3.104949	17.6970	24089
1508999070.8687770367	63981.0546	-61618.6172	3.105785	17.7030	24501
1508999070.9736769199	63980.5594	-61618.5994	3.106810	17.7130	25137
1508999071.0784280300	63980.0099	-61618.5805	3.107785	17.7170	25223
1508999071.1833720207	63979.5359	-61618.5649	3.108682	17.7200	25322
1508999071.2883241177	63978.9883	-61618.5476	3.109700	17.7190	25432
1508999071.3930649757	63978.5150	-61618.5332	3.110652	17.7180	25399
1508999071.4979469776	63977.9496	-61618.5165	3.111454	17.7210	25508
1508999071.6027100086	63977.4778	-61618.5028	3.112273	17.7230	25656
1508999071.7075660229	63976.9135	-61618.4867	3.113227	17.7310	25702
1508999071.8123888969	63976.4420	-61618.4737	3.114254	17.7290	25647
1508999071.9173250198	63975.8805	-61618.4585	3.115343	17.7180	25868
1508999072.0220849514	63975.4048	-61618.4461	3.116307	17.7220	25869
1508999072.1270020008	63974.8423	-61618.4319	3.117229	17.7230	25910
1508999072.2317469120	63974.3660	-61618.4204	3.118093	17.7270	25910
1508999072.3366060257	63973.7944	-61618.4068	3.118944	17.7350	25923
1508999072.4414219856	63973.3146	-61618.3956	3.119687	17.7420	25927
1508999072.5462739468	63972.8016	-61618.3838	3.120172	17.7430	25837
1508999072.6510870457	63972.2518	-61618.3713	3.120661	17.7460	25969
1508999072.7559769154	63971.7070	-61618.3596	3.121321	17.7390	26129
1508999072.8608260155	63971.2393	-61618.3503	3.122314	17.7350	25295
1508999072.9656310081	63970.7284	-61618.3407	3.123380	17.7340	25089
1508999073.0705289841	63970.1851	-61618.3309	3.124169	17.7310	25676
1508999073.1753699780	63969.6830	-61618.3221	3.124904	17.7380	26116
1508999073.2800281048	63969.1366	-61618.3128	3.125615	17.7480	26114
1508999073.3850219250	63968.6326	-61618.3046	3.126400	17.7500	26035
1508999073.4898490906	63968.0837	-61618.2963	3.127294	17.7600	26024
1508999073.5947020054	63967.5903	-61618.2894	3.128156	17.7670	26055
1508999073.6994400024	63967.0419	-61618.2822	3.129009	17.7720	26112
1508999073.8043420315	63966.5638	-61618.2763	3.130031	17.7730	26037
1508999073.9091620445	63965.9956	-61618.2697	3.131160	17.7780	26013
1508999074.0140359402	63965.4976	-61618.2642	3.132007	17.7850	25969
1508999074.1188530922	63964.9540	-61618.2583	3.132644	17.7830	26112
1508999074.2237429619	63964.4569	-61618.2531	3.133302	17.7900	25992
1508999074.3285930157	63963.9097	-61618.2478	3.134053	17.7900	26000
1508999074.4333949089	63963.4371	-61618.2433	3.134691	17.7910	26047
1508999074.5381960869	63962.8687	-61618.2384	3.135251	17.8000	25959
1508999074.6431028843	63962.3900	-61618.2344	3.135809	17.8010	25814
1508999074.7479779720	63961.8233	-61618.2302	3.136412	17.8060	25959
1508999074.8527998924	63961.3226	-61618.2266	3.137085	17.8080	26041
1508999074.9576010704	63960.7823	-61618.2233	3.137654	17.8090	25932
1508999075.0624699593	63960.2838	-61618.2206	3.138305	17.8140	25257
1508999075.1673080921	63959.7367	-61618.2182	3.139151	17.8160	25256
1508999075.2721650600	63959.2311	-61618.2164	3.139936	17.8170	25903
1508999075.3769280910	63958.6776	-61618.2149	3.140472	17.8200	26224
1508999075.4817628860	63958.1985	-61618.2138	3.141195	17.8190	26368
1508999075.5867009163	63957.6752	-61618.2131	-3.141030	17.8240	26391
1508999075.6915760040	63957.1229	-61618.2128	-3.140253	17.8230	26447
1508999075.7963550091	63956.6437	-61618.2128	-3.139774	17.8220	26402
1508999075.9011170864	63956.0714	-61618.2133	-3.139137	17.8250	26440
1508999076.0060999393	63955.5136	-61618.2142	-3.138278	17.8300	26469
1508999076.1108250618	63955.0299	-61618.2156	-3.137424	17.8350	26261
1508999076.2157039642	63954.5099	-61618.2175	-3.136775	17.8380	26519
1508999076.3206601143	63953.9439	-61618.2201	-3.136051	17.8390	26542
1508999076.4254159927	63953.4436	-61618.2228	-3.135082	17.8440	26436
1508999076.5301771164	63952.8775	-61618.2266	-3.134170	17.8450	26551
1508999076.6350529194	63952.3676	-61618.2303	-3.133523	17.8420	26504
1508999076.7399170399	63951.8081	-61618.2349	-3.132805	17.8400	26534
1508999076.8447539806	63951.2973	-61618.2394	-3.131863	17.8370	26567
1508999076.9495749474	63950.7423	-61618.2449	-3.130991	17.8400	26401
1508999077.0545039177	63950.2320	-61618.2503	-3.130230	17.8390	26605
1508999077.1592020988	63949.6661	-61618.2567	-3.129253	17.8400	26598
1508999077.2641549110	63949.1542	-61618.2635	-3.128021	17.8410	25741
1508999077.3689680099	63948.5871	-61618.2719	-3.126943	17.8440	25866
1508999077.4739530087	63948.0721	-61618.2802	-3.126172	17.8470	26343
1508999077.5786199570	63947.5023	-61618.2894	-3.125525	17.8520	26648
1508999077.6834490299	63946.9923	-61618.2978	-3.125076	17.8530	26714
1508999077.7883329391	63946.4315	-61618.3069	-3.124797	17.8560	26749
1508999077.8931629658	63945.9336	-61618.3148	-3.124597	17.8570	26779
1508999077.9980349541	63945.3474	-61618.3242	-3.124540	17.8600	26786
1508999078.1029438972	63944.8309	-61618.3326	-3.124266	17.8640	26784
1508999078.2078471184	63944.2565	-61618.3424	-3.123817	17.8690	26860
1508999078.3125519753	63943.7599	-61618.3515	-3.123391	17.8750	26700
1508999078.4173800945	63943.1635	-61618.3629	-3.123052	17.8880	26778
1508999078.5222721100	63942.6588	-61618.3731	-3.122621	17.8980	26852
1508999078.6271150112	63942.0619	-61618.3854	-3.121877	17.8970	26842
1508999078.7321910858	63941.5368	-61618.3963	-3.121384	17.8970	26883
1508999078.8368039131	63940.9581	-61618.4081	-3.121154	17.8910	26817
1508999078.9416060448	63940.4341	-61618.4187	-3.120643	17.8860	26825
1508999079.0464510918	63939.8627	-61618.4307	-3.120057	17.8790	26829
1508999079.1513130665	63939.3639	-61618.4411	-3.119665	17.8810	26842
1508999079.2561810017	63938.7682	-61618.4532	-3.119274	17.8780	26738
1508999079.3609459400	63938.2642	-61618.4633	-3.118896	17.8770	26709
1508999079.4658179283	63937.6695	-61618.4753	-3.118625	17.8810	26465
1508999079.5706050396	63937.1548	-61618.4857	-3.118252	17.8820	25724
1508999079.6755340099	63936.6201	-61618.4967	-3.117650	17.8900	26307
1508999079.7803039551	63936.0329	-61618.5099	-3.116682	17.8970	26596
1508999079.8852000237	63935.4491	-61618.5240	-3.115626	17.9080	26926
1508999079.9900569916	63934.9395	-61618.5372	-3.114497	17.9100	26952
1508999080.0948019028	63934.3954	-61618.5524	-3.113136	17.9190	26946
1508999080.1996660233	63933.8079	-61618.5697	-3.111767	17.9190	26989
1508999080.3045780659	63933.2866	-61618.5861	-3.110340	17.9200	26976
1508999080.4093658924	63932.6986	-61618.6056	-3.108653	17.9160	26967
1508999080.5142550468	63932.1697	-61618.6240	-3.106694	17.9190	26953
1508999080.6190190315	63931.5912	-61618.6448	-3.104764	17.9180	26757
1508999080.7238860130	63931.0680	-61618.6640	-3.103037	17.9240	26936
1508999080.8287611008	63930.4759	-61618.6865	-3.101321	17.9260	26869
1508999080.9336380959	63929.9381	-61618.7077	-3.099483	17.9340	26840
1508999081.0384469032	63929.3549	-61618.7322	-3.097534	17.9320	26789
1508999081.1433100700	63928.8225	-61618.7557	-3.095516	17.9340	26748
1508999081.2481060028	63928.2333	-61618.7831	-3.093255	17.9390	26699
1508999081.3529770374	63927.6937	-61618.8093	-3.091033	17.9410	26701
1508999081.4578239918	63927.1113	-61618.8387	-3.088989	17.9530	26600
1508999081.5627028942	63926.6048	-61618.8652	-3.087048	17.9570	26593
1508999081.6674840450	63926.0022	-61618.8980	-3.084893	17.9570	26318
1508999081.7723870277	63925.4817	-61618.9276	-3.082519	17.9620	25538
1508999081.8771340847	63924.8681	-61618.9641	-3.080109	17.9690	25827
1508999081.9820270538	63924.3294	-61618.9975	-3.077784	17.9750	26110
1508999082.0868899822	63923.7383	-61619.0358	-3.075452	17.9840	26232
1508999082.1917960644	63923.2264	-61619.0704	-3.072839	17.9870	26340
1508999082.2965850830	63922.6140	-61619.1131	-3.070318	17.9880	26406
1508999082.4014010429	63922.0945	-61619.1502	-3.068218	17.9840	26354
1508999082.5061440468	63921.4872	-61619.1942	-3.066463	17.9920	26366
1508999082.6110470295	63920.9711	-61619.2320	-3.065225	17.9920	26416
1508999082.7159240246	63920.4183	-61619.2726	-3.064515	17.9920	26434
1508999082.8207581043	63919.8223	-61619.3170	-3.063856	17.9850	26311
1508999082.9255840778	63919.2821	-61619.3574	-3.063012	17.9850	26477
1508999083.0303831100	63918.6916	-61619.4024	-3.062083	17.9920	26520
1508999083.1352810860	63918.1504	-61619.4442	-3.061328	17.9940	26575
1508999083.2401049137	63917.5484	-61619.4915	-3.060461	17.9940	26575
1508999083.3449831009	63917.0163	-61619.5338	-3.059381	18.0010	26544
1508999083.4498009682	63916.4116	-61619.5830	-3.058412	18.0050	26439
1508999083.5546820164	63915.8178	-61619.6326	-3.057373	18.0130	26479
1508999083.6593658924	63915.2930	-61619.6778	-3.056013	18.0200	26514
1508999083.7643010616	63914.7203	-61619.7282	-3.054565	18.0230	26582
1508999083.8690900803	63914.1103	-61619.7828	-3.053254	18.0200	26432
1508999083.9740190506	63913.5679	-61619.8324	-3.051814	18.0230	25590
1508999084.0787420273	63912.9557	-61619.8892	-3.050218	18.0230	25929
1508999084.1839399338	63912.3615	-61619.9455	-3.048617	18.0150	26275
1508999084.2884891033	63911.8368	-61619.9956	-3.047206	18.0150	26518
1508999084.3933510780	63911.2677	-61620.0500	-3.045654	18.0180	26556
1508999084.4981780052	63910.6519	-61620.1094	-3.044045	18.0220	26586
1508999084.6031329632	63910.1252	-61620.1611	-3.042448	18.0290	26586
1508999084.7079548836	63909.5029	-61620.2226	-3.040723	18.0340	26627
1508999084.8127241135	63908.9541	-61620.2769	-3.039113	18.0550	26651
1508999084.9175651073	63908.3555	-61620.3369	-3.037494	18.0530	26558
1508999085.0224730968	63907.8412	-61620.3886	-3.036030	18.0130	26534
1508999085.1272850037	63907.2731	-61620.4452	-3.034907	18.0160	26576
1508999085.2321629524	63906.6810	-61620.5045	-3.034117	18.0210	26618
1508999085.3369400501	63906.0843	-61620.5643	-3.033662	18.0470	26572
1508999085.4417560101	63905.5503	-61620.6182	-3.033423	18.0510	26454
1508999085.5466001034	63904.9545	-61620.6794	-3.033054	18.0600	26445
1508999085.6515460014	63904.4428	-61620.7326	-3.032507	18.0740	26553
1508999085.7563340664	63903.8339	-61620.7974	-3.031929	18.0810	26580
1508999085.8611249924	63903.3175	-61620.8534	-3.031227	18.0850	26679
1508999085.9660739899	63902.7175	-61620.9195	-3.030274	18.0840	26808
1508999086.0708220005	63902.2106	-61620.9764	-3.029061	18.0930	26630
1508999086.1756610870	63901.6681	-61621.0385	-3.027843	18.0920	25893
1508999086.2804849148	63901.0864	-61621.1062	-3.026484	18.0960	26281
1508999086.3853619099	63900.5128	-61621.1741	-3.024824	18.0910	26360
1508999086.4901649952	63900.0236	-61621.2332	-3.023249	18.0880	26491
1508999086.5950660706	63899.4888	-61621.2982	-3.021858	18.0860	26558
1508999086.6998751163	63898.9241	-61621.3672	-3.020546	18.0880	26617
1508999086.8047890663	63898.4187	-61621.4300	-3.019086	18.0860	26638
1508999086.9095849991	63897.8556	-61621.5005	-3.017355	18.0840	26624
1508999087.0145370960	63897.3028	-61621.5706	-3.015383	18.0830	26524
1508999087.1192851067	63896.8218	-61621.6327	-3.013501	18.0830	26458
1508999087.2240669727	63896.2594	-61621.7062	-3.011635	18.0810	26583
1508999087.3289320469	63895.8261	-61621.7636	-3.009893	18.0920	26555
1508999087.4337670803	63895.2622	-61621.8391	-3.007923	18.1000	26566
1508999087.5385088921	63894.7112	-61621.9140	-3.006141	18.1040	26515
1508999087.6434469223	63894.2242	-61621.9813	-3.004525	18.1100	26528
1508999087.7483570576	63893.6844	-61622.0567	-3.002774	18.1060	26552
1508999087.8531289101	63893.1946	-61622.1261	-3.000885	18.1010	26538
1508999087.9579379559	63892.7376	-61622.1918	-2.999155	18.1050	26542
1508999088.0628139973	63892.2111	-61622.2684	-2.997206	18.1050	26509
1508999088.1676220894	63891.6649	-61622.3489	-2.995328	18.1020	26278
1508999088.2724950314	63891.1821	-61622.4208	-2.993354	18.1120	25535
1508999088.3773379326	63890.6515	-61622.5007	-2.991679	18.1180	25767
1508999088.4821720123	63890.1986	-61622.5691	-2.990282	18.1180	26082
1508999088.5870659351	63889.6644	-61622.6499	-2.988536	18.1230	26229
1508999088.6918740273	63889.2088	-61622.7192	-2.986831	18.1240	26486
1508999088.7967669964	63888.6778	-61622.8007	-2.985372	18.1230	26479
1508999088.9015820026	63888.2123	-61622.8728	-2.983937	18.1190	26426
1508999089.0063900948	63887.7061	-61622.9525	-2.982134	18.1200	26450
1508999089.1111989021	63887.2706	-61623.0221	-2.980114	18.1190	26426
1508999089.2160880566	63886.7482	-61623.1067	-2.978553	18.1230	26289
1508999089.3209269047	63886.3274	-61623.1753	-2.977506	18.1270	26345
1508999089.4257509708	63885.8189	-61623.2586	-2.976527	18.1240	26447
1508999089.5306398869	63885.3976	-61623.3279	-2.975280	18.1310	26333
1508999089.6355750561	63884.9529	-61623.4019	-2.973916	18.1510	26347
1508999089.7401859760	63884.4720	-61623.4833	-2.972545	18.1530	26340
1508999089.8451490402	63884.0468	-61623.5565	-2.971127	18.1580	26362
1508999089.9499409199	63883.5828	-61623.6374	-2.969277	18.1510	26413
1508999090.0548210144	63883.1667	-61623.7111	-2.967392	18.1500	26386
1508999090.1596078873	63882.7123	-61623.7921	-2.965952	18.1520	26442
1508999090.2644898891	63882.2908	-61623.8679	-2.964579	18.1520	26587
1508999090.3693859577	63881.8378	-61623.9499	-2.962992	18.1490	25635
1508999090.4742019176	63881.4123	-61624.0278	-2.961489	18.1490	25864
1508999090.5789151192	63880.9607	-61624.1111	-2.960042	18.1440	26048
1508999090.6839070320	63880.5785	-61624.1824	-2.958182	18.1420	26531
1508999090.7886741161	63880.1389	-61624.2649	-2.955780	18.1540	26559
1508999090.8934888840	63879.7532	-61624.3378	-2.953577	18.1470	26469
1508999090.9983999729	63879.2909	-61624.4255	-2.952164	18.1440	26635
1508999091.1032938957	63878.9038	-61624.4991	-2.950794	18.1290	26596
1508999091.2080719471	63878.4712	-61624.5824	-2.948129	18.1560	26623
1508999091.3128590584	63878.0697	-61624.6614	-2.945055	18.1660	26384
1508999091.4177730083	63877.6344	-61624.7486	-2.942801	18.1680	26552
1508999091.5225811005	63877.2575	-61624.8249	-2.940392	18.1580	26626
1508999091.6274080276	63876.8154	-61624.9154	-2.937773	18.1490	26529
1508999091.7323670387	63876.4406	-61624.9926	-2.935760	18.1390	26552
1508999091.8370850086	63876.0279	-61625.0780	-2.934414	18.1410	26458
1508999091.9419360161	63875.6650	-61625.1534	-2.933155	18.1510	26522
1508999092.0467650890	63875.2376	-61625.2428	-2.931753	18.1580	26571
1508999092.1516640186	63874.8770	-61625.3190	-2.930120	18.1590	26432
1508999092.2564790249	63874.4533	-61625.4096	-2.928414	18.1600	26399
1508999092.3614630699	63874.0942	-61625.4871	-2.926813	18.1630	26381
1508999092.4662740231	63873.6787	-61625.5774	-2.925317	18.1650	25717
1508999092.5709810257	63873.3231	-61625.6552	-2.923841	18.1750	25187
1508999092.6758439541	63872.9101	-61625.7462	-2.922272	18.1740	25513
1508999092.7806539536	63872.5602	-61625.8241	-2.920563	18.1830	25789
1508999092.8855960369	63872.1440	-61625.9177	-2.918514	18.1880	25763
1508999092.9903650284	63871.8041	-61625.9952	-2.916258	18.1870	25446
1508999093.0952210426	63871.3941	-61626.0899	-2.913837	18.1830	25558
1508999093.2000529766	63871.0562	-61626.1690	-2.911378	18.1870	25544
1508999093.3048870564	63870.7013	-61626.2526	-2.908925	18.1870	25468
1508999093.4097559452	63870.3147	-61626.3445	-2.906611	18.1840	25425
1508999093.5145061016	63869.9834	-61626.4239	-2.904626	18.1890	25212
1508999093.6194279194	63869.5863	-61626.5199	-2.902371	18.1940	25294
1508999093.7242109776	63869.2400	-61626.6045	-2.899626	18.1950	25192
1508999093.8290529251	63868.8623	-61626.6981	-2.896731	18.1950	25102
1508999093.9339330196	63868.5217	-61626.7836	-2.893920	18.1940	25005
1508999094.0387558937	63868.1546	-61626.8769	-2.891000	18.1960	24601
1508999094.1436200142	63867.8207	-61626.9627	-2.888141	18.1950	24903
1508999094.2483799458	63867.4396	-61627.0617	-2.885311	18.1980	24630
1508999094.3532969952	63867.0967	-61627.1516	-2.882355	18.1990	24498
1508999094.4581089020	63866.7270	-61627.2496	-2.879312	18.2010	24156
1508999094.5630159378	63866.3929	-61627.3392	-2.876348	18.2030	24219
1508999094.6677939892	63866.0294	-61627.4377	-2.873655	18.2060	23618
1508999094.7726900578	63865.7134	-61627.5242	-2.871037	18.2070	23723
1508999094.8774828911	63865.3364	-61627.6284	-2.868381	18.2120	24137
1508999094.9823980331	63865.0182	-61627.7171	-2.865858	18.2070	24279
1508999095.0871748924	63864.6366	-61627.8246	-2.863312	18.2080	24129
1508999095.1921730042	63864.3187	-61627.9151	-2.860636	18.2040	24548
1508999095.2969219685	63863.9498	-61628.0210	-2.858148	18.1980	24561
1508999095.4017379284	63863.6357	-61628.1119	-2.855865	18.1960	24558
1508999095.5065450668	63863.2655	-61628.2199	-2.853537	18.1930	24533
1508999095.6114189625	63862.9511	-61628.3123	-2.851299	18.1910	24500
1508999095.7163050175	63862.6242	-61628.4093	-2.849344	18.1880	24467
1508999095.8211269379	63862.2503	-61628.5212	-2.847179	18.1850	24547
1508999095.9259328842	63861.8884	-61628.6307	-2.844839	18.1820	24549
1508999096.0309040546	63861.5737	-61628.7269	-2.842629	18.1820	24591
1508999096.1356489658	63861.2029	-61628.8410	-2.840398	18.1780	24572
1508999096.2404370308	63860.8883	-61628.9384	-2.838268	18.1740	24419
1508999096.3453540802	63860.5465	-61629.0447	-2.836305	18.1670	24370
1508999096.4501729012	63860.1848	-61629.1579	-2.834518	18.1540	24400
1508999096.5549681187	63859.8588	-61629.2606	-2.832784	18.1440	24048
1508999096.6598129272	63859.4992	-61629.3748	-2.830734	18.1310	23858
1508999096.7646260262	63859.1792	-61629.4772	-2.828558	18.1230	23617
1508999096.8695669174	63858.8242	-61629.5918	-2.826390	18.1180	23652
1508999096.9743680954	63858.5023	-61629.6963	-2.824182	18.1120	24071
1508999097.0791389942	63858.1433	-61629.8138	-2.822164	18.1070	24212
1508999097.1840798855	63857.8172	-61629.9209	-2.820437	18.1040	24358
1508999097.2888820171	63857.4549	-61630.0407	-2.818744	18.0950	24529
1508999097.3936700821	63857.1330	-61630.1476	-2.816882	18.0870	24516
1508999097.4984989166	63856.7739	-61630.2680	-2.814871	18.0770	24523
1508999097.6034600735	63856.4446	-61630.3790	-2.812760	18.0720	24565
1508999097.7082390785	63856.0760	-61630.5042	-2.810847	18.0770	24412
1508999097.8130900860	63855.7386	-61630.6193	-2.809171	18.0720	24463
1508999097.9179329872	63855.3791	-61630.7427	-2.807643	18.0610	24567
1508999098.0227870941	63855.0707	-61630.8488	-2.806133	18.0550	24526
1508999098.1276071072	63854.6910	-61630.9800	-2.804830	18.0410	24556
1508999098.2324950695	63854.3728	-61631.0903	-2.803568	18.0320	24553
1508999098.3372330666	63853.9913	-61631.2230	-2.802293	18.0270	24504
1508999098.4421279430	63853.6664	-61631.3367	-2.800893	18.0240	24476
1508999098.5469520092	63853.2824	-61631.4720	-2.799479	18.0180	24425
1508999098.6518540382	63852.9532	-61631.5883	-2.798028	18.0130	24277
1508999098.7568030357	63852.5622	-61631.7273	-2.796649	18.0070	24041
1508999098.8615329266	63852.2322	-61631.8450	-2.795463	18.0040	23823
1508999098.9663619995	63851.8407	-61631.9850	-2.794367	17.9940	24099
1508999099.0711610317	63851.5143	-61632.1018	-2.793695	17.9910	24556
1508999099.1760430336	63851.1268	-61632.2407	-2.793347	17.9940	24861
1508999099.2809309959	63850.8091	-61632.3547	-2.792595	17.9920	25085
1508999099.3856890202	63850.4237	-61632.4936	-2.791266	17.9910	25196
1508999099.4905059338	63850.0728	-61632.6205	-2.790222	17.9830	25220
1508999099.5956239700	63849.6617	-61632.7698	-2.789777	17.9790	25344
1508999099.7001900673	63849.3101	-61632.8976	-2.789451	17.9790	25441
1508999099.8050630093	63848.9172	-61633.0407	-2.788820	17.9770	25339
1508999099.9098529816	63848.5739	-61633.1663	-2.787771	18.0080	25307
1508999100.0147368908	63848.1318	-61633.3287	-2.787206	17.9930	25479
1508999100.1195380688	63847.7852	-61633.4560	-2.787324	17.9630	25671
1508999100.2245249748	63847.3566	-61633.6135	-2.786920	17.9380	25767
1508999100.3291859627	63847.0017	-61633.7444	-2.785781	17.9300	25723
1508999100.4340929985	63846.6294	-61633.8828	-2.784530	17.9300	25822
1508999100.5388870239	63846.1893	-61634.0472	-2.783776	17.9380	25829
1508999100.6437819004	63845.7816	-61634.1999	-2.783477	17.9380	25895
1508999100.7486269474	63845.3487	-61634.3626	-2.782713	17.9330	25933
1508999100.8534839153	63844.9127	-61634.5271	-2.781534	17.9200	25505
1508999100.9582540989	63844.5331	-61634.6709	-2.780593	17.9050	25154
1508999101.0631809235	63844.1313	-61634.8235	-2.779731	17.9040	25270
1508999101.1679189205	63843.6578	-61635.0039	-2.778747	17.9170	25989
1508999101.2729179859	63843.2368	-61635.1648	-2.777747	17.9250	26236
1508999101.3776190281	63842.7671	-61635.3443	-2.776849	17.9250	26434
1508999101.4825479984	63842.3544	-61635.5021	-2.776084	17.9280	26502
1508999101.5873239040	63841.8616	-61635.6906	-2.775327	17.9260	26551
1508999101.6922550201	63841.4407	-61635.8517	-2.774544	17.9240	26617
1508999101.7970468998	63840.9375	-61636.0445	-2.773965	17.9250	26645
1508999101.9019639492	63840.5090	-61636.2090	-2.773663	17.9280	26693
1508999102.0067050457	63839.9902	-61636.4083	-2.773570	17.9350	26595
1508999102.1115670204	63839.5552	-61636.5754	-2.773540	17.9330	26743
1508999102.2164230347	63839.0698	-61636.7619	-2.773462	17.9270	26849
1508999102.3212749958	63838.5528	-61636.9609	-2.773224	17.9200	26851
1508999102.4260680676	63838.0438	-61637.1573	-2.772984	17.9210	26899
1508999102.5309600830	63837.5689	-61637.3406	-2.772810	17.9170	26967
1508999102.6357569695	63837.0503	-61637.5412	-2.772605	17.9110	27022
1508999102.7405979633	63836.5868	-61637.7208	-2.772314	17.9100	26956
1508999102.8455231190	63836.0303	-61637.9369	-2.771762	17.9040	26997
1508999102.9502990246	63835.5607	-61638.1196	-2.771299	17.8920	26986
1508999103.0551431179	63835.0050	-61638.3361	-2.770930	17.8820	26110
1508999103.1600279808	63834.5315	-61638.5209	-2.770401	17.8780	26190
1508999103.2648549080	63833.9687	-61638.7405	-2.769951	17.8730	27025
1508999103.3696579933	63833.4868	-61638.9285	-2.769721	17.8780	27195
1508999103.4746069908	63832.9674	-61639.1311	-2.769628	17.8720	27202
1508999103.5792291164	63832.4092	-61639.3490	-2.769344	17.8740	27196
1508999103.6841850281	63831.8545	-61639.5654	-2.768973	17.8800	27169
1508999103.7890269756	63831.3752	-61639.7528	-2.768747	17.8770	27157
1508999103.8938739300	63830.8665	-61639.9519	-2.768511	17.8790	27137
1508999103.9987180233	63830.2859	-61640.1791	-2.768172	17.8700	27119
1508999104.1035981178	63829.7695	-61640.3812	-2.767902	17.8650	27022
1508999104.2084529400	63829.2066	-61640.6015	-2.767795	17.8650	27103
1508999104.3132810593	63828.6975	-61640.8006	-2.767606	17.8580	27089
1508999104.4180440903	63828.1363	-61641.0203	-2.767283	17.8560	27041
1508999104.5229148865	63827.6500	-61641.2105	-2.767136	17.8600	27062
1508999104.6277360916	63827.0619	-61641.4406	-2.767091	17.8620	27020
1508999104.7325370312	63826.5346	-61641.6473	-2.766796	17.8600	27088
1508999104.8374190331	63825.9730	-61641.8677	-2.766433	17.8590	27052
1508999104.9422919750	63825.4720	-61642.0647	-2.766129	17.8610	27051
1508999105.0471649170	63824.8817	-61642.2972	-2.765795	17.8510	27068
1508999105.1520988941	63824.3850	-61642.4927	-2.765487	17.8470	26505
1508999105.2568399906	63823.7893	-61642.7270	-2.765343	17.8470	26180
1508999105.3616230488	63823.2911	-61642.9230	-2.765292	17.8370	27117
1508999105.4665050507	63822.6913	-61643.1590	-2.765218	17.8270	27201
1508999105.5713388920	63822.1901	-61643.3563	-2.764990	17.8240	27347
1508999105.6761031151	63821.6538	-61643.5678	-2.764797	17.8230	27376
1508999105.7810220718	63821.0753	-61643.7963	-2.764623	17.8290	27363
1508999105.8859779835	63820.4952	-61644.0255	-2.764432	17.8260	27418
1508999105.9906740189	63819.9962	-61644.2231	-2.764289	17.8260	27379
1508999106.0956199169	63819.4764	-61644.4293	-2.764176	17.8260	27396
1508999106.2003760338	63818.8790	-61644.6665	-2.763861	17.8080	27308
1508999106.3052558899	63818.3546	-61644.8751	-2.763426	17.7960	27306
1508999106.4101009369	63817.7814	-61645.1031	-2.763147	17.7850	27262
1508999106.5149199963	63817.2074	-61645.3313	-2.762995	17.7800	27232
1508999106.6197309494	63816.7177	-61645.5254	-2.762903	17.7780	27205
1508999106.7246139050	63816.1308	-61645.7578	-2.762801	17.7700	27181
1508999106.8294250965	63815.6325	-61645.9548	-2.762722	17.7740	27179
1508999106.9343249798	63815.0510	-61646.1846	-2.762804	17.7710	26957
1508999107.0391020775	63814.5138	-61646.3962	-2.763035	17.7710	27045
1508999107.1441700459	63813.9828	-61646.6051	-2.763366	17.7750	27103
1508999107.2487509251	63813.4362	-61646.8195	-2.763766	17.7790	26914
1508999107.3536510468	63812.9257	-61647.0197	-2.764092	17.7750	26175
1508999107.4584290981	63812.4301	-61647.2137	-2.764516	17.7670	26760
1508999107.5633668900	63811.8688	-61647.4338	-2.765025	17.7710	27128
1508999107.6681790352	63811.3215	-61647.6484	-2.765467	17.7750	27175
1508999107.7731099129	63810.7915	-61647.8567	-2.765634	17.7700	27320
1508999107.8778541088	63810.2455	-61648.0715	-2.765930	17.7640	27312
1508999107.9828209877	63809.7745	-61648.2567	-2.766491	17.7530	27402
1508999108.0875279903	63809.2567	-61648.4602	-2.766921	17.7430	27440
1508999108.1925339699	63808.6853	-61648.6846	-2.767054	17.7460	27426
1508999108.2972021103	63808.1477	-61648.8958	-2.767248	17.7350	27492
1508999108.4020659924	63807.5767	-61649.1201	-2.767479	17.7310	27272
1508999108.5069670677	63807.1425	-61649.2909	-2.767437	17.7300	27419
1508999108.6117660999	63806.6280	-61649.4937	-2.767246	17.7310	27402
1508999108.7166130543	63806.1370	-61649.6873	-2.767199	17.7300	27417
1508999108.8214550018	63805.5918	-61649.9020	-2.767408	17.7280	27475
1508999108.9262781143	63805.0360	-61650.1205	-2.767621	17.7120	27431
1508999109.0311369896	63804.5870	-61650.2971	-2.767643	17.7090	27451
1508999109.1359210014	63804.0198	-61650.5201	-2.767645	17.7070	27473
1508999109.2407660484	63803.5779	-61650.6938	-2.767905	17.6980	27418
1508999109.3456530571	63803.0593	-61650.8974	-2.768257	17.7040	27452
1508999109.4505639076	63802.5384	-61651.1015	-2.768393	17.7140	26975
1508999109.5553090572	63802.0616	-61651.2888	-2.768453	17.7050	26482
1508999109.6601641178	63801.5361	-61651.4953	-2.768585	17.7070	27134
1508999109.7650370598	63801.0092	-61651.7020	-2.768807	17.6970	27330
1508999109.8698658943	63800.5754	-61651.8721	-2.768919	17.6970	27378
1508999109.9747660160	63800.0441	-61652.0803	-2.769051	17.6930	27412
1508999110.0794970989	63799.5277	-61652.2824	-2.769315	17.6920	27457
1508999110.1843740940	63799.0552	-61652.4670	-2.769590	17.6750	27472
1508999110.2892010212	63798.5349	-61652.6699	-2.769756	17.6690	27447
1508999110.3940830231	63798.0691	-61652.8512	-2.769818	17.6640	27499
1508999110.4988100529	63797.5490	-61653.0532	-2.769930	17.6700	27367
1508999110.6037030220	63797.0612	-61653.2422	-2.770075	17.6730	27311
1508999110.7085630894	63796.5632	-61653.4347	-2.770345	17.6730	27426
1508999110.8134880066	63796.0781	-61653.6222	-2.770612	17.6680	27539
1508999110.9182190895	63795.5795	-61653.8148	-2.770840	17.6680	27523
1508999111.0231080055	63795.1055	-61653.9980	-2.770919	17.6760	27501
1508999111.1279230118	63794.5188	-61654.2251	-2.770854	17.6710	27510
1508999111.2328069210	63794.1949	-61654.3505	-2.770900	17.6650	27499
1508999111.3375051022	63793.6500	-61654.5617	-2.771032	17.6560	27551
1508999111.4425480366	63793.1885	-61654.7406	-2.771088	17.6530	27501
1508999111.5473909378	63792.6772	-61654.9384	-2.771215	17.6460	27479
1508999111.6521248817	63792.2307	-61655.1110	-2.771364	17.6480	26827
1508999111.7569661140	63791.7741	-61655.2872	-2.771572	17.6510	26782
1508999111.8618369102	63791.2070	-61655.5063	-2.771727	17.6410	27411
1508999111.9666979313	63790.7971	-61655.6643	-2.771788	17.6450	27414
1508999112.0714550018	63790.3414	-61655.8401	-2.771896	17.6410	27472
1508999112.1763179302	63789.8273	-61656.0384	-2.772078	17.6360	27486
1508999112.2812728882	63789.3975	-61656.2040	-2.772149	17.6330	27429
1508999112.3860690594	63788.9769	-61656.3658	-2.772259	17.6330	27463
1508999112.4909069538	63788.3790	-61656.5963	-2.772422	17.6410	27493
1508999112.5957360268	63787.9345	-61656.7672	-2.772560	17.6400	27406
1508999112.7005639076	63787.5114	-61656.9299	-2.772599	17.6400	27353
1508999112.8053989410	63787.0542	-61657.1055	-2.772746	17.6370	27330
1508999112.9102718830	63786.5492	-61657.2996	-2.772945	17.6350	27408
1508999113.0153610706	63786.0772	-61657.4805	-2.773194	17.6310	27344
1508999113.1199119091	63785.6550	-61657.6421	-2.773526	17.6290	27377
1508999113.2247929573	63785.2007	-61657.8158	-2.773894	17.6230	27378
1508999113.3296480179	63784.6962	-61658.0088	-2.774217	17.6190	27357
1508999113.4344930649	63784.2727	-61658.1705	-2.774532	17.6190	27279
1508999113.5392510891	63783.7774	-61658.3599	-2.774684	17.6180	27299
1508999113.6441640854	63783.3575	-61658.5204	-2.774794	17.6060	27349
1508999113.7489941120	63782.8681	-61658.7077	-2.774903	17.6060	27218
1508999113.8538160324	63782.4677	-61658.8608	-2.775060	17.6020	26469
1508999113.9586730003	63781.9758	-61659.0490	-2.775297	17.5980	26917
1508999114.0635349751	63781.5635	-61659.2064	-2.775628	17.5850	27367
1508999114.1683800220	63781.1133	-61659.3782	-2.775907	17.5840	27347
1508999114.2731370926	63780.6735	-61659.5457	-2.776096	17.5800	27370
1508999114.3780460358	63780.1948	-61659.7280	-2.776306	17.5810	27366
1508999114.4829030037	63779.7664	-61659.8908	-2.776551	17.5740	27399
1508999114.5878109932	63779.2871	-61660.0731	-2.776666	17.5820	27325
1508999114.6925759315	63778.8925	-61660.2229	-2.776626	17.5770	27287
1508999114.7973380089	63778.3927	-61660.4126	-2.776635	17.5760	27286
1508999114.9022250175	63778.0059	-61660.5590	-2.776843	17.5790	27192
1508999115.0070590973	63777.5292	-61660.7393	-2.777146	17.5810	27214
1508999115.1119430065	63777.1104	-61660.8971	-2.777313	17.5740	27273
1508999115.2168068886	63776.6480	-61661.0715	-2.777356	17.5740	27279
1508999115.3216190338	63776.2487	-61661.2219	-2.777539	17.5770	27216
1508999115.4265239239	63775.7608	-61661.4060	-2.777920	17.5790	27095
1508999115.5313301086	63775.3757	-61661.5512	-2.778085	17.5710	27279
1508999115.6360828876	63774.8906	-61661.7349	-2.778023	17.5730	27251
1508999115.7409579754	63774.5111	-61661.8788	-2.778039	17.5690	27112
1508999115.8458340168	63774.0941	-61662.0373	-2.778173	17.5600	27173
1508999115.9508290291	63773.6479	-61662.2069	-2.778292	17.5580	26981
1508999116.0556550026	63773.1780	-61662.3856	-2.778508	17.5470	26309
1508999116.1603529453	63772.8166	-61662.5232	-2.778912	17.5430	27050
1508999116.2651770115	63772.3629	-61662.6965	-2.778952	17.5400	27235
1508999116.3700149059	63771.9795	-61662.8437	-2.778254	17.5420	27394
1508999116.4748690128	63771.5464	-61663.0107	-2.776866	17.5490	27364
1508999116.5797309875	63771.0429	-61663.2043	-2.776078	17.5480	27373
1508999116.6845130920	63770.6588	-61663.3528	-2.776218	17.5430	27372
1508999116.7893691063	63770.1930	-61663.5316	-2.776370	17.5260	27458
1508999116.8942229748	63769.8539	-61663.6626	-2.775764	17.5240	27369
1508999116.9991090298	63769.4646	-61663.8133	-2.775129	17.5220	27243
1508999117.1040749550	63769.0836	-61663.9608	-2.774577	17.5270	27200
1508999117.2088129520	63768.6550	-61664.1266	-2.773862	17.5390	27294
1508999117.3136510849	63768.2208	-61664.2944	-2.773251	17.5460	27290
1508999117.4183750153	63767.8727	-61664.4287	-2.772980	17.5500	27282
1508999117.5232760906	63767.4508	-61664.5912	-2.772876	17.5610	27325
1508999117.6282260418	63767.0370	-61664.7502	-2.772821	17.5600	27269
1508999117.7329790592	63766.6397	-61664.9029	-2.772699	17.5560	27208
1508999117.8377790451	63766.2418	-61665.0558	-2.772606	17.5620	27236
1508999117.9428369999	63765.8625	-61665.2016	-2.772549	17.5640	27193
1508999118.0474560261	63765.4498	-61665.3604	-2.772317	17.5650	27162
1508999118.1523609161	63765.0776	-61665.5038	-2.772002	17.5680	27012
1508999118.2571070194	63764.6031	-61665.6864	-2.771922	17.5710	26522
1508999118.3619990349	63764.2949	-61665.8049	-2.771875	17.5650	27208
1508999118.4668290615	63763.8744	-61665.9666	-2.771832	17.5640	27340
1508999118.5716829300	63763.5581	-61666.0882	-2.771717	17.5640	27537
1508999118.6765449047	63763.1114	-61666.2602	-2.771432	17.5580	27456
1508999118.7814350128	63762.7566	-61666.3966	-2.771164	17.5550	27515
1508999118.8862979412	63762.3571	-61666.5505	-2.770998	17.5510	27420
1508999118.9910459518	63761.9918	-61666.6911	-2.770776	17.5490	27495
1508999119.0959069729	63761.5780	-61666.8508	-2.770421	17.5470	27421
1508999119.2007570267	63761.2470	-61666.9785	-2.769922	17.5420	27412
1508999119.3055570126	63760.8201	-61667.1440	-2.769137	17.5360	27280
1508999119.4104380608	63760.4952	-61667.2701	-2.768235	17.5370	27422
1508999119.5152390003	63760.0839	-61667.4306	-2.767352	17.5290	27313
1508999119.6200909615	63759.7416	-61667.5648	-2.766230	17.5260	27337
1508999119.7250270844	63759.3052	-61667.7367	-2.764606	17.5280	27326
1508999119.8298039436	63759.0165	-61667.8513	-2.762456	17.5210	27365
1508999119.9345879555	63758.5587	-61668.0340	-2.760344	17.5270	27344
1508999120.0394530296	63758.1906	-61668.1820	-2.758428	17.5290	27371
1508999120.1443879604	63757.8764	-61668.3089	-2.756606	17.5330	27320
1508999120.2491528988	63757.4871	-61668.4675	-2.754196	17.5370	27144
1508999120.3540179729	63757.0986	-61668.6271	-2.751255	17.5320	26665
1508999120.4588420391	63756.7272	-61668.7812	-2.747778	17.5250	26414
1508999120.5637409687	63756.4110	-61668.9137	-2.744212	17.5220	27005
1508999120.6685070992	63756.0181	-61669.0795	-2.740663	17.5160	27062
1508999120.7733430862	63755.6406	-61669.2400	-2.737215	17.5160	26957
1508999120.8782060146	63755.3315	-61669.3726	-2.733575	17.5140	26939
1508999120.9830510616	63754.9550	-61669.5353	-2.729411	17.5120	26842
1508999121.0878860950	63754.5769	-61669.7007	-2.724625	17.5190	26867
1508999121.1927540302	63754.1610	-61669.8851	-2.719397	17.5220	26756
1508999121.2974760532	63753.8121	-61670.0425	-2.713688	17.5230	26912
1508999121.4024360180	63753.4589	-61670.2042	-2.707354	17.5090	26824
1508999121.5071799755	63753.1068	-61670.3683	-2.699862	17.5110	26723
1508999121.6121790409	63752.7126	-61670.5553	-2.693072	17.5060	26758
1508999121.7169089317	63752.3797	-61670.7162	-2.686533	17.5090	26740
1508999121.8218340874	63752.0480	-61670.8792	-2.679650	17.5160	26588
1508999121.9266340733	63751.6908	-61671.0579	-2.671600	17.5180	26490
1508999122.0314691067	63751.3346	-61671.2401	-2.662813	17.5160	26540
1508999122.1362829208	63751.0420	-61671.3931	-2.653686	17.5100	26534
1508999122.2411270142	63750.6702	-61671.5918	-2.644065	17.5090	26466
1508999122.3459899426	63750.3361	-61671.7744	-2.633909	17.5040	26477
1508999122.4508240223	63750.0634	-61671.9272	-2.623918	17.5020	26341
1508999122.5556550026	63749.7210	-61672.1233	-2.612499	17.5070	25774
1508999122.6604959965	63749.3792	-61672.3244	-2.599871	17.5090	25394
1508999122.7653150558	63749.0117	-61672.5471	-2.585817	17.5140	26047
1508999122.8701601028	63748.6768	-61672.7570	-2.570841	17.5030	26222
1508999122.9749751091	63748.4126	-61672.9279	-2.557852	17.5010	26275
1508999123.0798850060	63748.0762	-61673.1516	-2.542015	17.5030	26195
1508999123.1846480370	63747.7389	-61673.3837	-2.525126	17.5080	26096
1508999123.3944299221	63747.3845	-61673.6371	-2.505701	17.5060	26003
1508999123.4993259907	63747.1209	-61673.8331	-2.490092	17.5050	26126
1508999123.6040780544	63746.8446	-61674.0452	-2.472615	17.5020	26007
1508999123.7089190483	63746.5472	-61674.2820	-2.453784	17.5010	26016
1508999123.8138570786	63746.2439	-61674.5331	-2.433560	17.5000	25983
1508999123.9185290337	63746.0304	-61674.7176	-2.415874	17.4970	25983
1508999124.0234539509	63745.7547	-61674.9641	-2.395008	17.5000	26045
1508999124.1282870770	63745.4607	-61675.2379	-2.373989	17.5020	25995
1508999124.2331330776	63745.2417	-61675.4509	-2.354169	17.5060	25938
1508999124.3379731178	63745.0420	-61675.6517	-2.337489	17.5040	25854
1508999124.5476400852	63744.8168	-61675.8871	-2.318574	17.5010	26009
1508999124.6524589062	63744.5929	-61676.1309	-2.297200	17.5060	25850
1508999124.7573440075	63744.4044	-61676.3458	-2.278001	17.5070	25528
1508999124.8621759415	63744.2406	-61676.5403	-2.259073	17.5120	25026
1508999124.9669830799	63744.0368	-61676.7916	-2.238583	17.5180	25654
1508999125.0720789433	63743.8192	-61677.0728	-2.216594	17.5140	26000
1508999125.1766569614	63743.6861	-61677.2539	-2.197295	17.5140	26079
1508999125.3863110542	63743.5144	-61677.4961	-2.177765	17.5160	25986
1508999125.4913060665	63743.3622	-61677.7212	-2.156050	17.5150	25674
1508999125.5960628986	63743.1847	-61677.9953	-2.133824	17.5120	25881
1508999125.7008779049	63743.0676	-61678.1871	-2.113934	17.5110	25990
1508999125.8057370186	63742.9374	-61678.4084	-2.093765	17.5130	26093
1508999125.9106659889	63742.7881	-61678.6756	-2.070564	17.5140	25924
1508999126.0154449940	63742.6528	-61678.9321	-2.047186	17.5170	25896
1508999126.2251200676	63742.5458	-61679.1468	-2.026421	17.5160	26007
1508999126.3299529552	63742.4478	-61679.3534	-2.006775	17.5190	26102
1508999126.4347379208	63742.3400	-61679.5930	-1.984684	17.5220	25865
1508999126.5395650864	63742.2097	-61679.8994	-1.960334	17.5250	25860
1508999126.6445250511	63742.1229	-61680.1202	-1.937681	17.5250	25788
1508999126.7493100166	63742.1229	-61680.1202	-1.937681	17.5250	25745
