1513395602.8910038471	63886.5094	-62189.3880	0.000000	18.0250	24389
1513395602.9976580143	63886.6904	-62189.2713	-0.001829	18.0270	25113
1513395603.1021661758	63886.5436	-62188.8002	1.164187	18.0360	24998
1513395603.2072281837	63886.3892	-62188.5721	1.552636	18.0390	25192
1513395603.3116180897	63886.2795	-62188.3434	1.711578	18.0420	25280
1513395603.4159336090	63886.1931	-62188.1397	1.780293	18.0450	25236
1513395603.5219509602	63886.1159	-62187.9106	1.808121	18.0450	25101
1513395603.6262848377	63886.0505	-62187.7074	1.821486	18.0470	25309
1513395603.7333257198	63885.9821	-62187.4762	1.827619	18.0520	25304
1513395603.8376483917	63885.9218	-62187.2693	1.830890	18.0500	25290
1513395603.9424638748	63885.8570	-62187.0404	1.832325	18.0560	25329
1513395604.0462274551	63885.7986	-62186.8306	1.832584	18.0600	25482
1513395604.1528275013	63885.7352	-62186.5997	1.832269	18.0600	25471
1513395604.2562904358	63885.6811	-62186.4007	1.831488	18.0650	25417
1513395604.3643939495	63885.6159	-62186.1579	1.830519	18.0680	25409
1513395604.4654519558	63885.5625	-62185.9569	1.829577	18.0720	25489
1513395604.5670280457	63885.5049	-62185.7387	1.828409	18.0750	25338
1513395604.6762788296	63885.4412	-62185.4950	1.826928	18.0740	24913
1513395604.7796597481	63885.3881	-62185.2902	1.825622	18.0770	24699
1513395604.8861894608	63885.3340	-62185.0798	1.824294	18.0840	24816
1513395604.9922599792	63885.2645	-62184.8082	1.822861	18.0810	24527
1513395605.0943961143	63885.2183	-62184.6259	1.821388	18.0870	25309
1513395605.1987640858	63885.1663	-62184.4194	1.819932	18.0830	25237
1513395605.3069994450	63885.1056	-62184.1781	1.818582	18.0860	25315
1513395605.4098999500	63885.0532	-62183.9676	1.817338	18.0910	25314
1513395605.5152227879	63884.9957	-62183.7355	1.815862	18.0890	25207
1513395605.6225168705	63884.9430	-62183.5209	1.814318	18.0880	25310
1513395605.7241327763	63884.8855	-62183.2858	1.812892	18.0890	25327
1513395605.8290326595	63884.8340	-62183.0729	1.811596	18.0870	25299
1513395605.9368114471	63884.7771	-62182.8368	1.810384	18.0880	25289
1513395606.0406045914	63884.7256	-62182.6221	1.809226	18.0890	25141
1513395606.1447355747	63884.6692	-62182.3858	1.808030	18.0890	25309
1513395606.2490532398	63884.6185	-62182.1719	1.806831	18.0840	25287
1513395606.3505446911	63884.5682	-62181.9583	1.805756	18.0900	25269
1513395606.4598405361	63884.5104	-62181.7118	1.804731	18.0950	25213
1513395606.5648477077	63884.4561	-62181.4794	1.803717	18.1000	25267
1513395606.6696317196	63884.4064	-62181.2658	1.802581	18.1030	25193
1513395606.7765328884	63884.3524	-62181.0330	1.801560	18.1090	24954
1513395606.8773324490	63884.3062	-62180.8327	1.800651	18.1110	24501
1513395606.9840834141	63884.2517	-62180.5959	1.799557	18.1170	24664
1513395607.0899598598	63884.2034	-62180.3842	1.798423	18.1190	24625
1513395607.1928148270	63884.1503	-62180.1514	1.797404	18.1220	25158
1513395607.2991697788	63884.1016	-62179.9367	1.796379	18.1180	25079
1513395607.4061203003	63884.0484	-62179.7005	1.795413	18.1150	25491
1513395607.5054700375	63884.0031	-62179.4988	1.794494	18.1220	25452
1513395607.6122298241	63883.9542	-62179.2800	1.793385	18.1320	25460
1513395607.7193515301	63883.8993	-62179.0333	1.792244	18.1330	25575
1513395607.8266575336	63883.8477	-62178.8007	1.791284	18.1360	25542
1513395607.9294095039	63883.8000	-62178.5847	1.790520	18.1400	25487
1513395608.0330619812	63883.7482	-62178.3491	1.789725	18.1380	25665
1513395608.1365833282	63883.7032	-62178.1436	1.788884	18.1390	25563
1513395608.2430298328	63883.6501	-62177.8997	1.787968	18.1430	25772
1513395608.3490107059	63883.6031	-62177.6825	1.787176	18.1450	25801
1513395608.4549152851	63883.5524	-62177.4481	1.786348	18.1530	25851
1513395608.5597538948	63883.5070	-62177.2365	1.785320	18.1480	25847
1513395608.6623542309	63883.4617	-62177.0247	1.784313	18.1540	25856
1513395608.7684729099	63883.4112	-62176.7886	1.783382	18.1630	25897
1513395608.8715612888	63883.3665	-62176.5785	1.782588	18.1650	25954
1513395608.9777870178	63883.3159	-62176.3405	1.781732	18.1710	25701
1513395609.0813210011	63883.2706	-62176.1255	1.780533	18.1860	25284
1513395609.1887960434	63883.2217	-62175.8919	1.779081	18.1930	25483
1513395609.2899088860	63883.1789	-62175.6867	1.777820	18.1990	25761
1513395609.3982312679	63883.1283	-62175.4428	1.776548	18.2040	25877
1513395609.5047569275	63883.0844	-62175.2285	1.775202	18.2080	26139
1513395609.6071960926	63883.0351	-62174.9863	1.773710	18.2090	26177
1513395609.7119376659	63882.9921	-62174.7723	1.772266	18.2180	26230
1513395609.8165402412	63882.9448	-62174.5356	1.771045	18.2160	26286
1513395609.9210090637	63882.9019	-62174.3191	1.770020	18.2240	26345
1513395610.0267281532	63882.8549	-62174.0815	1.769103	18.2260	26323
1513395610.1319930553	63882.8133	-62173.8702	1.768149	18.2320	26481
1513395610.2368402481	63882.7671	-62173.6349	1.767121	18.2240	26318
1513395610.3442320824	63882.7256	-62173.4217	1.766114	18.2200	26488
1513395610.4419395924	63882.6837	-62173.2062	1.765199	18.2180	26535
1513395610.5510857105	63882.6355	-62172.9570	1.764066	18.2220	26527
1513395610.6592943668	63882.5917	-62172.7286	1.762997	18.2260	26517
1513395610.7585027218	63882.5526	-62172.5242	1.761988	18.2320	26539
1513395610.8669018745	63882.5053	-62172.2768	1.760854	18.2300	26600
1513395610.9715518951	63882.4660	-62172.0700	1.760033	18.2230	26387
1513395611.0750501156	63882.4235	-62171.8461	1.759274	18.2340	26421
1513395611.1814038754	63882.3779	-62171.6054	1.758350	18.2380	25991
1513395611.2863318920	63882.3330	-62171.3677	1.757418	18.2390	25811
1513395611.3899223804	63882.2941	-62171.1608	1.756603	18.2470	26185
1513395611.4950790405	63882.2471	-62170.9099	1.755751	18.2460	26431
1513395611.5996015072	63882.2079	-62170.6999	1.754895	18.2560	26565
1513395611.7039029598	63882.1655	-62170.4727	1.754138	18.2640	26577
1513395611.8091030121	63882.1207	-62170.2316	1.753549	18.2760	26582
1513395611.9158160686	63882.0762	-62169.9924	1.753104	18.2770	26705
1513395612.0197880268	63882.0377	-62169.7849	1.752696	18.2790	26706
1513395612.1242921352	63881.9958	-62169.5588	1.752308	18.2840	26675
1513395612.2314803600	63881.9514	-62169.3182	1.751801	18.2980	26778
1513395612.3335824013	63881.9111	-62169.0994	1.751212	18.2900	26706
1513395612.4429869652	63881.8659	-62168.8520	1.750612	18.2910	26878
1513395612.5461022854	63881.8275	-62168.6416	1.750126	18.2920	26907
1513395612.6493661404	63881.7835	-62168.4004	1.749575	18.2970	26875
1513395612.7547271252	63881.7404	-62168.1634	1.748974	18.2990	26888
1513395612.8613533974	63881.7020	-62167.9514	1.748327	18.3030	26944
1513395612.9625897408	63881.6615	-62167.7268	1.747608	18.3090	26921
1513395613.0722875595	63881.6183	-62167.4847	1.746725	18.3200	26830
1513395613.1782126427	63881.5795	-62167.2661	1.745848	18.3390	26845
1513395613.2803466320	63881.5368	-62167.0235	1.744966	18.3360	26773
1513395613.3824470043	63881.5005	-62166.8156	1.743927	18.3310	26184
1513395613.4892771244	63881.4571	-62166.5653	1.742712	18.3300	26640
1513395613.5929782391	63881.4186	-62166.3411	1.741737	18.3200	26808
1513395613.6990954876	63881.3770	-62166.0966	1.741004	18.3220	26901
1513395613.8035564423	63881.3395	-62165.8746	1.740165	18.3030	26932
1513395613.9093310833	63881.2986	-62165.6298	1.739191	18.3050	26905
1513395614.0140948296	63881.2623	-62165.4098	1.738149	18.3040	26988
1513395614.1154079437	63881.2257	-62165.1860	1.737173	18.3030	27107
1513395614.2230648994	63881.1845	-62164.9326	1.736215	18.3120	27057
1513395614.3313705921	63881.1460	-62164.6937	1.735185	18.3040	27139
1513395614.4322800636	63881.1126	-62164.4841	1.734152	18.3070	27188
1513395614.5377795696	63881.0723	-62164.2296	1.733068	18.3080	27089
1513395614.6447660923	63881.0388	-62164.0155	1.731913	18.3070	27277
1513395614.7470030785	63880.9993	-62163.7611	1.730756	18.3070	27307
1513395614.8564646244	63880.9643	-62163.5318	1.729689	18.3130	27265
1513395614.9573488235	63880.9269	-62163.2858	1.728625	18.3070	27289
1513395615.0626282692	63880.8945	-62163.0698	1.727514	18.3090	27274
1513395615.1676883698	63880.8593	-62162.8330	1.726291	18.3070	27295
1513395615.2716608047	63880.8220	-62162.5835	1.725212	18.3040	27314
1513395615.3796451092	63880.7849	-62162.3337	1.724336	18.3010	27090
1513395615.4809799194	63880.7529	-62162.1182	1.723732	18.3010	27235
1513395615.5821464062	63880.7197	-62161.8946	1.723015	18.2980	26604
1513395615.6934232712	63880.6813	-62161.6356	1.722118	18.2890	27009
1513395615.7956161499	63880.6480	-62161.4091	1.721403	18.2940	27142
1513395615.8996870518	63880.6109	-62161.1571	1.720818	18.2970	27119
1513395616.0078253746	63880.5743	-62160.9087	1.720204	18.3020	27178
1513395616.1108696461	63880.5423	-62160.6902	1.719568	18.3030	27141
1513395616.2158644199	63880.5089	-62160.4606	1.718921	18.3090	27256
1513395616.3225977421	63880.4719	-62160.2074	1.718205	18.3120	27264
1513395616.4247250557	63880.4385	-62159.9773	1.717454	18.3100	27220
1513395616.5300900936	63880.4017	-62159.7236	1.717039	18.3130	27274
1513395616.6387636662	63880.3684	-62159.4940	1.716751	18.3180	27361
1513395616.7409985065	63880.3321	-62159.2443	1.716163	18.3270	27332
1513395616.8471407890	63880.2958	-62158.9934	1.715534	18.3270	27484
1513395616.9529397488	63880.2640	-62158.7729	1.715094	18.3350	27471
1513395617.0538280010	63880.2302	-62158.5377	1.714669	18.3360	27430
1513395617.1602005959	63880.1939	-62158.2852	1.714109	18.3450	27525
1513395617.2668449879	63880.1613	-62158.0594	1.713552	18.3460	27568
1513395617.3698933125	63880.1258	-62157.8128	1.713161	18.3530	27521
1513395617.4758141041	63880.0934	-62157.5886	1.712900	18.3570	27532
1513395617.5783262253	63880.0571	-62157.3377	1.712658	18.3620	27501
1513395617.6840362549	63880.0257	-62157.1221	1.712333	18.3680	27381
1513395617.7900893688	63879.9882	-62156.8637	1.711887	18.3670	26757
1513395617.8946425915	63879.9564	-62156.6450	1.711324	18.3710	27184
1513395617.9997470379	63879.9198	-62156.3911	1.710519	18.3760	27241
1513395618.1072878838	63879.8884	-62156.1718	1.709558	18.3800	27244
1513395618.2081153393	63879.8513	-62155.9107	1.708582	18.3860	27261
1513395618.3134713173	63879.8205	-62155.6913	1.707575	18.3890	27373
1513395618.4222974777	63879.7846	-62155.4337	1.706651	18.3930	27349
1513395618.5241501331	63879.7529	-62155.2041	1.705729	18.3980	27278
1513395618.6293382645	63879.7185	-62154.9516	1.704651	18.4070	27281
1513395618.7361869812	63879.6890	-62154.7313	1.703455	18.4180	27358
1513395618.8373062611	63879.6574	-62154.4931	1.702243	18.4220	27289
1513395618.9436430931	63879.6245	-62154.2411	1.701143	18.4180	27293
1513395619.0504627228	63879.5926	-62153.9931	1.700163	18.4070	27348
1513395619.1503684521	63879.5655	-62153.7783	1.699168	18.4020	27337
1513395619.2577884197	63879.5363	-62153.5439	1.698133	18.4040	27344
1513395619.3631682396	63879.5054	-62153.2932	1.696994	18.4060	27354
1513395619.4667139053	63879.4779	-62153.0654	1.695689	18.4100	27363
1513395619.5752882957	63879.4480	-62152.8172	1.694548	18.4170	27330
1513395619.6797523499	63879.4184	-62152.5683	1.693487	18.4060	27325
1513395619.7806899548	63879.3929	-62152.3511	1.692254	18.4060	27355
1513395619.8892757893	63879.3658	-62152.1172	1.690725	18.4000	27116
1513395619.9905490875	63879.3373	-62151.8666	1.689396	18.4030	26438
1513395620.0971345901	63879.3123	-62151.6410	1.688180	18.4120	26823
1513395620.2053167820	63879.2847	-62151.3916	1.686936	18.4190	26903
1513395620.3076963425	63879.2603	-62151.1669	1.685662	18.4190	27005
1513395620.4126589298	63879.2337	-62150.9210	1.684359	18.4180	27128
1513395620.5190477371	63879.2103	-62150.6995	1.682969	18.4260	27145
1513395620.6203596592	63879.1838	-62150.4484	1.681482	18.4260	27066
1513395620.7264008522	63879.1604	-62150.2215	1.679937	18.4310	26855
1513395620.8340568542	63879.1348	-62149.9719	1.678444	18.4360	27049
1513395620.9327886105	63879.1129	-62149.7556	1.677013	18.4460	27012
1513395621.0421550274	63879.0876	-62149.5027	1.675409	18.4460	26942
1513395621.1478838921	63879.0661	-62149.2856	1.673861	18.4460	26953
1513395621.2515270710	63879.0408	-62149.0281	1.672242	18.4450	26904
1513395621.3576297760	63879.0189	-62148.8029	1.670830	18.4470	26868
1513395621.4649815559	63878.9951	-62148.5578	1.669320	18.4380	26915
1513395621.5656802654	63878.9747	-62148.3437	1.667663	18.4440	26902
1513395621.6735692024	63878.9506	-62148.0890	1.666020	18.4470	26906
1513395621.7714700699	63878.9307	-62147.8748	1.664408	18.4490	26823
1513395621.8816127777	63878.9074	-62147.6198	1.662487	18.4490	26817
1513395621.9875535965	63878.8882	-62147.4048	1.660725	18.4560	26760
1513395622.0904715061	63878.8659	-62147.1527	1.659080	18.4640	26169
1513395622.1959948540	63878.8473	-62146.9402	1.657810	18.4690	26188
1513395622.3011314869	63878.8277	-62146.7133	1.656903	18.4640	26342
1513395622.4019887447	63878.8068	-62146.4690	1.655820	18.4640	26687
1513395622.5128657818	63878.7860	-62146.2218	1.654313	18.4580	26825
1513395622.6176245213	63878.7687	-62146.0128	1.652967	18.4630	26774
1513395622.7171769142	63878.7508	-62145.7937	1.651880	18.4660	26487
1513395622.8241791725	63878.7293	-62145.5286	1.650854	18.4640	26615
1513395622.9318773746	63878.7126	-62145.3191	1.649747	18.4690	26781
1513395623.0329258442	63878.6938	-62145.0796	1.648469	18.4720	26802
1513395623.1395995617	63878.6768	-62144.8601	1.647297	18.4760	26789
1513395623.2469396591	63878.6586	-62144.6182	1.646075	18.4830	26789
1513395623.3492376804	63878.6428	-62144.4012	1.644682	18.4910	26886
1513395623.4548256397	63878.6255	-62144.1605	1.643249	18.5030	26757
1513395623.5613868237	63878.6105	-62143.9471	1.641771	18.5030	26804
1513395623.6624660492	63878.5942	-62143.7087	1.640346	18.5060	26783
1513395623.7700769901	63878.5798	-62143.4944	1.638856	18.5130	26840
1513395623.8761179447	63878.5645	-62143.2616	1.637338	18.5180	26897
1513395623.9790728092	63878.5507	-62143.0479	1.635823	18.5160	26826
1513395624.0850455761	63878.5360	-62142.8130	1.634351	18.5180	26927
1513395624.1879088879	63878.5237	-62142.6119	1.633085	18.5160	26832
1513395624.2933330536	63878.5091	-62142.3711	1.631896	18.5180	25992
1513395624.4018023014	63878.4970	-62142.1667	1.630508	18.5120	26349
1513395624.5013914108	63878.4852	-62141.9642	1.629062	18.5180	26749
1513395624.6077659130	63878.4696	-62141.6904	1.627627	18.5230	26748
1513395624.7148725986	63878.4575	-62141.4717	1.626249	18.5270	26710
1513395624.8166809082	63878.4468	-62141.2726	1.624825	18.5260	26401
1513395624.9226272106	63878.4342	-62141.0304	1.623267	18.5350	26704
1513395625.0313129425	63878.4241	-62140.8273	1.621678	18.5380	26834
1513395625.1322922707	63878.4124	-62140.5868	1.620211	18.5390	26822
1513395625.2358551025	63878.4029	-62140.3843	1.618906	18.5400	26810
1513395625.3433132172	63878.3930	-62140.1663	1.617504	18.5440	26813
1513395625.4483582973	63878.3828	-62139.9335	1.615884	18.5510	26798
1513395625.5539205074	63878.3729	-62139.6989	1.614151	18.5530	26862
1513395625.6596417427	63878.3648	-62139.4960	1.612491	18.5630	26817
1513395625.7591242790	63878.3568	-62139.2867	1.611022	18.5630	26805
1513395625.8690333366	63878.3481	-62139.0520	1.609586	18.5720	26804
1513395625.9715430737	63878.3403	-62138.8368	1.607994	18.5720	26784
1513395626.0769529343	63878.3321	-62138.5985	1.606206	18.5760	26856
1513395626.1850507259	63878.3243	-62138.3592	1.604531	18.5770	26799
1513395626.2868916988	63878.3178	-62138.1495	1.602891	18.5850	26793
1513395626.3906352520	63878.3114	-62137.9270	1.600918	18.5860	26571
1513395626.4964168072	63878.3048	-62137.6797	1.598780	18.5850	25928
1513395626.6008775234	63878.2994	-62137.4573	1.596841	18.5880	26399
1513395626.7055864334	63878.2938	-62137.2105	1.595080	18.5900	26472
1513395626.8142747879	63878.2891	-62136.9847	1.593159	18.5950	26718
1513395626.9174854755	63878.2844	-62136.7338	1.591005	18.6000	26375
1513395627.0213820934	63878.2808	-62136.5081	1.588878	18.6030	26444
1513395627.1257939339	63878.2771	-62136.2573	1.586967	18.6040	26591
1513395627.2304871082	63878.2742	-62136.0246	1.585093	18.6140	26608
1513395627.3371436596	63878.2713	-62135.7684	1.583362	18.6220	26595
1513395627.4416947365	63878.2692	-62135.5471	1.581821	18.6320	26611
1513395627.5458059311	63878.2669	-62135.2826	1.580364	18.6390	26578
1513395627.6507499218	63878.2653	-62135.0573	1.578996	18.6460	26608
1513395627.7548122406	63878.2636	-62134.7882	1.577527	18.6500	26612
1513395627.8607475758	63878.2624	-62134.5552	1.576069	18.6570	26554
1513395627.9680507183	63878.2612	-62134.2906	1.574767	18.6580	26530
1513395628.0708107948	63878.2603	-62134.0588	1.573621	18.6600	26453
1513395628.1745038033	63878.2595	-62133.7863	1.572451	18.6560	26408
1513395628.2823090553	63878.2591	-62133.5522	1.571143	18.6630	26526
1513395628.3868093491	63878.2590	-62133.2759	1.569665	18.6630	26530
1513395628.4898586273	63878.2593	-62133.0407	1.568289	18.6660	26424
1513395628.5973718166	63878.2602	-62132.7646	1.566924	18.6700	25743
1513395628.6932187080	63878.2615	-62132.5287	1.565501	18.6720	25747
1513395628.8031241894	63878.2634	-62132.2777	1.563859	18.6740	26041
1513395628.9107973576	63878.2661	-62132.0079	1.562407	18.6710	26242
1513395629.0146281719	63878.2694	-62131.7370	1.561081	18.6680	26362
1513395629.1201252937	63878.2729	-62131.5036	1.559716	18.6680	26315
1513395629.2223708630	63878.2771	-62131.2557	1.558207	18.6640	26449
1513395629.3290238380	63878.2826	-62130.9710	1.556475	18.6610	26325
1513395629.4350771904	63878.2883	-62130.7242	1.554921	18.6710	26480
1513395629.5390799046	63878.2949	-62130.4547	1.553369	18.6760	26471
1513395629.6429865360	63878.3020	-62130.1860	1.551729	18.6800	26477
1513395629.7490899563	63878.3088	-62129.9495	1.550121	18.6890	26391
1513395629.8535635471	63878.3167	-62129.6942	1.548413	18.6980	26559
1513395629.9571604729	63878.3254	-62129.4237	1.546804	18.7100	26532
1513395630.0652768612	63878.3339	-62129.1837	1.545150	18.7080	26457
1513395630.1666576862	63878.3436	-62128.9158	1.543368	18.7110	26395
1513395630.2722439766	63878.3530	-62128.6720	1.541645	18.7040	26449
1513395630.3821094036	63878.3635	-62128.4067	1.539951	18.7050	26437
1513395630.4816517830	63878.3736	-62128.1671	1.538022	18.7050	26435
1513395630.5865440369	63878.3848	-62127.9013	1.536261	18.7120	26488
1513395630.6932229996	63878.3944	-62127.6764	1.534972	18.7200	26322
1513395630.7970299721	63878.4058	-62127.4046	1.533771	18.7260	25550
1513395630.9024078846	63878.4153	-62127.1724	1.532593	18.7370	25714
1513395631.0084586143	63878.4264	-62126.8978	1.531533	18.7400	25826
1513395631.1108388901	63878.4360	-62126.6619	1.530597	18.7560	26129
1513395631.2174398899	63878.4473	-62126.3860	1.529656	18.7630	26163
1513395631.3244755268	63878.4568	-62126.1546	1.528747	18.7820	25833
1513395631.4268794060	63878.4684	-62125.8794	1.527736	18.7910	25711
1513395631.5340797901	63878.4784	-62125.6506	1.526555	18.8050	25977
1513395631.6368465424	63878.4906	-62125.3813	1.525307	18.8060	26025
1513395631.7385511398	63878.5011	-62125.1557	1.524239	18.8050	25975
1513395631.8477439880	63878.5126	-62124.9176	1.523253	18.8000	26013
1513395631.9494392872	63878.5251	-62124.6613	1.522056	18.8030	25969
1513395632.0561282635	63878.5376	-62124.4110	1.520710	18.8060	26016
1513395632.1647408009	63878.5486	-62124.1941	1.519647	18.8070	26006
1513395632.2656712532	63878.5618	-62123.9372	1.518865	18.8140	25983
1513395632.3715252876	63878.5729	-62123.7204	1.517917	18.8130	25947
1513395632.4753587246	63878.5845	-62123.4992	1.516829	18.8140	25890
1513395632.5811188221	63878.5979	-62123.2456	1.515818	18.8110	25780
1513395632.6860666275	63878.6113	-62123.0007	1.514907	18.8130	25725
1513395632.7911639214	63878.6230	-62122.7927	1.513909	18.8100	25754
1513395632.8946528435	63878.6362	-62122.5652	1.512822	18.8100	25495
1513395633.0018730164	63878.6505	-62122.3252	1.511700	18.8070	24757
1513395633.1015601158	63878.6630	-62122.1210	1.510642	18.8020	24989
1513395633.2085411549	63878.6782	-62121.8777	1.509534	18.8080	25320
1513395633.3174943924	63878.6918	-62121.6654	1.508351	18.8130	25518
1513395633.4208202362	63878.7070	-62121.4318	1.507302	18.8130	24820
1513395633.5253062248	63878.7206	-62121.2261	1.506523	18.8130	25035
1513395633.6297848225	63878.7355	-62121.0022	1.505752	18.8130	25425
1513395633.7342376709	63878.7489	-62120.8033	1.504785	18.8130	25400
1513395633.8387887478	63878.7647	-62120.5698	1.503815	18.8200	25481
1513395633.9470849037	63878.7778	-62120.3767	1.503055	18.8310	25469
1513395634.0495924950	63878.7936	-62120.1449	1.502403	18.8300	25415
1513395634.1549139023	63878.8077	-62119.9410	1.501678	18.8350	25373
1513395634.2587685585	63878.8232	-62119.7189	1.500813	18.8380	25409
1513395634.3644990921	63878.8372	-62119.5213	1.499835	18.8400	25325
1513395634.4712407589	63878.8527	-62119.3035	1.499030	18.8400	25329
1513395634.5761158466	63878.8663	-62119.1157	1.498411	18.8450	25340
1513395634.6795692444	63878.8824	-62118.8921	1.497765	18.8500	25156
1513395634.7861077785	63878.8960	-62118.7068	1.496989	18.8440	25174
1513395634.8919701576	63878.9124	-62118.4840	1.496209	18.8440	25180
1513395634.9921584129	63878.9257	-62118.3069	1.495522	18.8450	25144
1513395635.1004214287	63878.9425	-62118.0866	1.494842	18.8430	24717
1513395635.2077298164	63878.9566	-62117.9033	1.494206	18.8420	24199
1513395635.3064906597	63878.9731	-62117.6907	1.493504	18.8450	24319
1513395635.4128296375	63878.9875	-62117.5091	1.492733	18.8420	24733
1513395635.5189867020	63879.0045	-62117.2958	1.491945	18.8470	24173
1513395635.6219696999	63879.0191	-62117.1160	1.491332	18.8530	23885
1513395635.7286829948	63879.0363	-62116.9063	1.490808	18.8570	24440
1513395635.8324444294	63879.0513	-62116.7251	1.490176	18.8540	24566
1513395635.9382746220	63879.0686	-62116.5177	1.489284	18.8570	24554
1513395636.0434868336	63879.0834	-62116.3436	1.488504	18.8540	24523
1513395636.1476562023	63879.1009	-62116.1371	1.487983	18.8530	24419
1513395636.2540259361	63879.1157	-62115.9645	1.487571	18.8560	24368
1513395636.3601126671	63879.1318	-62115.7776	1.487039	18.8580	24297
1513395636.4604585171	63879.1490	-62115.5792	1.486414	18.8630	24225
1513395636.5675728321	63879.1642	-62115.4048	1.485923	18.8580	23822
1513395636.6742160320	63879.1822	-62115.2001	1.485550	18.8600	23430
1513395636.7784037590	63879.1982	-62115.0203	1.485153	18.8600	23944
1513395636.8836419582	63879.2159	-62114.8222	1.484727	18.8560	23979
1513395636.9872734547	63879.2317	-62114.6455	1.484375	18.8570	23996
1513395637.0880405903	63879.2491	-62114.4528	1.484088	18.8540	23897
1513395637.1982271671	63879.2656	-62114.2711	1.483811	18.8460	23842
1513395637.3011491299	63879.2837	-62114.0722	1.483439	18.8480	23155
1513395637.4051973820	63879.2994	-62113.9008	1.483196	18.8550	22769
1513395637.5122048855	63879.3179	-62113.7000	1.483120	18.8640	23106
1513395637.6162528992	63879.3342	-62113.5233	1.482955	18.8680	23182
1513395637.7218220234	63879.3525	-62113.3250	1.482746	18.8670	22582
1513395637.8272750378	63879.3684	-62113.1523	1.482582	18.8650	22714
1513395637.9291718006	63879.3868	-62112.9519	1.482552	18.8660	23221
1513395638.0391857624	63879.4026	-62112.7798	1.482761	18.8660	23321
1513395638.1422376633	63879.4210	-62112.5782	1.482900	18.8690	23402
1513395638.2454130650	63879.4363	-62112.4101	1.482960	18.8710	23334
1513395638.3520004749	63879.4543	-62112.2100	1.483242	18.8670	23365
1513395638.4572768211	63879.4696	-62112.0407	1.483752	18.8750	23318
1513395638.5591061115	63879.4873	-62111.8410	1.484104	18.8740	23235
1513395638.6648535728	63879.5021	-62111.6749	1.484378	18.8750	23245
1513395638.7709729671	63879.5197	-62111.4746	1.484726	18.8750	22750
1513395638.8712699413	63879.5345	-62111.3061	1.485037	18.8700	22278
1513395638.9807350636	63879.5503	-62111.1258	1.485254	18.8650	22124
1513395639.0842459202	63879.5676	-62110.9289	1.485505	18.8640	22758
1513395639.1901948452	63879.5838	-62110.7438	1.485986	18.8630	22880
1513395639.2950890064	63879.5984	-62110.5756	1.486674	18.8660	22916
1513395639.3995327950	63879.6140	-62110.3935	1.487331	18.8690	22718
1513395639.5033931732	63879.6306	-62110.1981	1.487869	18.8690	21978
1513395639.6100142002	63879.6448	-62110.0301	1.488537	18.8700	21736
1513395639.7124447823	63879.6615	-62109.8296	1.489216	18.8680	22184
1513395639.8197154999	63879.6763	-62109.6515	1.489756	18.8730	22009
1513395639.9232070446	63879.6922	-62109.4575	1.490160	18.8720	21627
1513395640.0267212391	63879.7060	-62109.2876	1.490469	18.8730	22113
1513395640.1348471642	63879.7221	-62109.0879	1.490848	18.8760	22262
1513395640.2387802601	63879.7357	-62108.9165	1.491323	18.8680	22180
1513395640.3430323601	63879.7516	-62108.7148	1.491740	18.8680	22173
1513395640.4510631561	63879.7655	-62108.5374	1.492114	18.8620	22154
1513395640.5542976856	63879.7808	-62108.3412	1.492665	18.8640	22116
1513395640.6577486992	63879.7937	-62108.1742	1.493140	18.8620	22073
1513395640.7627043724	63879.8090	-62107.9765	1.493454	18.8600	22029
1513395640.8694710732	63879.8220	-62107.8076	1.493914	18.8570	21975
1513395640.9714407921	63879.8374	-62107.6070	1.494461	18.8560	21456
1513395641.0792033672	63879.8502	-62107.4386	1.494888	18.8590	21077
1513395641.1832675934	63879.8652	-62107.2395	1.495315	18.8570	21104
1513395641.2862513065	63879.8780	-62107.0699	1.495785	18.8620	21309
1513395641.3943786621	63879.8929	-62106.8705	1.496191	18.8640	21349
1513395641.4957425594	63879.9056	-62106.7000	1.496587	18.8630	21291
1513395641.6029458046	63879.9204	-62106.4995	1.497055	18.8620	21221
1513395641.7070643902	63879.9329	-62106.3293	1.497632	18.8640	20637
1513395641.8096785545	63879.9476	-62106.1281	1.498181	18.8640	20688
1513395641.9174251556	63879.9601	-62105.9555	1.498641	18.8620	21019
1513395642.0219998360	63879.9734	-62105.7711	1.499099	18.8660	20448
1513395642.1250126362	63879.9875	-62105.5756	1.499421	18.8670	20704
1513395642.2315671444	63880.0005	-62105.3955	1.499697	18.8620	21342
1513395642.3383238316	63880.0140	-62105.2086	1.500030	18.8610	21257
1513395642.4393274784	63880.0277	-62105.0179	1.500428	18.8600	21342
1513395642.5477015972	63880.0418	-62104.8193	1.500868	18.8650	21387
1513395642.6520502567	63880.0559	-62104.6221	1.501308	18.8690	21326
1513395642.7544720173	63880.0680	-62104.4506	1.501713	18.8640	21242
1513395642.8625254631	63880.0811	-62104.2642	1.502170	18.8630	21172
1513395642.9673540592	63880.0950	-62104.0645	1.502768	18.8610	21189
1513395643.0700333118	63880.1070	-62103.8914	1.503150	18.8590	21109
1513395643.1749396324	63880.1212	-62103.6871	1.503394	18.8590	20653
1513395643.2818088531	63880.1339	-62103.5047	1.503832	18.8620	20205
1513395643.3829462528	63880.1478	-62103.3043	1.504459	18.8590	20393
1513395643.4923095703	63880.1603	-62103.1227	1.505074	18.8590	20643
1513395643.5949356556	63880.1740	-62102.9225	1.505531	18.8550	20737
1513395643.6989400387	63880.1859	-62102.7496	1.506085	18.8540	20648
1513395643.8072080612	63880.1999	-62102.5430	1.506818	18.8550	20403
1513395643.9093446732	63880.2117	-62102.3676	1.507645	18.8550	20183
1513395644.0140373707	63880.2254	-62102.1622	1.508297	18.8520	20548
1513395644.1213164330	63880.2369	-62101.9886	1.508859	18.8540	20192
1513395644.2219707966	63880.2503	-62101.7831	1.509515	18.8510	20158
1513395644.3285088539	63880.2616	-62101.6099	1.510362	18.8510	20959
1513395644.4356522560	63880.2747	-62101.4035	1.511321	18.8510	20788
1513395644.5363285542	63880.2858	-62101.2250	1.512314	18.8490	20943
1513395644.6442959309	63880.2986	-62101.0127	1.513349	18.8470	21078
1513395644.7495667934	63880.3090	-62100.8376	1.514505	18.8450	21070
1513395644.8514044285	63880.3211	-62100.6281	1.515632	18.8430	21051
1513395644.9582087994	63880.3312	-62100.4516	1.516524	18.8460	21045
1513395645.0669655800	63880.3428	-62100.2432	1.517213	18.8450	21047
1513395645.1661345959	63880.3526	-62100.0645	1.517873	18.8450	21031
1513395645.2742183208	63880.3639	-62099.8545	1.518573	18.8450	20818
1513395645.3783235550	63880.3733	-62099.6776	1.519218	18.8440	20236
1513395645.4813754559	63880.3842	-62099.4712	1.519646	18.8440	19996
1513395645.5893795490	63880.3934	-62099.2947	1.519880	18.8450	20190
1513395645.6938796043	63880.4032	-62099.1052	1.520148	18.8440	20474
1513395645.7955839634	63880.4136	-62098.9037	1.520466	18.8410	20433
1513395645.9035294056	63880.4241	-62098.6994	1.520590	18.8420	20400
1513395646.0082976818	63880.4332	-62098.5223	1.520370	18.8410	19998
1513395646.1117155552	63880.4427	-62098.3393	1.520131	18.8450	20143
1513395646.2192108631	63880.4535	-62098.1290	1.520125	18.8450	20279
1513395646.3224446774	63880.4630	-62097.9436	1.520009	18.8420	19914
1513395646.4264779091	63880.4733	-62097.7408	1.519569	18.8480	20784
1513395646.5333108902	63880.4830	-62097.5529	1.518908	18.8450	20656
1513395646.6342780590	63880.4939	-62097.3429	1.518360	18.8460	20793
1513395646.7411906719	63880.5032	-62097.1660	1.517649	18.8450	21124
1513395646.8466949463	63880.5148	-62096.9515	1.516413	18.8440	21210
1513395646.9490768909	63880.5250	-62096.7677	1.515056	18.8420	21265
1513395647.0583281517	63880.5377	-62096.5473	1.513718	18.8390	21321
1513395647.1615436077	63880.5486	-62096.3605	1.512128	18.8360	21374
1513395647.2638170719	63880.5618	-62096.1379	1.510242	18.8300	21298
1513395647.3712267876	63880.5734	-62095.9460	1.508280	18.8270	21270
1513395647.4763247967	63880.5876	-62095.7183	1.506069	18.8240	21088
1513395647.5807201862	63880.6002	-62095.5252	1.502974	18.8140	20511
1513395647.6840691566	63880.6157	-62095.2978	1.498749	18.8130	20900
1513395647.7905492783	63880.6301	-62095.1010	1.493848	18.8150	20547
1513395647.8939661980	63880.6482	-62094.8668	1.489365	18.8110	20584
1513395648.0013906956	63880.6640	-62094.6724	1.485358	18.8070	20529
1513395648.1040022373	63880.6835	-62094.4416	1.480924	18.7970	20223
1513395648.2070043087	63880.7012	-62094.2439	1.475558	18.7880	19946
1513395648.3165805340	63880.7235	-62094.0092	1.469397	18.7820	20069
1513395648.4180316925	63880.7438	-62093.8095	1.463451	18.7690	19959
1513395648.5248432159	63880.7693	-62093.5733	1.457100	18.7600	20545
1513395648.6309554577	63880.7926	-62093.3707	1.450274	18.7560	20180
1513395648.7330193520	63880.8221	-62093.1293	1.443204	18.7470	20530
1513395648.8401002884	63880.8488	-62092.9239	1.435932	18.7390	20817
1513395648.9438416958	63880.8823	-62092.6805	1.428815	18.7250	20873
1513395649.0465996265	63880.9126	-62092.4718	1.421470	18.7140	20946
1513395649.1542780399	63880.9473	-62092.2455	1.413245	18.7080	20976
1513395649.2592270374	63880.9868	-62092.0030	1.404391	18.6970	20996
1513395649.3620636463	63881.0232	-62091.7940	1.395174	18.6910	20934
1513395649.4705572128	63881.0675	-62091.5532	1.385554	18.6860	20789
1513395649.5744893551	63881.1127	-62091.3210	1.375718	18.6830	20811
1513395649.6790916920	63881.1638	-62091.0723	1.365487	18.6820	20469
1513395649.7830936909	63881.2106	-62090.8579	1.354856	18.6720	20074
1513395649.8888249397	63881.2693	-62090.6018	1.343479	18.6650	20282
1513395649.9923877716	63881.3241	-62090.3760	1.332252	18.6570	20586
1513395650.0986797810	63881.3867	-62090.1294	1.321053	18.6530	20636
1513395650.2032580376	63881.4434	-62089.9174	1.309095	18.6430	20385
1513395650.3066227436	63881.5171	-62089.6526	1.296231	18.6340	20279
1513395650.4124362469	63881.5775	-62089.4481	1.283731	18.6310	20333
1513395650.5199069977	63881.6542	-62089.1982	1.270948	18.6300	20655
1513395650.6220560074	63881.7234	-62088.9830	1.258202	18.6280	20462
1513395650.7269937992	63881.8083	-62088.7295	1.245051	18.6260	20504
1513395650.8302304745	63881.8832	-62088.5171	1.231153	18.6250	21010
1513395650.9400668144	63881.9744	-62088.2693	1.216264	18.6140	21272
1513395651.0442104340	63882.0555	-62088.0599	1.201175	18.6080	21298
1513395651.1450622082	63882.1555	-62087.8112	1.186060	18.5980	21308
1513395651.2522561550	63882.2439	-62087.6012	1.171524	18.5930	21236
1513395651.3550887108	63882.3381	-62087.3849	1.157402	18.5990	21350
1513395651.4593751431	63882.4492	-62087.1384	1.142147	18.6040	21316
1513395651.5677618980	63882.5609	-62086.9006	1.127283	18.6050	21287
1513395651.6736822128	63882.6604	-62086.6966	1.112757	18.6030	21233
1513395651.7749960423	63882.7810	-62086.4572	1.097869	18.5980	21024
1513395651.8815002441	63882.8865	-62086.2559	1.083278	18.5910	20788
1513395651.9870874882	63883.0042	-62086.0385	1.068265	18.5910	20784
1513395652.0894541740	63883.1339	-62085.8075	1.052839	18.5860	20995
1513395652.1951351166	63883.2546	-62085.6007	1.037341	18.5820	20924
1513395652.3042190075	63883.3894	-62085.3775	1.020975	18.5790	20631
1513395652.4039669037	63883.5283	-62085.1556	1.005127	18.5760	20591
1513395652.5109591484	63883.6518	-62084.9648	0.989540	18.5740	20771
1513395652.6138195992	63883.7896	-62084.7582	0.974155	18.5680	21031
1513395652.7207632065	63883.9402	-62084.5395	0.958447	18.5620	20541
1513395652.8296279907	63884.0789	-62084.3445	0.942573	18.5620	21348
1513395652.9310171604	63884.2336	-62084.1342	0.926977	18.5680	21868
1513395653.0369384289	63884.3939	-62083.9233	0.911460	18.5690	21880
1513395653.1396932602	63884.5324	-62083.7471	0.896265	18.5700	21980
1513395653.2452197075	63884.6822	-62083.5621	0.880708	18.5660	22092
1513395653.3521442413	63884.8570	-62083.3528	0.865014	18.5610	22053
1513395653.4568786621	63885.0122	-62083.1730	0.849625	18.5550	22094
1513395653.5576815605	63885.1855	-62082.9785	0.834323	18.5500	22157
1513395653.6662106514	63885.3352	-62082.8159	0.819915	18.5440	22208
1513395653.7685079575	63885.5202	-62082.6199	0.807218	18.5450	22333
1513395653.8727726936	63885.6809	-62082.4541	0.795293	18.5400	22297
1513395653.9804768562	63885.8698	-62082.2637	0.782683	18.5370	22082
1513395654.0868911743	63886.0301	-62082.1068	0.769189	18.5300	22418
1513395654.1904876232	63886.2270	-62081.9189	0.755536	18.5270	22594
1513395654.2929141521	63886.3949	-62081.7633	0.743377	18.5260	22274
1513395654.3995239735	63886.5999	-62081.5778	0.730614	18.5250	21860
1513395654.5021893978	63886.7758	-62081.4230	0.717661	18.5240	21847
1513395654.6079885960	63886.9818	-62081.2466	0.704284	18.5190	22066
1513395654.7130398750	63887.1612	-62081.0976	0.690930	18.5240	21762
1513395654.8188405037	63887.3705	-62080.9282	0.677771	18.5240	22004
1513395654.9243807793	63887.5480	-62080.7885	0.665150	18.5300	22766
1513395655.0279276371	63887.7580	-62080.6270	0.652181	18.5330	22835
1513395655.1340978146	63887.9402	-62080.4907	0.640082	18.5260	22878
1513395655.2378451824	63888.1547	-62080.3337	0.630643	18.5170	22923
1513395655.3377225399	63888.3471	-62080.1960	0.622214	18.5110	22987
1513395655.4477715492	63888.5763	-62080.0355	0.609974	18.5050	22917
1513395655.5563313961	63888.7753	-62079.9004	0.596747	18.4940	23008
1513395655.6560444832	63889.0058	-62079.7475	0.585856	18.4860	23051
1513395655.7627768517	63889.1993	-62079.6221	0.576996	18.4870	23032
1513395655.8716568947	63889.4277	-62079.4765	0.567554	18.4870	23249
1513395655.9755334854	63889.6198	-62079.3570	0.556859	18.4860	23097
1513395656.0780611038	63889.8505	-62079.2166	0.546201	18.4790	23058
1513395656.1830594540	63890.0505	-62079.0978	0.537847	18.4860	23058
1513395656.2857742310	63890.2930	-62078.9560	0.529897	18.4930	23341
1513395656.3931169510	63890.5043	-62078.8351	0.519471	18.4850	23537
1513395656.4988870621	63890.7235	-62078.7129	0.508249	18.4760	23546
1513395656.6002485752	63890.9507	-62078.5894	0.500142	18.4630	22943
1513395656.7062625885	63891.1431	-62078.4869	0.492462	18.4510	22951
1513395656.8111412525	63891.3804	-62078.3626	0.483462	18.4420	22914
1513395656.9173839092	63891.6007	-62078.2497	0.474547	18.4350	23508
1513395657.0229310989	63891.8412	-62078.1286	0.467690	18.4400	23929
1513395657.1266527176	63892.0605	-62078.0200	0.461985	18.4380	23982
1513395657.2326338291	63892.3055	-62077.9002	0.455628	18.4280	24052
1513395657.3376898766	63892.5122	-62077.8009	0.448696	18.4220	24142
1513395657.4421184063	63892.7684	-62077.6796	0.442417	18.4300	23970
1513395657.5473043919	63892.9845	-62077.5789	0.436985	18.4320	24073
1513395657.6480989456	63893.2177	-62077.4717	0.431556	18.4310	24160
1513395657.7532920837	63893.4686	-62077.3578	0.425494	18.4260	24203
1513395657.8597671986	63893.7155	-62077.2474	0.419730	18.4270	24059
1513395657.9648587704	63893.9345	-62077.1508	0.414567	18.4250	24175
1513395658.0704278946	63894.1913	-62077.0389	0.409540	18.4160	24124
1513395658.1754953861	63894.4096	-62076.9451	0.404754	18.4170	24088
1513395658.2806260586	63894.6742	-62076.8327	0.400150	18.4100	23970
1513395658.3868238926	63894.8980	-62076.7389	0.395649	18.4060	24220
1513395658.4916603565	63895.1530	-62076.6331	0.391382	18.3990	24322
1513395658.5980324745	63895.3826	-62076.5390	0.387333	18.3910	24289
1513395658.7017281055	63895.6450	-62076.4327	0.383789	18.3870	24216
1513395658.8077411652	63895.8715	-62076.3417	0.380663	18.3910	23895
1513395658.9140694141	63896.1387	-62076.2354	0.377650	18.3840	23577
1513395659.0142791271	63896.3591	-62076.1487	0.374574	18.3720	23732
1513395659.1189875603	63896.6269	-62076.0442	0.371434	18.3640	24346
1513395659.2274303436	63896.8532	-62075.9568	0.368594	18.3660	24400
1513395659.3288996220	63897.1254	-62075.8526	0.365996	18.3620	24508
1513395659.4344711304	63897.3574	-62075.7646	0.363356	18.3570	24509
1513395659.5391218662	63897.6041	-62075.6720	0.360859	18.3530	24380
1513395659.6452963352	63897.8700	-62075.5730	0.358640	18.3480	24398
1513395659.7504961491	63898.1094	-62075.4848	0.356687	18.3390	24570
1513395659.8545322418	63898.3762	-62075.3870	0.354788	18.3320	24461
1513395659.9603195190	63898.6156	-62075.2999	0.352798	18.3360	24495
1513395660.0647656918	63898.8817	-62075.2036	0.350980	18.3300	24485
1513395660.1722712517	63899.1491	-62075.1071	0.349595	18.3300	24428
1513395660.2740073204	63899.3782	-62075.0250	0.348223	18.3270	24230
1513395660.3793323040	63899.6324	-62074.9344	0.346471	18.3300	24116
1513395660.4854848385	63899.9002	-62074.8393	0.344875	18.3190	24267
1513395660.5882341862	63900.1323	-62074.7575	0.343657	18.3200	24498
1513395660.6969540119	63900.4146	-62074.6582	0.342456	18.3130	24217
1513395660.7982618809	63900.6580	-62074.5731	0.341270	18.3100	24271
1513395660.9031009674	63900.9459	-62074.4726	0.340139	18.3190	24241
1513395661.0099596977	63901.1807	-62074.3912	0.339449	18.3140	24055
1513395661.1101589203	63901.4819	-62074.2864	0.338936	18.2990	23379
1513395661.2215387821	63901.7325	-62074.1993	0.338236	18.2970	24134
1513395661.3220331669	63902.0286	-62074.0966	0.337539	18.2900	24360
1513395661.4284863472	63902.2783	-62074.0102	0.337291	18.2890	24412
1513395661.5334284306	63902.5743	-62073.9075	0.337189	18.2840	24520
1513395661.6384613514	63902.8196	-62073.8225	0.336921	18.2820	24275
1513395661.7420449257	63903.1199	-62073.7185	0.336803	18.2750	24367
1513395661.8470761776	63903.3739	-62073.6307	0.336933	18.2670	24567
1513395661.9511280060	63903.6746	-62073.5266	0.336834	18.2620	24483
1513395662.0571846962	63903.9370	-62073.4360	0.336517	18.2590	24518
1513395662.1590917110	63904.2284	-62073.3355	0.336352	18.2470	24454
1513395662.2672967911	63904.4924	-62073.2444	0.336627	18.2540	24514
1513395662.3740112782	63904.7985	-62073.1385	0.336843	18.2510	24463
1513395662.4755473137	63905.0600	-62073.0481	0.336945	18.2490	24324
1513395662.5794897079	63905.3696	-62072.9406	0.337323	18.2480	24153
1513395662.6820905209	63905.6354	-62072.8481	0.337938	18.2410	24333
1513395662.7941455841	63905.9459	-62072.7394	0.338675	18.2380	24410
1513395662.8962264061	63906.2101	-62072.6467	0.339501	18.2310	24543
1513395663.0081374645	63906.5246	-62072.5360	0.340355	18.2330	24366
1513395663.1032438278	63906.7691	-62072.4499	0.341195	18.2390	24458
1513395663.2124786377	63907.0914	-62072.3360	0.342015	18.2450	24011
1513395663.3179018497	63907.3450	-62072.2462	0.342700	18.2370	23811
1513395663.4242043495	63907.6654	-62072.1323	0.343429	18.2290	24513
1513395663.5272445679	63907.9320	-62072.0372	0.344394	18.2280	24502
1513395663.6325912476	63908.2005	-62071.9413	0.345601	18.2250	24612
1513395663.7361054420	63908.5145	-62071.8289	0.346781	18.2160	24322
1513395663.8424832821	63908.7766	-62071.7350	0.347740	18.2050	24229
1513395663.9470446110	63909.0858	-62071.6237	0.348336	18.2070	24449
1513395664.0471291542	63909.3492	-62071.5288	0.348814	18.2020	24401
1513395664.1528642178	63909.6503	-62071.4200	0.349432	18.1970	24316
1513395664.2583115101	63909.9601	-62071.3077	0.350271	18.1910	24245
1513395664.3581225872	63910.1895	-62071.2243	0.351062	18.1850	24134
1513395664.4641571045	63910.5140	-62071.1061	0.351771	18.1770	24316
1513395664.5721538067	63910.8161	-62070.9961	0.352384	18.1670	24115
1513395664.6824784279	63911.0976	-62070.8934	0.352961	18.1750	23860
1513395664.7859172821	63911.4027	-62070.7820	0.353495	18.1710	23776
1513395664.8925416470	63911.6512	-62070.6912	0.354042	18.1650	23804
1513395664.9925403595	63911.9720	-62070.5736	0.354634	18.1560	23867
1513395665.1004145145	63912.2252	-62070.4807	0.355296	18.1590	24007
1513395665.2076225281	63912.5318	-62070.3678	0.355872	18.1500	24010
1513395665.3093190193	63912.8066	-62070.2663	0.356548	18.1490	24084
1513395665.4136195183	63913.1170	-62070.1512	0.357297	18.1490	23588
1513395665.5205736160	63913.3778	-62070.0542	0.358011	18.1380	23678
1513395665.6264307499	63913.6807	-62069.9412	0.358616	18.1400	24082
1513395665.7325859070	63913.9323	-62069.8471	0.359365	18.1360	24177
1513395665.8328242302	63914.2117	-62069.7423	0.360211	18.1360	24178
1513395665.9408216476	63914.5195	-62069.6264	0.361106	18.1330	24076
1513395666.0465300083	63914.8235	-62069.5117	0.362005	18.1310	24386
1513395666.1480579376	63915.0717	-62069.4176	0.363054	18.1340	24345
1513395666.2494127750	63915.3866	-62069.2977	0.364146	18.1310	24313
1513395666.3617196083	63915.6484	-62069.1975	0.365295	18.1270	24272
1513395666.4640357494	63915.9613	-62069.0772	0.366621	18.1280	24300
1513395666.5701887608	63916.2178	-62068.9783	0.367871	18.1280	24276
1513395666.6766533852	63916.5113	-62068.8647	0.369085	18.1280	24316
1513395666.7778613567	63916.7681	-62068.7651	0.370172	18.1280	24170
1513395666.8836362362	63917.0335	-62068.6620	0.371186	18.1240	23975
1513395666.9905004501	63917.3513	-62068.5383	0.372157	18.1180	23845
1513395667.0931189060	63917.6089	-62068.4377	0.373008	18.1150	23800
1513395667.1998260021	63917.9096	-62068.3201	0.373684	18.1060	23888
1513395667.3022913933	63918.1535	-62068.2246	0.374233	18.0970	23991
1513395667.4123346806	63918.4699	-62068.1005	0.374813	18.0920	23944
1513395667.5179810524	63918.7254	-62068.0002	0.375400	18.0870	23960
1513395667.6194992065	63919.0185	-62067.8849	0.375906	18.0930	23291
1513395667.7224636078	63919.2665	-62067.7873	0.376236	18.0910	23661
1513395667.8242757320	63919.5314	-62067.6829	0.376497	18.0860	24090
1513395667.9355540276	63919.8302	-62067.5651	0.376885	18.0830	24107
1513395668.0379927158	63920.1198	-62067.4509	0.377188	18.0850	23916
1513395668.1452987194	63920.3849	-62067.3463	0.377419	18.0820	24094
1513395668.2491440773	63920.6797	-62067.2300	0.377561	18.0820	24169
1513395668.3487229347	63920.9429	-62067.1261	0.377698	18.0860	24191
1513395668.4551813602	63921.2397	-62067.0088	0.377907	18.0860	24106
1513395668.5644593239	63921.4849	-62066.9118	0.378027	18.0860	24072
1513395668.6663055420	63921.7863	-62066.7925	0.378163	18.0790	24027
1513395668.7736706734	63922.0416	-62066.6913	0.378414	18.0710	23992
1513395668.8772997856	63922.3501	-62066.5689	0.378623	18.0730	24059
1513395668.9832956791	63922.5935	-62066.4723	0.378759	18.0690	23844
1513395669.0851585865	63922.9018	-62066.3499	0.378853	18.0720	23545
1513395669.1916999817	63923.1490	-62066.2517	0.379033	18.0580	23648
1513395669.2964482307	63923.4626	-62066.1270	0.379304	18.0560	23502
1513395669.4037551880	63923.7181	-62066.0251	0.379662	18.0610	23800
1513395669.5041100979	63923.9837	-62065.9188	0.380044	18.0570	23865
1513395669.6104116440	63924.2805	-62065.7998	0.380481	18.0610	23720
1513395669.7156403065	63924.5757	-62065.6812	0.380935	18.0590	23530
1513395669.8190002441	63924.8349	-62065.5772	0.381319	18.0550	22897
1513395669.9262523651	63925.1572	-62065.4478	0.381506	18.0610	23465
1513395670.0326805115	63925.4102	-62065.3462	0.381569	18.0670	23651
1513395670.1362988949	63925.7280	-62065.2186	0.381833	18.0680	23662
1513395670.2388036251	63925.9923	-62065.1123	0.382218	18.0620	23577
1513395670.3485853672	63926.2646	-62065.0028	0.382542	18.0660	23582
1513395670.4513974190	63926.5653	-62064.8818	0.382830	18.0550	23525
1513395670.5507726669	63926.8336	-62064.7737	0.383022	18.0510	23579
1513395670.6610236168	63927.1334	-62064.6530	0.383093	18.0300	23509
1513395670.7670331001	63927.4027	-62064.5446	0.383209	18.0270	23528
1513395670.8679881096	63927.6997	-62064.4252	0.383350	18.0290	23382
1513395670.9714779854	63927.9704	-62064.3164	0.383531	18.0230	23431
1513395671.0797474384	63928.2853	-62064.1901	0.383596	18.0280	23433
1513395671.1878306866	63928.5518	-62064.0834	0.383585	18.0310	23162
1513395671.2891044617	63928.8542	-62063.9623	0.383618	18.0280	22866
1513395671.3926832676	63929.1278	-62063.8528	0.383616	18.0320	22750
1513395671.5017249584	63929.4310	-62063.7317	0.383479	18.0270	22735
1513395671.6040563583	63929.6964	-62063.6256	0.383406	18.0280	23020
1513395671.7100353241	63930.0062	-62063.5016	0.383324	18.0310	22985
1513395671.8151061535	63930.2818	-62063.3910	0.383264	18.0270	23010
1513395671.9167015553	63930.5855	-62063.2693	0.383156	18.0240	22531
1513395672.0255177021	63930.8594	-62063.1596	0.382914	18.0290	22446
1513395672.1297986507	63931.1636	-62063.0378	0.382516	18.0280	22750
1513395672.2332532406	63931.4269	-62062.9325	0.382171	18.0190	22863
1513395672.3413069248	63931.7436	-62062.8057	0.381918	18.0170	22893
1513395672.4451105595	63932.0093	-62062.6996	0.381682	18.0110	22995
1513395672.5469818115	63932.2975	-62062.5844	0.381385	18.0080	22881
1513395672.6560552120	63932.6165	-62062.4570	0.381160	17.9890	22965
1513395672.7552368641	63932.9101	-62062.3400	0.380894	17.9900	22845
1513395672.8634526730	63933.1824	-62062.2315	0.380553	17.9850	22904
1513395672.9626147747	63933.5001	-62062.1051	0.380171	17.9870	22856
1513395673.0708510876	63933.7573	-62062.0031	0.379762	17.9860	22771
1513395673.1725025177	63934.0712	-62061.8787	0.379383	17.9810	22790
1513395673.2770519257	63934.3358	-62061.7740	0.379070	17.9780	22844
1513395673.3874249458	63934.6218	-62061.6609	0.378807	17.9710	22487
1513395673.4950618744	63934.9257	-62061.5411	0.378244	17.9780	22478
1513395673.5977752209	63935.1996	-62061.4335	0.377546	17.9710	22368
1513395673.7023556232	63935.5103	-62061.3111	0.377148	17.9640	22448
1513395673.8075544834	63935.7573	-62061.2141	0.376920	17.9620	22692
1513395673.9113082886	63936.0779	-62061.0879	0.376767	17.9560	22612
1513395674.0167689323	63936.3314	-62060.9885	0.376592	17.9500	22796
1513395674.1191442013	63936.6439	-62060.8660	0.376309	17.9550	22141
1513395674.2273509502	63936.9113	-62060.7611	0.376094	17.9570	22469
1513395674.3310513496	63937.2263	-62060.6376	0.375964	17.9570	22816
1513395674.4460806847	63937.5368	-62060.5161	0.375789	17.9550	22981
1513395674.5401995182	63937.7884	-62060.4178	0.375539	17.9520	22985
1513395674.6462163925	63938.0633	-62060.3104	0.375448	17.9580	22980
1513395674.7499907017	63938.3854	-62060.1843	0.375358	17.9620	23049
1513395674.8565728664	63938.6346	-62060.0871	0.374970	17.9540	23104
1513395674.9590814114	63938.9412	-62059.9674	0.374543	17.9530	23116
1513395675.0628416538	63939.2041	-62059.8648	0.374317	17.9500	23115
1513395675.1679782867	63939.5220	-62059.7406	0.374205	17.9410	23121
1513395675.2772727013	63939.7805	-62059.6395	0.374111	17.9440	23208
1513395675.3787651062	63940.0866	-62059.5197	0.374020	17.9370	23163
1513395675.4850115776	63940.3363	-62059.4220	0.374088	17.9450	23138
1513395675.5907657146	63940.6396	-62059.3032	0.374151	17.9500	22756
1513395675.6920595169	63940.8992	-62059.2017	0.374102	17.9510	22540
1513395675.7981519699	63941.2077	-62059.0811	0.373972	17.9450	22425
1513395675.9063961506	63941.4665	-62058.9800	0.373931	17.9490	22817
1513395676.0093848705	63941.7854	-62058.8555	0.373947	17.9450	22853
1513395676.1146597862	63942.0344	-62058.7585	0.373900	17.9450	22991
1513395676.2201750278	63942.3361	-62058.6411	0.373788	17.9460	22615
1513395676.3215045929	63942.5889	-62058.5427	0.373756	17.9480	22244
1513395676.4304032326	63942.8853	-62058.4271	0.373668	17.9490	22852
1513395676.5336499214	63943.1391	-62058.3281	0.373720	17.9490	23068
1513395676.6394040585	63943.4504	-62058.2064	0.373788	17.9480	23048
1513395676.7442476749	63943.7070	-62058.1061	0.373779	17.9490	23118
1513395676.8492252827	63943.9790	-62057.9998	0.373875	17.9430	23169
1513395676.9517214298	63944.2483	-62057.8944	0.373889	17.9330	23226
1513395677.0601217747	63944.5354	-62057.7823	0.373779	17.9350	23187
1513395677.1622848511	63944.7827	-62057.6858	0.373741	17.9230	23238
1513395677.2686924934	63945.0389	-62057.5857	0.373797	17.9230	23332
1513395677.3742976189	63945.3326	-62057.4709	0.373813	17.9200	23290
1513395677.4764571190	63945.5878	-62057.3709	0.373768	17.9140	23334
1513395677.5828826427	63945.8691	-62057.2606	0.373872	17.9160	23191
1513395677.6895587444	63946.1153	-62057.1639	0.374106	17.9150	23078
1513395677.7932441235	63946.4038	-62057.0503	0.374358	17.9220	23039
1513395677.9006242752	63946.6461	-62056.9546	0.374690	17.9280	22684
1513395677.9997055531	63946.9227	-62056.8453	0.375020	17.9340	22433
1513395678.1065251827	63947.1725	-62056.7464	0.375275	17.9290	22856
1513395678.2118875980	63947.4563	-62056.6338	0.375493	17.9320	22916
1513395678.3169748783	63947.6951	-62056.5390	0.375777	17.9310	23005
1513395678.4182901382	63947.9413	-62056.4411	0.376103	17.9300	22765
1513395678.5251367092	63948.2220	-62056.3293	0.376463	17.9330	22338
1513395678.6240215302	63948.4607	-62056.2340	0.376837	17.9380	23061
1513395678.7287242413	63948.7392	-62056.1226	0.377292	17.9360	22993
1513395678.8392345905	63948.9743	-62056.0284	0.377691	17.9380	22977
1513395678.9451673031	63949.2512	-62055.9174	0.378082	17.9370	23176
1513395679.0521230698	63949.5155	-62055.8115	0.378408	17.9340	23140
1513395679.1567733288	63949.7464	-62055.7189	0.378676	17.9310	23156
1513395679.2597041130	63950.0217	-62055.6087	0.378907	17.9250	23126
1513395679.3651702404	63950.2528	-62055.5162	0.379079	17.9220	23155
1513395679.4727008343	63950.5244	-62055.4076	0.379252	17.9220	23198
1513395679.5756742954	63950.7567	-62055.3148	0.379344	17.9200	22985
1513395679.6815636158	63951.0285	-62055.2063	0.379411	17.9200	23086
1513395679.7834813595	63951.2567	-62055.1152	0.379422	17.9240	23042
1513395679.8901555538	63951.5168	-62055.0115	0.379469	17.9210	22983
1513395679.9959342480	63951.7539	-62054.9170	0.379597	17.9200	23010
1513395680.1021404266	63952.0020	-62054.8182	0.379638	17.9220	22885
1513395680.2062280178	63952.2737	-62054.7100	0.379524	17.9250	22691
1513395680.3105134964	63952.5148	-62054.6140	0.379318	17.9230	22292
1513395680.4148807526	63952.7477	-62054.5215	0.379125	17.9260	23005
1513395680.5209648609	63953.0182	-62054.4139	0.379022	17.9270	23136
1513395680.6255156994	63953.2420	-62054.3250	0.378799	17.9280	22511
1513395680.7309062481	63953.4733	-62054.2333	0.378394	17.9320	22774
1513395680.8367295265	63953.7406	-62054.1276	0.378005	17.9220	22941
1513395680.9405977726	63953.9647	-62054.0391	0.377676	17.9180	23264
1513395681.0431900024	63954.2314	-62053.9339	0.377274	17.9110	23175
1513395681.1480574608	63954.4540	-62053.8463	0.376746	17.9080	23288
1513395681.2563517094	63954.7270	-62053.7389	0.376229	17.9030	23402
1513395681.3597733974	63954.9422	-62053.6546	0.375691	17.9030	23450
1513395681.4605672359	63955.1713	-62053.5651	0.375173	17.9020	23330
1513395681.5755133629	63955.4361	-62053.4618	0.374546	17.9020	23426
1513395681.6719696522	63955.6982	-62053.3598	0.373801	17.8990	23467
1513395681.7797780037	63955.9121	-62053.2769	0.373046	17.8970	23381
1513395681.8840162754	63956.1750	-62053.1752	0.372275	17.8930	23353
1513395681.9863042831	63956.4000	-62053.0885	0.371507	17.8900	23306
1513395682.0940046310	63956.6658	-62052.9862	0.370733	17.8910	23238
1513395682.2001273632	63956.8886	-62052.9008	0.369964	17.8880	23145
1513395682.3002159595	63957.1536	-62052.7993	0.369275	17.8850	23076
1513395682.4103314877	63957.3786	-62052.7135	0.368945	17.8850	22828
1513395682.5163428783	63957.6203	-62052.6214	0.368837	17.8880	22766
1513395682.6189634800	63957.8926	-62052.5174	0.368724	17.8850	22718
1513395682.7240209579	63958.1450	-62052.4215	0.368356	17.8840	23054
1513395682.8271915913	63958.3495	-62052.3441	0.367929	17.8800	22433
1513395682.9335522652	63958.6622	-62052.2253	0.367515	17.8720	22747
1513395683.0383701324	63958.8774	-62052.1442	0.367098	17.8710	23059
1513395683.1412141323	63959.1482	-62052.0419	0.366456	17.8720	23201
1513395683.2494921684	63959.3819	-62051.9540	0.365796	17.8710	23300
1513395683.3519668579	63959.6494	-62051.8532	0.365241	17.8670	23378
1513395683.4567511082	63959.8915	-62051.7623	0.364751	17.8630	23349
1513395683.5638175011	63960.1739	-62051.6563	0.364143	17.8660	23233
1513395683.6704006195	63960.4124	-62051.5670	0.363430	17.8650	23404
1513395683.7709920406	63960.6627	-62051.4733	0.362697	17.8600	23348
1513395683.8784766197	63960.9480	-62051.3665	0.362121	17.8660	23279
1513395683.9844989777	63961.1908	-62051.2757	0.361630	17.8680	23320
1513395684.0860512257	63961.4793	-62051.1678	0.361045	17.8660	23297
1513395684.1919310093	63961.7258	-62051.0757	0.360510	17.8620	23250
1513395684.2998092175	63962.0137	-62050.9683	0.359960	17.8670	23196
1513395684.3990039825	63962.2614	-62050.8759	0.359409	17.8640	23116
1513395684.5066578388	63962.5528	-62050.7674	0.358738	17.8640	23077
1513395684.6098322868	63962.8035	-62050.6743	0.358116	17.8630	22991
1513395684.7166616917	63963.1014	-62050.5639	0.357309	17.8610	22821
1513395684.8203032017	63963.3527	-62050.4711	0.356422	17.8570	22498
1513395684.9209420681	63963.6513	-62050.3612	0.355620	17.8510	22851
1513395685.0283086300	63963.9049	-62050.2680	0.355029	17.8470	22360
1513395685.1369485855	63964.2099	-62050.1561	0.354354	17.8470	22779
1513395685.2378008366	63964.4749	-62050.0590	0.353535	17.8480	22976
1513395685.3456645012	63964.7733	-62049.9500	0.352744	17.8470	23059
1513395685.4556932449	63965.0307	-62049.8562	0.352043	17.8480	23396
1513395685.5531263351	63965.3379	-62049.7443	0.351241	17.8480	23427
1513395685.6616504192	63965.5949	-62049.6510	0.350378	17.8380	23413
1513395685.7656266689	63965.9037	-62049.5390	0.349645	17.8350	23425
1513395685.8700277805	63966.1642	-62049.4448	0.349154	17.8280	23376
1513395685.9749777317	63966.4797	-62049.3308	0.348501	17.8310	23356
1513395686.0838456154	63966.7362	-62049.2384	0.347802	17.8300	23307
1513395686.1835751534	63967.0470	-62049.1264	0.347244	17.8280	23485
1513395686.2919535637	63967.3033	-62049.0341	0.346618	17.8270	23416
1513395686.3922266960	63967.6064	-62048.9252	0.345882	17.8270	23276
1513395686.4982607365	63967.8615	-62048.8338	0.345224	17.8220	23299
1513395686.6068639755	63968.1718	-62048.7229	0.344647	17.8180	23256
1513395686.7088954449	63968.4299	-62048.6310	0.344041	17.8160	23188
1513395686.8138341904	63968.7409	-62048.5207	0.343204	17.8040	23101
1513395686.9234247208	63968.9939	-62048.4314	0.342398	17.8050	22850
1513395687.0250058174	63969.3051	-62048.3217	0.341652	17.8010	22561
1513395687.1267106533	63969.5709	-62048.2282	0.341053	17.8040	22579
1513395687.2361080647	63969.8308	-62048.1370	0.340661	17.7990	22563
1513395687.3372879028	63970.1556	-62048.0227	0.340518	17.7960	22885
1513395687.4417634010	63970.4063	-62047.9347	0.340388	17.7910	23179
1513395687.5533018112	63970.7140	-62047.8267	0.339984	17.7930	23448
1513395687.6527228355	63970.9688	-62047.7375	0.339615	17.7930	23471
1513395687.7577381134	63971.2760	-62047.6302	0.339332	17.7850	23537
1513395687.8671770096	63971.5603	-62047.5311	0.338903	17.7790	23369
1513395687.9680430889	63971.8222	-62047.4403	0.338426	17.7730	23449
1513395688.0722835064	63972.0913	-62047.3470	0.338122	17.7730	23507
1513395688.1783571243	63972.3999	-62047.2401	0.337801	17.7680	23528
1513395688.2798855305	63972.6596	-62047.1502	0.337512	17.7690	23598
1513395688.3862874508	63972.9629	-62047.0450	0.337228	17.7720	23692
1513395688.4956152439	63973.2180	-62046.9567	0.336897	17.7650	23682
1513395688.5970172882	63973.5232	-62046.8510	0.336607	17.7640	23618
1513395688.7030987740	63973.7781	-62046.7628	0.336426	17.7610	23599
1513395688.8050780296	63974.0803	-62046.6580	0.336373	17.7590	23610
1513395688.9139313698	63974.3376	-62046.5687	0.336556	17.7610	23468
1513395689.0133826733	63974.6030	-62046.4763	0.336782	17.7600	23574
1513395689.1194779873	63974.9060	-62046.3706	0.337187	17.7620	23351
1513395689.2232017517	63975.1611	-62046.2814	0.337667	17.7690	23055
1513395689.3356504440	63975.4348	-62046.1854	0.338203	17.7720	22864
1513395689.4364011288	63975.7756	-62046.0655	0.338954	17.7740	23151
1513395689.5406024456	63976.0094	-62045.9829	0.339847	17.7760	23765
1513395689.6493060589	63976.3053	-62045.8782	0.340901	17.7760	23814
1513395689.7519488335	63976.5550	-62045.7894	0.341980	17.7720	23838
1513395689.8563709259	63976.8413	-62045.6873	0.342995	17.7690	23790
1513395689.9617407322	63977.1016	-62045.5941	0.344089	17.7680	23688
1513395690.0670442581	63977.3979	-62045.4875	0.345439	17.7670	23759
1513395690.1718568802	63977.6503	-62045.3963	0.346933	17.7640	23722
1513395690.2737903595	63977.9468	-62045.2887	0.348480	17.7630	23812
1513395690.3804817200	63978.1946	-62045.1983	0.350040	17.7590	23787
1513395690.4871656895	63978.4764	-62045.0950	0.351586	17.7550	23826
1513395690.5901410580	63978.7343	-62045.0001	0.353083	17.7550	23790
1513395690.6959803104	63979.0293	-62044.8910	0.354636	17.7530	23851
1513395690.8059010506	63979.2799	-62044.7978	0.356157	17.7470	23825
1513395690.9057862759	63979.5700	-62044.6895	0.357591	17.7510	23714
1513395691.0107374191	63979.8154	-62044.5974	0.359162	17.7530	23760
1513395691.1150379181	63980.0700	-62044.5014	0.360936	17.7520	23846
1513395691.2186825275	63980.3667	-62044.3888	0.362879	17.7500	23862
1513395691.3236255646	63980.6178	-62044.2929	0.364749	17.7530	23610
1513395691.4355714321	63980.9128	-62044.1798	0.366597	17.7580	23278
1513395691.5346033573	63981.1624	-62044.0836	0.368403	17.7620	23246
1513395691.6401333809	63981.4562	-62043.9701	0.369812	17.7520	23711
1513395691.7456488609	63981.6999	-62043.8756	0.370651	17.7450	23920
1513395691.8493952751	63981.9922	-62043.7622	0.371266	17.7490	24087
1513395691.9541332722	63982.2405	-62043.6658	0.372008	17.7530	24064
1513395692.0636990070	63982.5311	-62043.5526	0.372870	17.7510	24061
1513395692.1629686356	63982.7756	-62043.4571	0.373721	17.7440	24256
1513395692.2704782486	63983.0683	-62043.3424	0.374455	17.7420	24067
1513395692.3750393391	63983.3140	-62043.2458	0.375112	17.7370	24212
1513395692.4792163372	63983.6045	-62043.1314	0.375889	17.7330	24216
1513395692.5864167213	63983.8470	-62043.0357	0.376743	17.7390	24175
1513395692.6902039051	63984.1402	-62042.9196	0.377528	17.7380	24206
1513395692.7930226326	63984.3848	-62042.8226	0.378224	17.7400	24119
1513395692.9001481533	63984.6646	-62042.7114	0.378934	17.7330	24094
1513395693.0035772324	63984.9207	-62042.6092	0.379752	17.7330	23908
1513395693.1089780331	63985.2132	-62042.4922	0.380596	17.7330	24020
1513395693.2174172401	63985.4572	-62042.3942	0.381362	17.7410	23866
1513395693.3180921078	63985.7474	-62042.2775	0.382036	17.7400	23986
1513395693.4186632633	63985.9922	-62042.1788	0.382569	17.7380	24024
1513395693.5325529575	63986.2810	-62042.0623	0.383057	17.7380	23704
1513395693.6299240589	63986.5246	-62041.9639	0.383387	17.7440	23263
1513395693.7373137474	63986.7789	-62041.8611	0.383650	17.7400	23310
1513395693.8445565701	63987.0725	-62041.7424	0.383948	17.7410	23748
1513395693.9474473000	63987.3426	-62041.6332	0.384254	17.7350	23921
1513395694.0525293350	63987.5932	-62041.5318	0.384540	17.7280	23982
1513395694.1581327915	63987.8449	-62041.4299	0.384904	17.7310	24071
1513395694.2607400417	63988.1331	-62041.3132	0.385284	17.7320	24045
1513395694.3693172932	63988.3751	-62041.2151	0.385570	17.7290	24122
1513395694.4762027264	63988.6644	-62041.0978	0.385837	17.7300	24085
1513395694.5768537521	63988.9363	-62040.9874	0.386147	17.7290	24091
1513395694.6828398705	63989.1874	-62040.8854	0.386431	17.7250	24066
1513395694.7872283459	63989.4774	-62040.7676	0.386719	17.7260	24072
1513395694.8901789188	63989.7206	-62040.6687	0.387019	17.7270	24116
1513395694.9953563213	63989.9714	-62040.5666	0.387324	17.7270	24072
1513395695.0990464687	63990.2622	-62040.4482	0.387744	17.7330	23968
1513395695.2064249516	63990.5188	-62040.3436	0.388161	17.7360	23851
1513395695.3116607666	63990.7981	-62040.2298	0.388439	17.7400	23894
1513395695.4178149700	63991.0414	-62040.1307	0.388643	17.7310	23602
1513395695.5218136311	63991.3290	-62040.0136	0.388642	17.7320	23896
1513395695.6284813881	63991.5741	-62039.9139	0.388539	17.7320	23798
1513395695.7304055691	63991.8713	-62039.7929	0.388632	17.7310	23302
1513395695.8334755898	63992.1034	-62039.6985	0.388793	17.7350	22918
1513395695.9422254562	63992.3906	-62039.5816	0.388794	17.7350	23404
1513395696.0457296371	63992.6323	-62039.4831	0.388876	17.7380	23570
1513395696.1506707668	63992.9085	-62039.3705	0.389032	17.7320	23772
1513395696.2597796917	63993.1605	-62039.2677	0.389110	17.7290	23639
1513395696.3601970673	63993.4492	-62039.1497	0.389127	17.7250	23692
1513395696.4669775963	63993.6928	-62039.0501	0.389183	17.7260	23778
1513395696.5732994080	63993.9794	-62038.9328	0.389420	17.7270	23607
1513395696.6745734215	63994.2215	-62038.8336	0.389695	17.7250	23536
1513395696.7814128399	63994.5076	-62038.7164	0.389920	17.7290	23748
1513395696.8853516579	63994.7516	-62038.6163	0.390136	17.7280	23634
1513395696.9880914688	63995.0404	-62038.4978	0.390334	17.7250	23654
1513395697.0974674225	63995.2860	-62038.3971	0.390484	17.7310	23667
1513395697.1976416111	63995.5643	-62038.2829	0.390523	17.7310	23553
1513395697.3024504185	63995.8204	-62038.1778	0.390632	17.7320	23399
1513395697.4106457233	63996.0749	-62038.0733	0.390859	17.7340	23283
1513395697.5148248672	63996.3669	-62037.9533	0.391076	17.7320	23160
1513395697.6185982227	63996.6150	-62037.8512	0.391268	17.7350	23024
1513395697.7242913246	63996.9077	-62037.7307	0.391465	17.7320	23304
1513395697.8287672997	63997.1548	-62037.6288	0.391595	17.7330	23089
1513395697.9357380867	63997.4507	-62037.5067	0.391726	17.7330	22611
1513395698.0403776169	63997.7008	-62037.4036	0.392000	17.7290	22629
1513395698.1423187256	63997.9966	-62037.2815	0.392312	17.7270	23110
1513395698.2499418259	63998.2471	-62037.1780	0.392475	17.7290	23303
1513395698.3576593399	63998.5450	-62037.0550	0.392576	17.7340	23349
1513395698.4585545063	63998.8262	-62036.9388	0.392680	17.7370	23188
1513395698.5638754368	63999.0907	-62036.8297	0.392683	17.7370	23277
1513395698.6700365543	63999.3601	-62036.7187	0.392660	17.7410	23095
1513395698.7723398209	63999.6648	-62036.5932	0.392614	17.7420	23139
1513395698.8800594807	63999.9259	-62036.4859	0.392652	17.7380	23266
1513395698.9827885628	64000.2378	-62036.3575	0.392700	17.7370	23172
1513395699.0887322426	64000.5048	-62036.2475	0.392817	17.7360	23069
1513395699.1960184574	64000.8198	-62036.1177	0.392956	17.7340	23029
1513395699.2970538139	64001.0944	-62036.0046	0.393017	17.7320	23138
1513395699.4021904469	64001.4276	-62035.8672	0.393013	17.7310	22924
1513395699.5084800720	64001.7132	-62035.7495	0.393067	17.7260	22783
1513395699.6149008274	64002.0586	-62035.6069	0.393198	17.7210	22675
1513395699.7177522182	64002.3561	-62035.4840	0.393341	17.7220	22507
1513395699.8233640194	64002.7130	-62035.3365	0.393364	17.7150	22506
1513395699.9253163338	64003.0235	-62035.2082	0.393388	17.7130	22315
1513395700.0316178799	64003.3989	-62035.0531	0.393444	17.7150	22508
1513395700.1402306557	64003.7218	-62034.9199	0.393533	17.7190	22104
1513395700.2396137714	64004.0576	-62034.7815	0.393661	17.7200	22283
1513395700.3462517262	64004.4574	-62034.6168	0.393762	17.7230	22740
1513395700.4540858269	64004.8295	-62034.4634	0.393891	17.7180	22896
1513395700.5552473068	64005.1900	-62034.3148	0.393904	17.7160	22854
1513395700.6619799137	64005.5522	-62034.1655	0.393942	17.7180	23041
1513395700.7638354301	64005.9737	-62033.9914	0.394205	17.7220	22887
1513395700.8719179630	64006.3688	-62033.8278	0.394440	17.7210	22853
1513395700.9727785587	64006.7288	-62033.6786	0.394498	17.7230	22994
1513395701.0806882381	64007.1598	-62033.4999	0.394526	17.7210	23131
1513395701.1901397705	64007.5409	-62033.3421	0.394497	17.7190	23048
1513395701.2942383289	64007.9665	-62033.1657	0.394597	17.7150	23093
1513395701.3977475166	64008.3558	-62033.0044	0.394792	17.7140	23032
1513395701.5025155544	64008.7833	-62032.8271	0.394880	17.7120	23035
1513395701.6039659977	64009.1724	-62032.6655	0.394929	17.7030	22945
1513395701.7079393864	64009.5613	-62032.5037	0.395092	17.6990	22690
1513395701.8120326996	64010.0232	-62032.3114	0.395360	17.7030	22699
1513395701.9202706814	64010.4105	-62032.1500	0.395558	17.7020	22589
1513395702.0256927013	64010.8690	-62031.9590	0.395686	17.7080	22540
1513395702.1281731129	64011.2565	-62031.7975	0.395814	17.7080	22430
1513395702.2330462933	64011.7136	-62031.6071	0.395998	17.7090	22084
1513395702.3405523300	64012.0986	-62031.4468	0.396240	17.7100	21866
1513395702.4440767765	64012.4936	-62031.2824	0.396521	17.7130	22325
1513395702.5518298149	64012.9686	-62031.0846	0.396687	17.7210	22404
1513395702.6559774876	64013.3980	-62030.9062	0.396634	17.7260	22779
1513395702.7583968639	64013.7751	-62030.7497	0.396742	17.7270	22850
1513395702.8655276299	64014.2272	-62030.5618	0.396789	17.7280	22770
1513395702.9708399773	64014.6189	-62030.3990	0.396865	17.7320	22631
1513395703.0751941204	64015.0661	-62030.2128	0.396961	17.7310	22647
1513395703.1798760891	64015.4443	-62030.0555	0.396830	17.7300	22776
1513395703.2859649658	64015.8706	-62029.8781	0.396719	17.7200	22815
1513395703.3893058300	64016.2731	-62029.7107	0.396746	17.7160	22744
1513395703.4943175316	64016.6996	-62029.5330	0.396805	17.7040	22838
1513395703.5975415707	64017.0918	-62029.3695	0.396856	17.7030	23007
1513395703.7045500278	64017.5195	-62029.1911	0.396966	17.6960	22985
1513395703.8108005524	64017.9126	-62029.0271	0.397273	17.6950	22828
1513395703.9117250443	64018.3409	-62028.8482	0.397606	17.6980	22500
1513395704.0187318325	64018.7273	-62028.6869	0.397698	17.7030	22623
1513395704.1176624298	64019.1455	-62028.5122	0.397761	17.7130	22662
1513395704.2294578552	64019.5231	-62028.3544	0.398003	17.7080	22717
1513395704.3376278877	64019.9317	-62028.1833	0.398210	17.7080	22413
1513395704.4351892471	64020.2986	-62028.0294	0.398361	17.6970	22046
1513395704.5477478504	64020.7045	-62027.8589	0.398665	17.7020	22403
1513395704.6517033577	64021.0371	-62027.7191	0.398972	17.6970	22768
1513395704.7515969276	64021.4759	-62027.5342	0.399169	17.6920	23025
1513395704.8610124588	64021.8708	-62027.3676	0.399413	17.7040	23075
1513395704.9630999565	64022.2285	-62027.2164	0.399697	17.7150	23203
1513395705.0659513474	64022.6503	-62027.0378	0.400095	17.7170	23146
1513395705.1740667820	64023.0356	-62026.8746	0.400477	17.7230	23125
1513395705.2796132565	64023.3973	-62026.7211	0.400767	17.7210	23344
1513395705.3792028427	64023.7544	-62026.5692	0.401204	17.7220	23448
1513395705.4864416122	64024.1607	-62026.3959	0.401825	17.7180	23333
1513395705.5928349495	64024.4998	-62026.2509	0.402473	17.7160	23390
1513395705.6929547787	64024.9022	-62026.0785	0.403026	17.7080	23421
1513395705.8057425022	64025.2416	-62025.9327	0.403454	17.7100	23524
1513395705.9075086117	64025.6372	-62025.7627	0.404006	17.7160	23516
1513395706.0130157471	64025.9734	-62025.6181	0.404505	17.7170	23300
1513395706.1180915833	64026.3677	-62025.4485	0.404864	17.7240	23313
1513395706.2244033813	64026.7012	-62025.3048	0.405250	17.7210	23378
1513395706.3288497925	64027.0895	-62025.1374	0.405574	17.7260	23345
1513395706.4337663651	64027.4187	-62024.9953	0.405970	17.7300	23195
1513395706.5380213261	64027.8044	-62024.8287	0.406541	17.7290	22619
1513395706.6424856186	64028.1273	-62024.6891	0.406906	17.7310	22980
1513395706.7457256317	64028.4959	-62024.5299	0.407058	17.7330	23367
1513395706.8539507389	64028.8264	-62024.3873	0.407222	17.7440	23511
1513395706.9637479782	64029.2062	-62024.2234	0.407560	17.7400	23667
1513395707.0629446507	64029.5273	-62024.0847	0.407972	17.7380	23581
1513395707.1670997143	64029.8921	-62023.9272	0.408342	17.7420	23490
1513395707.2727057934	64030.2211	-62023.7850	0.408633	17.7450	23571
1513395707.3777041435	64030.5967	-62023.6228	0.408798	17.7490	23765
1513395707.4826326370	64030.9136	-62023.4860	0.409000	17.7520	23889
1513395707.5867514610	64031.2650	-62023.3343	0.409237	17.7520	23923
1513395707.6884524822	64031.5836	-62023.1971	0.409348	17.7540	23896
1513395707.7965469360	64031.9036	-62023.0593	0.409335	17.7420	23855
1513395707.9041347504	64032.2656	-62022.9035	0.409254	17.7430	23765
1513395708.0068516731	64032.6002	-62022.7593	0.409367	17.7380	23775
1513395708.1124603748	64032.9147	-62022.6238	0.409574	17.7370	23634
1513395708.2168416977	64033.2607	-62022.4744	0.409741	17.7340	23666
1513395708.3179111481	64033.5726	-62022.3397	0.409902	17.7400	23456
1513395708.4225218296	64033.8859	-62022.2046	0.409968	17.7430	23616
1513395708.5278680325	64034.2398	-62022.0521	0.409904	17.7450	23462
1513395708.6320624352	64034.5366	-62021.9243	0.409762	17.7490	22809
1513395708.7384824753	64034.9019	-62021.7669	0.409584	17.7470	22931
1513395708.8449585438	64035.1823	-62021.6462	0.409562	17.7470	23549
1513395708.9505295753	64035.5222	-62021.4997	0.409689	17.7470	23604
1513395709.0559790134	64035.8416	-62021.3618	0.409940	17.7450	23604
1513395709.1579833031	64036.1342	-62021.2354	0.410160	17.7360	23335
1513395709.2663037777	64036.4313	-62021.1068	0.410308	17.7360	23238
1513395709.3680868149	64036.7693	-62020.9603	0.410370	17.7440	23310
1513395709.4722371101	64037.0517	-62020.8379	0.410485	17.7490	23492
1513395709.5821249485	64037.3817	-62020.6945	0.410701	17.7480	23484
1513395709.6869325638	64037.6634	-62020.5720	0.411014	17.7510	23574
1513395709.7905876637	64037.9923	-62020.4287	0.411345	17.7560	23436
1513395709.8943560123	64038.2721	-62020.3065	0.411625	17.7560	23451
1513395709.9993815422	64038.5937	-62020.1659	0.411828	17.7550	23491
1513395710.1036789417	64038.8686	-62020.0456	0.412091	17.7590	23334
1513395710.2101190090	64039.1895	-62019.9049	0.412449	17.7570	23447
1513395710.3139822483	64039.4724	-62019.7808	0.412865	17.7570	23354
1513395710.4197728634	64039.7682	-62019.6508	0.413221	17.7600	23051
1513395710.5219941139	64040.0464	-62019.5285	0.413514	17.7600	23319
1513395710.6287164688	64040.3493	-62019.3953	0.413810	17.7540	23122
1513395710.7317218781	64040.6244	-62019.2742	0.414099	17.7530	22555
1513395710.8376932144	64040.9283	-62019.1403	0.414467	17.7500	22564
1513395710.9427955151	64041.1985	-62019.0211	0.414851	17.7480	23098
1513395711.0469863415	64041.5001	-62018.8879	0.415319	17.7500	23302
1513395711.1544167995	64041.7721	-62018.7676	0.415802	17.7470	23064
1513395711.2563407421	64042.0672	-62018.6369	0.416015	17.7540	23086
1513395711.3628876209	64042.3401	-62018.5162	0.415587	17.7490	23000
1513395711.4673249722	64042.6382	-62018.3849	0.413475	17.7520	23166
1513395711.5698134899	64042.8986	-62018.2714	0.408906	17.7570	23368
1513395711.6755461693	64043.1890	-62018.1468	0.402318	17.7550	23309
1513395711.7819185257	64043.4555	-62018.0347	0.394807	17.7550	23340
1513395711.8856563568	64043.7203	-62017.9256	0.386418	17.7460	23263
1513395711.9953665733	64044.0213	-62017.8045	0.376792	17.7380	23255
1513395712.1013929844	64044.2741	-62017.7059	0.366195	17.7490	23186
1513395712.2032501698	64044.5760	-62017.5914	0.355493	17.7550	23068
1513395712.3076684475	64044.8579	-62017.4882	0.344740	17.7560	23069
1513395712.4110612869	64045.1213	-62017.3946	0.335081	17.7530	23159
1513395712.5159742832	64045.3835	-62017.3042	0.326500	17.7530	23014
1513395712.6231493950	64045.6871	-62017.2021	0.319315	17.7550	23056
1513395712.7233214378	64045.9357	-62017.1205	0.313524	17.7580	23106
1513395712.8321187496	64046.2354	-62017.0241	0.307067	17.7570	22529
1513395712.9341874123	64046.4824	-62016.9468	0.300546	17.7580	22390
1513395713.0364706516	64046.7721	-62016.8580	0.294203	17.7650	22954
1513395713.1469981670	64047.0374	-62016.7787	0.288465	17.7580	23096
1513395713.2518463135	64047.3157	-62016.6971	0.283248	17.7550	22944
1513395713.3576855659	64047.5773	-62016.6220	0.278078	17.7590	22915
1513395713.4612734318	64047.8706	-62016.5395	0.272855	17.7600	22849
1513395713.5696091652	64048.1179	-62016.4716	0.267997	17.7600	22947
1513395713.6699836254	64048.4010	-62016.3952	0.263521	17.7610	23072
1513395713.7758593559	64048.6576	-62016.3275	0.259036	17.7580	23046
1513395713.8833253384	64048.9427	-62016.2536	0.254879	17.7520	23129
1513395713.9816079140	64049.1949	-62016.1896	0.251057	17.7560	23095
1513395714.0915565491	64049.4760	-62016.1194	0.247654	17.7590	23106
1513395714.1946012974	64049.7293	-62016.0571	0.244962	17.7610	22985
1513395714.2984280586	64050.0090	-62015.9891	0.242546	17.7570	23109
1513395714.4028410912	64050.2609	-62015.9287	0.240126	17.7630	22907
1513395714.5058157444	64050.5375	-62015.8629	0.237811	17.7620	22855
1513395714.6134262085	64050.7826	-62015.8055	0.235777	17.7640	22634
1513395714.7164325714	64051.0583	-62015.7413	0.234154	17.7610	22850
1513395714.8220522404	64051.3054	-62015.6846	0.232593	17.7640	22958
1513395714.9283721447	64051.5807	-62015.6216	0.230904	17.7690	22536
1513395715.0367922783	64051.8288	-62015.5656	0.229288	17.7710	22059
1513395715.1381759644	64052.0751	-62015.5103	0.228111	17.7640	22596
1513395715.2446644306	64052.3559	-62015.4476	0.227112	17.7620	22796
1513395715.3499162197	64052.5876	-62015.3962	0.226026	17.7660	22592
1513395715.4515972137	64052.8676	-62015.3343	0.224843	17.7620	22720
1513395715.5596303940	64053.1002	-62015.2832	0.224084	17.7660	22606
1513395715.6651165485	64053.3715	-62015.2234	0.223720	17.7640	22645
1513395715.7675776482	64053.6082	-62015.1714	0.223589	17.7640	22831
1513395715.8748943806	64053.8858	-62015.1103	0.223401	17.7620	22942
1513395715.9798150063	64054.1168	-62015.0596	0.223359	17.7580	23075
1513395716.0843925476	64054.3812	-62015.0012	0.223635	17.7610	23003
1513395716.1882424355	64054.6296	-62014.9462	0.224368	17.7570	22936
1513395716.2968871593	64054.9189	-62014.8816	0.225231	17.7530	22968
1513395716.4002315998	64055.1628	-62014.8269	0.226230	17.7500	22898
1513395716.5029051304	64055.4460	-62014.7627	0.227635	17.7530	22947
1513395716.6069004536	64055.7050	-62014.7036	0.229435	17.7650	22872
1513395716.7135632038	64055.9979	-62014.6359	0.231540	17.7640	22736
1513395716.8190739155	64056.2661	-62014.5732	0.233727	17.7660	22767
1513395716.9246444702	64056.5611	-62014.5035	0.235842	17.7670	22771
1513395717.0294389725	64056.8336	-62014.4386	0.238047	17.7710	22829
1513395717.1308836937	64057.1315	-62014.3668	0.240408	17.7780	22081
1513395717.2375686169	64057.4183	-62014.2968	0.243227	17.7790	22468
1513395717.3441135883	64057.7245	-62014.2209	0.246431	17.7720	22796
1513395717.4454717636	64057.9925	-62014.1534	0.249762	17.7650	22692
1513395717.5525181293	64058.2985	-62014.0751	0.253047	17.7670	22620
1513395717.6542108059	64058.5754	-62014.0032	0.256376	17.7630	22722
1513395717.7586381435	64058.8895	-62013.9204	0.259794	17.7560	22906
1513395717.8654980659	64059.1761	-62013.8438	0.263199	17.7520	23070
1513395717.9725978374	64059.4945	-62013.7574	0.266724	17.7530	23050
1513395718.0809221268	64059.7835	-62013.6778	0.270359	17.7510	23142
1513395718.1816406250	64060.1056	-62013.5879	0.273973	17.7590	23058
1513395718.2844676971	64060.3999	-62013.5047	0.277441	17.7730	23132
1513395718.3926758766	64060.6972	-62013.4195	0.281078	17.7700	22992
1513395718.4972245693	64061.0357	-62013.3214	0.284705	17.7640	23045
1513395718.5996038914	64061.3242	-62013.2365	0.288384	17.7640	22983
1513395718.7053337097	64061.6640	-62013.1354	0.292124	17.7630	23104
1513395718.8122656345	64061.9775	-62013.0409	0.295643	17.7660	23065
1513395718.9152293205	64062.2776	-62012.9496	0.298360	17.7680	23073
1513395719.0163497925	64062.5726	-62012.8590	0.300229	17.7670	22963
1513395719.1252586842	64062.9118	-62012.7541	0.302254	17.7700	22907
1513395719.2333488464	64063.2005	-62012.6639	0.304696	17.7660	22561
1513395719.3310811520	64063.5285	-62012.5603	0.307244	17.7670	22377
1513395719.4391145706	64063.8278	-62012.4649	0.309744	17.7710	22956
1513395719.5449311733	64064.1560	-62012.3596	0.311972	17.7740	22860
1513395719.6485872269	64064.4607	-62012.2610	0.314382	17.7700	22927
1513395719.7537698746	64064.7971	-62012.1513	0.316769	17.7690	23015
