0.00	-30261.14	-39803.16	0.35000	-30261.14	-39803.16	0.35000	22.263	0.00
0.00	-30260.94	-39803.09	0.34973	-30260.94	-39803.09	0.34973	3.000	0.00
0.00	-30260.92	-39803.08	0.34970	-30260.92	-39803.08	0.34970	2.786	0.00
0.00	-30260.73	-39803.03	0.30804	-30260.73	-39803.03	0.30804	2.273	0.00
0.00	-30260.55	-39802.97	0.31785	-30260.55	-39802.97	0.31785	2.717	0.00
0.00	-30260.42	-39802.92	0.31870	-30260.42	-39802.92	0.31870	2.126	0.00
0.00	-30260.29	-39802.88	0.32050	-30260.29	-39802.88	0.32050	2.467	0.00
0.00	-30260.15	-39802.83	0.32185	-30260.15	-39802.83	0.32185	2.363	0.00
0.00	-30260.03	-39802.79	0.32317	-30260.03	-39802.79	0.32317	2.188	0.00
0.00	-30259.91	-39802.75	0.32447	-30259.91	-39802.75	0.32447	2.057	0.00
0.00	-30259.76	-39802.70	0.32542	-30259.76	-39802.70	0.32542	2.062	0.00
0.00	-30259.46	-39802.59	0.32538	-30259.46	-39802.59	0.32538	2.078	0.00
0.00	-30259.46	-39802.59	0.32538	-30259.46	-39802.59	0.32538	1.850	0.00
0.00	-30259.28	-39802.53	0.32705	-30259.28	-39802.53	0.32705	2.097	0.00
0.00	-30259.32	-39802.54	0.32824	-30259.32	-39802.54	0.32824	2.542	0.00
0.00	-30259.12	-39802.48	0.32825	-30259.12	-39802.48	0.32825	2.071	0.00
0.00	-30259.06	-39802.45	0.33110	-30259.06	-39802.45	0.33110	1.935	0.00
0.00	-30258.88	-39802.39	0.33100	-30258.88	-39802.39	0.33100	2.033	0.00
0.00	-30258.76	-39802.35	0.33280	-30258.76	-39802.35	0.33280	2.069	0.00
0.00	-30258.56	-39802.28	0.33284	-30258.56	-39802.28	0.33284	2.099	0.00
0.00	-30258.45	-39802.23	0.33384	-30258.45	-39802.23	0.33384	2.027	0.00
0.00	-30258.21	-39802.15	0.33401	-30258.21	-39802.15	0.33401	2.040	0.00
0.00	-30258.12	-39802.12	0.33444	-30258.12	-39802.12	0.33444	1.970	0.00
0.00	-30257.81	-39802.01	0.33457	-30257.81	-39802.01	0.33457	2.138	0.00
0.00	-30257.79	-39802.00	0.33456	-30257.79	-39802.00	0.33456	2.042	0.00
0.00	-30257.54	-39801.92	0.33434	-30257.54	-39801.92	0.33434	1.998	0.00
0.00	-30257.54	-39801.92	0.33444	-30257.54	-39801.92	0.33444	2.018	0.00
0.00	-30257.31	-39801.84	0.33443	-30257.31	-39801.84	0.33443	2.088	0.00
0.00	-30257.22	-39801.81	0.33469	-30257.22	-39801.81	0.33469	2.631	0.00
0.00	-30256.95	-39801.71	0.33461	-30256.95	-39801.71	0.33461	1.994	0.00
0.00	-30256.94	-39801.71	0.33467	-30256.94	-39801.71	0.33467	2.243	0.00
0.00	-30256.68	-39801.62	0.33458	-30256.68	-39801.62	0.33458	2.006	0.00
0.00	-30256.62	-39801.60	0.33461	-30256.62	-39801.60	0.33461	2.078	0.00
0.00	-30256.17	-39801.44	0.33456	-30256.17	-39801.44	0.33456	2.104	0.00
0.00	-30256.02	-39801.39	0.33454	-30256.02	-39801.39	0.33454	2.078	0.00
0.00	-30256.01	-39801.38	0.33454	-30256.01	-39801.38	0.33454	2.006	0.00
0.00	-30256.01	-39801.38	0.33453	-30256.01	-39801.38	0.33453	2.124	0.00
0.00	-30255.76	-39801.30	0.33447	-30255.76	-39801.30	0.33447	2.062	0.00
0.00	-30255.60	-39801.24	0.33433	-30255.60	-39801.24	0.33433	1.938	0.00
0.00	-30255.33	-39801.15	0.33419	-30255.33	-39801.15	0.33419	2.037	0.00
0.00	-30255.24	-39801.12	0.33408	-30255.24	-39801.12	0.33408	2.086	0.00
0.00	-30254.97	-39801.02	0.33407	-30254.97	-39801.02	0.33407	1.989	0.00
0.00	-30254.88	-39800.99	0.33399	-30254.88	-39800.99	0.33399	2.094	0.00
0.00	-30254.61	-39800.90	0.33412	-30254.61	-39800.90	0.33412	2.092	0.00
0.00	-30254.50	-39800.86	0.33405	-30254.50	-39800.86	0.33405	2.071	0.00
0.00	-30254.29	-39800.79	0.33408	-30254.29	-39800.79	0.33408	2.173	0.00
0.00	-30254.13	-39800.74	0.33392	-30254.13	-39800.74	0.33392	2.066	0.00
0.00	-30253.95	-39800.67	0.33391	-30253.95	-39800.67	0.33391	2.107	0.00
0.00	-30253.80	-39800.62	0.33381	-30253.80	-39800.62	0.33381	2.031	0.00
0.00	-30253.56	-39800.54	0.33376	-30253.56	-39800.54	0.33376	2.095	0.00
0.00	-30253.46	-39800.50	0.33373	-30253.46	-39800.50	0.33373	2.060	0.00
0.00	-30253.22	-39800.42	0.33374	-30253.22	-39800.42	0.33374	2.089	0.00
0.00	-30253.12	-39800.39	0.33377	-30253.12	-39800.39	0.33377	2.096	0.00
0.00	-30252.93	-39800.32	0.33380	-30252.93	-39800.32	0.33380	2.270	0.00
0.00	-30252.73	-39800.25	0.33377	-30252.73	-39800.25	0.33377	2.128	0.00
0.00	-30252.33	-39800.11	0.33376	-30252.33	-39800.11	0.33376	2.044	0.00
0.00	-30252.10	-39800.03	0.33358	-30252.10	-39800.03	0.33358	2.025	0.00
0.00	-30252.09	-39800.03	0.33357	-30252.09	-39800.03	0.33357	1.961	0.00
0.00	-30252.15	-39800.05	0.33348	-30252.15	-39800.05	0.33348	2.054	0.00
0.00	-30251.85	-39799.94	0.33323	-30251.85	-39799.94	0.33323	2.101	0.00
0.00	-30251.76	-39799.91	0.33298	-30251.76	-39799.91	0.33298	2.080	0.00
0.00	-30251.50	-39799.82	0.33285	-30251.50	-39799.82	0.33285	2.021	0.00
0.00	-30251.33	-39799.77	0.33265	-30251.33	-39799.77	0.33265	2.603	0.00
0.00	-30251.04	-39799.67	0.33262	-30251.04	-39799.67	0.33262	2.235	0.00
0.00	-30250.98	-39799.65	0.33248	-30250.98	-39799.65	0.33248	2.147	0.00
0.00	-30250.61	-39799.52	0.33253	-30250.61	-39799.52	0.33253	2.422	0.00
0.00	-30250.31	-39799.42	0.33250	-30250.31	-39799.42	0.33250	2.151	0.00
0.00	-30250.31	-39799.42	0.33250	-30250.31	-39799.42	0.33250	2.032	0.00
0.00	-30250.18	-39799.37	0.33227	-30250.18	-39799.37	0.33227	2.021	0.00
0.00	-30249.81	-39799.24	0.33213	-30249.81	-39799.24	0.33213	2.198	0.00
0.00	-30249.81	-39799.24	0.33213	-30249.81	-39799.24	0.33213	2.048	0.00
0.00	-30249.55	-39799.15	0.33213	-30249.55	-39799.15	0.33213	2.049	0.00
0.00	-30249.41	-39799.11	0.33197	-30249.41	-39799.11	0.33197	2.049	0.00
0.00	-30249.03	-39798.98	0.33206	-30249.03	-39798.98	0.33206	2.124	0.00
0.00	-30249.00	-39798.97	0.33200	-30249.00	-39798.97	0.33200	2.008	0.00
0.00	-30248.66	-39798.85	0.33193	-30248.66	-39798.85	0.33193	1.896	0.00
0.00	-30248.73	-39798.87	0.33181	-30248.73	-39798.87	0.33181	2.212	0.00
0.00	-30248.34	-39798.74	0.33149	-30248.34	-39798.74	0.33149	2.102	0.00
0.00	-30248.43	-39798.77	0.33138	-30248.43	-39798.77	0.33138	3.052	0.00
0.00	-30248.19	-39798.69	0.33114	-30248.19	-39798.69	0.33114	2.191	0.00
0.00	-30248.02	-39798.63	0.33087	-30248.02	-39798.63	0.33087	2.038	0.00
0.00	-30247.80	-39798.56	0.33072	-30247.80	-39798.56	0.33072	2.199	0.00
0.00	-30247.58	-39798.48	0.33064	-30247.58	-39798.48	0.33064	2.052	0.00
0.00	-30247.28	-39798.38	0.33056	-30247.28	-39798.38	0.33056	2.151	0.00
0.00	-30247.14	-39798.33	0.33054	-30247.14	-39798.33	0.33054	2.026	0.00
0.00	-30246.87	-39798.24	0.33053	-30246.87	-39798.24	0.33053	2.391	0.00
0.00	-30246.76	-39798.20	0.33044	-30246.76	-39798.20	0.33044	2.099	0.00
0.00	-30246.52	-39798.12	0.33025	-30246.52	-39798.12	0.33025	2.162	0.00
0.00	-30246.36	-39798.06	0.32999	-30246.36	-39798.06	0.32999	1.925	0.00
0.00	-30246.11	-39797.98	0.32978	-30246.11	-39797.98	0.32978	2.008	0.00
0.00	-30245.68	-39797.83	0.32964	-30245.68	-39797.83	0.32964	2.043	0.00
0.00	-30245.68	-39797.83	0.32964	-30245.68	-39797.83	0.32964	2.044	0.00
0.00	-30245.51	-39797.77	0.32974	-30245.51	-39797.77	0.32974	1.931	0.00
0.00	-30245.10	-39797.63	0.33007	-30245.10	-39797.63	0.33007	2.114	0.00
0.00	-30245.10	-39797.63	0.33007	-30245.10	-39797.63	0.33007	3.637	0.00
0.00	-30244.91	-39797.57	0.33031	-30244.91	-39797.57	0.33031	2.096	0.00
0.00	-30244.71	-39797.50	0.33044	-30244.71	-39797.50	0.33044	2.138	0.00
0.00	-30244.50	-39797.43	0.33050	-30244.50	-39797.43	0.33050	2.208	0.00
0.00	-30243.35	-39797.03	0.33064	-30243.35	-39797.03	0.33064	2.035	0.00
0.00	-30243.02	-39796.92	0.33079	-30243.02	-39796.92	0.33079	2.070	0.00
0.00	-30243.02	-39796.92	0.33079	-30243.02	-39796.92	0.33079	2.045	0.00
0.00	-30242.88	-39796.87	0.33085	-30242.88	-39796.87	0.33085	2.173	0.00
0.00	-30242.88	-39796.87	0.33085	-30242.88	-39796.87	0.33085	1.960	0.00
0.00	-30242.75	-39796.83	0.33083	-30242.75	-39796.83	0.33083	2.127	0.00
0.00	-30242.68	-39796.80	0.33079	-30242.68	-39796.80	0.33079	1.995	0.00
0.00	-30242.52	-39796.75	0.33068	-30242.52	-39796.75	0.33068	2.531	0.00
0.00	-30242.74	-39796.83	0.33040	-30242.74	-39796.83	0.33040	2.311	0.00
0.00	-30242.36	-39796.69	0.33045	-30242.36	-39796.69	0.33045	2.163	0.00
0.00	-30242.36	-39796.69	0.33045	-30242.36	-39796.69	0.33045	1.999	0.00
0.00	-30242.02	-39796.58	0.33047	-30242.02	-39796.58	0.33047	2.223	0.00
0.00	-30241.91	-39796.54	0.33031	-30241.91	-39796.54	0.33031	2.064	0.00
0.00	-30241.71	-39796.47	0.33024	-30241.71	-39796.47	0.33024	2.293	0.00
0.00	-30241.48	-39796.40	0.33017	-30241.48	-39796.40	0.33017	2.244	0.00
0.00	-30241.29	-39796.33	0.33008	-30241.29	-39796.33	0.33008	1.911	0.00
0.00	-30241.12	-39796.28	0.32995	-30241.12	-39796.28	0.32995	2.108	0.00
0.00	-30240.96	-39796.22	0.32982	-30240.96	-39796.22	0.32982	2.046	0.00
0.00	-30240.77	-39796.16	0.32996	-30240.77	-39796.16	0.32996	2.109	0.00
0.00	-30240.60	-39796.10	0.32978	-30240.60	-39796.10	0.32978	2.164	0.00
0.00	-30240.40	-39796.03	0.32977	-30240.40	-39796.03	0.32977	1.958	0.00
0.00	-30239.66	-39795.78	0.32933	-30239.66	-39795.78	0.32933	2.855	0.00
0.00	-30239.66	-39795.78	0.32933	-30239.66	-39795.78	0.32933	2.091	0.00
0.00	-30239.54	-39795.74	0.32932	-30239.54	-39795.74	0.32932	2.019	0.00
0.00	-30239.43	-39795.71	0.32933	-30239.43	-39795.71	0.32933	2.054	0.00
0.00	-30239.63	-39795.77	0.32925	-30239.63	-39795.77	0.32925	2.033	0.00
0.00	-30239.42	-39795.70	0.32906	-30239.42	-39795.70	0.32906	2.104	0.00
0.00	-30239.19	-39795.63	0.32898	-30239.19	-39795.63	0.32898	2.102	0.00
0.00	-30238.97	-39795.55	0.32900	-30238.97	-39795.55	0.32900	2.120	0.00
0.00	-30238.76	-39795.48	0.32913	-30238.76	-39795.48	0.32913	2.026	0.00
0.00	-30238.37	-39795.35	0.32924	-30238.37	-39795.35	0.32924	2.165	0.00
0.00	-30238.37	-39795.35	0.32918	-30238.37	-39795.35	0.32918	2.127	0.00
0.00	-30238.17	-39795.28	0.32895	-30238.17	-39795.28	0.32895	2.160	0.00
0.00	-30237.97	-39795.22	0.32876	-30237.97	-39795.22	0.32876	2.215	0.00
0.00	-30237.78	-39795.15	0.32850	-30237.78	-39795.15	0.32850	2.095	0.00
0.00	-30237.59	-39795.09	0.32837	-30237.59	-39795.09	0.32837	2.488	0.00
0.00	-30237.22	-39794.96	0.32820	-30237.22	-39794.96	0.32820	2.126	0.00
0.00	-30237.18	-39794.95	0.32823	-30237.18	-39794.95	0.32823	2.074	0.00
0.00	-30236.97	-39794.88	0.32833	-30236.97	-39794.88	0.32833	2.076	0.00
0.00	-30236.79	-39794.82	0.32852	-30236.79	-39794.82	0.32852	2.194	0.00
0.00	-30236.58	-39794.74	0.32859	-30236.58	-39794.74	0.32859	2.149	0.00
0.00	-30236.41	-39794.69	0.32865	-30236.41	-39794.69	0.32865	2.090	0.00
0.00	-30236.04	-39794.56	0.32883	-30236.04	-39794.56	0.32883	2.066	0.00
0.00	-30235.90	-39794.51	0.32891	-30235.90	-39794.51	0.32891	2.130	0.00
0.00	-30235.82	-39794.49	0.32896	-30235.82	-39794.49	0.32896	2.256	0.00
0.00	-30235.64	-39794.42	0.32901	-30235.64	-39794.42	0.32901	2.082	0.00
0.00	-30235.52	-39794.39	0.32889	-30235.52	-39794.39	0.32889	2.164	0.00
0.00	-30235.36	-39794.33	0.32877	-30235.36	-39794.33	0.32877	2.117	0.00
0.00	-30235.18	-39794.27	0.32856	-30235.18	-39794.27	0.32856	2.260	0.00
0.00	-30235.00	-39794.21	0.32845	-30235.00	-39794.21	0.32845	2.285	0.00
0.00	-30234.82	-39794.15	0.32826	-30234.82	-39794.15	0.32826	2.245	0.00
0.00	-30234.64	-39794.09	0.32820	-30234.64	-39794.09	0.32820	2.224	0.00
0.00	-30234.47	-39794.03	0.32805	-30234.47	-39794.03	0.32805	2.195	0.00
0.00	-30234.28	-39793.97	0.32804	-30234.28	-39793.97	0.32804	2.162	0.00
0.00	-30234.07	-39793.90	0.32791	-30234.07	-39793.90	0.32791	2.148	0.00
0.00	-30233.86	-39793.82	0.32781	-30233.86	-39793.82	0.32781	2.282	0.00
0.00	-30233.65	-39793.76	0.32767	-30233.65	-39793.76	0.32767	2.112	0.00
0.00	-30233.48	-39793.70	0.32762	-30233.48	-39793.70	0.32762	2.166	0.00
0.00	-30233.31	-39793.64	0.32770	-30233.31	-39793.64	0.32770	2.228	0.00
0.00	-30233.15	-39793.59	0.32771	-30233.15	-39793.59	0.32771	2.179	0.00
0.00	-30232.95	-39793.52	0.32774	-30232.95	-39793.52	0.32774	2.201	0.00
0.00	-30232.77	-39793.46	0.32797	-30232.77	-39793.46	0.32797	2.182	0.00
0.00	-30232.35	-39793.31	0.32857	-30232.35	-39793.31	0.32857	2.262	0.00
0.00	-30232.04	-39793.21	0.32924	-30232.04	-39793.21	0.32924	2.372	0.00
0.00	-30232.04	-39793.21	0.32924	-30232.04	-39793.21	0.32924	2.130	0.00
0.00	-30231.90	-39793.16	0.32996	-30231.90	-39793.16	0.32996	2.173	0.00
0.00	-30231.81	-39793.13	0.33041	-30231.81	-39793.13	0.33041	2.207	0.00
0.00	-30231.67	-39793.09	0.33080	-30231.67	-39793.09	0.33080	2.289	0.00
0.00	-30231.67	-39793.09	0.33080	-30231.67	-39793.09	0.33080	2.158	0.00
0.00	-30231.52	-39793.03	0.33125	-30231.52	-39793.03	0.33125	2.112	0.00
0.00	-30231.30	-39792.96	0.33165	-30231.30	-39792.96	0.33165	2.210	0.00
0.00	-30231.07	-39792.88	0.33204	-30231.07	-39792.88	0.33204	2.357	0.00
0.00	-30230.85	-39792.80	0.33249	-30230.85	-39792.80	0.33249	2.155	0.00
0.00	-30230.66	-39792.74	0.33292	-30230.66	-39792.74	0.33292	2.249	0.00
0.00	-30230.49	-39792.68	0.33339	-30230.49	-39792.68	0.33339	2.170	0.00
0.00	-30230.32	-39792.62	0.33395	-30230.32	-39792.62	0.33395	2.267	0.00
0.00	-30230.10	-39792.54	0.33455	-30230.10	-39792.54	0.33455	2.335	0.00
0.00	-30229.90	-39792.47	0.33503	-30229.90	-39792.47	0.33503	2.311	0.00
0.00	-30229.73	-39792.41	0.33547	-30229.73	-39792.41	0.33547	2.376	0.00
0.00	-30229.54	-39792.35	0.33585	-30229.54	-39792.35	0.33585	2.285	0.00
0.00	-30229.36	-39792.28	0.33617	-30229.36	-39792.28	0.33617	2.183	0.00
0.00	-30228.91	-39792.13	0.33696	-30228.91	-39792.13	0.33696	2.187	0.00
0.00	-30228.80	-39792.09	0.33713	-30228.80	-39792.09	0.33713	2.163	0.00
0.00	-30228.65	-39792.04	0.33733	-30228.65	-39792.04	0.33733	2.120	0.00
0.00	-30228.44	-39791.96	0.33814	-30228.44	-39791.96	0.33814	2.206	0.00
0.00	-30228.44	-39791.96	0.33814	-30228.44	-39791.96	0.33814	2.282	0.00
0.00	-30228.24	-39791.89	0.33876	-30228.24	-39791.89	0.33876	2.733	0.00
0.00	-30228.13	-39791.85	0.33891	-30228.13	-39791.85	0.33891	2.433	0.00
0.00	-30228.13	-39791.85	0.33891	-30228.13	-39791.85	0.33891	2.161	0.00
0.00	-30227.96	-39791.79	0.33906	-30227.96	-39791.79	0.33906	2.204	0.00
0.00	-30227.77	-39791.72	0.33924	-30227.77	-39791.72	0.33924	2.218	0.00
0.00	-30227.59	-39791.66	0.33951	-30227.59	-39791.66	0.33951	2.265	0.00
0.00	-30227.40	-39791.59	0.33975	-30227.40	-39791.59	0.33975	2.226	0.00
0.00	-30227.26	-39791.54	0.34016	-30227.26	-39791.54	0.34016	2.262	0.00
0.00	-30227.06	-39791.47	0.34060	-30227.06	-39791.47	0.34060	2.588	0.00
0.00	-30226.88	-39791.40	0.34115	-30226.88	-39791.40	0.34115	2.314	0.00
0.00	-30226.71	-39791.34	0.34157	-30226.71	-39791.34	0.34157	2.389	0.00
0.00	-30226.53	-39791.27	0.34183	-30226.53	-39791.27	0.34183	2.281	0.00
0.00	-30226.36	-39791.22	0.34203	-30226.36	-39791.22	0.34203	2.247	0.00
0.00	-30226.12	-39791.13	0.34216	-30226.12	-39791.13	0.34216	2.359	0.00
0.00	-30225.81	-39791.02	0.34241	-30225.81	-39791.02	0.34241	2.331	0.00
0.00	-30225.37	-39790.86	0.34319	-30225.37	-39790.86	0.34319	2.347	0.00
0.00	-30225.21	-39790.80	0.34313	-30225.21	-39790.80	0.34313	2.257	0.00
0.00	-30224.97	-39790.71	0.34315	-30224.97	-39790.71	0.34315	2.218	0.00
0.00	-30224.97	-39790.71	0.34315	-30224.97	-39790.71	0.34315	2.231	0.00
0.00	-30224.77	-39790.64	0.34342	-30224.77	-39790.64	0.34342	2.368	0.00
0.00	-30224.60	-39790.58	0.34375	-30224.60	-39790.58	0.34375	2.140	0.00
0.00	-30224.42	-39790.52	0.34462	-30224.42	-39790.52	0.34462	2.409	0.00
0.00	-30224.34	-39790.49	0.34494	-30224.34	-39790.49	0.34494	2.597	0.00
0.00	-30224.34	-39790.49	0.34494	-30224.34	-39790.49	0.34494	2.150	0.00
0.00	-30224.04	-39790.38	0.34578	-30224.04	-39790.38	0.34578	2.172	0.00
0.00	-30223.91	-39790.33	0.34602	-30223.91	-39790.33	0.34602	2.570	0.00
0.00	-30223.76	-39790.27	0.34615	-30223.76	-39790.27	0.34615	2.305	0.00
0.00	-30223.59	-39790.21	0.34622	-30223.59	-39790.21	0.34622	2.181	0.00
0.00	-30223.10	-39790.03	0.34647	-30223.10	-39790.03	0.34647	4.331	0.00
0.00	-30223.10	-39790.03	0.34647	-30223.10	-39790.03	0.34647	2.185	0.00
0.00	-30222.93	-39789.97	0.34670	-30222.93	-39789.97	0.34670	2.298	0.00
0.00	-30222.66	-39789.88	0.34712	-30222.66	-39789.88	0.34712	2.618	0.00
0.00	-30222.66	-39789.88	0.34712	-30222.66	-39789.88	0.34712	2.471	0.00
0.00	-30222.17	-39789.70	0.34769	-30222.17	-39789.70	0.34769	2.233	0.00
0.00	-30222.00	-39789.64	0.34778	-30222.00	-39789.64	0.34778	2.312	0.00
0.00	-30221.87	-39789.59	0.34785	-30221.87	-39789.59	0.34785	2.395	0.00
0.00	-30221.87	-39789.59	0.34785	-30221.87	-39789.59	0.34785	2.064	0.00
0.00	-30221.88	-39789.60	0.34788	-30221.88	-39789.60	0.34788	2.237	0.00
0.00	-30221.74	-39789.55	0.34793	-30221.74	-39789.55	0.34793	2.250	0.00
0.00	-30221.36	-39789.41	0.34786	-30221.36	-39789.41	0.34786	2.265	0.00
0.00	-30221.36	-39789.41	0.34786	-30221.36	-39789.41	0.34786	1.980	0.00
0.00	-30221.12	-39789.32	0.34792	-30221.12	-39789.32	0.34792	2.201	0.00
0.00	-30220.96	-39789.26	0.34799	-30220.96	-39789.26	0.34799	2.949	0.00
0.00	-30220.79	-39789.20	0.34807	-30220.79	-39789.20	0.34807	2.216	0.00
0.00	-30220.66	-39789.16	0.34819	-30220.66	-39789.16	0.34819	2.348	0.00
0.00	-30220.17	-39788.98	0.34865	-30220.17	-39788.98	0.34865	2.394	0.00
0.00	-30220.17	-39788.98	0.34865	-30220.17	-39788.98	0.34865	2.129	0.00
0.00	-30220.01	-39788.92	0.34879	-30220.01	-39788.92	0.34879	2.269	0.00
0.00	-30219.88	-39788.87	0.34875	-30219.88	-39788.87	0.34875	2.220	0.00
0.00	-30219.74	-39788.82	0.34866	-30219.74	-39788.82	0.34866	2.143	0.00
0.00	-30219.54	-39788.75	0.34875	-30219.54	-39788.75	0.34875	2.252	0.00
0.00	-30219.36	-39788.69	0.34914	-30219.36	-39788.69	0.34914	2.262	0.00
0.00	-30219.05	-39788.57	0.34966	-30219.05	-39788.57	0.34966	2.259	0.00
0.00	-30218.81	-39788.48	0.34997	-30218.81	-39788.48	0.34997	2.580	0.00
0.00	-30218.61	-39788.41	0.35022	-30218.61	-39788.41	0.35022	2.255	0.00
0.00	-30218.48	-39788.36	0.35037	-30218.48	-39788.36	0.35037	2.299	0.00
0.00	-30218.27	-39788.29	0.35070	-30218.27	-39788.29	0.35070	2.150	0.00
0.00	-30218.07	-39788.22	0.35112	-30218.07	-39788.22	0.35112	3.549	0.00
0.00	-30217.95	-39788.17	0.35139	-30217.95	-39788.17	0.35139	2.325	0.00
0.00	-30218.01	-39788.19	0.35181	-30218.01	-39788.19	0.35181	2.268	0.00
0.00	-30217.92	-39788.16	0.35228	-30217.92	-39788.16	0.35228	3.685	0.00
0.00	-30217.77	-39788.11	0.35264	-30217.77	-39788.11	0.35264	2.608	0.00
0.00	-30217.77	-39788.11	0.35264	-30217.77	-39788.11	0.35264	2.162	0.00
0.00	-30217.65	-39788.06	0.35296	-30217.65	-39788.06	0.35296	2.228	0.00
0.00	-30217.49	-39788.00	0.35340	-30217.49	-39788.00	0.35340	2.828	0.00
0.00	-30217.10	-39787.86	0.35445	-30217.10	-39787.86	0.35445	2.177	0.00
0.00	-30216.97	-39787.81	0.35488	-30216.97	-39787.81	0.35488	2.423	0.00
0.00	-30216.78	-39787.74	0.35549	-30216.78	-39787.74	0.35549	2.173	0.00
0.00	-30216.57	-39787.66	0.35608	-30216.57	-39787.66	0.35608	2.310	0.00
0.00	-30216.47	-39787.62	0.35633	-30216.47	-39787.62	0.35633	2.250	0.00
0.00	-30216.47	-39787.62	0.35633	-30216.47	-39787.62	0.35633	2.077	0.00
0.00	-30216.23	-39787.53	0.35681	-30216.23	-39787.53	0.35681	2.529	0.00
0.00	-30215.69	-39787.33	0.35762	-30215.69	-39787.33	0.35762	2.195	0.00
0.00	-30215.47	-39787.25	0.35808	-30215.47	-39787.25	0.35808	2.258	0.00
0.00	-30215.47	-39787.25	0.35808	-30215.47	-39787.25	0.35808	2.154	0.00
0.00	-30215.30	-39787.19	0.35839	-30215.30	-39787.19	0.35839	2.244	0.00
0.00	-30215.15	-39787.13	0.35849	-30215.15	-39787.13	0.35849	2.291	0.00
0.00	-30215.15	-39787.13	0.35849	-30215.15	-39787.13	0.35849	2.253	0.00
0.00	-30215.06	-39787.10	0.35868	-30215.06	-39787.10	0.35868	2.144	0.00
0.00	-30214.92	-39787.05	0.35897	-30214.92	-39787.05	0.35897	2.184	0.00
0.00	-30214.74	-39786.98	0.35928	-30214.74	-39786.98	0.35928	2.230	0.00
0.00	-30214.29	-39786.82	0.35916	-30214.29	-39786.82	0.35916	2.282	0.00
0.00	-30214.15	-39786.76	0.35940	-30214.15	-39786.76	0.35940	2.247	0.00
0.00	-30214.08	-39786.74	0.35953	-30214.08	-39786.74	0.35953	2.331	0.00
0.00	-30213.96	-39786.69	0.35971	-30213.96	-39786.69	0.35971	2.670	0.00
0.00	-30213.96	-39786.69	0.35971	-30213.96	-39786.69	0.35971	2.218	0.00
0.00	-30213.69	-39786.59	0.35993	-30213.69	-39786.59	0.35993	2.292	0.00
0.00	-30213.53	-39786.53	0.36012	-30213.53	-39786.53	0.36012	2.323	0.00
0.00	-30213.40	-39786.48	0.36005	-30213.40	-39786.48	0.36005	2.411	0.00
0.00	-30213.20	-39786.41	0.36014	-30213.20	-39786.41	0.36014	2.091	0.00
0.00	-30213.20	-39786.41	0.36014	-30213.20	-39786.41	0.36014	2.100	0.00
0.00	-30212.70	-39786.22	0.36032	-30212.70	-39786.22	0.36032	2.294	0.00
0.00	-30212.57	-39786.17	0.36039	-30212.57	-39786.17	0.36039	2.274	0.00
0.00	-30212.47	-39786.14	0.36044	-30212.47	-39786.14	0.36044	2.280	0.00
0.00	-30212.37	-39786.10	0.36049	-30212.37	-39786.10	0.36049	2.196	0.00
0.00	-30212.27	-39786.06	0.36052	-30212.27	-39786.06	0.36052	2.365	0.00
0.00	-30212.18	-39786.03	0.36053	-30212.18	-39786.03	0.36053	2.140	0.00
0.00	-30212.12	-39786.00	0.36052	-30212.12	-39786.00	0.36052	2.211	0.00
0.00	-30212.12	-39786.00	0.36052	-30212.12	-39786.00	0.36052	2.324	0.00
0.00	-30211.77	-39785.88	0.36015	-30211.77	-39785.88	0.36015	2.120	0.00
0.00	-30211.71	-39785.85	0.36006	-30211.71	-39785.85	0.36006	2.204	0.00
0.00	-30211.71	-39785.85	0.36006	-30211.71	-39785.85	0.36006	2.156	0.00
0.00	-30211.65	-39785.83	0.35994	-30211.65	-39785.83	0.35994	2.281	0.00
0.00	-30210.96	-39785.57	0.35924	-30210.96	-39785.57	0.35924	2.181	0.00
0.00	-30210.91	-39785.55	0.35913	-30210.91	-39785.55	0.35913	2.297	0.00
0.00	-30210.89	-39785.54	0.35904	-30210.89	-39785.54	0.35904	2.283	0.00
0.00	-30210.65	-39785.45	0.35886	-30210.65	-39785.45	0.35886	2.262	0.00
0.00	-30210.47	-39785.39	0.35865	-30210.47	-39785.39	0.35865	2.228	0.00
0.00	-30210.27	-39785.31	0.35851	-30210.27	-39785.31	0.35851	2.308	0.00
0.00	-30210.09	-39785.24	0.35825	-30210.09	-39785.24	0.35825	2.837	0.00
0.00	-30209.92	-39785.18	0.35775	-30209.92	-39785.18	0.35775	2.714	0.00
0.00	-30209.60	-39785.05	0.35699	-30209.60	-39785.05	0.35699	2.431	0.00
0.00	-30209.60	-39785.06	0.35687	-30209.60	-39785.06	0.35687	2.602	0.00
0.00	-30209.45	-39785.00	0.35647	-30209.45	-39785.00	0.35647	2.420	0.00
0.00	-30209.28	-39784.93	0.35617	-30209.28	-39784.93	0.35617	2.498	0.00
0.00	-30209.10	-39784.87	0.35580	-30209.10	-39784.87	0.35580	2.475	0.00
0.00	-30208.94	-39784.81	0.35562	-30208.94	-39784.81	0.35562	2.837	0.00
0.00	-30208.79	-39784.75	0.35543	-30208.79	-39784.75	0.35543	2.548	0.00
0.00	-30208.62	-39784.69	0.35482	-30208.62	-39784.69	0.35482	2.702	0.00
0.00	-30208.46	-39784.63	0.35442	-30208.46	-39784.63	0.35442	2.640	0.00
0.00	-30208.33	-39784.58	0.35402	-30208.33	-39784.58	0.35402	2.797	0.00
0.00	-30208.16	-39784.52	0.35337	-30208.16	-39784.52	0.35337	2.938	0.00
0.00	-30208.07	-39784.48	0.35290	-30208.07	-39784.48	0.35290	2.833	0.00
0.00	-30207.94	-39784.43	0.35257	-30207.94	-39784.43	0.35257	2.628	0.00
0.00	-30207.79	-39784.38	0.35206	-30207.79	-39784.38	0.35206	3.182	0.00
0.00	-30207.64	-39784.32	0.35152	-30207.64	-39784.32	0.35152	2.662	0.00
0.00	-30207.49	-39784.27	0.35077	-30207.49	-39784.27	0.35077	3.223	0.00
0.00	-30207.34	-39784.21	0.34993	-30207.34	-39784.21	0.34993	3.161	0.00
0.00	-30207.19	-39784.16	0.34896	-30207.19	-39784.16	0.34896	2.851	0.00
0.00	-30207.04	-39784.10	0.34811	-30207.04	-39784.10	0.34811	3.382	0.00
0.00	-30206.88	-39784.04	0.34721	-30206.88	-39784.04	0.34721	3.621	0.00
0.00	-30206.45	-39783.89	0.34440	-30206.45	-39783.89	0.34440	3.339	0.00
0.00	-30206.33	-39783.84	0.34347	-30206.33	-39783.84	0.34347	3.327	0.00
0.00	-30206.13	-39783.77	0.34196	-30206.13	-39783.77	0.34196	3.394	0.00
0.00	-30206.03	-39783.74	0.34110	-30206.03	-39783.74	0.34110	3.854	0.00
0.00	-30205.96	-39783.71	0.33921	-30205.96	-39783.71	0.33921	3.311	0.00
0.00	-30205.96	-39783.71	0.33921	-30205.96	-39783.71	0.33921	3.949	0.00
0.00	-30205.91	-39783.69	0.33877	-30205.91	-39783.69	0.33877	5.101	0.00
0.00	-30205.69	-39783.62	0.33746	-30205.69	-39783.62	0.33746	3.682	0.00
0.00	-30205.66	-39783.61	0.33711	-30205.66	-39783.61	0.33711	3.367	0.00
0.00	-30205.51	-39783.55	0.33587	-30205.51	-39783.55	0.33587	3.745	0.00
0.00	-30205.29	-39783.48	0.33468	-30205.29	-39783.48	0.33468	3.843	0.00
0.00	-30204.86	-39783.33	0.33221	-30204.86	-39783.33	0.33221	4.365	0.00
0.00	-30204.86	-39783.33	0.33221	-30204.86	-39783.33	0.33221	3.820	0.00
0.00	-30204.77	-39783.29	0.33095	-30204.77	-39783.29	0.33095	4.068	0.00
0.00	-30204.63	-39783.25	0.32982	-30204.63	-39783.25	0.32982	3.990	0.00
0.00	-30204.47	-39783.19	0.32885	-30204.47	-39783.19	0.32885	4.083	0.00
0.00	-30204.30	-39783.14	0.32803	-30204.30	-39783.14	0.32803	3.688	0.00
0.00	-30204.13	-39783.08	0.32723	-30204.13	-39783.08	0.32723	4.192	0.00
0.00	-30203.94	-39783.01	0.32639	-30203.94	-39783.01	0.32639	4.141	0.00
0.00	-30203.79	-39782.96	0.32557	-30203.79	-39782.96	0.32557	4.113	0.00
0.00	-30203.38	-39782.82	0.32333	-30203.38	-39782.82	0.32333	4.376	0.00
0.00	-30203.35	-39782.82	0.32217	-30203.35	-39782.82	0.32217	4.320	0.00
0.00	-30203.19	-39782.76	0.32144	-30203.19	-39782.76	0.32144	3.812	0.00
0.00	-30203.19	-39782.76	0.32144	-30203.19	-39782.76	0.32144	4.253	0.00
0.00	-30203.11	-39782.73	0.32110	-30203.11	-39782.73	0.32110	4.340	0.00
0.00	-30202.91	-39782.67	0.32050	-30202.91	-39782.67	0.32050	5.987	0.00
0.00	-30202.91	-39782.67	0.32050	-30202.91	-39782.67	0.32050	4.398	0.00
0.00	-30202.60	-39782.56	0.31962	-30202.60	-39782.56	0.31962	4.318	0.00
0.00	-30202.52	-39782.53	0.31919	-30202.52	-39782.53	0.31919	4.847	0.00
0.00	-30202.48	-39782.52	0.31903	-30202.48	-39782.52	0.31903	3.804	0.00
0.00	-30202.32	-39782.47	0.31840	-30202.32	-39782.47	0.31840	4.567	0.00
0.00	-30202.15	-39782.41	0.31786	-30202.15	-39782.41	0.31786	4.622	0.00
0.00	-30201.82	-39782.30	0.31676	-30201.82	-39782.30	0.31676	4.722	0.00
0.00	-30201.79	-39782.29	0.31658	-30201.79	-39782.29	0.31658	3.452	0.00
0.00	-30201.65	-39782.25	0.31575	-30201.65	-39782.25	0.31575	4.853	0.00
0.00	-30201.49	-39782.20	0.31474	-30201.49	-39782.20	0.31474	4.871	0.00
0.00	-30201.35	-39782.15	0.31368	-30201.35	-39782.15	0.31368	4.997	0.00
0.00	-30201.20	-39782.10	0.31260	-30201.20	-39782.10	0.31260	4.963	0.00
0.00	-30201.06	-39782.06	0.31143	-30201.06	-39782.06	0.31143	4.423	0.00
0.00	-30200.92	-39782.01	0.31025	-30200.92	-39782.01	0.31025	5.089	0.00
0.00	-30200.77	-39781.96	0.30904	-30200.77	-39781.96	0.30904	4.273	0.00
0.00	-30200.33	-39781.82	0.30576	-30200.33	-39781.82	0.30576	5.239	0.00
0.00	-30200.24	-39781.80	0.30500	-30200.24	-39781.80	0.30500	5.007	0.00
0.00	-30199.91	-39781.69	0.30196	-30199.91	-39781.69	0.30196	5.166	0.00
0.00	-30199.81	-39781.66	0.30121	-30199.81	-39781.66	0.30121	5.330	0.00
0.00	-30199.81	-39781.66	0.30121	-30199.81	-39781.66	0.30121	5.628	0.00
0.00	-30199.62	-39781.60	0.29971	-30199.62	-39781.60	0.29971	4.322	0.00
0.00	-30199.55	-39781.59	0.29750	-30199.55	-39781.59	0.29750	5.516	0.00
0.00	-30199.45	-39781.56	0.29653	-30199.45	-39781.56	0.29653	5.550	0.00
0.00	-30199.36	-39781.53	0.29573	-30199.36	-39781.53	0.29573	5.764	0.00
0.00	-30199.24	-39781.49	0.29505	-30199.24	-39781.49	0.29505	4.420	0.00
0.00	-30199.12	-39781.46	0.29441	-30199.12	-39781.46	0.29441	3.766	0.00
0.00	-30199.00	-39781.42	0.29343	-30199.00	-39781.42	0.29343	5.998	0.00
0.00	-30199.00	-39781.42	0.29343	-30199.00	-39781.42	0.29343	5.577	0.00
0.00	-30198.86	-39781.38	0.29222	-30198.86	-39781.38	0.29222	5.932	0.00
0.00	-30198.86	-39781.38	0.29222	-30198.86	-39781.38	0.29222	5.459	0.00
0.00	-30198.69	-39781.33	0.29134	-30198.69	-39781.33	0.29134	4.782	0.00
0.00	-30198.54	-39781.29	0.29065	-30198.54	-39781.29	0.29065	16.497	0.00
0.00	-30198.42	-39781.25	0.29010	-30198.42	-39781.25	0.29010	5.268	0.00
0.00	-30198.27	-39781.21	0.28926	-30198.27	-39781.21	0.28926	5.378	0.00
0.00	-30197.74	-39781.05	0.28643	-30197.74	-39781.05	0.28643	4.982	0.00
0.00	-30197.67	-39781.03	0.28593	-30197.67	-39781.03	0.28593	5.166	0.00
0.00	-30197.63	-39781.02	0.28560	-30197.63	-39781.02	0.28560	5.225	0.00
0.00	-30197.53	-39780.99	0.28493	-30197.53	-39780.99	0.28493	5.213	0.00
0.00	-30197.53	-39780.99	0.28493	-30197.53	-39780.99	0.28493	5.770	0.00
0.00	-30197.50	-39780.98	0.28408	-30197.50	-39780.98	0.28408	5.186	0.00
0.00	-30197.46	-39780.97	0.28391	-30197.46	-39780.97	0.28391	6.202	0.00
0.00	-30197.26	-39780.91	0.28242	-30197.26	-39780.91	0.28242	5.333	0.00
0.00	-30197.26	-39780.91	0.28242	-30197.26	-39780.91	0.28242	5.058	0.00
0.00	-30197.16	-39780.89	0.28176	-30197.16	-39780.89	0.28176	5.256	0.00
0.00	-30197.14	-39780.88	0.28131	-30197.14	-39780.88	0.28131	5.226	0.00
0.00	-30197.08	-39780.86	0.28052	-30197.08	-39780.86	0.28052	5.222	0.00
0.00	-30196.99	-39780.84	0.27989	-30196.99	-39780.84	0.27989	5.434	0.00
0.00	-30196.92	-39780.82	0.27930	-30196.92	-39780.82	0.27930	5.504	0.00
0.00	-30196.83	-39780.80	0.27878	-30196.83	-39780.80	0.27878	5.636	0.00
0.00	-30196.76	-39780.78	0.27844	-30196.76	-39780.78	0.27844	10.049	0.00
0.00	-30196.69	-39780.76	0.27825	-30196.69	-39780.76	0.27825	5.268	0.00
0.00	-30196.61	-39780.73	0.27792	-30196.61	-39780.73	0.27792	5.810	0.00
0.00	-30196.56	-39780.72	0.27750	-30196.56	-39780.72	0.27750	5.579	0.00
0.00	-30196.49	-39780.70	0.27706	-30196.49	-39780.70	0.27706	5.977	0.00
0.00	-30196.27	-39780.64	0.27545	-30196.27	-39780.64	0.27545	7.267	0.00
0.00	-30196.27	-39780.64	0.27545	-30196.27	-39780.64	0.27545	5.517	0.00
0.00	-30196.30	-39780.65	0.27507	-30196.30	-39780.65	0.27507	8.583	0.00
0.00	-30196.30	-39780.65	0.27507	-30196.30	-39780.65	0.27507	5.576	0.00
0.00	-30196.26	-39780.64	0.27499	-30196.26	-39780.64	0.27499	6.000	0.00
0.00	-30196.19	-39780.62	0.27483	-30196.19	-39780.62	0.27483	6.072	0.00
0.00	-30196.11	-39780.60	0.27460	-30196.11	-39780.60	0.27460	7.876	0.00
0.00	-30196.04	-39780.58	0.27436	-30196.04	-39780.58	0.27436	5.764	0.00
0.00	-30195.97	-39780.56	0.27407	-30195.97	-39780.56	0.27407	5.942	0.00
0.00	-30195.92	-39780.54	0.27376	-30195.92	-39780.54	0.27376	5.938	0.00
0.00	-30195.84	-39780.52	0.27351	-30195.84	-39780.52	0.27351	9.657	0.00
0.00	-30195.77	-39780.50	0.27330	-30195.77	-39780.50	0.27330	6.432	0.00
0.00	-30195.72	-39780.48	0.27322	-30195.72	-39780.48	0.27322	6.201	0.00
0.00	-30195.65	-39780.47	0.27318	-30195.65	-39780.47	0.27318	6.598	0.00
0.00	-30195.60	-39780.45	0.27313	-30195.60	-39780.45	0.27313	5.733	0.00
0.00	-30195.53	-39780.43	0.27301	-30195.53	-39780.43	0.27301	7.337	0.00
0.00	-30195.43	-39780.40	0.27270	-30195.43	-39780.40	0.27270	6.406	0.00
0.00	-30195.43	-39780.40	0.27263	-30195.43	-39780.40	0.27263	7.906	0.00
0.00	-30195.36	-39780.38	0.27248	-30195.36	-39780.38	0.27248	6.168	0.00
0.00	-30195.29	-39780.36	0.27237	-30195.29	-39780.36	0.27237	6.308	0.00
0.00	-30195.23	-39780.35	0.27232	-30195.23	-39780.35	0.27232	7.911	0.00
0.00	-30194.95	-39780.27	0.27235	-30194.95	-39780.27	0.27235	6.871	0.00
0.00	-30194.91	-39780.26	0.27236	-30194.91	-39780.26	0.27236	6.858	0.00
0.00	-30194.82	-39780.23	0.27233	-30194.82	-39780.23	0.27233	7.483	0.00
0.00	-30194.82	-39780.23	0.27233	-30194.82	-39780.23	0.27233	6.393	0.00
0.00	-30194.78	-39780.22	0.27227	-30194.78	-39780.22	0.27227	7.156	0.00
0.00	-30194.74	-39780.21	0.27214	-30194.74	-39780.21	0.27214	6.330	0.00
0.00	-30194.70	-39780.20	0.27200	-30194.70	-39780.20	0.27200	7.305	0.00
0.00	-30194.70	-39780.20	0.27200	-30194.70	-39780.20	0.27200	5.956	0.00
0.00	-30194.73	-39780.21	0.27194	-30194.73	-39780.21	0.27194	6.805	0.00
0.00	-30194.68	-39780.19	0.27204	-30194.68	-39780.19	0.27204	6.923	0.00
0.00	-30194.62	-39780.17	0.27233	-30194.62	-39780.17	0.27233	6.930	0.00
0.00	-30194.55	-39780.15	0.27258	-30194.55	-39780.15	0.27258	6.903	0.00
0.00	-30194.48	-39780.14	0.27272	-30194.48	-39780.14	0.27272	6.513	0.00
0.00	-30194.43	-39780.12	0.27262	-30194.43	-39780.12	0.27262	6.506	0.00
0.00	-30194.37	-39780.10	0.27240	-30194.37	-39780.10	0.27240	9.115	0.00
0.00	-30194.33	-39780.09	0.27226	-30194.33	-39780.09	0.27226	8.229	0.00
0.00	-30194.27	-39780.08	0.27217	-30194.27	-39780.08	0.27217	6.652	0.00
0.00	-30194.21	-39780.06	0.27224	-30194.21	-39780.06	0.27224	6.887	0.00
0.00	-30194.15	-39780.04	0.27242	-30194.15	-39780.04	0.27242	6.679	0.00
0.00	-30194.09	-39780.03	0.27254	-30194.09	-39780.03	0.27254	6.737	0.00
0.00	-30193.96	-39779.99	0.27249	-30193.96	-39779.99	0.27249	9.688	0.00
0.00	-30193.96	-39779.99	0.27249	-30193.96	-39779.99	0.27249	6.896	0.00
0.00	-30193.91	-39779.98	0.27233	-30193.91	-39779.98	0.27233	6.802	0.00
0.00	-30193.83	-39779.96	0.27207	-30193.83	-39779.96	0.27207	7.138	0.00
0.00	-30193.76	-39779.94	0.27188	-30193.76	-39779.94	0.27188	6.768	0.00
0.00	-30193.70	-39779.92	0.27188	-30193.70	-39779.92	0.27188	6.806	0.00
0.00	-30193.62	-39779.90	0.27180	-30193.62	-39779.90	0.27180	7.292	0.00
0.00	-30193.54	-39779.88	0.27175	-30193.54	-39779.88	0.27175	7.028	0.00
0.00	-30193.48	-39779.86	0.27164	-30193.48	-39779.86	0.27164	7.108	0.00
0.00	-30193.42	-39779.84	0.27133	-30193.42	-39779.84	0.27133	7.139	0.00
0.00	-30193.34	-39779.82	0.27120	-30193.34	-39779.82	0.27120	8.141	0.00
0.00	-30193.30	-39779.81	0.27089	-30193.30	-39779.81	0.27089	7.313	0.00
0.00	-30193.24	-39779.79	0.27047	-30193.24	-39779.79	0.27047	6.679	0.00
0.00	-30193.17	-39779.78	0.27021	-30193.17	-39779.78	0.27021	7.059	0.00
0.00	-30193.10	-39779.76	0.26995	-30193.10	-39779.76	0.26995	10.109	0.00
0.00	-30193.03	-39779.74	0.26986	-30193.03	-39779.74	0.26986	6.893	0.00
0.00	-30192.97	-39779.72	0.26955	-30192.97	-39779.72	0.26955	6.861	0.00
0.00	-30192.90	-39779.70	0.26919	-30192.90	-39779.70	0.26919	7.266	0.00
0.00	-30192.83	-39779.69	0.26884	-30192.83	-39779.69	0.26884	7.306	0.00
0.00	-30192.77	-39779.67	0.26831	-30192.77	-39779.67	0.26831	6.933	0.00
0.00	-30192.59	-39779.62	0.26763	-30192.59	-39779.62	0.26763	8.008	0.00
0.00	-30192.58	-39779.62	0.26743	-30192.58	-39779.62	0.26743	7.939	0.00
0.00	-30192.59	-39779.62	0.26732	-30192.59	-39779.62	0.26732	7.852	0.00
0.00	-30192.52	-39779.60	0.26702	-30192.52	-39779.60	0.26702	7.498	0.00
0.00	-30192.44	-39779.58	0.26675	-30192.44	-39779.58	0.26675	7.348	0.00
0.00	-30192.36	-39779.56	0.26650	-30192.36	-39779.56	0.26650	7.658	0.00
0.00	-30192.28	-39779.54	0.26594	-30192.28	-39779.54	0.26594	7.391	0.00
0.00	-30192.20	-39779.52	0.26528	-30192.20	-39779.52	0.26528	7.893	0.00
0.00	-30192.12	-39779.49	0.26459	-30192.12	-39779.49	0.26459	7.839	0.00
0.00	-30192.04	-39779.47	0.26392	-30192.04	-39779.47	0.26392	7.360	0.00
0.00	-30191.96	-39779.45	0.26349	-30191.96	-39779.45	0.26349	7.489	0.00
0.00	-30191.89	-39779.43	0.26301	-30191.89	-39779.43	0.26301	7.899	0.00
0.00	-30191.80	-39779.41	0.26253	-30191.80	-39779.41	0.26253	7.724	0.00
0.00	-30191.73	-39779.39	0.26200	-30191.73	-39779.39	0.26200	8.081	0.00
0.00	-30191.63	-39779.36	0.26138	-30191.63	-39779.36	0.26138	7.851	0.00
0.00	-30191.56	-39779.35	0.26078	-30191.56	-39779.35	0.26078	8.142	0.00
0.00	-30191.48	-39779.33	0.25981	-30191.48	-39779.33	0.25981	7.933	0.00
0.00	-30191.39	-39779.30	0.25884	-30191.39	-39779.30	0.25884	7.813	0.00
0.00	-30191.29	-39779.28	0.25785	-30191.29	-39779.28	0.25785	7.603	0.00
0.00	-30191.19	-39779.25	0.25687	-30191.19	-39779.25	0.25687	7.670	0.00
0.00	-30190.94	-39779.18	0.25431	-30190.94	-39779.18	0.25431	7.601	0.00
0.00	-30190.89	-39779.17	0.25387	-30190.89	-39779.17	0.25387	7.797	0.00
0.00	-30190.84	-39779.16	0.25343	-30190.84	-39779.16	0.25343	8.509	0.00
0.00	-30190.84	-39779.16	0.25343	-30190.84	-39779.16	0.25343	7.694	0.00
0.00	-30190.74	-39779.13	0.25210	-30190.74	-39779.13	0.25210	7.790	0.00
0.00	-30190.54	-39779.08	0.24998	-30190.54	-39779.08	0.24998	8.139	0.00
0.00	-30190.51	-39779.08	0.24947	-30190.51	-39779.08	0.24947	7.901	0.00
0.00	-30190.41	-39779.05	0.24822	-30190.41	-39779.05	0.24822	8.359	0.00
0.00	-30190.30	-39779.02	0.24703	-30190.30	-39779.02	0.24703	7.929	0.00
0.00	-30190.19	-39779.00	0.24591	-30190.19	-39779.00	0.24591	8.730	0.00
0.00	-30190.08	-39778.97	0.24481	-30190.08	-39778.97	0.24481	8.303	0.00
0.00	-30189.98	-39778.94	0.24374	-30189.98	-39778.94	0.24374	8.252	0.00
0.00	-30189.85	-39778.91	0.24232	-30189.85	-39778.91	0.24232	8.177	0.00
0.00	-30189.73	-39778.88	0.24089	-30189.73	-39778.88	0.24089	8.595	0.00
0.00	-30189.60	-39778.85	0.23928	-30189.60	-39778.85	0.23928	8.048	0.00
0.00	-30189.51	-39778.83	0.23805	-30189.51	-39778.83	0.23805	8.374	0.00
0.00	-30189.40	-39778.80	0.23674	-30189.40	-39778.80	0.23674	8.632	0.00
0.00	-30189.27	-39778.77	0.23544	-30189.27	-39778.77	0.23544	8.214	0.00
0.00	-30189.14	-39778.74	0.23412	-30189.14	-39778.74	0.23412	10.918	0.00
0.00	-30189.02	-39778.71	0.23286	-30189.02	-39778.71	0.23286	8.331	0.00
0.00	-30188.87	-39778.68	0.23153	-30188.87	-39778.68	0.23153	7.967	0.00
0.00	-30188.52	-39778.59	0.22813	-30188.52	-39778.59	0.22813	9.546	0.00
0.00	-30188.52	-39778.59	0.22813	-30188.52	-39778.59	0.22813	9.217	0.00
0.00	-30188.41	-39778.57	0.22670	-30188.41	-39778.57	0.22670	8.195	0.00
0.00	-30188.36	-39778.55	0.22557	-30188.36	-39778.55	0.22557	8.287	0.00
0.00	-30188.31	-39778.54	0.22453	-30188.31	-39778.54	0.22453	8.595	0.00
0.00	-30188.04	-39778.48	0.22240	-30188.04	-39778.48	0.22240	8.544	0.00
0.00	-30188.01	-39778.47	0.22194	-30188.01	-39778.47	0.22194	8.799	0.00
0.00	-30187.87	-39778.44	0.22042	-30187.87	-39778.44	0.22042	8.624	0.00
0.00	-30187.73	-39778.41	0.21902	-30187.73	-39778.41	0.21902	9.112	0.00
0.00	-30187.61	-39778.38	0.21744	-30187.61	-39778.38	0.21744	8.170	0.00
0.00	-30187.51	-39778.36	0.21591	-30187.51	-39778.36	0.21591	8.451	0.00
0.00	-30187.42	-39778.34	0.21456	-30187.42	-39778.34	0.21456	8.210	0.00
0.00	-30187.27	-39778.31	0.21307	-30187.27	-39778.31	0.21307	8.487	0.00
0.00	-30187.16	-39778.28	0.21168	-30187.16	-39778.28	0.21168	8.356	0.00
0.00	-30187.04	-39778.26	0.21025	-30187.04	-39778.26	0.21025	8.679	0.00
0.00	-30186.93	-39778.23	0.20887	-30186.93	-39778.23	0.20887	8.408	0.00
0.00	-30186.78	-39778.20	0.20698	-30186.78	-39778.20	0.20698	8.602	0.00
0.00	-30186.72	-39778.19	0.20572	-30186.72	-39778.19	0.20572	8.660	0.00
0.00	-30186.60	-39778.16	0.20412	-30186.60	-39778.16	0.20412	9.058	0.00
0.00	-30186.44	-39778.13	0.20261	-30186.44	-39778.13	0.20261	8.614	0.00
0.00	-30186.01	-39778.04	0.19832	-30186.01	-39778.04	0.19832	9.018	0.00
0.00	-30186.01	-39778.04	0.19832	-30186.01	-39778.04	0.19832	8.784	0.00
0.00	-30186.00	-39778.04	0.19671	-30186.00	-39778.04	0.19671	8.935	0.00
0.00	-30186.00	-39778.04	0.19671	-30186.00	-39778.04	0.19671	8.956	0.00
0.00	-30185.90	-39778.02	0.19514	-30185.90	-39778.02	0.19514	9.000	0.00
0.00	-30185.77	-39778.00	0.19361	-30185.77	-39778.00	0.19361	8.680	0.00
0.00	-30185.67	-39777.98	0.19211	-30185.67	-39777.98	0.19211	9.379	0.00
0.00	-30185.54	-39777.95	0.19058	-30185.54	-39777.95	0.19058	8.765	0.00
0.00	-30185.40	-39777.92	0.18899	-30185.40	-39777.92	0.18899	8.895	0.00
0.00	-30185.28	-39777.90	0.18748	-30185.28	-39777.90	0.18748	9.225	0.00
0.00	-30185.16	-39777.88	0.18594	-30185.16	-39777.88	0.18594	8.679	0.00
0.00	-30185.02	-39777.85	0.18403	-30185.02	-39777.85	0.18403	9.318	0.00
0.00	-30184.94	-39777.83	0.18276	-30184.94	-39777.83	0.18276	9.275	0.00
0.00	-30184.82	-39777.81	0.18123	-30184.82	-39777.81	0.18123	9.314	0.00
0.00	-30184.70	-39777.79	0.17974	-30184.70	-39777.79	0.17974	9.238	0.00
0.00	-30184.60	-39777.77	0.17827	-30184.60	-39777.77	0.17827	9.099	0.00
0.00	-30184.40	-39777.74	0.17584	-30184.40	-39777.74	0.17584	9.860	0.00
0.00	-30184.33	-39777.72	0.17476	-30184.33	-39777.72	0.17476	10.502	0.00
0.00	-30184.24	-39777.71	0.17321	-30184.24	-39777.71	0.17321	9.246	0.00
0.00	-30184.08	-39777.68	0.17176	-30184.08	-39777.68	0.17176	8.857	0.00
0.00	-30183.95	-39777.66	0.17025	-30183.95	-39777.66	0.17025	9.515	0.00
0.00	-30183.33	-39777.55	0.16466	-30183.33	-39777.55	0.16466	9.704	0.00
0.00	-30183.26	-39777.54	0.16350	-30183.26	-39777.54	0.16350	9.545	0.00
0.00	-30183.16	-39777.52	0.16183	-30183.16	-39777.52	0.16183	9.625	0.00
0.00	-30183.27	-39777.54	0.16016	-30183.27	-39777.54	0.16016	10.690	0.00
0.00	-30183.27	-39777.54	0.16016	-30183.27	-39777.54	0.16016	9.818	0.00
0.00	-30183.26	-39777.54	0.15909	-30183.26	-39777.54	0.15909	9.635	0.00
0.00	-30183.13	-39777.52	0.15698	-30183.13	-39777.52	0.15698	9.597	0.00
0.00	-30183.13	-39777.52	0.15651	-30183.13	-39777.52	0.15651	10.264	0.00
0.00	-30182.98	-39777.50	0.15484	-30182.98	-39777.50	0.15484	8.920	0.00
0.00	-30182.84	-39777.47	0.15304	-30182.84	-39777.47	0.15304	9.450	0.00
0.00	-30182.71	-39777.45	0.15109	-30182.71	-39777.45	0.15109	9.389	0.00
0.00	-30182.57	-39777.43	0.14896	-30182.57	-39777.43	0.14896	9.104	0.00
0.00	-30182.46	-39777.42	0.14721	-30182.46	-39777.42	0.14721	9.518	0.00
0.00	-30182.35	-39777.40	0.14544	-30182.35	-39777.40	0.14544	9.281	0.00
0.00	-30182.23	-39777.38	0.14372	-30182.23	-39777.38	0.14372	10.052	0.00
0.00	-30182.13	-39777.37	0.14212	-30182.13	-39777.37	0.14212	9.500	0.00
0.00	-30181.98	-39777.35	0.14018	-30181.98	-39777.35	0.14018	11.014	0.00
0.00	-30181.87	-39777.33	0.13833	-30181.87	-39777.33	0.13833	9.642	0.00
0.00	-30181.75	-39777.31	0.13637	-30181.75	-39777.31	0.13637	9.394	0.00
0.00	-30181.61	-39777.29	0.13444	-30181.61	-39777.29	0.13444	9.614	0.00
0.00	-30181.48	-39777.28	0.13259	-30181.48	-39777.28	0.13259	9.376	0.00
0.00	-30181.07	-39777.22	0.12669	-30181.07	-39777.22	0.12669	10.062	0.00
0.00	-30180.92	-39777.20	0.12598	-30180.92	-39777.20	0.12598	10.435	0.00
0.00	-30181.03	-39777.22	0.12531	-30181.03	-39777.22	0.12531	11.495	0.00
0.00	-30181.03	-39777.22	0.12531	-30181.03	-39777.22	0.12531	9.593	0.00
0.00	-30180.75	-39777.18	0.12134	-30180.75	-39777.18	0.12134	10.270	0.00
0.00	-30180.75	-39777.18	0.12134	-30180.75	-39777.18	0.12134	10.460	0.00
0.00	-30180.67	-39777.17	0.11931	-30180.67	-39777.17	0.11931	10.544	0.00
0.00	-30180.53	-39777.15	0.11703	-30180.53	-39777.15	0.11703	9.688	0.00
0.00	-30180.40	-39777.14	0.11488	-30180.40	-39777.14	0.11488	10.333	0.00
0.00	-30180.29	-39777.12	0.11271	-30180.29	-39777.12	0.11271	9.848	0.00
0.00	-30180.17	-39777.11	0.11047	-30180.17	-39777.11	0.11047	10.261	0.00
