0.00	-30193.13	-39901.73	0.35000	-30193.13	-39901.73	0.35000	2.607	0.00
0.00	-30192.99	-39901.67	0.34756	-30192.99	-39901.67	0.34756	2.461	0.00
0.00	-30193.26	-39901.71	0.43697	-30193.26	-39901.71	0.43697	2.562	0.00
0.00	-30193.56	-39901.77	0.50815	-30193.56	-39901.77	0.50815	2.472	0.00
0.00	-30193.87	-39901.85	0.57935	-30193.87	-39901.85	0.57935	2.269	0.00
0.00	-30194.19	-39901.94	0.65228	-30194.19	-39901.94	0.65228	2.404	0.00
0.00	-30194.47	-39902.02	0.71804	-30194.47	-39902.02	0.71804	2.659	0.00
0.00	-30194.76	-39902.10	0.78474	-30194.76	-39902.10	0.78474	2.353	0.00
0.00	-30195.04	-39902.18	0.85558	-30195.04	-39902.18	0.85558	2.466	0.00
0.00	-30195.37	-39902.32	0.92650	-30195.37	-39902.32	0.92650	2.531	0.00
0.00	-30195.67	-39902.43	0.99816	-30195.67	-39902.43	0.99816	2.307	0.00
0.00	-30195.96	-39902.52	1.06897	-30195.96	-39902.52	1.06897	2.423	0.00
0.00	-30196.20	-39902.58	1.13201	-30196.20	-39902.58	1.13201	2.363	0.00
0.00	-30196.44	-39902.65	1.19425	-30196.44	-39902.65	1.19425	2.378	0.00
0.00	-30196.72	-39902.76	1.26371	-30196.72	-39902.76	1.26371	2.412	0.00
0.00	-30196.97	-39902.81	1.32955	-30196.97	-39902.81	1.32955	2.539	0.00
0.00	-30197.23	-39902.88	1.39729	-30197.23	-39902.88	1.39729	2.387	0.00
0.00	-30197.49	-39902.94	1.46663	-30197.49	-39902.94	1.46663	2.385	0.00
0.00	-30197.81	-39903.02	1.54821	-30197.81	-39903.02	1.54821	2.317	0.00
0.00	-30198.12	-39903.03	1.62895	-30198.12	-39903.03	1.62895	2.534	0.00
0.00	-30198.39	-39903.06	1.69909	-30198.39	-39903.06	1.69909	2.439	0.00
0.00	-30198.68	-39903.10	1.77490	-30198.68	-39903.10	1.77490	2.429	0.00
0.00	-30198.98	-39903.11	1.84771	-30198.98	-39903.11	1.84771	2.588	0.00
0.00	-30199.28	-39903.12	1.92316	-30199.28	-39903.12	1.92316	2.438	0.00
0.00	-30199.60	-39903.13	1.99984	-30199.60	-39903.13	1.99984	3.326	0.00
0.00	-30199.94	-39903.14	2.07749	-30199.94	-39903.14	2.07749	2.392	0.00
0.00	-30200.29	-39903.15	2.15508	-30200.29	-39903.15	2.15508	2.308	0.00
0.00	-30200.67	-39903.17	2.23602	-30200.67	-39903.17	2.23602	2.372	0.00
0.00	-30201.08	-39903.19	2.32020	-30201.08	-39903.19	2.32020	2.238	0.00
0.00	-30201.53	-39903.26	2.41080	-30201.53	-39903.26	2.41080	2.394	0.00
0.00	-30201.94	-39903.34	2.49358	-30201.94	-39903.34	2.49358	2.348	0.00
0.00	-30202.39	-39903.40	2.57363	-30202.39	-39903.40	2.57363	2.406	0.00
0.00	-30202.78	-39903.49	2.64639	-30202.78	-39903.49	2.64639	2.405	0.00
0.00	-30203.20	-39903.59	2.71923	-30203.20	-39903.59	2.71923	2.352	0.00
0.00	-30203.62	-39903.71	2.79110	-30203.62	-39903.71	2.79110	2.339	0.00
0.00	-30204.07	-39903.84	2.86259	-30204.07	-39903.84	2.86259	2.374	0.00
0.00	-30204.47	-39904.00	2.93105	-30204.47	-39904.00	2.93105	2.536	0.00
0.00	-30204.83	-39904.17	2.99486	-30204.83	-39904.17	2.99486	2.392	0.00
0.00	-30205.19	-39904.35	3.05508	-30205.19	-39904.35	3.05508	2.393	0.00
0.00	-30205.56	-39904.54	3.11250	-30205.56	-39904.54	3.11250	2.386	0.00
0.00	-30205.98	-39904.75	-3.11002	-30205.98	-39904.75	-3.11002	2.492	0.00
0.00	-30206.32	-39904.96	-3.05561	-30206.32	-39904.96	-3.05561	2.596	0.00
0.00	-30206.67	-39905.17	-3.00649	-30206.67	-39905.17	-3.00649	2.633	0.00
0.00	-30206.97	-39905.37	-2.96375	-30206.97	-39905.37	-2.96375	2.627	0.00
0.00	-30207.29	-39905.57	-2.92371	-30207.29	-39905.57	-2.92371	2.707	0.00
0.00	-30207.61	-39905.77	-2.88657	-30207.61	-39905.77	-2.88657	2.385	0.00
0.00	-30207.98	-39905.99	-2.85196	-30207.98	-39905.99	-2.85196	2.403	0.00
0.00	-30208.24	-39906.17	-2.82104	-30208.24	-39906.17	-2.82104	2.751	0.00
0.00	-30208.52	-39906.36	-2.79302	-30208.52	-39906.36	-2.79302	2.632	0.00
0.00	-30208.80	-39906.55	-2.76779	-30208.80	-39906.55	-2.76779	2.686	0.00
0.00	-30209.08	-39906.74	-2.74552	-30209.08	-39906.74	-2.74552	2.803	0.00
0.00	-30209.37	-39906.93	-2.72454	-30209.37	-39906.93	-2.72454	2.683	0.00
0.00	-30209.64	-39907.11	-2.70691	-30209.64	-39907.11	-2.70691	3.066	0.00
0.00	-30209.92	-39907.29	-2.69237	-30209.92	-39907.29	-2.69237	2.756	0.00
0.00	-30210.20	-39907.46	-2.68026	-30210.20	-39907.46	-2.68026	3.048	0.00
0.00	-30210.50	-39907.65	-2.67006	-30210.50	-39907.65	-2.67006	3.279	0.00
0.00	-30210.77	-39907.81	-2.66256	-30210.77	-39907.81	-2.66256	3.057	0.00
0.00	-30211.10	-39908.00	-2.65723	-30211.10	-39908.00	-2.65723	2.994	0.00
0.00	-30211.36	-39908.15	-2.65325	-30211.36	-39908.15	-2.65325	3.198	0.00
0.00	-30211.61	-39908.28	-2.65050	-30211.61	-39908.28	-2.65050	3.109	0.00
0.00	-30211.88	-39908.43	-2.64895	-30211.88	-39908.43	-2.64895	3.448	0.00
0.00	-30212.16	-39908.58	-2.64846	-30212.16	-39908.58	-2.64846	3.016	0.00
0.00	-30212.44	-39908.73	-2.64897	-30212.44	-39908.73	-2.64897	3.808	0.00
0.00	-30212.72	-39908.87	-2.65049	-30212.72	-39908.87	-2.65049	4.152	0.00
0.00	-30213.02	-39909.02	-2.65305	-30213.02	-39909.02	-2.65305	3.789	0.00
0.00	-30213.30	-39909.16	-2.65591	-30213.30	-39909.16	-2.65591	3.637	0.00
0.00	-30213.59	-39909.30	-2.65870	-30213.59	-39909.30	-2.65870	3.545	0.00
0.00	-30213.95	-39909.48	-2.66179	-30213.95	-39909.48	-2.66179	4.194	0.00
0.00	-30214.20	-39909.60	-2.66470	-30214.20	-39909.60	-2.66470	4.196	0.00
0.00	-30214.46	-39909.72	-2.66736	-30214.46	-39909.72	-2.66736	4.134	0.00
0.00	-30214.74	-39909.85	-2.67024	-30214.74	-39909.85	-2.67024	4.393	0.00
0.00	-30215.02	-39909.99	-2.67337	-30215.02	-39909.99	-2.67337	4.527	0.00
0.00	-30215.30	-39910.12	-2.67620	-30215.30	-39910.12	-2.67620	4.444	0.00
0.00	-30215.58	-39910.25	-2.67860	-30215.58	-39910.25	-2.67860	4.756	0.00
0.00	-30215.86	-39910.38	-2.68098	-30215.86	-39910.38	-2.68098	4.568	0.00
0.00	-30216.15	-39910.52	-2.68365	-30216.15	-39910.52	-2.68365	4.174	0.00
0.00	-30216.44	-39910.65	-2.68610	-30216.44	-39910.65	-2.68610	3.936	0.00
0.00	-30216.78	-39910.81	-2.68831	-30216.78	-39910.81	-2.68831	3.826	0.00
0.00	-30217.06	-39910.94	-2.69050	-30217.06	-39910.94	-2.69050	3.949	0.00
0.00	-30217.31	-39911.05	-2.69268	-30217.31	-39911.05	-2.69268	5.101	0.00
0.00	-30217.58	-39911.18	-2.69467	-30217.58	-39911.18	-2.69467	5.175	0.00
0.00	-30217.86	-39911.31	-2.69663	-30217.86	-39911.31	-2.69663	4.998	0.00
0.00	-30218.14	-39911.44	-2.69878	-30218.14	-39911.44	-2.69878	5.072	0.00
0.00	-30218.42	-39911.57	-2.70104	-30218.42	-39911.57	-2.70104	4.848	0.00
0.00	-30218.69	-39911.70	-2.70317	-30218.69	-39911.70	-2.70317	5.234	0.00
0.00	-30218.97	-39911.83	-2.70519	-30218.97	-39911.83	-2.70519	4.485	0.00
0.00	-30219.26	-39911.96	-2.70729	-30219.26	-39911.96	-2.70729	4.416	0.00
0.00	-30219.59	-39912.11	-2.70951	-30219.59	-39912.11	-2.70951	4.037	0.00
0.00	-30219.84	-39912.23	-2.71197	-30219.84	-39912.23	-2.71197	4.366	0.00
0.00	-30220.14	-39912.36	-2.71449	-30220.14	-39912.36	-2.71449	3.938	0.00
0.00	-30220.40	-39912.48	-2.71701	-30220.40	-39912.48	-2.71701	5.727	0.00
0.00	-30220.68	-39912.61	-2.71977	-30220.68	-39912.61	-2.71977	5.471	0.00
0.00	-30220.96	-39912.73	-2.72303	-30220.96	-39912.73	-2.72303	6.076	0.00
0.00	-30221.24	-39912.86	-2.72672	-30221.24	-39912.86	-2.72672	5.335	0.00
0.00	-30221.53	-39912.99	-2.73065	-30221.53	-39912.99	-2.73065	4.972	0.00
0.00	-30221.82	-39913.11	-2.73462	-30221.82	-39913.11	-2.73462	5.842	0.00
0.00	-30222.13	-39913.25	-2.73817	-30222.13	-39913.25	-2.73817	5.128	0.00
0.00	-30222.48	-39913.40	-2.74183	-30222.48	-39913.40	-2.74183	5.556	0.00
0.00	-30222.75	-39913.51	-2.74581	-30222.75	-39913.51	-2.74581	5.360	0.00
0.00	-30223.03	-39913.63	-2.74965	-30223.03	-39913.63	-2.74965	5.559	0.00
0.00	-30223.35	-39913.76	-2.75370	-30223.35	-39913.76	-2.75370	5.592	0.00
0.00	-30223.65	-39913.88	-2.75724	-30223.65	-39913.88	-2.75724	5.371	0.00
0.00	-30223.94	-39914.00	-2.76027	-30223.94	-39914.00	-2.76027	5.722	0.00
0.00	-30224.25	-39914.12	-2.76358	-30224.25	-39914.12	-2.76358	5.333	0.00
0.00	-30224.55	-39914.24	-2.76691	-30224.55	-39914.24	-2.76691	6.012	0.00
0.00	-30224.86	-39914.36	-2.76952	-30224.86	-39914.36	-2.76952	5.851	0.00
0.00	-30225.19	-39914.49	-2.77106	-30225.19	-39914.49	-2.77106	5.487	0.00
0.00	-30225.54	-39914.63	-2.77227	-30225.54	-39914.63	-2.77227	5.754	0.00
0.00	-30225.80	-39914.73	-2.77387	-30225.80	-39914.73	-2.77387	5.830	0.00
0.00	-30226.09	-39914.84	-2.77515	-30226.09	-39914.84	-2.77515	5.796	0.00
0.00	-30226.39	-39914.95	-2.77674	-30226.39	-39914.95	-2.77674	6.004	0.00
0.00	-30226.71	-39915.07	-2.77914	-30226.71	-39915.07	-2.77914	5.742	0.00
0.00	-30227.03	-39915.20	-2.78068	-30227.03	-39915.20	-2.78068	5.994	0.00
0.00	-30227.32	-39915.30	-2.78163	-30227.32	-39915.30	-2.78163	6.057	0.00
0.00	-30227.61	-39915.41	-2.78289	-30227.61	-39915.41	-2.78289	5.683	0.00
0.00	-30227.90	-39915.52	-2.78374	-30227.90	-39915.52	-2.78374	6.197	0.00
0.00	-30228.23	-39915.64	-2.78397	-30228.23	-39915.64	-2.78397	6.145	0.00
0.00	-30228.56	-39915.77	-2.78401	-30228.56	-39915.77	-2.78401	6.371	0.00
0.00	-30228.82	-39915.86	-2.78420	-30228.82	-39915.86	-2.78420	6.629	0.00
0.00	-30229.10	-39915.97	-2.78464	-30229.10	-39915.97	-2.78464	6.545	0.00
0.00	-30229.39	-39916.08	-2.78524	-30229.39	-39916.08	-2.78524	6.856	0.00
0.00	-30229.69	-39916.18	-2.78579	-30229.69	-39916.18	-2.78579	6.790	0.00
0.00	-30229.99	-39916.30	-2.78638	-30229.99	-39916.30	-2.78638	6.570	0.00
0.00	-30230.29	-39916.41	-2.78715	-30230.29	-39916.41	-2.78715	6.502	0.00
0.00	-30230.63	-39916.53	-2.78776	-30230.63	-39916.53	-2.78776	8.393	0.00
0.00	-30230.92	-39916.64	-2.78833	-30230.92	-39916.64	-2.78833	6.398	0.00
0.00	-30231.26	-39916.76	-2.78899	-30231.26	-39916.76	-2.78899	6.060	0.00
0.00	-30231.59	-39916.88	-2.78943	-30231.59	-39916.88	-2.78943	6.696	0.00
0.00	-30231.86	-39916.98	-2.78983	-30231.86	-39916.98	-2.78983	6.716	0.00
0.00	-30232.16	-39917.09	-2.79028	-30232.16	-39917.09	-2.79028	6.813	0.00
0.00	-30232.46	-39917.20	-2.79073	-30232.46	-39917.20	-2.79073	6.541	0.00
0.00	-30232.78	-39917.32	-2.79093	-30232.78	-39917.32	-2.79093	7.071	0.00
0.00	-30233.09	-39917.44	-2.79104	-30233.09	-39917.44	-2.79104	6.926	0.00
0.00	-30233.41	-39917.55	-2.79171	-30233.41	-39917.55	-2.79171	6.769	0.00
0.00	-30233.74	-39917.68	-2.79270	-30233.74	-39917.68	-2.79270	7.102	0.00
0.00	-30234.09	-39917.80	-2.79344	-30234.09	-39917.80	-2.79344	6.928	0.00
0.00	-30234.46	-39917.94	-2.79422	-30234.46	-39917.94	-2.79422	6.902	0.00
0.00	-30234.78	-39918.05	-2.79519	-30234.78	-39918.05	-2.79519	8.066	0.00
0.00	-30235.06	-39918.16	-2.79608	-30235.06	-39918.16	-2.79608	6.888	0.00
0.00	-30235.36	-39918.27	-2.79690	-30235.36	-39918.27	-2.79690	6.843	0.00
0.00	-30235.67	-39918.38	-2.79785	-30235.67	-39918.38	-2.79785	7.879	0.00
0.00	-30235.99	-39918.49	-2.79881	-30235.99	-39918.49	-2.79881	9.956	0.00
0.00	-30236.30	-39918.61	-2.79974	-30236.30	-39918.61	-2.79974	7.452	0.00
0.00	-30236.61	-39918.72	-2.80075	-30236.61	-39918.72	-2.80075	7.448	0.00
0.00	-30236.93	-39918.83	-2.80194	-30236.93	-39918.83	-2.80194	7.032	0.00
0.00	-30237.23	-39918.94	-2.80323	-30237.23	-39918.94	-2.80323	7.499	0.00
0.00	-30237.62	-39919.08	-2.80445	-30237.62	-39919.08	-2.80445	7.529	0.00
0.00	-30237.97	-39919.20	-2.80565	-30237.97	-39919.20	-2.80565	7.615	0.00
0.00	-30238.22	-39919.29	-2.80687	-30238.22	-39919.29	-2.80687	7.107	0.00
0.00	-30238.52	-39919.40	-2.80814	-30238.52	-39919.40	-2.80814	7.478	0.00
0.00	-30238.82	-39919.50	-2.80950	-30238.82	-39919.50	-2.80950	7.580	0.00
0.00	-30239.13	-39919.61	-2.81083	-30239.13	-39919.61	-2.81083	7.291	0.00
0.00	-30239.45	-39919.72	-2.81218	-30239.45	-39919.72	-2.81218	7.307	0.00
0.00	-30239.76	-39919.82	-2.81375	-30239.76	-39919.82	-2.81375	8.037	0.00
0.00	-30240.07	-39919.93	-2.81511	-30240.07	-39919.93	-2.81511	7.628	0.00
0.00	-30240.37	-39920.03	-2.81578	-30240.37	-39920.03	-2.81578	7.683	0.00
0.00	-30240.75	-39920.16	-2.81616	-30240.75	-39920.16	-2.81616	8.178	0.00
0.00	-30241.08	-39920.27	-2.81676	-30241.08	-39920.27	-2.81676	7.881	0.00
0.00	-30241.39	-39920.38	-2.81742	-30241.39	-39920.38	-2.81742	7.770	0.00
0.00	-30241.69	-39920.47	-2.81764	-30241.69	-39920.47	-2.81764	8.053	0.00
0.00	-30242.00	-39920.58	-2.81763	-30242.00	-39920.58	-2.81763	7.579	0.00
0.00	-30242.31	-39920.68	-2.81729	-30242.31	-39920.68	-2.81729	7.908	0.00
0.00	-30242.63	-39920.79	-2.81648	-30242.63	-39920.79	-2.81648	8.380	0.00
0.00	-30242.95	-39920.89	-2.81543	-30242.95	-39920.89	-2.81543	8.293	0.00
0.00	-30243.27	-39921.00	-2.81461	-30243.27	-39921.00	-2.81461	8.392	0.00
0.00	-30243.59	-39921.11	-2.81423	-30243.59	-39921.11	-2.81423	8.078	0.00
0.00	-30243.98	-39921.24	-2.81390	-30243.98	-39921.24	-2.81390	8.084	0.00
0.00	-30244.29	-39921.35	-2.81338	-30244.29	-39921.35	-2.81338	8.307	0.00
0.00	-30244.58	-39921.45	-2.81274	-30244.58	-39921.45	-2.81274	8.272	0.00
0.00	-30244.91	-39921.56	-2.81208	-30244.91	-39921.56	-2.81208	8.151	0.00
0.00	-30245.26	-39921.68	-2.81148	-30245.26	-39921.68	-2.81148	8.046	0.00
0.00	-30245.58	-39921.79	-2.81106	-30245.58	-39921.79	-2.81106	7.940	0.00
0.00	-30245.91	-39921.90	-2.81096	-30245.91	-39921.90	-2.81096	8.651	0.00
0.00	-30246.24	-39922.02	-2.81131	-30246.24	-39922.02	-2.81131	7.980	0.00
0.00	-30246.57	-39922.13	-2.81191	-30246.57	-39922.13	-2.81191	8.298	0.00
0.00	-30246.90	-39922.24	-2.81251	-30246.90	-39922.24	-2.81251	12.696	0.00
0.00	-30247.29	-39922.38	-2.81306	-30247.29	-39922.38	-2.81306	8.386	0.00
0.00	-30247.61	-39922.48	-2.81399	-30247.61	-39922.48	-2.81399	8.545	0.00
0.00	-30247.91	-39922.59	-2.81508	-30247.91	-39922.59	-2.81508	8.770	0.00
0.00	-30248.24	-39922.70	-2.81593	-30248.24	-39922.70	-2.81593	8.421	0.00
0.00	-30248.55	-39922.81	-2.81680	-30248.55	-39922.81	-2.81680	8.941	0.00
0.00	-30248.91	-39922.93	-2.81770	-30248.91	-39922.93	-2.81770	8.415	0.00
0.00	-30249.27	-39923.05	-2.81858	-30249.27	-39923.05	-2.81858	8.785	0.00
0.00	-30249.59	-39923.16	-2.81954	-30249.59	-39923.16	-2.81954	8.314	0.00
0.00	-30249.92	-39923.27	-2.82066	-30249.92	-39923.27	-2.82066	8.277	0.00
0.00	-30250.25	-39923.38	-2.82169	-30250.25	-39923.38	-2.82169	9.383	0.00
0.00	-30250.65	-39923.51	-2.82247	-30250.65	-39923.51	-2.82247	9.114	0.00
0.00	-30250.95	-39923.61	-2.82318	-30250.95	-39923.61	-2.82318	8.959	0.00
0.00	-30251.25	-39923.71	-2.82401	-30251.25	-39923.71	-2.82401	9.298	0.00
0.00	-30251.58	-39923.82	-2.82506	-30251.58	-39923.82	-2.82506	9.299	0.00
0.00	-30251.91	-39923.92	-2.82621	-30251.91	-39923.92	-2.82621	8.970	0.00
0.00	-30252.25	-39924.03	-2.82710	-30252.25	-39924.03	-2.82710	11.980	0.00
0.00	-30252.64	-39924.16	-2.82794	-30252.64	-39924.16	-2.82794	9.223	0.00
0.00	-30252.96	-39924.27	-2.82895	-30252.96	-39924.27	-2.82895	8.829	0.00
0.00	-30253.30	-39924.37	-2.82999	-30253.30	-39924.37	-2.82999	9.143	0.00
0.00	-30253.65	-39924.49	-2.83091	-30253.65	-39924.49	-2.83091	9.291	0.00
0.00	-30254.06	-39924.62	-2.83161	-30254.06	-39924.62	-2.83161	8.902	0.00
0.00	-30254.35	-39924.71	-2.83216	-30254.35	-39924.71	-2.83216	9.638	0.00
0.00	-30254.68	-39924.82	-2.83281	-30254.68	-39924.82	-2.83281	9.688	0.00
0.00	-30255.02	-39924.93	-2.83349	-30255.02	-39924.93	-2.83349	9.041	0.00
0.00	-30255.45	-39925.06	-2.83407	-30255.45	-39925.06	-2.83407	9.744	0.00
0.00	-30255.79	-39925.17	-2.83456	-30255.79	-39925.17	-2.83456	9.315	0.00
0.00	-30256.08	-39925.26	-2.83516	-30256.08	-39925.26	-2.83516	9.854	0.00
0.00	-30256.41	-39925.37	-2.83596	-30256.41	-39925.37	-2.83596	9.798	0.00
0.00	-30256.75	-39925.47	-2.83673	-30256.75	-39925.47	-2.83673	9.637	0.00
0.00	-30257.16	-39925.60	-2.83735	-30257.16	-39925.60	-2.83735	11.380	0.00
0.00	-30257.54	-39925.72	-2.83784	-30257.54	-39925.72	-2.83784	12.247	0.00
0.00	-30257.84	-39925.82	-2.83814	-30257.84	-39925.82	-2.83814	9.361	0.00
0.00	-30258.16	-39925.92	-2.83828	-30258.16	-39925.92	-2.83828	9.756	0.00
0.00	-30258.50	-39926.02	-2.83847	-30258.50	-39926.02	-2.83847	9.724	0.00
0.00	-30258.86	-39926.14	-2.83871	-30258.86	-39926.14	-2.83871	9.766	0.00
0.00	-30259.21	-39926.25	-2.83901	-30259.21	-39926.25	-2.83901	9.916	0.00
0.00	-30259.57	-39926.36	-2.83956	-30259.57	-39926.36	-2.83956	10.025	0.00
0.00	-30259.90	-39926.46	-2.84034	-30259.90	-39926.46	-2.84034	10.123	0.00
0.00	-30260.25	-39926.57	-2.84111	-30260.25	-39926.57	-2.84111	10.115	0.00
0.00	-30260.64	-39926.69	-2.84180	-30260.64	-39926.69	-2.84180	9.957	0.00
0.00	-30261.07	-39926.82	-2.84235	-30261.07	-39926.82	-2.84235	10.107	0.00
0.00	-30261.37	-39926.91	-2.84265	-30261.37	-39926.91	-2.84265	10.050	0.00
0.00	-30261.68	-39927.01	-2.84288	-30261.68	-39927.01	-2.84288	9.930	0.00
0.00	-30262.02	-39927.11	-2.84334	-30262.02	-39927.11	-2.84334	9.846	0.00
0.00	-30262.36	-39927.22	-2.84385	-30262.36	-39927.22	-2.84385	10.217	0.00
0.00	-30262.70	-39927.32	-2.84449	-30262.70	-39927.32	-2.84449	9.813	0.00
0.00	-30263.06	-39927.43	-2.84512	-30263.06	-39927.43	-2.84512	10.323	0.00
0.00	-30263.41	-39927.54	-2.84557	-30263.41	-39927.54	-2.84557	13.399	0.00
0.00	-30263.83	-39927.67	-2.84616	-30263.83	-39927.67	-2.84616	10.843	0.00
0.00	-30264.20	-39927.78	-2.84679	-30264.20	-39927.78	-2.84679	10.940	0.00
0.00	-30264.53	-39927.88	-2.84717	-30264.53	-39927.88	-2.84717	10.285	0.00
0.00	-30264.81	-39927.97	-2.84743	-30264.81	-39927.97	-2.84743	10.296	0.00
0.00	-30265.16	-39928.07	-2.84777	-30265.16	-39928.07	-2.84777	10.654	0.00
0.00	-30265.46	-39928.16	-2.84805	-30265.46	-39928.16	-2.84805	10.157	0.00
0.00	-30265.79	-39928.26	-2.84829	-30265.79	-39928.26	-2.84829	10.961	0.00
0.00	-30266.12	-39928.36	-2.84859	-30266.12	-39928.36	-2.84859	10.320	0.00
0.00	-30266.45	-39928.46	-2.84890	-30266.45	-39928.46	-2.84890	10.882	0.00
0.00	-30266.80	-39928.57	-2.84908	-30266.80	-39928.57	-2.84908	10.403	0.00
0.00	-30267.13	-39928.67	-2.84929	-30267.13	-39928.67	-2.84929	10.499	0.00
0.00	-30267.49	-39928.78	-2.84977	-30267.49	-39928.78	-2.84977	11.146	0.00
0.00	-30267.84	-39928.88	-2.85019	-30267.84	-39928.88	-2.85019	10.929	0.00
0.00	-30268.13	-39928.97	-2.85060	-30268.13	-39928.97	-2.85060	10.816	0.00
0.00	-30268.42	-39929.06	-2.85097	-30268.42	-39929.06	-2.85097	10.709	0.00
0.00	-30268.78	-39929.16	-2.85120	-30268.78	-39929.16	-2.85120	10.576	0.00
0.00	-30269.09	-39929.26	-2.85128	-30269.09	-39929.26	-2.85128	10.932	0.00
0.00	-30269.42	-39929.36	-2.85106	-30269.42	-39929.36	-2.85106	10.623	0.00
0.00	-30269.73	-39929.45	-2.85073	-30269.73	-39929.45	-2.85073	10.972	0.00
0.00	-30270.06	-39929.55	-2.85051	-30270.06	-39929.55	-2.85051	11.071	0.00
0.00	-30270.37	-39929.64	-2.85028	-30270.37	-39929.64	-2.85028	10.592	0.00
0.00	-30270.73	-39929.75	-2.84973	-30270.73	-39929.75	-2.84973	11.214	0.00
0.00	-30271.06	-39929.85	-2.84878	-30271.06	-39929.85	-2.84878	10.946	0.00
0.00	-30271.38	-39929.95	-2.84765	-30271.38	-39929.95	-2.84765	10.918	0.00
0.00	-30271.65	-39930.03	-2.84659	-30271.65	-39930.03	-2.84659	11.466	0.00
0.00	-30271.93	-39930.12	-2.84563	-30271.93	-39930.12	-2.84563	11.216	0.00
0.00	-30272.29	-39930.23	-2.84482	-30272.29	-39930.23	-2.84482	11.155	0.00
0.00	-30272.58	-39930.32	-2.84404	-30272.58	-39930.32	-2.84404	10.785	0.00
0.00	-30272.87	-39930.41	-2.84295	-30272.87	-39930.41	-2.84295	11.204	0.00
0.00	-30273.18	-39930.50	-2.84181	-30273.18	-39930.50	-2.84181	10.817	0.00
0.00	-30273.47	-39930.60	-2.84073	-30273.47	-39930.60	-2.84073	11.756	0.00
0.00	-30273.82	-39930.71	-2.83952	-30273.82	-39930.71	-2.83952	11.129	0.00
0.00	-30274.14	-39930.80	-2.83851	-30274.14	-39930.80	-2.83851	11.475	0.00
0.00	-30274.47	-39930.91	-2.83780	-30274.47	-39930.91	-2.83780	11.276	0.00
0.00	-30274.75	-39931.00	-2.83696	-30274.75	-39931.00	-2.83696	11.681	0.00
0.00	-30274.99	-39931.07	-2.83614	-30274.99	-39931.07	-2.83614	11.629	0.00
0.00	-30275.26	-39931.16	-2.83545	-30275.26	-39931.16	-2.83545	11.537	0.00
0.00	-30275.62	-39931.27	-2.83482	-30275.62	-39931.27	-2.83482	11.936	0.00
0.00	-30275.90	-39931.36	-2.83426	-30275.90	-39931.36	-2.83426	11.703	0.00
0.00	-30276.19	-39931.45	-2.83385	-30276.19	-39931.45	-2.83385	11.130	0.00
0.00	-30276.41	-39931.52	-2.83362	-30276.41	-39931.52	-2.83362	11.837	0.00
0.00	-30276.72	-39931.62	-2.83342	-30276.72	-39931.62	-2.83342	11.772	0.00
0.00	-30277.02	-39931.72	-2.83307	-30277.02	-39931.72	-2.83307	11.529	0.00
0.00	-30277.30	-39931.80	-2.83273	-30277.30	-39931.80	-2.83273	12.257	0.00
0.00	-30277.50	-39931.87	-2.83282	-30277.50	-39931.87	-2.83282	11.570	0.00
0.00	-30277.72	-39931.94	-2.83304	-30277.72	-39931.94	-2.83304	11.708	0.00
0.00	-30277.97	-39932.02	-2.83256	-30277.97	-39932.02	-2.83256	12.734	0.00
0.00	-30278.27	-39932.11	-2.83187	-30278.27	-39932.11	-2.83187	11.527	0.00
0.00	-30278.52	-39932.20	-2.83211	-30278.52	-39932.20	-2.83211	11.930	0.00
0.00	-30278.78	-39932.28	-2.83297	-30278.78	-39932.28	-2.83297	12.020	0.00
0.00	-30278.98	-39932.34	-2.83348	-30278.98	-39932.34	-2.83348	12.196	0.00
0.00	-30279.25	-39932.42	-2.83427	-30279.25	-39932.42	-2.83427	12.158	0.00
0.00	-30279.49	-39932.50	-2.83545	-30279.49	-39932.50	-2.83545	11.875	0.00
0.00	-30279.71	-39932.57	-2.83705	-30279.71	-39932.57	-2.83705	12.242	0.00
0.00	-30279.93	-39932.64	-2.83890	-30279.93	-39932.64	-2.83890	11.766	0.00
0.00	-30280.17	-39932.71	-2.84014	-30280.17	-39932.71	-2.84014	11.927	0.00
0.00	-30280.42	-39932.79	-2.84185	-30280.42	-39932.79	-2.84185	12.182	0.00
0.00	-30280.66	-39932.87	-2.84588	-30280.66	-39932.87	-2.84588	12.110	0.00
0.00	-30280.90	-39932.94	-2.85068	-30280.90	-39932.94	-2.85068	12.717	0.00
0.00	-30281.13	-39933.01	-2.85464	-30281.13	-39933.01	-2.85464	12.312	0.00
0.00	-30281.35	-39933.07	-2.85939	-30281.35	-39933.07	-2.85939	12.443	0.00
0.00	-30281.64	-39933.15	-2.86576	-30281.64	-39933.15	-2.86576	12.591	0.00
0.00	-30281.89	-39933.22	-2.87299	-30281.89	-39933.22	-2.87299	12.513	0.00
0.00	-30282.10	-39933.28	-2.88067	-30282.10	-39933.28	-2.88067	12.826	0.00
0.00	-30282.34	-39933.35	-2.88945	-30282.34	-39933.35	-2.88945	12.912	0.00
0.00	-30282.62	-39933.42	-2.89969	-30282.62	-39933.42	-2.89969	12.502	0.00
0.00	-30282.88	-39933.48	-2.91118	-30282.88	-39933.48	-2.91118	12.828	0.00
0.00	-30283.08	-39933.53	-2.92330	-30283.08	-39933.53	-2.92330	12.299	0.00
0.00	-30283.32	-39933.58	-2.93600	-30283.32	-39933.58	-2.93600	12.579	0.00
0.00	-30283.53	-39933.63	-2.94910	-30283.53	-39933.63	-2.94910	12.971	0.00
0.00	-30283.75	-39933.67	-2.96283	-30283.75	-39933.67	-2.96283	13.078	0.00
0.00	-30284.02	-39933.72	-2.97663	-30284.02	-39933.72	-2.97663	13.135	0.00
0.00	-30284.32	-39933.77	-2.99110	-30284.32	-39933.77	-2.99110	13.068	0.00
0.00	-30284.51	-39933.79	-3.00668	-30284.51	-39933.79	-3.00668	13.200	0.00
0.00	-30284.73	-39933.82	-3.02255	-30284.73	-39933.82	-3.02255	12.572	0.00
0.00	-30284.99	-39933.86	-3.03832	-30284.99	-39933.86	-3.03832	12.563	0.00
0.00	-30285.22	-39933.88	-3.05460	-30285.22	-39933.88	-3.05460	13.156	0.00
0.00	-30285.50	-39933.90	-3.07169	-30285.50	-39933.90	-3.07169	12.795	0.00
0.00	-30285.76	-39933.92	-3.08919	-30285.76	-39933.92	-3.08919	12.972	0.00
0.00	-30285.96	-39933.93	-3.10727	-30285.96	-39933.93	-3.10727	13.185	0.00
0.00	-30286.16	-39933.94	-3.12627	-30286.16	-39933.94	-3.12627	13.026	0.00
0.00	-30286.41	-39933.94	3.13648	-30286.41	-39933.94	3.13648	12.962	0.00
0.00	-30286.64	-39933.94	3.11493	-30286.64	-39933.94	3.11493	14.003	0.00
0.00	-30286.88	-39933.93	3.09196	-30286.88	-39933.93	3.09196	13.135	0.00
0.00	-30287.19	-39933.92	3.06758	-30287.19	-39933.92	3.06758	12.593	0.00
0.00	-30287.44	-39933.90	3.04179	-30287.44	-39933.90	3.04179	13.665	0.00
0.00	-30287.65	-39933.88	3.01485	-30287.65	-39933.88	3.01485	13.553	0.00
0.00	-30287.90	-39933.84	2.98726	-30287.90	-39933.84	2.98726	13.283	0.00
0.00	-30288.17	-39933.80	2.95963	-30288.17	-39933.80	2.95963	13.395	0.00
0.00	-30288.41	-39933.75	2.93124	-30288.41	-39933.75	2.93124	13.812	0.00
0.00	-30288.64	-39933.70	2.90236	-30288.64	-39933.70	2.90236	13.107	0.00
0.00	-30288.91	-39933.64	2.87254	-30288.91	-39933.64	2.87254	13.561	0.00
0.00	-30289.14	-39933.57	2.84155	-30289.14	-39933.57	2.84155	15.003	0.00
0.00	-30289.36	-39933.50	2.80983	-30289.36	-39933.50	2.80983	13.588	0.00
0.00	-30289.63	-39933.41	2.77714	-30289.63	-39933.41	2.77714	13.574	0.00
0.00	-30289.90	-39933.30	2.74428	-30289.90	-39933.30	2.74428	13.807	0.00
0.00	-30290.16	-39933.19	2.71040	-30290.16	-39933.19	2.71040	13.944	0.00
0.00	-30290.40	-39933.07	2.67552	-30290.40	-39933.07	2.67552	13.394	0.00
0.00	-30290.60	-39932.97	2.63983	-30290.60	-39932.97	2.63983	13.798	0.00
0.00	-30290.84	-39932.83	2.60374	-30290.84	-39932.83	2.60374	13.707	0.00
0.00	-30291.04	-39932.71	2.56792	-30291.04	-39932.71	2.56792	13.718	0.00
0.00	-30291.23	-39932.58	2.53167	-30291.23	-39932.58	2.53167	14.247	0.00
0.00	-30291.44	-39932.43	2.49582	-30291.44	-39932.43	2.49582	14.194	0.00
0.00	-30291.64	-39932.27	2.45910	-30291.64	-39932.27	2.45910	14.093	0.00
0.00	-30291.81	-39932.13	2.42373	-30291.81	-39932.13	2.42373	14.426	0.00
0.00	-30291.99	-39931.96	2.38767	-30291.99	-39931.96	2.38767	13.610	0.00
0.00	-30292.18	-39931.78	2.35194	-30292.18	-39931.78	2.35194	14.157	0.00
0.00	-30292.37	-39931.58	2.31654	-30292.37	-39931.58	2.31654	14.401	0.00
0.00	-30292.52	-39931.41	2.28210	-30292.52	-39931.41	2.28210	14.497	0.00
0.00	-30292.67	-39931.23	2.24847	-30292.67	-39931.23	2.24847	14.152	0.00
0.00	-30292.80	-39931.06	2.21646	-30292.80	-39931.06	2.21646	13.868	0.00
0.00	-30292.97	-39930.83	2.18625	-30292.97	-39930.83	2.18625	15.252	0.00
0.00	-30293.11	-39930.62	2.15720	-30293.11	-39930.62	2.15720	14.577	0.00
0.00	-30293.25	-39930.41	2.12856	-30293.25	-39930.41	2.12856	14.690	0.00
0.00	-30293.40	-39930.15	2.10082	-30293.40	-39930.15	2.10082	14.619	0.00
0.00	-30293.52	-39929.94	2.07457	-30293.52	-39929.94	2.07457	14.553	0.00
0.00	-30293.66	-39929.69	2.04911	-30293.66	-39929.69	2.04911	14.564	0.00
0.00	-30293.77	-39929.45	2.02399	-30293.77	-39929.45	2.02399	14.627	0.00
0.00	-30293.90	-39929.19	1.99963	-30293.90	-39929.19	1.99963	14.753	0.00
0.00	-30294.01	-39928.93	1.97625	-30294.01	-39928.93	1.97625	14.673	0.00
0.00	-30294.12	-39928.68	1.95376	-30294.12	-39928.68	1.95376	14.814	0.00
0.00	-30294.22	-39928.41	1.93186	-30294.22	-39928.41	1.93186	15.319	0.00
0.00	-30294.34	-39928.07	1.91116	-30294.34	-39928.07	1.91116	18.723	0.00
0.00	-30294.43	-39927.80	1.89308	-30294.43	-39927.80	1.89308	14.821	0.00
0.00	-30294.53	-39927.51	1.87574	-30294.53	-39927.51	1.87574	15.477	0.00
0.00	-30294.60	-39927.26	1.85962	-30294.60	-39927.26	1.85962	14.792	0.00
0.00	-30294.69	-39926.97	1.84560	-30294.69	-39926.97	1.84560	15.076	0.00
0.00	-30294.76	-39926.68	1.83391	-30294.76	-39926.68	1.83391	14.984	0.00
0.00	-30294.85	-39926.36	1.82422	-30294.85	-39926.36	1.82422	14.792	0.00
0.00	-30294.92	-39926.07	1.81668	-30294.92	-39926.07	1.81668	14.866	0.00
0.00	-30294.99	-39925.77	1.81120	-30294.99	-39925.77	1.81120	15.177	0.00
0.00	-30295.07	-39925.44	1.80660	-30295.07	-39925.44	1.80660	15.196	0.00
0.00	-30295.14	-39925.14	1.80269	-30295.14	-39925.14	1.80269	15.410	0.00
0.00	-30295.23	-39924.77	1.80029	-30295.23	-39924.77	1.80029	15.631	0.00
0.00	-30295.29	-39924.50	1.79942	-30295.29	-39924.50	1.79942	15.329	0.00
0.00	-30295.37	-39924.16	1.79931	-30295.37	-39924.16	1.79931	15.474	0.00
0.00	-30295.44	-39923.85	1.79948	-30295.44	-39923.85	1.79948	15.876	0.00
0.00	-30295.52	-39923.50	1.80018	-30295.52	-39923.50	1.80018	15.623	0.00
0.00	-30295.60	-39923.17	1.80106	-30295.60	-39923.17	1.80106	15.496	0.00
0.00	-30295.68	-39922.82	1.80212	-30295.68	-39922.82	1.80212	16.084	0.00
0.00	-30295.75	-39922.51	1.80330	-30295.75	-39922.51	1.80330	15.586	0.00
0.00	-30295.85	-39922.10	1.80502	-30295.85	-39922.10	1.80502	16.000	0.00
0.00	-30295.93	-39921.76	1.80708	-30295.93	-39921.76	1.80708	18.646	0.00
0.00	-30295.99	-39921.47	1.80934	-30295.99	-39921.47	1.80934	15.989	0.00
0.00	-30296.06	-39921.18	1.81187	-30296.06	-39921.18	1.81187	15.518	0.00
0.00	-30296.15	-39920.83	1.81473	-30296.15	-39920.83	1.81473	15.890	0.00
0.00	-30296.22	-39920.52	1.81765	-30296.22	-39920.52	1.81765	16.434	0.00
0.00	-30296.30	-39920.19	1.82057	-30296.30	-39920.19	1.82057	16.286	0.00
0.00	-30296.38	-39919.89	1.82343	-30296.38	-39919.89	1.82343	16.026	0.00
0.00	-30296.47	-39919.56	1.82624	-30296.47	-39919.56	1.82624	16.631	0.00
0.00	-30296.57	-39919.15	1.82962	-30296.57	-39919.15	1.82962	16.038	0.00
0.00	-30296.63	-39918.93	1.83170	-30296.63	-39918.93	1.83170	16.075	0.00
0.00	-30296.72	-39918.59	1.83333	-30296.72	-39918.59	1.83333	15.708	0.00
0.00	-30296.81	-39918.24	1.83553	-30296.81	-39918.24	1.83553	16.762	0.00
0.00	-30296.90	-39917.95	1.83802	-30296.90	-39917.95	1.83802	16.433	0.00
0.00	-30296.99	-39917.62	1.83993	-30296.99	-39917.62	1.83993	16.792	0.00
0.00	-30297.07	-39917.31	1.84133	-30297.07	-39917.31	1.84133	16.695	0.00
0.00	-30297.16	-39916.98	1.84252	-30297.16	-39916.98	1.84252	17.072	0.00
0.00	-30297.25	-39916.68	1.84371	-30297.25	-39916.68	1.84371	16.233	0.00
0.00	-30297.34	-39916.37	1.84420	-30297.34	-39916.37	1.84420	16.063	0.00
0.00	-30297.43	-39916.04	1.84394	-30297.43	-39916.04	1.84394	16.380	0.00
0.00	-30297.52	-39915.71	1.84430	-30297.52	-39915.71	1.84430	16.993	0.00
0.00	-30297.63	-39915.33	1.84498	-30297.63	-39915.33	1.84498	16.318	0.00
0.00	-30297.73	-39914.99	1.84500	-30297.73	-39914.99	1.84500	17.422	0.00
0.00	-30297.81	-39914.71	1.84490	-30297.81	-39914.71	1.84490	16.649	0.00
0.00	-30297.89	-39914.44	1.84490	-30297.89	-39914.44	1.84490	16.445	0.00
0.00	-30297.97	-39914.13	1.84472	-30297.97	-39914.13	1.84472	16.805	0.00
0.00	-30298.06	-39913.82	1.84414	-30298.06	-39913.82	1.84414	17.502	0.00
0.00	-30298.14	-39913.53	1.84348	-30298.14	-39913.53	1.84348	16.505	0.00
0.00	-30298.24	-39913.20	1.84291	-30298.24	-39913.20	1.84291	17.018	0.00
0.00	-30298.32	-39912.90	1.84230	-30298.32	-39912.90	1.84230	16.974	0.00
0.00	-30298.43	-39912.53	1.84174	-30298.43	-39912.53	1.84174	17.279	0.00
0.00	-30298.51	-39912.23	1.84112	-30298.51	-39912.23	1.84112	16.549	0.00
0.00	-30298.60	-39911.91	1.84029	-30298.60	-39911.91	1.84029	17.828	0.00
0.00	-30298.70	-39911.55	1.83962	-30298.70	-39911.55	1.83962	17.149	0.00
0.00	-30298.79	-39911.23	1.83912	-30298.79	-39911.23	1.83912	16.791	0.00
0.00	-30298.88	-39910.90	1.83851	-30298.88	-39910.90	1.83851	17.195	0.00
0.00	-30298.97	-39910.56	1.83772	-30298.97	-39910.56	1.83772	17.450	0.00
0.00	-30299.07	-39910.19	1.83690	-30299.07	-39910.19	1.83690	16.958	0.00
0.00	-30299.17	-39909.83	1.83601	-30299.17	-39909.83	1.83601	18.099	0.00
0.00	-30299.25	-39909.54	1.83502	-30299.25	-39909.54	1.83502	17.589	0.00
0.00	-30299.36	-39909.14	1.83432	-30299.36	-39909.14	1.83432	18.017	0.00
0.00	-30299.44	-39908.85	1.83391	-30299.44	-39908.85	1.83391	17.096	0.00
0.00	-30299.53	-39908.49	1.83348	-30299.53	-39908.49	1.83348	17.290	0.00
0.00	-30299.62	-39908.18	1.83283	-30299.62	-39908.18	1.83283	17.721	0.00
0.00	-30299.71	-39907.80	1.83216	-30299.71	-39907.80	1.83216	17.193	0.00
0.00	-30299.81	-39907.42	1.83137	-30299.81	-39907.42	1.83137	17.771	0.00
0.00	-30299.90	-39907.08	1.83066	-30299.90	-39907.08	1.83066	17.657	0.00
0.00	-30300.00	-39906.72	1.83025	-30300.00	-39906.72	1.83025	17.724	0.00
0.00	-30300.08	-39906.39	1.83042	-30300.08	-39906.39	1.83042	18.676	0.00
0.00	-30300.18	-39906.02	1.83082	-30300.18	-39906.02	1.83082	18.394	0.00
0.00	-30300.28	-39905.65	1.83094	-30300.28	-39905.65	1.83094	18.114	0.00
0.00	-30300.37	-39905.29	1.83110	-30300.37	-39905.29	1.83110	18.441	0.00
0.00	-30300.47	-39904.90	1.83167	-30300.47	-39904.90	1.83167	18.377	0.00
0.00	-30300.57	-39904.54	1.83249	-30300.57	-39904.54	1.83249	17.504	0.00
0.00	-30300.68	-39904.13	1.83343	-30300.68	-39904.13	1.83343	18.736	0.00
0.00	-30300.79	-39903.74	1.83438	-30300.79	-39903.74	1.83438	18.508	0.00
0.00	-30300.89	-39903.38	1.83527	-30300.89	-39903.38	1.83527	18.033	0.00
0.00	-30300.99	-39902.98	1.83631	-30300.99	-39902.98	1.83631	17.979	0.00
0.00	-30301.11	-39902.55	1.83757	-30301.11	-39902.55	1.83757	19.026	0.00
0.00	-30301.20	-39902.20	1.83888	-30301.20	-39902.20	1.83888	18.602	0.00
0.00	-30301.30	-39901.84	1.84027	-30301.30	-39901.84	1.84027	18.653	0.00
0.00	-30301.41	-39901.47	1.84173	-30301.41	-39901.47	1.84173	19.030	0.00
0.00	-30301.52	-39901.07	1.84299	-30301.52	-39901.07	1.84299	19.007	0.00
0.00	-30301.62	-39900.72	1.84426	-30301.62	-39900.72	1.84426	18.104	0.00
0.00	-30301.73	-39900.30	1.84571	-30301.73	-39900.30	1.84571	18.720	0.00
0.00	-30301.84	-39899.93	1.84696	-30301.84	-39899.93	1.84696	18.549	0.00
0.00	-30301.99	-39899.40	1.84812	-30301.99	-39899.40	1.84812	18.390	0.00
0.00	-30302.10	-39899.00	1.84902	-30302.10	-39899.00	1.84902	19.030	0.00
0.00	-30302.20	-39898.64	1.84984	-30302.20	-39898.64	1.84984	18.874	0.00
0.00	-30302.35	-39898.14	1.85069	-30302.35	-39898.14	1.85069	19.351	0.00
0.00	-30302.42	-39897.86	1.85121	-30302.42	-39897.86	1.85121	18.725	0.00
0.00	-30302.55	-39897.42	1.85170	-30302.55	-39897.42	1.85170	18.613	0.00
0.00	-30302.64	-39897.10	1.85206	-30302.64	-39897.10	1.85206	19.264	0.00
0.00	-30302.75	-39896.72	1.85222	-30302.75	-39896.72	1.85222	18.267	0.00
0.00	-30302.86	-39896.31	1.85241	-30302.86	-39896.31	1.85241	19.261	0.00
0.00	-30302.97	-39895.93	1.85272	-30302.97	-39895.93	1.85272	19.300	0.00
0.00	-30303.08	-39895.55	1.85318	-30303.08	-39895.55	1.85318	18.855	0.00
0.00	-30303.19	-39895.15	1.85383	-30303.19	-39895.15	1.85383	18.979	0.00
0.00	-30303.31	-39894.75	1.85487	-30303.31	-39894.75	1.85487	19.126	0.00
0.00	-30303.42	-39894.39	1.85632	-30303.42	-39894.39	1.85632	19.742	0.00
0.00	-30303.55	-39893.97	1.85794	-30303.55	-39893.97	1.85794	18.909	0.00
0.00	-30303.66	-39893.60	1.86010	-30303.66	-39893.60	1.86010	19.628	0.00
0.00	-30303.78	-39893.25	1.86279	-30303.78	-39893.25	1.86279	20.597	0.00
0.00	-30303.90	-39892.87	1.86553	-30303.90	-39892.87	1.86553	18.815	0.00
0.00	-30304.02	-39892.49	1.86762	-30304.02	-39892.49	1.86762	19.502	0.00
0.00	-30304.13	-39892.15	1.86978	-30304.13	-39892.15	1.86978	19.193	0.00
0.00	-30304.25	-39891.78	1.87217	-30304.25	-39891.78	1.87217	19.163	0.00
0.00	-30304.38	-39891.40	1.87480	-30304.38	-39891.40	1.87480	19.250	0.00
0.00	-30304.49	-39891.05	1.87727	-30304.49	-39891.05	1.87727	19.540	0.00
0.00	-30304.62	-39890.68	1.87938	-30304.62	-39890.68	1.87938	19.989	0.00
0.00	-30304.76	-39890.23	1.88130	-30304.76	-39890.23	1.88130	19.489	0.00
0.00	-30304.86	-39889.94	1.88292	-30304.86	-39889.94	1.88292	19.529	0.00
0.00	-30304.99	-39889.55	1.88426	-30304.99	-39889.55	1.88426	19.999	0.00
0.00	-30305.11	-39889.20	1.88542	-30305.11	-39889.20	1.88542	19.128	0.00
0.00	-30305.23	-39888.83	1.88603	-30305.23	-39888.83	1.88603	20.466	0.00
0.00	-30305.35	-39888.47	1.88641	-30305.35	-39888.47	1.88641	19.344	0.00
0.00	-30305.47	-39888.09	1.88657	-30305.47	-39888.09	1.88657	20.548	0.00
0.00	-30305.58	-39887.75	1.88635	-30305.58	-39887.75	1.88635	19.432	0.00
0.00	-30305.70	-39887.38	1.88537	-30305.70	-39887.38	1.88537	19.500	0.00
0.00	-30305.81	-39887.01	1.88399	-30305.81	-39887.01	1.88399	19.656	0.00
0.00	-30305.93	-39886.62	1.88299	-30305.93	-39886.62	1.88299	20.374	0.00
0.00	-30306.04	-39886.29	1.88211	-30306.04	-39886.29	1.88211	20.477	0.00
0.00	-30306.17	-39885.87	1.88131	-30306.17	-39885.87	1.88131	19.971	0.00
0.00	-30306.27	-39885.54	1.88050	-30306.27	-39885.54	1.88050	19.624	0.00
0.00	-30306.40	-39885.13	1.87974	-30306.40	-39885.13	1.87974	20.685	0.00
0.00	-30306.50	-39884.80	1.87865	-30306.50	-39884.80	1.87865	20.466	0.00
0.00	-30306.62	-39884.43	1.87756	-30306.62	-39884.43	1.87756	20.676	0.00
0.00	-30306.70	-39884.17	1.87681	-30306.70	-39884.17	1.87681	20.337	0.00
0.00	-30306.81	-39883.83	1.87652	-30306.81	-39883.83	1.87652	20.916	0.00
0.00	-30306.92	-39883.48	1.87626	-30306.92	-39883.48	1.87626	20.447	0.00
0.00	-30307.04	-39883.09	1.87579	-30307.04	-39883.09	1.87579	20.840	0.00
0.00	-30307.15	-39882.76	1.87552	-30307.15	-39882.76	1.87552	20.393	0.00
0.00	-30307.27	-39882.36	1.87574	-30307.27	-39882.36	1.87574	20.646	0.00
0.00	-30307.38	-39882.04	1.87627	-30307.38	-39882.04	1.87627	20.031	0.00
0.00	-30307.47	-39881.75	1.87680	-30307.47	-39881.75	1.87680	20.475	0.00
0.00	-30307.58	-39881.41	1.87719	-30307.58	-39881.41	1.87719	20.598	0.00
0.00	-30307.70	-39881.05	1.87736	-30307.70	-39881.05	1.87736	21.183	0.00
0.00	-30307.78	-39880.78	1.87756	-30307.78	-39880.78	1.87756	20.357	0.00
0.00	-30307.90	-39880.43	1.87768	-30307.90	-39880.43	1.87768	21.543	0.00
0.00	-30308.01	-39880.08	1.87790	-30308.01	-39880.08	1.87790	21.257	0.00
0.00	-30308.14	-39879.68	1.87798	-30308.14	-39879.68	1.87798	21.197	0.00
0.00	-30308.23	-39879.39	1.87770	-30308.23	-39879.39	1.87770	20.829	0.00
0.00	-30308.34	-39879.06	1.87760	-30308.34	-39879.06	1.87760	20.909	0.00
0.00	-30308.47	-39878.65	1.87792	-30308.47	-39878.65	1.87792	20.782	0.00
0.00	-30308.61	-39878.21	1.87824	-30308.61	-39878.21	1.87824	21.096	0.00
0.00	-30308.73	-39877.84	1.87796	-30308.73	-39877.84	1.87796	21.728	0.00
0.00	-30308.83	-39877.51	1.87741	-30308.83	-39877.51	1.87741	22.207	0.00
0.00	-30308.93	-39877.19	1.87718	-30308.93	-39877.19	1.87718	22.080	0.00
0.00	-30309.04	-39876.86	1.87683	-30309.04	-39876.86	1.87683	21.305	0.00
0.00	-30309.14	-39876.52	1.87637	-30309.14	-39876.52	1.87637	21.431	0.00
0.00	-30309.25	-39876.18	1.87569	-30309.25	-39876.18	1.87569	21.286	0.00
0.00	-30309.36	-39875.82	1.87471	-30309.36	-39875.82	1.87471	22.353	0.00
0.00	-30309.48	-39875.42	1.87344	-30309.48	-39875.42	1.87344	22.621	0.00
0.00	-30309.61	-39875.01	1.87254	-30309.61	-39875.01	1.87254	23.762	0.00
0.00	-30309.71	-39874.66	1.87184	-30309.71	-39874.66	1.87184	21.684	0.00
0.00	-30309.83	-39874.28	1.87117	-30309.83	-39874.28	1.87117	21.336	0.00
0.00	-30309.93	-39873.93	1.87052	-30309.93	-39873.93	1.87052	21.615	0.00
0.00	-30310.02	-39873.64	1.87008	-30310.02	-39873.64	1.87008	21.135	0.00
0.00	-30310.13	-39873.28	1.86990	-30310.13	-39873.28	1.86990	20.893	0.00
0.00	-30310.25	-39872.89	1.86990	-30310.25	-39872.89	1.86990	21.897	0.00
0.00	-30310.35	-39872.58	1.86990	-30310.35	-39872.58	1.86990	21.584	0.00
0.00	-30310.44	-39872.28	1.86993	-30310.44	-39872.28	1.86993	21.978	0.00
0.00	-30310.55	-39871.92	1.87002	-30310.55	-39871.92	1.87002	22.793	0.00
0.00	-30310.64	-39871.64	1.87015	-30310.64	-39871.64	1.87015	22.353	0.00
0.00	-30310.77	-39871.23	1.87049	-30310.77	-39871.23	1.87049	21.955	0.00
0.00	-30310.87	-39870.90	1.87099	-30310.87	-39870.90	1.87099	22.023	0.00
0.00	-30311.01	-39870.48	1.87144	-30311.01	-39870.48	1.87144	23.353	0.00
0.00	-30311.12	-39870.12	1.87230	-30311.12	-39870.12	1.87230	22.238	0.00
0.00	-30311.18	-39869.95	1.87327	-30311.18	-39869.95	1.87327	21.981	0.00
0.00	-30311.31	-39869.55	1.87417	-30311.31	-39869.55	1.87417	23.027	0.00
0.00	-30311.41	-39869.23	1.87477	-30311.41	-39869.23	1.87477	22.299	0.00
0.00	-30311.51	-39868.94	1.87532	-30311.51	-39868.94	1.87532	22.754	0.00
0.00	-30311.61	-39868.61	1.87554	-30311.61	-39868.61	1.87554	22.610	0.00
0.00	-30311.71	-39868.30	1.87569	-30311.71	-39868.30	1.87569	21.709	0.00
0.00	-30311.81	-39867.98	1.87592	-30311.81	-39867.98	1.87592	22.430	0.00
0.00	-30311.93	-39867.61	1.87619	-30311.93	-39867.61	1.87619	22.706	0.00
0.00	-30312.05	-39867.24	1.87635	-30312.05	-39867.24	1.87635	22.751	0.00
0.00	-30312.13	-39866.97	1.87649	-30312.13	-39866.97	1.87649	22.854	0.00
0.00	-30312.22	-39866.67	1.87635	-30312.22	-39866.67	1.87635	22.907	0.00
0.00	-30312.34	-39866.31	1.87590	-30312.34	-39866.31	1.87590	22.036	0.00
0.00	-30312.43	-39866.02	1.87545	-30312.43	-39866.02	1.87545	23.335	0.00
0.00	-30312.52	-39865.73	1.87497	-30312.52	-39865.73	1.87497	22.877	0.00
0.00	-30312.62	-39865.40	1.87441	-30312.62	-39865.40	1.87441	22.682	0.00
0.00	-30312.72	-39865.05	1.87363	-30312.72	-39865.05	1.87363	22.979	0.00
0.00	-30312.81	-39864.76	1.87287	-30312.81	-39864.76	1.87287	22.828	0.00
0.00	-30312.90	-39864.48	1.87173	-30312.90	-39864.48	1.87173	23.507	0.00
0.00	-30313.00	-39864.14	1.87056	-30313.00	-39864.14	1.87056	23.219	0.00
0.00	-30313.09	-39863.82	1.86940	-30313.09	-39863.82	1.86940	23.409	0.00
0.00	-30313.18	-39863.52	1.86892	-30313.18	-39863.52	1.86892	23.472	0.00
0.00	-30313.28	-39863.20	1.86906	-30313.28	-39863.20	1.86906	23.119	0.00
0.00	-30313.40	-39862.81	1.86963	-30313.40	-39862.81	1.86963	23.201	0.00
0.00	-30313.49	-39862.54	1.87067	-30313.49	-39862.54	1.87067	23.157	0.00
0.00	-30313.57	-39862.30	1.87187	-30313.57	-39862.30	1.87187	22.841	0.00
0.00	-30313.67	-39861.99	1.87274	-30313.67	-39861.99	1.87274	23.281	0.00
0.00	-30313.79	-39861.60	1.87301	-30313.79	-39861.60	1.87301	23.427	0.00
0.00	-30313.88	-39861.32	1.87296	-30313.88	-39861.32	1.87296	23.125	0.00
0.00	-30313.98	-39860.98	1.87274	-30313.98	-39860.98	1.87274	22.812	0.00
0.00	-30314.09	-39860.64	1.87251	-30314.09	-39860.64	1.87251	23.152	0.00
0.00	-30314.19	-39860.31	1.87201	-30314.19	-39860.31	1.87201	23.138	0.00
0.00	-30314.30	-39859.96	1.87148	-30314.30	-39859.96	1.87148	24.559	0.00
0.00	-30314.38	-39859.68	1.87115	-30314.38	-39859.68	1.87115	23.688	0.00
0.00	-30314.50	-39859.30	1.87090	-30314.50	-39859.30	1.87090	23.241	0.00
0.00	-30314.60	-39858.98	1.87087	-30314.60	-39858.98	1.87087	23.825	0.00
0.00	-30314.70	-39858.65	1.87138	-30314.70	-39858.65	1.87138	23.272	0.00
0.00	-30314.83	-39858.25	1.87151	-30314.83	-39858.25	1.87151	24.347	0.00
0.00	-30314.91	-39858.01	1.87283	-30314.91	-39858.01	1.87283	24.432	0.00
0.00	-30315.04	-39857.61	1.87435	-30315.04	-39857.61	1.87435	23.995	0.00
0.00	-30315.13	-39857.32	1.87549	-30315.13	-39857.32	1.87549	25.701	0.00
0.00	-30315.26	-39856.92	1.87641	-30315.26	-39856.92	1.87641	24.760	0.00
0.00	-30315.39	-39856.52	1.87734	-30315.39	-39856.52	1.87734	24.768	0.00
0.00	-30315.49	-39856.22	1.87850	-30315.49	-39856.22	1.87850	24.312	0.00
0.00	-30315.60	-39855.90	1.87954	-30315.60	-39855.90	1.87954	25.132	0.00
0.00	-30315.70	-39855.60	1.88083	-30315.70	-39855.60	1.88083	23.827	0.00
0.00	-30315.81	-39855.26	1.88188	-30315.81	-39855.26	1.88188	23.702	0.00
0.00	-30315.94	-39854.85	1.88246	-30315.94	-39854.85	1.88246	26.292	0.00
0.00	-30316.05	-39854.53	1.88282	-30316.05	-39854.53	1.88282	24.262	0.00
0.00	-30316.15	-39854.21	1.88349	-30316.15	-39854.21	1.88349	23.844	0.00
0.00	-30316.26	-39853.86	1.88397	-30316.26	-39853.86	1.88397	24.234	0.00
0.00	-30316.37	-39853.53	1.88433	-30316.37	-39853.53	1.88433	25.356	0.00
0.00	-30316.48	-39853.18	1.88466	-30316.48	-39853.18	1.88466	25.093	0.00
0.00	-30316.60	-39852.82	1.88487	-30316.60	-39852.82	1.88487	24.578	0.00
0.00	-30316.72	-39852.43	1.88514	-30316.72	-39852.43	1.88514	25.320	0.00
0.00	-30316.82	-39852.10	1.88542	-30316.82	-39852.10	1.88542	24.497	0.00
0.00	-30316.93	-39851.77	1.88560	-30316.93	-39851.77	1.88560	24.891	0.00
0.00	-30317.05	-39851.40	1.88583	-30317.05	-39851.40	1.88583	25.032	0.00
0.00	-30317.16	-39851.05	1.88602	-30317.16	-39851.05	1.88602	25.413	0.00
0.00	-30317.25	-39850.75	1.88588	-30317.25	-39850.75	1.88588	24.152	0.00
0.00	-30317.36	-39850.43	1.88557	-30317.36	-39850.43	1.88557	24.656	0.00
0.00	-30317.47	-39850.07	1.88533	-30317.47	-39850.07	1.88533	25.280	0.00
0.00	-30317.60	-39849.67	1.88505	-30317.60	-39849.67	1.88505	24.393	0.00
0.00	-30317.73	-39849.24	1.88488	-30317.73	-39849.24	1.88488	25.587	0.00
0.00	-30317.83	-39848.93	1.88473	-30317.83	-39848.93	1.88473	24.665	0.00
0.00	-30317.94	-39848.59	1.88484	-30317.94	-39848.59	1.88484	25.488	0.00
0.00	-30318.04	-39848.28	1.88488	-30318.04	-39848.28	1.88488	24.222	0.00
0.00	-30318.17	-39847.90	1.88483	-30318.17	-39847.90	1.88483	25.714	0.00
0.00	-30318.27	-39847.57	1.88461	-30318.27	-39847.57	1.88461	24.932	0.00
0.00	-30318.41	-39847.14	1.88462	-30318.41	-39847.14	1.88462	24.950	0.00
0.00	-30318.49	-39846.87	1.88471	-30318.49	-39846.87	1.88471	25.254	0.00
0.00	-30318.63	-39846.45	1.88460	-30318.63	-39846.45	1.88460	25.093	0.00
0.00	-30318.73	-39846.12	1.88435	-30318.73	-39846.12	1.88435	25.371	0.00
0.00	-30318.84	-39845.78	1.88416	-30318.84	-39845.78	1.88416	25.069	0.00
0.00	-30318.95	-39845.44	1.88388	-30318.95	-39845.44	1.88388	30.436	0.00
0.00	-30319.06	-39845.11	1.88356	-30319.06	-39845.11	1.88356	25.672	0.00
0.00	-30319.18	-39844.75	1.88343	-30319.18	-39844.75	1.88343	24.789	0.00
0.00	-30319.29	-39844.40	1.88342	-30319.29	-39844.40	1.88342	25.845	0.00
0.00	-30319.39	-39844.08	1.88328	-30319.39	-39844.08	1.88328	25.314	0.00
0.00	-30319.51	-39843.72	1.88326	-30319.51	-39843.72	1.88326	25.474	0.00
0.00	-30319.61	-39843.40	1.88337	-30319.61	-39843.40	1.88337	25.691	0.00
0.00	-30319.75	-39842.97	1.88348	-30319.75	-39842.97	1.88348	25.952	0.00
0.00	-30319.85	-39842.66	1.88358	-30319.85	-39842.66	1.88358	25.963	0.00
0.00	-30319.95	-39842.36	1.88381	-30319.95	-39842.36	1.88381	25.681	0.00
0.00	-30320.06	-39842.01	1.88428	-30320.06	-39842.01	1.88428	25.204	0.00
0.00	-30320.18	-39841.68	1.88477	-30320.18	-39841.68	1.88477	25.690	0.00
0.00	-30320.29	-39841.35	1.88555	-30320.29	-39841.35	1.88555	25.877	0.00
0.00	-30320.39	-39841.04	1.88636	-30320.39	-39841.04	1.88636	25.739	0.00
0.00	-30320.52	-39840.66	1.88685	-30320.52	-39840.66	1.88685	25.418	0.00
0.00	-30320.62	-39840.35	1.88752	-30320.62	-39840.35	1.88752	25.122	0.00
0.00	-30320.74	-39840.01	1.88812	-30320.74	-39840.01	1.88812	26.573	0.00
0.00	-30320.85	-39839.69	1.88859	-30320.85	-39839.69	1.88859	26.014	0.00
0.00	-30320.99	-39839.28	1.88826	-30320.99	-39839.28	1.88826	30.702	0.00
0.00	-30321.08	-39839.01	1.88748	-30321.08	-39839.01	1.88748	25.387	0.00
0.00	-30321.18	-39838.70	1.88624	-30321.18	-39838.70	1.88624	25.844	0.00
0.00	-30321.31	-39838.32	1.88446	-30321.31	-39838.32	1.88446	25.377	0.00
0.00	-30321.42	-39837.98	1.88232	-30321.42	-39837.98	1.88232	25.615	0.00
0.00	-30321.51	-39837.69	1.87971	-30321.51	-39837.69	1.87971	25.968	0.00
0.00	-30321.61	-39837.38	1.87621	-30321.61	-39837.38	1.87621	26.485	0.00
0.00	-30321.70	-39837.09	1.87182	-30321.70	-39837.09	1.87182	25.607	0.00
0.00	-30321.82	-39836.69	1.86642	-30321.82	-39836.69	1.86642	26.070	0.00
0.00	-30321.91	-39836.40	1.86074	-30321.91	-39836.40	1.86074	26.059	0.00
0.00	-30322.01	-39836.05	1.85375	-30322.01	-39836.05	1.85375	26.865	0.00
0.00	-30322.10	-39835.74	1.84571	-30322.10	-39835.74	1.84571	25.952	0.00
0.00	-30322.20	-39835.36	1.83701	-30322.20	-39835.36	1.83701	26.196	0.00
0.00	-30322.28	-39835.05	1.82718	-30322.28	-39835.05	1.82718	26.447	0.00
0.00	-30322.37	-39834.72	1.81618	-30322.37	-39834.72	1.81618	26.170	0.00
0.00	-30322.44	-39834.41	1.80460	-30322.44	-39834.41	1.80460	25.788	0.00
0.00	-30322.52	-39834.08	1.79239	-30322.52	-39834.08	1.79239	26.184	0.00
0.00	-30322.59	-39833.77	1.77968	-30322.59	-39833.77	1.77968	25.976	0.00
0.00	-30322.65	-39833.44	1.76620	-30322.65	-39833.44	1.76620	26.714	0.00
0.00	-30322.72	-39833.09	1.75262	-30322.72	-39833.09	1.75262	26.326	0.00
0.00	-30322.78	-39832.77	1.73855	-30322.78	-39832.77	1.73855	27.605	0.00
0.00	-30322.83	-39832.46	1.72397	-30322.83	-39832.46	1.72397	26.578	0.00
0.00	-30322.88	-39832.11	1.70849	-30322.88	-39832.11	1.70849	26.691	0.00
0.00	-30322.93	-39831.80	1.69294	-30322.93	-39831.80	1.69294	30.037	0.00
0.00	-30322.97	-39831.43	1.67728	-30322.97	-39831.43	1.67728	26.768	0.00
0.00	-30323.00	-39831.13	1.66075	-30323.00	-39831.13	1.66075	25.934	0.00
0.00	-30323.03	-39830.78	1.64342	-30323.03	-39830.78	1.64342	26.768	0.00
0.00	-30323.05	-39830.52	1.62553	-30323.05	-39830.52	1.62553	26.080	0.00
0.00	-30323.07	-39830.16	1.60663	-30323.07	-39830.16	1.60663	26.614	0.00
0.00	-30323.08	-39829.85	1.58687	-30323.08	-39829.85	1.58687	27.657	0.00
0.00	-30323.08	-39829.54	1.56571	-30323.08	-39829.54	1.56571	26.816	0.00
0.00	-30323.08	-39829.22	1.54315	-30323.08	-39829.22	1.54315	26.784	0.00
0.00	-30323.07	-39828.90	1.52014	-30323.07	-39828.90	1.52014	27.843	0.00
0.00	-30323.05	-39828.60	1.49631	-30323.05	-39828.60	1.49631	26.589	0.00
0.00	-30323.03	-39828.30	1.47107	-30323.03	-39828.30	1.47107	27.778	0.00
0.00	-30322.99	-39827.97	1.44519	-30322.99	-39827.97	1.44519	27.999	0.00
0.00	-30322.95	-39827.68	1.41834	-30322.95	-39827.68	1.41834	27.104	0.00
0.00	-30322.91	-39827.43	1.39058	-30322.91	-39827.43	1.39058	26.955	0.00
0.00	-30322.84	-39827.11	1.36097	-30322.84	-39827.11	1.36097	28.030	0.00
0.00	-30322.78	-39826.83	1.33036	-30322.78	-39826.83	1.33036	27.124	0.00
0.00	-30322.71	-39826.53	1.29983	-30322.71	-39826.53	1.29983	27.087	0.00
0.00	-30322.64	-39826.28	1.26979	-30322.64	-39826.28	1.26979	26.555	0.00
0.00	-30322.55	-39825.98	1.23944	-30322.55	-39825.98	1.23944	27.305	0.00
0.00	-30322.46	-39825.73	1.20943	-30322.46	-39825.73	1.20943	27.121	0.00
0.00	-30322.36	-39825.46	1.17890	-30322.36	-39825.46	1.17890	26.693	0.00
0.00	-30322.25	-39825.21	1.14764	-30322.25	-39825.21	1.14764	27.732	0.00
0.00	-30322.13	-39824.94	1.11494	-30322.13	-39824.94	1.11494	27.218	0.00
0.00	-30322.01	-39824.71	1.08175	-30322.01	-39824.71	1.08175	27.223	0.00
0.00	-30321.86	-39824.45	1.04828	-30321.86	-39824.45	1.04828	27.408	0.00
0.00	-30321.72	-39824.21	1.01424	-30321.72	-39824.21	1.01424	26.840	0.00
0.00	-30321.57	-39823.98	0.98016	-30321.57	-39823.98	0.98016	27.338	0.00
0.00	-30321.42	-39823.77	0.94515	-30321.42	-39823.77	0.94515	27.041	0.00
0.00	-30321.26	-39823.55	0.91060	-30321.26	-39823.55	0.91060	26.648	0.00
0.00	-30321.10	-39823.37	0.87576	-30321.10	-39823.37	0.87576	27.928	0.00
0.00	-30320.91	-39823.14	0.84064	-30320.91	-39823.14	0.84064	27.197	0.00
0.00	-30320.73	-39822.97	0.80471	-30320.73	-39822.97	0.80471	27.406	0.00
0.00	-30320.54	-39822.78	0.76867	-30320.54	-39822.78	0.76867	28.073	0.00
0.00	-30320.38	-39822.65	0.73271	-30320.38	-39822.65	0.73271	27.417	0.00
0.00	-30320.15	-39822.45	0.69690	-30320.15	-39822.45	0.69690	27.541	0.00
0.00	-30319.94	-39822.29	0.66229	-30319.94	-39822.29	0.66229	28.248	0.00
0.00	-30319.73	-39822.13	0.62790	-30319.73	-39822.13	0.62790	28.068	0.00
0.00	-30319.53	-39822.00	0.59417	-30319.53	-39822.00	0.59417	27.647	0.00
0.00	-30319.33	-39821.86	0.56120	-30319.33	-39821.86	0.56120	27.399	0.00
0.00	-30319.07	-39821.71	0.52507	-30319.07	-39821.71	0.52507	28.526	0.00
0.00	-30318.90	-39821.61	0.49892	-30318.90	-39821.61	0.49892	27.612	0.00
0.00	-30318.64	-39821.47	0.46980	-30318.64	-39821.47	0.46980	27.893	0.00
0.00	-30318.43	-39821.36	0.44252	-30318.43	-39821.36	0.44252	29.520	0.00
0.00	-30318.26	-39821.28	0.41648	-30318.26	-39821.28	0.41648	27.149	0.00
0.00	-30318.03	-39821.18	0.39189	-30318.03	-39821.18	0.39189	28.345	0.00
0.00	-30317.80	-39821.08	0.36959	-30317.80	-39821.08	0.36959	28.164	0.00
0.00	-30317.55	-39820.98	0.34885	-30317.55	-39820.98	0.34885	28.420	0.00
0.00	-30317.33	-39820.90	0.32984	-30317.33	-39820.90	0.32984	27.072	0.00
0.00	-30317.08	-39820.81	0.31234	-30317.08	-39820.81	0.31234	28.330	0.00
0.00	-30316.86	-39820.73	0.29699	-30316.86	-39820.73	0.29699	28.044	0.00
0.00	-30316.61	-39820.65	0.28278	-30316.61	-39820.65	0.28278	28.430	0.00
0.00	-30316.37	-39820.58	0.26997	-30316.37	-39820.58	0.26997	28.911	0.00
0.00	-30316.08	-39820.50	0.25852	-30316.08	-39820.50	0.25852	29.476	0.00
0.00	-30315.79	-39820.43	0.24869	-30315.79	-39820.43	0.24869	28.246	0.00
0.00	-30315.55	-39820.37	0.24026	-30315.55	-39820.37	0.24026	28.233	0.00
0.00	-30315.34	-39820.31	0.23345	-30315.34	-39820.31	0.23345	29.446	0.00
0.00	-30315.06	-39820.25	0.22855	-30315.06	-39820.25	0.22855	28.610	0.00
0.00	-30314.80	-39820.19	0.22574	-30314.80	-39820.19	0.22574	30.069	0.00
0.00	-30314.54	-39820.12	0.22479	-30314.54	-39820.12	0.22479	29.367	0.00
0.00	-30314.29	-39820.06	0.22511	-30314.29	-39820.06	0.22511	29.213	0.00
0.00	-30314.00	-39820.00	0.22581	-30314.00	-39820.00	0.22581	28.291	0.00
0.00	-30313.74	-39819.94	0.22642	-30313.74	-39819.94	0.22642	28.808	0.00
0.00	-30313.44	-39819.88	0.22662	-30313.44	-39819.88	0.22662	28.615	0.00
0.00	-30313.18	-39819.82	0.22678	-30313.18	-39819.82	0.22678	28.997	0.00
0.00	-30312.89	-39819.75	0.22765	-30312.89	-39819.75	0.22765	29.751	0.00
0.00	-30312.56	-39819.68	0.22900	-30312.56	-39819.68	0.22900	28.954	0.00
0.00	-30312.30	-39819.62	0.23080	-30312.30	-39819.62	0.23080	28.751	0.00
0.00	-30312.07	-39819.56	0.23333	-30312.07	-39819.56	0.23333	28.452	0.00
0.00	-30311.78	-39819.49	0.23688	-30311.78	-39819.49	0.23688	29.347	0.00
0.00	-30311.49	-39819.42	0.24145	-30311.49	-39819.42	0.24145	28.145	0.00
0.00	-30311.21	-39819.35	0.24534	-30311.21	-39819.35	0.24534	29.283	0.00
0.00	-30310.99	-39819.28	0.25238	-30310.99	-39819.28	0.25238	30.476	0.00
0.00	-30310.70	-39819.19	0.25996	-30310.70	-39819.19	0.25996	28.699	0.00
0.00	-30310.37	-39819.09	0.26759	-30310.37	-39819.09	0.26759	29.313	0.00
0.00	-30310.11	-39819.01	0.27589	-30310.11	-39819.01	0.27589	29.544	0.00
0.00	-30309.82	-39818.91	0.28381	-30309.82	-39818.91	0.28381	29.252	0.00
0.00	-30309.53	-39818.81	0.29203	-30309.53	-39818.81	0.29203	31.103	0.00
0.00	-30309.23	-39818.71	0.29954	-30309.23	-39818.71	0.29954	30.156	0.00
0.00	-30308.96	-39818.61	0.30657	-30308.96	-39818.61	0.30657	30.424	0.00
0.00	-30308.68	-39818.52	0.31274	-30308.68	-39818.52	0.31274	29.555	0.00
0.00	-30308.33	-39818.39	0.31784	-30308.33	-39818.39	0.31784	29.506	0.00
0.00	-30308.10	-39818.31	0.32142	-30308.10	-39818.31	0.32142	29.837	0.00
0.00	-30307.80	-39818.21	0.32388	-30307.80	-39818.21	0.32388	30.178	0.00
0.00	-30307.49	-39818.11	0.32519	-30307.49	-39818.11	0.32519	29.539	0.00
0.00	-30307.16	-39818.01	0.32582	-30307.16	-39818.01	0.32582	29.640	0.00
0.00	-30306.84	-39817.91	0.32508	-30306.84	-39817.91	0.32508	30.266	0.00
0.00	-30306.57	-39817.82	0.32338	-30306.57	-39817.82	0.32338	30.537	0.00
0.00	-30306.26	-39817.74	0.32043	-30306.26	-39817.74	0.32043	30.494	0.00
0.00	-30305.95	-39817.65	0.31702	-30305.95	-39817.65	0.31702	31.208	0.00
0.00	-30305.65	-39817.57	0.31237	-30305.65	-39817.57	0.31237	29.417	0.00
0.00	-30305.35	-39817.49	0.30824	-30305.35	-39817.49	0.30824	30.078	0.00
0.00	-30305.06	-39817.41	0.30274	-30305.06	-39817.41	0.30274	29.964	0.00
0.00	-30304.70	-39817.32	0.29747	-30304.70	-39817.32	0.29747	30.481	0.00
0.00	-30304.39	-39817.25	0.29116	-30304.39	-39817.25	0.29116	31.263	0.00
0.00	-30304.09	-39817.18	0.28635	-30304.09	-39817.18	0.28635	30.003	0.00
0.00	-30303.70	-39817.09	0.28027	-30303.70	-39817.09	0.28027	29.900	0.00
0.00	-30303.47	-39817.05	0.27578	-30303.47	-39817.05	0.27578	30.474	0.00
0.00	-30303.00	-39816.93	0.27092	-30303.00	-39816.93	0.27092	30.868	0.00
0.00	-30302.80	-39816.89	0.26817	-30302.80	-39816.89	0.26817	30.408	0.00
0.00	-30302.45	-39816.80	0.26546	-30302.45	-39816.80	0.26546	29.880	0.00
0.00	-30302.12	-39816.72	0.26384	-30302.12	-39816.72	0.26384	31.076	0.00
0.00	-30301.81	-39816.64	0.26278	-30301.81	-39816.64	0.26278	29.751	0.00
0.00	-30301.50	-39816.56	0.26237	-30301.50	-39816.56	0.26237	29.978	0.00
0.00	-30301.06	-39816.45	0.26186	-30301.06	-39816.45	0.26186	30.888	0.00
0.00	-30300.87	-39816.40	0.26170	-30300.87	-39816.40	0.26170	31.118	0.00
0.00	-30300.58	-39816.32	0.26224	-30300.58	-39816.32	0.26224	29.087	0.00
0.00	-30300.16	-39816.20	0.26323	-30300.16	-39816.20	0.26323	30.536	0.00
0.00	-30299.87	-39816.12	0.26454	-30299.87	-39816.12	0.26454	31.190	0.00
0.00	-30299.60	-39816.04	0.26572	-30299.60	-39816.04	0.26572	30.459	0.00
0.00	-30299.27	-39815.94	0.26718	-30299.27	-39815.94	0.26718	30.264	0.00
0.00	-30298.98	-39815.86	0.26828	-30298.98	-39815.86	0.26828	31.708	0.00
0.00	-30298.67	-39815.77	0.26946	-30298.67	-39815.77	0.26946	31.361	0.00
0.00	-30298.40	-39815.69	0.27080	-30298.40	-39815.69	0.27080	30.429	0.00
0.00	-30298.07	-39815.59	0.27259	-30298.07	-39815.59	0.27259	30.873	0.00
0.00	-30297.77	-39815.50	0.27395	-30297.77	-39815.50	0.27395	31.404	0.00
0.00	-30297.49	-39815.41	0.27560	-30297.49	-39815.41	0.27560	30.976	0.00
0.00	-30297.21	-39815.33	0.27689	-30297.21	-39815.33	0.27689	30.734	0.00
0.00	-30296.91	-39815.23	0.27830	-30296.91	-39815.23	0.27830	30.611	0.00
0.00	-30296.54	-39815.12	0.27914	-30296.54	-39815.12	0.27914	31.804	0.00
0.00	-30296.28	-39815.04	0.28038	-30296.28	-39815.04	0.28038	31.046	0.00
0.00	-30295.98	-39814.95	0.28173	-30295.98	-39814.95	0.28173	30.658	0.00
0.00	-30295.70	-39814.86	0.28260	-30295.70	-39814.86	0.28260	31.024	0.00
0.00	-30295.44	-39814.78	0.28332	-30295.44	-39814.78	0.28332	30.082	0.00
0.00	-30295.10	-39814.67	0.28385	-30295.10	-39814.67	0.28385	31.194	0.00
0.00	-30294.84	-39814.59	0.28468	-30294.84	-39814.59	0.28468	31.116	0.00
0.00	-30294.53	-39814.50	0.28498	-30294.53	-39814.50	0.28498	30.885	0.00
0.00	-30294.15	-39814.38	0.28586	-30294.15	-39814.38	0.28586	31.253	0.00
0.00	-30293.98	-39814.33	0.28672	-30293.98	-39814.33	0.28672	30.961	0.00
0.00	-30293.61	-39814.21	0.28765	-30293.61	-39814.21	0.28765	30.599	0.00
0.00	-30293.33	-39814.13	0.28801	-30293.33	-39814.13	0.28801	32.259	0.00
0.00	-30293.02	-39814.03	0.28809	-30293.02	-39814.03	0.28809	31.199	0.00
0.00	-30292.75	-39813.95	0.28802	-30292.75	-39813.95	0.28802	31.749	0.00
0.00	-30292.46	-39813.87	0.28775	-30292.46	-39813.87	0.28775	30.565	0.00
0.00	-30292.16	-39813.78	0.28720	-30292.16	-39813.78	0.28720	30.919	0.00
0.00	-30291.85	-39813.69	0.28657	-30291.85	-39813.69	0.28657	31.931	0.00
0.00	-30291.57	-39813.61	0.28581	-30291.57	-39813.61	0.28581	31.174	0.00
0.00	-30291.30	-39813.53	0.28498	-30291.30	-39813.53	0.28498	31.249	0.00
0.00	-30290.96	-39813.44	0.28412	-30290.96	-39813.44	0.28412	31.271	0.00
0.00	-30290.62	-39813.35	0.28283	-30290.62	-39813.35	0.28283	31.950	0.00
0.00	-30290.36	-39813.27	0.28154	-30290.36	-39813.27	0.28154	32.136	0.00
0.00	-30289.99	-39813.17	0.27991	-30289.99	-39813.17	0.27991	30.846	0.00
0.00	-30289.59	-39813.06	0.27869	-30289.59	-39813.06	0.27869	32.310	0.00
0.00	-30289.26	-39812.97	0.27747	-30289.26	-39812.97	0.27747	31.115	0.00
0.00	-30288.88	-39812.87	0.27689	-30288.88	-39812.87	0.27689	31.606	0.00
0.00	-30288.58	-39812.79	0.27647	-30288.58	-39812.79	0.27647	31.792	0.00
0.00	-30288.22	-39812.69	0.27636	-30288.22	-39812.69	0.27636	32.039	0.00
0.00	-30287.94	-39812.61	0.27589	-30287.94	-39812.61	0.27589	31.820	0.00
0.00	-30287.59	-39812.51	0.27567	-30287.59	-39812.51	0.27567	32.382	0.00
0.00	-30287.25	-39812.42	0.27581	-30287.25	-39812.42	0.27581	31.147	0.00
0.00	-30286.81	-39812.29	0.27632	-30286.81	-39812.29	0.27632	31.633	0.00
0.00	-30286.51	-39812.21	0.27699	-30286.51	-39812.21	0.27699	31.971	0.00
0.00	-30286.13	-39812.09	0.27781	-30286.13	-39812.09	0.27781	32.451	0.00
0.00	-30285.74	-39811.98	0.27889	-30285.74	-39811.98	0.27889	32.070	0.00
0.00	-30285.38	-39811.87	0.27998	-30285.38	-39811.87	0.27998	32.331	0.00
0.00	-30284.81	-39811.71	0.28149	-30284.81	-39811.71	0.28149	31.016	0.00
0.00	-30284.62	-39811.65	0.28239	-30284.62	-39811.65	0.28239	31.731	0.00
0.00	-30284.21	-39811.53	0.28360	-30284.21	-39811.53	0.28360	31.699	0.00
0.00	-30283.81	-39811.40	0.28511	-30283.81	-39811.40	0.28511	32.629	0.00
0.00	-30283.43	-39811.29	0.28688	-30283.43	-39811.29	0.28688	31.887	0.00
0.00	-30283.02	-39811.16	0.28861	-30283.02	-39811.16	0.28861	32.722	0.00
0.00	-30282.63	-39811.04	0.29036	-30282.63	-39811.04	0.29036	32.205	0.00
0.00	-30282.17	-39810.90	0.29198	-30282.17	-39810.90	0.29198	32.458	0.00
0.00	-30281.80	-39810.79	0.29377	-30281.80	-39810.79	0.29377	32.231	0.00
0.00	-30281.32	-39810.64	0.29555	-30281.32	-39810.64	0.29555	32.306	0.00
0.00	-30280.91	-39810.51	0.29755	-30280.91	-39810.51	0.29755	31.913	0.00
0.00	-30280.46	-39810.37	0.29927	-30280.46	-39810.37	0.29927	32.162	0.00
0.00	-30280.09	-39810.25	0.30099	-30280.09	-39810.25	0.30099	32.748	0.00
0.00	-30279.64	-39810.11	0.30249	-30279.64	-39810.11	0.30249	33.182	0.00
0.00	-30279.24	-39809.98	0.30388	-30279.24	-39809.98	0.30388	32.206	0.00
0.00	-30278.76	-39809.83	0.30486	-30278.76	-39809.83	0.30486	32.582	0.00
0.00	-30278.33	-39809.70	0.30571	-30278.33	-39809.70	0.30571	32.828	0.00
0.00	-30277.80	-39809.53	0.30677	-30277.80	-39809.53	0.30677	33.469	0.00
0.00	-30277.49	-39809.43	0.30744	-30277.49	-39809.43	0.30744	33.218	0.00
0.00	-30276.94	-39809.26	0.30803	-30276.94	-39809.26	0.30803	33.326	0.00
0.00	-30276.40	-39809.09	0.30866	-30276.40	-39809.09	0.30866	32.197	0.00
0.00	-30275.92	-39808.94	0.30952	-30275.92	-39808.94	0.30952	33.467	0.00
0.00	-30275.51	-39808.80	0.31043	-30275.51	-39808.80	0.31043	33.702	0.00
0.00	-30275.09	-39808.67	0.31112	-30275.09	-39808.67	0.31112	33.638	0.00
0.00	-30274.65	-39808.53	0.31200	-30274.65	-39808.53	0.31200	32.878	0.00
0.00	-30274.25	-39808.40	0.31340	-30274.25	-39808.40	0.31340	33.265	0.00
0.00	-30273.79	-39808.25	0.31513	-30273.79	-39808.25	0.31513	32.352	0.00
0.00	-30273.38	-39808.11	0.31684	-30273.38	-39808.11	0.31684	33.394	0.00
0.00	-30272.88	-39807.95	0.31830	-30272.88	-39807.95	0.31830	32.861	0.00
0.00	-30272.47	-39807.81	0.31981	-30272.47	-39807.81	0.31981	33.076	0.00
0.00	-30271.98	-39807.65	0.32114	-30271.98	-39807.65	0.32114	33.499	0.00
0.00	-30271.58	-39807.51	0.32228	-30271.58	-39807.51	0.32228	33.360	0.00
0.00	-30271.06	-39807.34	0.32329	-30271.06	-39807.34	0.32329	34.047	0.00
0.00	-30270.55	-39807.17	0.32452	-30270.55	-39807.17	0.32452	33.446	0.00
0.00	-30270.17	-39807.04	0.32588	-30270.17	-39807.04	0.32588	34.274	0.00
0.00	-30269.81	-39806.91	0.32722	-30269.81	-39806.91	0.32722	32.767	0.00
0.00	-30269.36	-39806.76	0.32836	-30269.36	-39806.76	0.32836	32.949	0.00
0.00	-30268.97	-39806.63	0.32956	-30268.97	-39806.63	0.32956	33.940	0.00
0.00	-30268.49	-39806.46	0.33066	-30268.49	-39806.46	0.33066	34.184	0.00
0.00	-30268.10	-39806.33	0.33172	-30268.10	-39806.33	0.33172	33.749	0.00
0.00	-30267.66	-39806.18	0.33244	-30267.66	-39806.18	0.33244	33.656	0.00
0.00	-30267.10	-39805.98	0.33300	-30267.10	-39805.98	0.33300	33.829	0.00
0.00	-30266.74	-39805.86	0.33363	-30266.74	-39805.86	0.33363	33.818	0.00
0.00	-30266.27	-39805.70	0.33461	-30266.27	-39805.70	0.33461	33.676	0.00
0.00	-30265.89	-39805.57	0.33524	-30265.89	-39805.57	0.33524	34.141	0.00
0.00	-30265.50	-39805.43	0.33527	-30265.50	-39805.43	0.33527	33.398	0.00
0.00	-30265.08	-39805.29	0.33511	-30265.08	-39805.29	0.33511	33.962	0.00
0.00	-30264.69	-39805.16	0.33497	-30264.69	-39805.16	0.33497	33.680	0.00
0.00	-30264.19	-39804.98	0.33518	-30264.19	-39804.98	0.33518	34.399	0.00
0.00	-30263.77	-39804.83	0.33552	-30263.77	-39804.83	0.33552	33.962	0.00
0.00	-30263.38	-39804.70	0.33583	-30263.38	-39804.70	0.33583	34.518	0.00
0.00	-30262.97	-39804.55	0.33616	-30262.97	-39804.55	0.33616	33.525	0.00
0.00	-30262.50	-39804.39	0.33643	-30262.50	-39804.39	0.33643	34.110	0.00
0.00	-30261.98	-39804.20	0.33669	-30261.98	-39804.20	0.33669	34.631	0.00
0.00	-30261.56	-39804.06	0.33680	-30261.56	-39804.06	0.33680	34.443	0.00
0.00	-30261.18	-39803.92	0.33686	-30261.18	-39803.92	0.33686	34.466	0.00
0.00	-30260.82	-39803.79	0.33712	-30260.82	-39803.79	0.33712	34.901	0.00
0.00	-30260.39	-39803.64	0.33792	-30260.39	-39803.64	0.33792	33.769	0.00
0.00	-30259.91	-39803.47	0.33882	-30259.91	-39803.47	0.33882	34.457	0.00
0.00	-30259.49	-39803.32	0.33941	-30259.49	-39803.32	0.33941	34.222	0.00
0.00	-30259.07	-39803.17	0.33949	-30259.07	-39803.17	0.33949	35.335	0.00
0.00	-30258.59	-39803.00	0.33967	-30258.59	-39803.00	0.33967	33.867	0.00
0.00	-30258.16	-39802.85	0.33995	-30258.16	-39802.85	0.33995	34.171	0.00
0.00	-30257.71	-39802.69	0.34031	-30257.71	-39802.69	0.34031	34.264	0.00
0.00	-30257.10	-39802.47	0.34095	-30257.10	-39802.47	0.34095	34.020	0.00
0.00	-30256.90	-39802.40	0.34157	-30256.90	-39802.40	0.34157	34.714	0.00
0.00	-30256.39	-39802.22	0.34220	-30256.39	-39802.22	0.34220	34.093	0.00
0.00	-30256.04	-39802.08	0.34275	-30256.04	-39802.08	0.34275	33.876	0.00
0.00	-30255.62	-39801.93	0.34294	-30255.62	-39801.93	0.34294	34.313	0.00
0.00	-30255.23	-39801.79	0.34326	-30255.23	-39801.79	0.34326	34.104	0.00
0.00	-30254.75	-39801.62	0.34347	-30254.75	-39801.62	0.34347	33.964	0.00
0.00	-30254.40	-39801.50	0.34345	-30254.40	-39801.50	0.34345	34.024	0.00
0.00	-30253.98	-39801.35	0.34359	-30253.98	-39801.35	0.34359	34.390	0.00
0.00	-30253.58	-39801.20	0.34402	-30253.58	-39801.20	0.34402	33.847	0.00
0.00	-30253.15	-39801.05	0.34454	-30253.15	-39801.05	0.34454	35.052	0.00
0.00	-30252.69	-39800.88	0.34502	-30252.69	-39800.88	0.34502	34.297	0.00
0.00	-30252.18	-39800.69	0.34534	-30252.18	-39800.69	0.34534	34.696	0.00
0.00	-30251.86	-39800.58	0.34551	-30251.86	-39800.58	0.34551	35.136	0.00
0.00	-30251.51	-39800.45	0.34552	-30251.51	-39800.45	0.34552	34.548	0.00
0.00	-30251.06	-39800.29	0.34541	-30251.06	-39800.29	0.34541	34.561	0.00
0.00	-30250.66	-39800.15	0.34532	-30250.66	-39800.15	0.34532	35.067	0.00
0.00	-30250.27	-39800.00	0.34531	-30250.27	-39800.00	0.34531	33.923	0.00
0.00	-30249.82	-39799.84	0.34538	-30249.82	-39799.84	0.34538	36.413	0.00
