0.00	-30420.15	-40003.68	0.35000	-30420.15	-40003.68	0.35000	2.790	0.00
0.00	-30419.82	-40003.38	0.35089	-30419.82	-40003.38	0.35089	2.660	0.00
0.00	-30420.31	-40002.59	1.62576	-30420.31	-40002.59	1.62576	2.670	0.00
0.00	-30420.52	-40002.25	1.80121	-30420.52	-40002.25	1.80121	2.730	0.00
0.00	-30420.68	-40001.92	1.86701	-30420.68	-40001.92	1.86701	2.505	0.00
0.00	-30420.81	-40001.59	1.88394	-30420.81	-40001.59	1.88394	2.543	0.00
0.00	-30420.95	-40001.18	1.88979	-30420.95	-40001.18	1.88979	2.490	0.00
0.00	-30421.10	-40000.73	1.89254	-30421.10	-40000.73	1.89254	2.353	0.00
0.00	-30421.23	-40000.35	1.89447	-30421.23	-40000.35	1.89447	2.410	0.00
0.00	-30421.37	-39999.98	1.89681	-30421.37	-39999.98	1.89681	2.609	0.00
0.00	-30421.51	-39999.57	1.89872	-30421.51	-39999.57	1.89872	2.474	0.00
0.00	-30421.65	-39999.16	1.90053	-30421.65	-39999.16	1.90053	2.745	0.00
0.00	-30421.79	-39998.77	1.90172	-30421.79	-39998.77	1.90172	2.436	0.00
0.00	-30421.91	-39998.45	1.90258	-30421.91	-39998.45	1.90258	2.464	0.00
0.00	-30422.05	-39998.06	1.90313	-30422.05	-39998.06	1.90313	2.290	0.00
0.00	-30422.16	-39997.72	1.90378	-30422.16	-39997.72	1.90378	2.681	0.00
0.00	-30422.29	-39997.37	1.90509	-30422.29	-39997.37	1.90509	3.005	0.00
0.00	-30422.42	-39997.02	1.90624	-30422.42	-39997.02	1.90624	2.322	0.00
0.00	-30422.56	-39996.62	1.90690	-30422.56	-39996.62	1.90690	2.350	0.00
0.00	-30422.70	-39996.23	1.90688	-30422.70	-39996.23	1.90688	2.502	0.00
0.00	-30422.83	-39995.85	1.90668	-30422.83	-39995.85	1.90668	2.428	0.00
0.00	-30422.99	-39995.42	1.90665	-30422.99	-39995.42	1.90665	2.417	0.00
0.00	-30423.14	-39994.97	1.90663	-30423.14	-39994.97	1.90663	2.650	0.00
0.00	-30423.25	-39994.67	1.90635	-30423.25	-39994.67	1.90635	2.611	0.00
0.00	-30423.38	-39994.30	1.90633	-30423.38	-39994.30	1.90633	2.348	0.00
0.00	-30423.51	-39993.92	1.90663	-30423.51	-39993.92	1.90663	2.516	0.00
0.00	-30423.64	-39993.56	1.90689	-30423.64	-39993.56	1.90689	2.443	0.00
0.00	-30423.79	-39993.13	1.90706	-30423.79	-39993.13	1.90706	2.565	0.00
0.00	-30423.92	-39992.76	1.90692	-30423.92	-39992.76	1.90692	2.363	0.00
0.00	-30424.07	-39992.34	1.90660	-30424.07	-39992.34	1.90660	2.425	0.00
0.00	-30424.18	-39992.02	1.90617	-30424.18	-39992.02	1.90617	2.476	0.00
0.00	-30424.29	-39991.70	1.90580	-30424.29	-39991.70	1.90580	2.381	0.00
0.00	-30424.41	-39991.33	1.90526	-30424.41	-39991.33	1.90526	2.598	0.00
0.00	-30424.55	-39990.92	1.90467	-30424.55	-39990.92	1.90467	2.450	0.00
0.00	-30424.68	-39990.55	1.90385	-30424.68	-39990.55	1.90385	2.428	0.00
0.00	-30424.81	-39990.15	1.90288	-30424.81	-39990.15	1.90288	2.440	0.00
0.00	-30424.93	-39989.78	1.90189	-30424.93	-39989.78	1.90189	2.353	0.00
0.00	-30425.03	-39989.49	1.90034	-30425.03	-39989.49	1.90034	2.382	0.00
0.00	-30425.14	-39989.14	1.89791	-30425.14	-39989.14	1.89791	2.510	0.00
0.00	-30425.25	-39988.77	1.89479	-30425.25	-39988.77	1.89479	2.519	0.00
0.00	-30425.37	-39988.40	1.89169	-30425.37	-39988.40	1.89169	2.602	0.00
0.00	-30425.49	-39988.00	1.88945	-30425.49	-39988.00	1.88945	2.472	0.00
0.00	-30425.60	-39987.65	1.88810	-30425.60	-39987.65	1.88810	2.485	0.00
0.00	-30425.71	-39987.31	1.88710	-30425.71	-39987.31	1.88710	2.883	0.00
0.00	-30425.85	-39986.87	1.88615	-30425.85	-39986.87	1.88615	2.558	0.00
0.00	-30425.97	-39986.50	1.88545	-30425.97	-39986.50	1.88545	2.642	0.00
0.00	-30426.08	-39986.15	1.88472	-30426.08	-39986.15	1.88472	2.566	0.00
0.00	-30426.18	-39985.84	1.88372	-30426.18	-39985.84	1.88372	2.487	0.00
0.00	-30426.29	-39985.49	1.88295	-30426.29	-39985.49	1.88295	2.483	0.00
0.00	-30426.40	-39985.16	1.88216	-30426.40	-39985.16	1.88216	2.466	0.00
0.00	-30426.51	-39984.81	1.88126	-30426.51	-39984.81	1.88126	2.538	0.00
0.00	-30426.63	-39984.44	1.88070	-30426.63	-39984.44	1.88070	2.512	0.00
0.00	-30426.76	-39984.04	1.88059	-30426.76	-39984.04	1.88059	2.478	0.00
0.00	-30426.87	-39983.67	1.88048	-30426.87	-39983.67	1.88048	2.524	0.00
0.00	-30426.99	-39983.30	1.88016	-30426.99	-39983.30	1.88016	2.434	0.00
0.00	-30427.10	-39982.96	1.87995	-30427.10	-39982.96	1.87995	2.639	0.00
0.00	-30427.20	-39982.64	1.87986	-30427.20	-39982.64	1.87986	2.489	0.00
0.00	-30427.33	-39982.24	1.87949	-30427.33	-39982.24	1.87949	2.727	0.00
0.00	-30427.43	-39981.93	1.87914	-30427.43	-39981.93	1.87914	2.661	0.00
0.00	-30427.55	-39981.57	1.87915	-30427.55	-39981.57	1.87915	2.983	0.00
0.00	-30427.67	-39981.21	1.87918	-30427.67	-39981.21	1.87918	2.437	0.00
0.00	-30427.78	-39980.87	1.87896	-30427.78	-39980.87	1.87896	2.601	0.00
0.00	-30427.90	-39980.50	1.87863	-30427.90	-39980.50	1.87863	2.489	0.00
0.00	-30428.02	-39980.13	1.87844	-30428.02	-39980.13	1.87844	2.701	0.00
0.00	-30428.14	-39979.76	1.87831	-30428.14	-39979.76	1.87831	3.814	0.00
0.00	-30428.24	-39979.44	1.87842	-30428.24	-39979.44	1.87842	2.541	0.00
0.00	-30428.37	-39979.03	1.87889	-30428.37	-39979.03	1.87889	2.561	0.00
0.00	-30428.52	-39978.58	1.87945	-30428.52	-39978.58	1.87945	2.706	0.00
0.00	-30428.61	-39978.29	1.87996	-30428.61	-39978.29	1.87996	2.960	0.00
0.00	-30428.72	-39977.96	1.88046	-30428.72	-39977.96	1.88046	2.575	0.00
0.00	-30428.84	-39977.61	1.88098	-30428.84	-39977.61	1.88098	2.602	0.00
0.00	-30428.94	-39977.30	1.88152	-30428.94	-39977.30	1.88152	2.432	0.00
0.00	-30429.06	-39976.95	1.88192	-30429.06	-39976.95	1.88192	2.448	0.00
0.00	-30429.17	-39976.59	1.88221	-30429.17	-39976.59	1.88221	2.537	0.00
0.00	-30429.29	-39976.21	1.88235	-30429.29	-39976.21	1.88235	2.619	0.00
0.00	-30429.43	-39975.81	1.88252	-30429.43	-39975.81	1.88252	2.568	0.00
0.00	-30429.53	-39975.48	1.88292	-30429.53	-39975.48	1.88292	2.446	0.00
0.00	-30429.64	-39975.15	1.88329	-30429.64	-39975.15	1.88329	2.498	0.00
0.00	-30429.75	-39974.83	1.88348	-30429.75	-39974.83	1.88348	2.537	0.00
0.00	-30429.87	-39974.45	1.88354	-30429.87	-39974.45	1.88354	2.769	0.00
0.00	-30429.97	-39974.14	1.88349	-30429.97	-39974.14	1.88349	2.552	0.00
0.00	-30430.09	-39973.78	1.88347	-30430.09	-39973.78	1.88347	2.492	0.00
0.00	-30430.20	-39973.44	1.88362	-30430.20	-39973.44	1.88362	2.579	0.00
0.00	-30430.31	-39973.09	1.88374	-30430.31	-39973.09	1.88374	2.543	0.00
0.00	-30430.43	-39972.72	1.88373	-30430.43	-39972.72	1.88373	2.538	0.00
0.00	-30430.54	-39972.38	1.88368	-30430.54	-39972.38	1.88368	2.589	0.00
0.00	-30430.67	-39972.00	1.88371	-30430.67	-39972.00	1.88371	2.504	0.00
0.00	-30430.78	-39971.65	1.88380	-30430.78	-39971.65	1.88380	2.488	0.00
0.00	-30430.91	-39971.27	1.88385	-30430.91	-39971.27	1.88385	4.083	0.00
0.00	-30431.03	-39970.88	1.88398	-30431.03	-39970.88	1.88398	2.453	0.00
0.00	-30431.17	-39970.48	1.88417	-30431.17	-39970.48	1.88417	2.484	0.00
0.00	-30431.28	-39970.12	1.88418	-30431.28	-39970.12	1.88418	2.602	0.00
0.00	-30431.38	-39969.81	1.88394	-30431.38	-39969.81	1.88394	2.587	0.00
0.00	-30431.50	-39969.46	1.88365	-30431.50	-39969.46	1.88365	2.341	0.00
0.00	-30431.62	-39969.09	1.88335	-30431.62	-39969.09	1.88335	2.415	0.00
0.00	-30431.73	-39968.75	1.88296	-30431.73	-39968.75	1.88296	2.528	0.00
0.00	-30431.84	-39968.37	1.88260	-30431.84	-39968.37	1.88260	2.539	0.00
0.00	-30431.96	-39968.00	1.88246	-30431.96	-39968.00	1.88246	2.504	0.00
0.00	-30432.08	-39967.63	1.88218	-30432.08	-39967.63	1.88218	2.531	0.00
0.00	-30432.19	-39967.29	1.88170	-30432.19	-39967.29	1.88170	2.505	0.00
0.00	-30432.31	-39966.92	1.88123	-30432.31	-39966.92	1.88123	2.476	0.00
0.00	-30432.41	-39966.59	1.88087	-30432.41	-39966.59	1.88087	2.597	0.00
0.00	-30432.54	-39966.20	1.88052	-30432.54	-39966.20	1.88052	2.661	0.00
0.00	-30432.65	-39965.84	1.88016	-30432.65	-39965.84	1.88016	2.414	0.00
0.00	-30432.75	-39965.51	1.87985	-30432.75	-39965.51	1.87985	2.462	0.00
0.00	-30432.87	-39965.15	1.87961	-30432.87	-39965.15	1.87961	2.483	0.00
0.00	-30432.99	-39964.78	1.87939	-30432.99	-39964.78	1.87939	2.546	0.00
0.00	-30433.10	-39964.43	1.87927	-30433.10	-39964.43	1.87927	2.499	0.00
0.00	-30433.22	-39964.05	1.87949	-30433.22	-39964.05	1.87949	3.898	0.00
0.00	-30433.33	-39963.71	1.87987	-30433.33	-39963.71	1.87987	2.515	0.00
0.00	-30433.45	-39963.35	1.88024	-30433.45	-39963.35	1.88024	2.627	0.00
0.00	-30433.55	-39963.01	1.88059	-30433.55	-39963.01	1.88059	2.767	0.00
0.00	-30433.67	-39962.65	1.88100	-30433.67	-39962.65	1.88100	2.480	0.00
0.00	-30433.79	-39962.29	1.88137	-30433.79	-39962.29	1.88137	2.496	0.00
0.00	-30433.92	-39961.89	1.88162	-30433.92	-39961.89	1.88162	2.701	0.00
0.00	-30434.02	-39961.57	1.88189	-30434.02	-39961.57	1.88189	2.519	0.00
0.00	-30434.16	-39961.14	1.88225	-30434.16	-39961.14	1.88225	2.481	0.00
0.00	-30434.27	-39960.82	1.88258	-30434.27	-39960.82	1.88258	2.619	0.00
0.00	-30434.38	-39960.46	1.88287	-30434.38	-39960.46	1.88287	2.361	0.00
0.00	-30434.50	-39960.09	1.88310	-30434.50	-39960.09	1.88310	2.579	0.00
0.00	-30434.62	-39959.72	1.88334	-30434.62	-39959.72	1.88334	2.626	0.00
0.00	-30434.75	-39959.33	1.88349	-30434.75	-39959.33	1.88349	2.709	0.00
0.00	-30434.87	-39958.95	1.88377	-30434.87	-39958.95	1.88377	2.511	0.00
0.00	-30434.99	-39958.59	1.88419	-30434.99	-39958.59	1.88419	2.603	0.00
0.00	-30435.12	-39958.19	1.88458	-30435.12	-39958.19	1.88458	2.535	0.00
0.00	-30435.24	-39957.81	1.88492	-30435.24	-39957.81	1.88492	2.490	0.00
0.00	-30435.36	-39957.44	1.88542	-30435.36	-39957.44	1.88542	2.460	0.00
0.00	-30435.49	-39957.06	1.88613	-30435.49	-39957.06	1.88613	2.335	0.00
0.00	-30435.61	-39956.68	1.88694	-30435.61	-39956.68	1.88694	2.380	0.00
0.00	-30435.76	-39956.25	1.88789	-30435.76	-39956.25	1.88789	2.497	0.00
0.00	-30435.90	-39955.81	1.88899	-30435.90	-39955.81	1.88899	2.561	0.00
0.00	-30436.02	-39955.46	1.89025	-30436.02	-39955.46	1.89025	2.520	0.00
0.00	-30436.16	-39955.05	1.89146	-30436.16	-39955.05	1.89146	2.401	0.00
0.00	-30436.29	-39954.65	1.89257	-30436.29	-39954.65	1.89257	2.405	0.00
0.00	-30436.39	-39954.35	1.89352	-30436.39	-39954.35	1.89352	2.365	0.00
0.00	-30436.52	-39953.97	1.89409	-30436.52	-39953.97	1.89409	2.438	0.00
0.00	-30436.65	-39953.59	1.89451	-30436.65	-39953.59	1.89451	2.549	0.00
0.00	-30436.78	-39953.17	1.89496	-30436.78	-39953.17	1.89496	2.992	0.00
0.00	-30436.91	-39952.78	1.89538	-30436.91	-39952.78	1.89538	2.544	0.00
0.00	-30437.04	-39952.42	1.89592	-30437.04	-39952.42	1.89592	2.696	0.00
0.00	-30437.17	-39952.02	1.89655	-30437.17	-39952.02	1.89655	2.386	0.00
0.00	-30437.30	-39951.63	1.89683	-30437.30	-39951.63	1.89683	2.403	0.00
0.00	-30437.43	-39951.26	1.89681	-30437.43	-39951.26	1.89681	2.336	0.00
0.00	-30437.56	-39950.88	1.89699	-30437.56	-39950.88	1.89699	2.524	0.00
0.00	-30437.68	-39950.53	1.89729	-30437.68	-39950.53	1.89729	2.704	0.00
0.00	-30437.81	-39950.13	1.89737	-30437.81	-39950.13	1.89737	2.543	0.00
0.00	-30437.94	-39949.74	1.89722	-30437.94	-39949.74	1.89722	2.316	0.00
0.00	-30438.07	-39949.37	1.89703	-30438.07	-39949.37	1.89703	2.634	0.00
0.00	-30438.21	-39948.95	1.89705	-30438.21	-39948.95	1.89705	2.797	0.00
0.00	-30438.33	-39948.60	1.89707	-30438.33	-39948.60	1.89707	2.711	0.00
0.00	-30438.46	-39948.22	1.89685	-30438.46	-39948.22	1.89685	2.628	0.00
0.00	-30438.58	-39947.87	1.89641	-30438.58	-39947.87	1.89641	2.564	0.00
0.00	-30438.70	-39947.50	1.89603	-30438.70	-39947.50	1.89603	2.779	0.00
0.00	-30438.84	-39947.10	1.89602	-30438.84	-39947.10	1.89602	2.935	0.00
0.00	-30438.97	-39946.71	1.89611	-30438.97	-39946.71	1.89611	3.097	0.00
0.00	-30439.10	-39946.34	1.89635	-30439.10	-39946.34	1.89635	3.610	0.00
0.00	-30439.21	-39946.00	1.89661	-30439.21	-39946.00	1.89661	3.242	0.00
0.00	-30439.33	-39945.65	1.89668	-30439.33	-39945.65	1.89668	3.237	0.00
0.00	-30439.46	-39945.29	1.89658	-30439.46	-39945.29	1.89658	3.705	0.00
0.00	-30439.58	-39944.92	1.89653	-30439.58	-39944.92	1.89653	3.684	0.00
0.00	-30439.71	-39944.54	1.89654	-30439.71	-39944.54	1.89654	4.359	0.00
0.00	-30439.84	-39944.16	1.89658	-30439.84	-39944.16	1.89658	4.173	0.00
0.00	-30439.98	-39943.76	1.89679	-30439.98	-39943.76	1.89679	3.928	0.00
0.00	-30440.08	-39943.46	1.89686	-30440.08	-39943.46	1.89686	3.941	0.00
0.00	-30440.20	-39943.12	1.89687	-30440.20	-39943.12	1.89687	4.227	0.00
0.00	-30440.31	-39942.80	1.89693	-30440.31	-39942.80	1.89693	4.276	0.00
0.00	-30440.45	-39942.39	1.89694	-30440.45	-39942.39	1.89694	4.252	0.00
0.00	-30440.56	-39942.06	1.89680	-30440.56	-39942.06	1.89680	5.609	0.00
0.00	-30440.68	-39941.70	1.89638	-30440.68	-39941.70	1.89638	3.482	0.00
0.00	-30440.81	-39941.34	1.89570	-30440.81	-39941.34	1.89570	5.067	0.00
0.00	-30440.93	-39940.98	1.89488	-30440.93	-39940.98	1.89488	4.801	0.00
0.00	-30441.06	-39940.59	1.89413	-30441.06	-39940.59	1.89413	4.902	0.00
0.00	-30441.17	-39940.25	1.89363	-30441.17	-39940.25	1.89363	4.824	0.00
0.00	-30441.29	-39939.89	1.89330	-30441.29	-39939.89	1.89330	4.965	0.00
0.00	-30441.40	-39939.56	1.89304	-30441.40	-39939.56	1.89304	4.901	0.00
0.00	-30441.53	-39939.18	1.89256	-30441.53	-39939.18	1.89256	4.900	0.00
0.00	-30441.65	-39938.80	1.89175	-30441.65	-39938.80	1.89175	5.202	0.00
0.00	-30441.78	-39938.43	1.89077	-30441.78	-39938.43	1.89077	5.568	0.00
0.00	-30441.90	-39938.06	1.88973	-30441.90	-39938.06	1.88973	5.005	0.00
0.00	-30442.02	-39937.70	1.88883	-30442.02	-39937.70	1.88883	4.014	0.00
0.00	-30442.14	-39937.33	1.88787	-30442.14	-39937.33	1.88787	5.287	0.00
0.00	-30442.28	-39936.91	1.88671	-30442.28	-39936.91	1.88671	7.635	0.00
0.00	-30442.38	-39936.60	1.88560	-30442.38	-39936.60	1.88560	4.422	0.00
0.00	-30442.52	-39936.16	1.88461	-30442.52	-39936.16	1.88461	5.878	0.00
0.00	-30442.64	-39935.80	1.88391	-30442.64	-39935.80	1.88391	6.013	0.00
0.00	-30442.77	-39935.39	1.88352	-30442.77	-39935.39	1.88352	4.495	0.00
0.00	-30442.91	-39934.96	1.88310	-30442.91	-39934.96	1.88310	6.383	0.00
0.00	-30443.04	-39934.55	1.88263	-30443.04	-39934.55	1.88263	5.806	0.00
0.00	-30443.16	-39934.21	1.88223	-30443.16	-39934.21	1.88223	5.136	0.00
0.00	-30443.26	-39933.88	1.88181	-30443.26	-39933.88	1.88181	5.596	0.00
0.00	-30443.40	-39933.46	1.88135	-30443.40	-39933.46	1.88135	5.691	0.00
0.00	-30443.52	-39933.07	1.88092	-30443.52	-39933.07	1.88092	5.836	0.00
0.00	-30443.67	-39932.63	1.88066	-30443.67	-39932.63	1.88066	5.967	0.00
0.00	-30443.81	-39932.18	1.88051	-30443.81	-39932.18	1.88051	5.694	0.00
0.00	-30443.92	-39931.84	1.88041	-30443.92	-39931.84	1.88041	5.881	0.00
0.00	-30444.05	-39931.45	1.88009	-30444.05	-39931.45	1.88009	6.245	0.00
0.00	-30444.19	-39931.01	1.87960	-30444.19	-39931.01	1.87960	5.901	0.00
0.00	-30444.33	-39930.58	1.87924	-30444.33	-39930.58	1.87924	5.764	0.00
0.00	-30444.43	-39930.26	1.87890	-30444.43	-39930.26	1.87890	5.736	0.00
0.00	-30444.56	-39929.87	1.87877	-30444.56	-39929.87	1.87877	6.210	0.00
0.00	-30444.69	-39929.47	1.87871	-30444.69	-39929.47	1.87871	6.062	0.00
0.00	-30444.82	-39929.06	1.87865	-30444.82	-39929.06	1.87865	6.578	0.00
0.00	-30444.95	-39928.66	1.87892	-30444.95	-39928.66	1.87892	6.416	0.00
0.00	-30445.07	-39928.28	1.87941	-30445.07	-39928.28	1.87941	6.358	0.00
0.00	-30445.19	-39927.90	1.87974	-30445.19	-39927.90	1.87974	6.660	0.00
0.00	-30445.34	-39927.44	1.87997	-30445.34	-39927.44	1.87997	6.816	0.00
0.00	-30445.47	-39927.05	1.87999	-30445.47	-39927.05	1.87999	6.760	0.00
0.00	-30445.59	-39926.65	1.87986	-30445.59	-39926.65	1.87986	6.590	0.00
0.00	-30445.72	-39926.26	1.87959	-30445.72	-39926.26	1.87959	6.945	0.00
0.00	-30445.84	-39925.87	1.87913	-30445.84	-39925.87	1.87913	7.030	0.00
0.00	-30445.96	-39925.50	1.87854	-30445.96	-39925.50	1.87854	6.505	0.00
0.00	-30446.08	-39925.10	1.87809	-30446.08	-39925.10	1.87809	8.728	0.00
0.00	-30446.20	-39924.71	1.87769	-30446.20	-39924.71	1.87769	7.188	0.00
0.00	-30446.33	-39924.30	1.87713	-30446.33	-39924.30	1.87713	7.031	0.00
0.00	-30446.45	-39923.93	1.87677	-30446.45	-39923.93	1.87677	7.233	0.00
0.00	-30446.57	-39923.54	1.87670	-30446.57	-39923.54	1.87670	7.237	0.00
0.00	-30446.71	-39923.10	1.87661	-30446.71	-39923.10	1.87661	7.227	0.00
0.00	-30446.84	-39922.67	1.87662	-30446.84	-39922.67	1.87662	7.229	0.00
0.00	-30446.98	-39922.26	1.87699	-30446.98	-39922.26	1.87699	7.428	0.00
0.00	-30447.09	-39921.92	1.87751	-30447.09	-39921.92	1.87751	7.208	0.00
0.00	-30447.19	-39921.60	1.87807	-30447.19	-39921.60	1.87807	7.181	0.00
0.00	-30447.31	-39921.22	1.87853	-30447.31	-39921.22	1.87853	7.173	0.00
0.00	-30447.43	-39920.84	1.87883	-30447.43	-39920.84	1.87883	6.920	0.00
0.00	-30447.55	-39920.49	1.87933	-30447.55	-39920.49	1.87933	6.939	0.00
0.00	-30447.67	-39920.12	1.88027	-30447.67	-39920.12	1.88027	7.703	0.00
0.00	-30447.79	-39919.73	1.88134	-30447.79	-39919.73	1.88134	7.252	0.00
0.00	-30447.92	-39919.32	1.88197	-30447.92	-39919.32	1.88197	7.738	0.00
0.00	-30448.05	-39918.91	1.88236	-30448.05	-39918.91	1.88236	7.866	0.00
0.00	-30448.17	-39918.55	1.88286	-30448.17	-39918.55	1.88286	7.391	0.00
0.00	-30448.28	-39918.20	1.88357	-30448.28	-39918.20	1.88357	8.920	0.00
0.00	-30448.40	-39917.84	1.88438	-30448.40	-39917.84	1.88438	7.902	0.00
0.00	-30448.52	-39917.48	1.88533	-30448.52	-39917.48	1.88533	8.333	0.00
0.00	-30448.63	-39917.14	1.88627	-30448.63	-39917.14	1.88627	7.733	0.00
0.00	-30448.74	-39916.79	1.88692	-30448.74	-39916.79	1.88692	8.110	0.00
0.00	-30448.87	-39916.42	1.88723	-30448.87	-39916.42	1.88723	8.507	0.00
0.00	-30449.00	-39916.01	1.88754	-30449.00	-39916.01	1.88754	7.531	0.00
0.00	-30449.13	-39915.63	1.88815	-30449.13	-39915.63	1.88815	8.557	0.00
0.00	-30449.23	-39915.32	1.88843	-30449.23	-39915.32	1.88843	8.505	0.00
0.00	-30449.35	-39914.98	1.88812	-30449.35	-39914.98	1.88812	8.198	0.00
0.00	-30449.47	-39914.60	1.88775	-30449.47	-39914.60	1.88775	8.689	0.00
0.00	-30449.57	-39914.28	1.88733	-30449.57	-39914.28	1.88733	8.016	0.00
0.00	-30449.68	-39913.95	1.88656	-30449.68	-39913.95	1.88656	8.169	0.00
0.00	-30449.78	-39913.63	1.88575	-30449.78	-39913.63	1.88575	8.034	0.00
0.00	-30449.89	-39913.27	1.88492	-30449.89	-39913.27	1.88492	8.158	0.00
0.00	-30449.99	-39912.95	1.88412	-30449.99	-39912.95	1.88412	8.579	0.00
0.00	-30450.12	-39912.55	1.88332	-30450.12	-39912.55	1.88332	8.636	0.00
0.00	-30450.23	-39912.22	1.88296	-30450.23	-39912.22	1.88296	8.348	0.00
0.00	-30450.33	-39911.91	1.88297	-30450.33	-39911.91	1.88297	7.722	0.00
0.00	-30450.44	-39911.57	1.88273	-30450.44	-39911.57	1.88273	7.910	0.00
0.00	-30450.55	-39911.23	1.88236	-30450.55	-39911.23	1.88236	8.944	0.00
0.00	-30450.66	-39910.87	1.88213	-30450.66	-39910.87	1.88213	8.359	0.00
0.00	-30450.78	-39910.50	1.88212	-30450.78	-39910.50	1.88212	8.590	0.00
0.00	-30450.89	-39910.17	1.88199	-30450.89	-39910.17	1.88199	8.428	0.00
0.00	-30450.97	-39909.91	1.88167	-30450.97	-39909.91	1.88167	8.545	0.00
0.00	-30451.09	-39909.55	1.88142	-30451.09	-39909.55	1.88142	8.604	0.00
0.00	-30451.19	-39909.23	1.88112	-30451.19	-39909.23	1.88112	9.141	0.00
0.00	-30451.29	-39908.92	1.88036	-30451.29	-39908.92	1.88036	9.359	0.00
0.00	-30451.39	-39908.58	1.87965	-30451.39	-39908.58	1.87965	8.887	0.00
0.00	-30451.50	-39908.26	1.87944	-30451.50	-39908.26	1.87944	9.003	0.00
0.00	-30451.61	-39907.93	1.87942	-30451.61	-39907.93	1.87942	9.191	0.00
0.00	-30451.73	-39907.55	1.87958	-30451.73	-39907.55	1.87958	9.875	0.00
0.00	-30451.85	-39907.19	1.87970	-30451.85	-39907.19	1.87970	9.315	0.00
0.00	-30451.94	-39906.89	1.87957	-30451.94	-39906.89	1.87957	9.121	0.00
0.00	-30452.05	-39906.56	1.87951	-30452.05	-39906.56	1.87951	9.148	0.00
0.00	-30452.17	-39906.20	1.87954	-30452.17	-39906.20	1.87954	9.280	0.00
0.00	-30452.26	-39905.92	1.87969	-30452.26	-39905.92	1.87969	8.973	0.00
0.00	-30452.36	-39905.62	1.87994	-30452.36	-39905.62	1.87994	9.659	0.00
0.00	-30452.47	-39905.29	1.88030	-30452.47	-39905.29	1.88030	9.692	0.00
0.00	-30452.57	-39904.96	1.88057	-30452.57	-39904.96	1.88057	9.264	0.00
0.00	-30452.68	-39904.65	1.88069	-30452.68	-39904.65	1.88069	9.540	0.00
0.00	-30452.79	-39904.30	1.88073	-30452.79	-39904.30	1.88073	9.826	0.00
0.00	-30452.91	-39903.94	1.88068	-30452.91	-39903.94	1.88068	9.939	0.00
0.00	-30453.02	-39903.59	1.88073	-30453.02	-39903.59	1.88073	9.195	0.00
0.00	-30453.12	-39903.27	1.88081	-30453.12	-39903.27	1.88081	9.391	0.00
0.00	-30453.20	-39903.03	1.88044	-30453.20	-39903.03	1.88044	9.598	0.00
0.00	-30453.33	-39902.63	1.87975	-30453.33	-39902.63	1.87975	9.744	0.00
0.00	-30453.42	-39902.33	1.87908	-30453.42	-39902.33	1.87908	12.791	0.00
0.00	-30453.51	-39902.05	1.87841	-30453.51	-39902.05	1.87841	9.904	0.00
0.00	-30453.61	-39901.73	1.87770	-30453.61	-39901.73	1.87770	9.911	0.00
0.00	-30453.71	-39901.42	1.87681	-30453.71	-39901.42	1.87681	10.248	0.00
0.00	-30453.80	-39901.12	1.87600	-30453.80	-39901.12	1.87600	9.776	0.00
0.00	-30453.91	-39900.77	1.87527	-30453.91	-39900.77	1.87527	10.343	0.00
0.00	-30454.02	-39900.41	1.87456	-30454.02	-39900.41	1.87456	10.586	0.00
0.00	-30454.11	-39900.13	1.87387	-30454.11	-39900.13	1.87387	10.303	0.00
0.00	-30454.21	-39899.82	1.87353	-30454.21	-39899.82	1.87353	10.237	0.00
0.00	-30454.31	-39899.49	1.87346	-30454.31	-39899.49	1.87346	10.041	0.00
0.00	-30454.41	-39899.16	1.87347	-30454.41	-39899.16	1.87347	10.657	0.00
0.00	-30454.53	-39898.79	1.87360	-30454.53	-39898.79	1.87360	10.566	0.00
0.00	-30454.63	-39898.49	1.87378	-30454.63	-39898.49	1.87378	10.128	0.00
0.00	-30454.73	-39898.16	1.87400	-30454.73	-39898.16	1.87400	10.791	0.00
0.00	-30454.84	-39897.81	1.87406	-30454.84	-39897.81	1.87406	10.452	0.00
0.00	-30454.95	-39897.47	1.87384	-30454.95	-39897.47	1.87384	10.521	0.00
0.00	-30455.05	-39897.14	1.87336	-30455.05	-39897.14	1.87336	10.871	0.00
0.00	-30455.16	-39896.79	1.87282	-30455.16	-39896.79	1.87282	10.849	0.00
0.00	-30455.27	-39896.44	1.87240	-30455.27	-39896.44	1.87240	10.685	0.00
0.00	-30455.39	-39896.04	1.87208	-30455.39	-39896.04	1.87208	10.533	0.00
0.00	-30455.52	-39895.63	1.87169	-30455.52	-39895.63	1.87169	14.519	0.00
0.00	-30455.60	-39895.36	1.87117	-30455.60	-39895.36	1.87117	10.796	0.00
0.00	-30455.71	-39895.01	1.87053	-30455.71	-39895.01	1.87053	10.912	0.00
0.00	-30455.79	-39894.72	1.86985	-30455.79	-39894.72	1.86985	10.713	0.00
0.00	-30455.90	-39894.39	1.86930	-30455.90	-39894.39	1.86930	11.215	0.00
0.00	-30456.00	-39894.04	1.86896	-30456.00	-39894.04	1.86896	11.517	0.00
0.00	-30456.12	-39893.67	1.86870	-30456.12	-39893.67	1.86870	10.922	0.00
0.00	-30456.21	-39893.37	1.86845	-30456.21	-39893.37	1.86845	10.678	0.00
0.00	-30456.32	-39893.01	1.86829	-30456.32	-39893.01	1.86829	11.366	0.00
0.00	-30456.42	-39892.68	1.86827	-30456.42	-39892.68	1.86827	10.950	0.00
0.00	-30456.53	-39892.34	1.86823	-30456.53	-39892.34	1.86823	10.925	0.00
0.00	-30456.64	-39892.00	1.86824	-30456.64	-39892.00	1.86824	11.273	0.00
0.00	-30456.74	-39891.67	1.86842	-30456.74	-39891.67	1.86842	11.066	0.00
0.00	-30456.85	-39891.32	1.86847	-30456.85	-39891.32	1.86847	11.463	0.00
0.00	-30456.95	-39891.00	1.86834	-30456.95	-39891.00	1.86834	11.330	0.00
0.00	-30457.05	-39890.68	1.86811	-30457.05	-39890.68	1.86811	11.707	0.00
0.00	-30457.15	-39890.37	1.86773	-30457.15	-39890.37	1.86773	10.942	0.00
0.00	-30457.24	-39890.06	1.86719	-30457.24	-39890.06	1.86719	11.349	0.00
0.00	-30457.36	-39889.69	1.86659	-30457.36	-39889.69	1.86659	11.594	0.00
0.00	-30457.46	-39889.34	1.86590	-30457.46	-39889.34	1.86590	11.451	0.00
0.00	-30457.55	-39889.05	1.86504	-30457.55	-39889.05	1.86504	16.762	0.00
0.00	-30457.65	-39888.73	1.86380	-30457.65	-39888.73	1.86380	11.984	0.00
0.00	-30457.75	-39888.40	1.86228	-30457.75	-39888.40	1.86228	11.903	0.00
0.00	-30457.82	-39888.16	1.86054	-30457.82	-39888.16	1.86054	11.713	0.00
0.00	-30457.91	-39887.86	1.85901	-30457.91	-39887.86	1.85901	11.353	0.00
0.00	-30458.00	-39887.55	1.85761	-30458.00	-39887.55	1.85761	11.842	0.00
0.00	-30458.08	-39887.29	1.85613	-30458.08	-39887.29	1.85613	11.743	0.00
0.00	-30458.16	-39887.01	1.85452	-30458.16	-39887.01	1.85452	13.855	0.00
0.00	-30458.25	-39886.69	1.85300	-30458.25	-39886.69	1.85300	11.883	0.00
0.00	-30458.32	-39886.45	1.85139	-30458.32	-39886.45	1.85139	11.877	0.00
0.00	-30458.40	-39886.19	1.84971	-30458.40	-39886.19	1.84971	11.456	0.00
0.00	-30458.47	-39885.93	1.84777	-30458.47	-39885.93	1.84777	11.694	0.00
0.00	-30458.55	-39885.67	1.84568	-30458.55	-39885.67	1.84568	11.699	0.00
0.00	-30458.64	-39885.34	1.84352	-30458.64	-39885.34	1.84352	11.804	0.00
0.00	-30458.73	-39885.04	1.84149	-30458.73	-39885.04	1.84149	12.163	0.00
0.00	-30458.80	-39884.80	1.83972	-30458.80	-39884.80	1.83972	12.070	0.00
0.00	-30458.88	-39884.50	1.83796	-30458.88	-39884.50	1.83796	12.809	0.00
0.00	-30458.94	-39884.28	1.83609	-30458.94	-39884.28	1.83609	12.174	0.00
0.00	-30459.01	-39884.04	1.83391	-30459.01	-39884.04	1.83391	12.040	0.00
0.00	-30459.08	-39883.78	1.83124	-30459.08	-39883.78	1.83124	12.463	0.00
0.00	-30459.15	-39883.52	1.82815	-30459.15	-39883.52	1.82815	12.642	0.00
0.00	-30459.22	-39883.26	1.82479	-30459.22	-39883.26	1.82479	14.534	0.00
0.00	-30459.30	-39882.97	1.82202	-30459.30	-39882.97	1.82202	12.723	0.00
0.00	-30459.38	-39882.67	1.81885	-30459.38	-39882.67	1.81885	12.963	0.00
0.00	-30459.43	-39882.47	1.81467	-30459.43	-39882.47	1.81467	12.570	0.00
0.00	-30459.50	-39882.20	1.81103	-30459.50	-39882.20	1.81103	13.022	0.00
0.00	-30459.56	-39881.95	1.80726	-30459.56	-39881.95	1.80726	12.602	0.00
0.00	-30459.61	-39881.72	1.80241	-30459.61	-39881.72	1.80241	12.887	0.00
0.00	-30459.67	-39881.46	1.79741	-30459.67	-39881.46	1.79741	12.858	0.00
0.00	-30459.71	-39881.27	1.79246	-30459.71	-39881.27	1.79246	13.161	0.00
0.00	-30459.78	-39880.98	1.78656	-30459.78	-39880.98	1.78656	13.066	0.00
0.00	-30459.84	-39880.69	1.78006	-30459.84	-39880.69	1.78006	12.903	0.00
0.00	-30459.89	-39880.43	1.77340	-30459.89	-39880.43	1.77340	12.683	0.00
0.00	-30459.94	-39880.16	1.76663	-30459.94	-39880.16	1.76663	13.091	0.00
0.00	-30460.00	-39879.91	1.75985	-30460.00	-39879.91	1.75985	12.946	0.00
0.00	-30460.04	-39879.66	1.75302	-30460.04	-39879.66	1.75302	13.276	0.00
0.00	-30460.09	-39879.40	1.74637	-30460.09	-39879.40	1.74637	13.343	0.00
0.00	-30460.12	-39879.22	1.73936	-30460.12	-39879.22	1.73936	13.185	0.00
0.00	-30460.17	-39878.96	1.73182	-30460.17	-39878.96	1.73182	13.212	0.00
0.00	-30460.22	-39878.66	1.72428	-30460.22	-39878.66	1.72428	12.981	0.00
0.00	-30460.25	-39878.46	1.71668	-30460.25	-39878.46	1.71668	16.046	0.00
0.00	-30460.28	-39878.21	1.70895	-30460.28	-39878.21	1.70895	13.055	0.00
0.00	-30460.32	-39877.98	1.70049	-30460.32	-39877.98	1.70049	12.635	0.00
0.00	-30460.35	-39877.72	1.69120	-30460.35	-39877.72	1.69120	13.457	0.00
0.00	-30460.37	-39877.48	1.68104	-30460.37	-39877.48	1.68104	12.876	0.00
0.00	-30460.40	-39877.24	1.67017	-30460.40	-39877.24	1.67017	13.259	0.00
0.00	-30460.42	-39877.00	1.65880	-30460.42	-39877.00	1.65880	13.677	0.00
0.00	-30460.44	-39876.74	1.64700	-30460.44	-39876.74	1.64700	12.951	0.00
0.00	-30460.46	-39876.49	1.63486	-30460.46	-39876.49	1.63486	13.594	0.00
0.00	-30460.47	-39876.24	1.62288	-30460.47	-39876.24	1.62288	13.637	0.00
0.00	-30460.49	-39876.01	1.61117	-30460.49	-39876.01	1.61117	13.980	0.00
0.00	-30460.50	-39875.75	1.59938	-30460.50	-39875.75	1.59938	13.668	0.00
0.00	-30460.50	-39875.49	1.58753	-30460.50	-39875.49	1.58753	12.914	0.00
0.00	-30460.51	-39875.21	1.57567	-30460.51	-39875.21	1.57567	13.828	0.00
0.00	-30460.51	-39875.00	1.56371	-30460.51	-39875.00	1.56371	13.810	0.00
0.00	-30460.50	-39874.78	1.55120	-30460.50	-39874.78	1.55120	14.070	0.00
0.00	-30460.49	-39874.57	1.53802	-30460.49	-39874.57	1.53802	13.592	0.00
0.00	-30460.48	-39874.30	1.52434	-30460.48	-39874.30	1.52434	13.640	0.00
0.00	-30460.46	-39874.02	1.51031	-30460.46	-39874.02	1.51031	14.054	0.00
0.00	-30460.44	-39873.78	1.49613	-30460.44	-39873.78	1.49613	13.844	0.00
0.00	-30460.42	-39873.58	1.48118	-30460.42	-39873.58	1.48118	14.275	0.00
0.00	-30460.40	-39873.34	1.46565	-30460.40	-39873.34	1.46565	14.146	0.00
0.00	-30460.37	-39873.09	1.45014	-30460.37	-39873.09	1.45014	14.173	0.00
0.00	-30460.34	-39872.84	1.43438	-30460.34	-39872.84	1.43438	14.301	0.00
0.00	-30460.30	-39872.58	1.41781	-30460.30	-39872.58	1.41781	14.339	0.00
0.00	-30460.26	-39872.32	1.40049	-30460.26	-39872.32	1.40049	14.214	0.00
0.00	-30460.21	-39872.08	1.38302	-30460.21	-39872.08	1.38302	14.450	0.00
0.00	-30460.17	-39871.88	1.36516	-30460.17	-39871.88	1.36516	14.713	0.00
0.00	-30460.12	-39871.63	1.34697	-30460.12	-39871.63	1.34697	14.181	0.00
0.00	-30460.07	-39871.43	1.32826	-30460.07	-39871.43	1.32826	13.881	0.00
0.00	-30460.02	-39871.20	1.30875	-30460.02	-39871.20	1.30875	14.644	0.00
0.00	-30459.95	-39870.95	1.28864	-30459.95	-39870.95	1.28864	14.264	0.00
0.00	-30459.88	-39870.69	1.26738	-30459.88	-39870.69	1.26738	14.534	0.00
0.00	-30459.80	-39870.44	1.24501	-30459.80	-39870.44	1.24501	14.930	0.00
0.00	-30459.72	-39870.20	1.22251	-30459.72	-39870.20	1.22251	14.715	0.00
0.00	-30459.64	-39869.98	1.20020	-30459.64	-39869.98	1.20020	14.784	0.00
0.00	-30459.55	-39869.76	1.17774	-30459.55	-39869.76	1.17774	14.687	0.00
0.00	-30459.44	-39869.48	1.15462	-30459.44	-39869.48	1.15462	14.136	0.00
0.00	-30459.35	-39869.28	1.13084	-30459.35	-39869.28	1.13084	14.914	0.00
0.00	-30459.25	-39869.07	1.10677	-30459.25	-39869.07	1.10677	15.204	0.00
0.00	-30459.14	-39868.86	1.08217	-30459.14	-39868.86	1.08217	15.966	0.00
0.00	-30459.03	-39868.65	1.05757	-30459.03	-39868.65	1.05757	14.837	0.00
0.00	-30458.88	-39868.39	1.03183	-30458.88	-39868.39	1.03183	14.900	0.00
0.00	-30458.75	-39868.17	1.00574	-30458.75	-39868.17	1.00574	15.527	0.00
0.00	-30458.64	-39868.00	0.97944	-30458.64	-39868.00	0.97944	15.342	0.00
0.00	-30458.49	-39867.78	0.95243	-30458.49	-39867.78	0.95243	15.437	0.00
0.00	-30458.34	-39867.58	0.92517	-30458.34	-39867.58	0.92517	15.426	0.00
0.00	-30458.16	-39867.34	0.89759	-30458.16	-39867.34	0.89759	15.157	0.00
0.00	-30458.02	-39867.17	0.86967	-30458.02	-39867.17	0.86967	15.307	0.00
0.00	-30457.87	-39866.99	0.84150	-30457.87	-39866.99	0.84150	15.069	0.00
0.00	-30457.70	-39866.80	0.81314	-30457.70	-39866.80	0.81314	15.264	0.00
0.00	-30457.51	-39866.61	0.78479	-30457.51	-39866.61	0.78479	16.092	0.00
0.00	-30457.33	-39866.42	0.75715	-30457.33	-39866.42	0.75715	15.649	0.00
0.00	-30457.13	-39866.24	0.73088	-30457.13	-39866.24	0.73088	15.545	0.00
0.00	-30456.93	-39866.06	0.70479	-30456.93	-39866.06	0.70479	16.117	0.00
0.00	-30456.71	-39865.88	0.67964	-30456.71	-39865.88	0.67964	15.741	0.00
0.00	-30456.46	-39865.68	0.65596	-30456.46	-39865.68	0.65596	16.143	0.00
0.00	-30456.21	-39865.49	0.63292	-30456.21	-39865.49	0.63292	15.769	0.00
0.00	-30456.01	-39865.34	0.61055	-30456.01	-39865.34	0.61055	15.612	0.00
0.00	-30455.79	-39865.19	0.58942	-30455.79	-39865.19	0.58942	16.144	0.00
0.00	-30455.52	-39865.01	0.56939	-30455.52	-39865.01	0.56939	15.702	0.00
0.00	-30455.29	-39864.86	0.55007	-30455.29	-39864.86	0.55007	16.211	0.00
0.00	-30455.04	-39864.71	0.53191	-30455.04	-39864.71	0.53191	15.208	0.00
0.00	-30454.80	-39864.57	0.51481	-30454.80	-39864.57	0.51481	16.520	0.00
0.00	-30454.52	-39864.41	0.49862	-30454.52	-39864.41	0.49862	15.509	0.00
0.00	-30454.26	-39864.27	0.48278	-30454.26	-39864.27	0.48278	16.331	0.00
0.00	-30453.98	-39864.13	0.46746	-30453.98	-39864.13	0.46746	16.537	0.00
0.00	-30453.72	-39864.00	0.45294	-30453.72	-39864.00	0.45294	16.388	0.00
0.00	-30453.42	-39863.85	0.43926	-30453.42	-39863.85	0.43926	16.717	0.00
0.00	-30453.09	-39863.70	0.42637	-30453.09	-39863.70	0.42637	15.786	0.00
0.00	-30452.80	-39863.57	0.41424	-30452.80	-39863.57	0.41424	16.161	0.00
0.00	-30452.47	-39863.43	0.40290	-30452.47	-39863.43	0.40290	16.657	0.00
0.00	-30452.14	-39863.30	0.39203	-30452.14	-39863.30	0.39203	15.589	0.00
0.00	-30451.88	-39863.19	0.38156	-30451.88	-39863.19	0.38156	16.017	0.00
0.00	-30451.56	-39863.07	0.37144	-30451.56	-39863.07	0.37144	15.934	0.00
0.00	-30451.27	-39862.96	0.36188	-30451.27	-39862.96	0.36188	17.283	0.00
0.00	-30450.98	-39862.86	0.35251	-30450.98	-39862.86	0.35251	16.051	0.00
0.00	-30450.62	-39862.73	0.34417	-30450.62	-39862.73	0.34417	16.693	0.00
0.00	-30450.31	-39862.63	0.33680	-30450.31	-39862.63	0.33680	16.732	0.00
0.00	-30449.96	-39862.51	0.33002	-30449.96	-39862.51	0.33002	16.846	0.00
0.00	-30449.64	-39862.40	0.32369	-30449.64	-39862.40	0.32369	16.527	0.00
0.00	-30449.31	-39862.30	0.31814	-30449.31	-39862.30	0.31814	16.424	0.00
0.00	-30448.98	-39862.19	0.31364	-30448.98	-39862.19	0.31364	16.636	0.00
0.00	-30448.63	-39862.08	0.30968	-30448.63	-39862.08	0.30968	16.269	0.00
0.00	-30448.26	-39861.97	0.30620	-30448.26	-39861.97	0.30620	16.690	0.00
0.00	-30447.87	-39861.85	0.30347	-30447.87	-39861.85	0.30347	17.302	0.00
0.00	-30447.56	-39861.75	0.30149	-30447.56	-39861.75	0.30149	16.743	0.00
0.00	-30447.18	-39861.63	0.30028	-30447.18	-39861.63	0.30028	16.727	0.00
0.00	-30446.87	-39861.54	0.30004	-30446.87	-39861.54	0.30004	17.401	0.00
0.00	-30446.53	-39861.43	0.29990	-30446.53	-39861.43	0.29990	17.154	0.00
0.00	-30446.09	-39861.29	0.29932	-30446.09	-39861.29	0.29932	17.335	0.00
0.00	-30445.72	-39861.18	0.29866	-30445.72	-39861.18	0.29866	16.984	0.00
0.00	-30445.34	-39861.07	0.29841	-30445.34	-39861.07	0.29841	17.355	0.00
0.00	-30444.94	-39860.94	0.29877	-30444.94	-39860.94	0.29877	16.747	0.00
0.00	-30444.65	-39860.85	0.29935	-30444.65	-39860.85	0.29935	17.657	0.00
0.00	-30444.30	-39860.74	0.30004	-30444.30	-39860.74	0.30004	17.011	0.00
0.00	-30443.95	-39860.63	0.30034	-30443.95	-39860.63	0.30034	17.543	0.00
0.00	-30443.61	-39860.52	0.30036	-30443.61	-39860.52	0.30036	17.218	0.00
0.00	-30443.25	-39860.41	0.30079	-30443.25	-39860.41	0.30079	19.697	0.00
0.00	-30442.89	-39860.30	0.30135	-30442.89	-39860.30	0.30135	17.677	0.00
0.00	-30442.52	-39860.18	0.30156	-30442.52	-39860.18	0.30156	17.756	0.00
0.00	-30442.14	-39860.07	0.30160	-30442.14	-39860.07	0.30160	17.210	0.00
0.00	-30441.73	-39859.94	0.30163	-30441.73	-39859.94	0.30163	17.795	0.00
0.00	-30441.28	-39859.80	0.30173	-30441.28	-39859.80	0.30173	17.796	0.00
0.00	-30440.91	-39859.68	0.30180	-30440.91	-39859.68	0.30180	17.445	0.00
0.00	-30440.52	-39859.56	0.30208	-30440.52	-39859.56	0.30208	17.397	0.00
0.00	-30440.25	-39859.48	0.30224	-30440.25	-39859.48	0.30224	17.986	0.00
0.00	-30439.87	-39859.36	0.30213	-30439.87	-39859.36	0.30213	17.601	0.00
0.00	-30439.50	-39859.24	0.30210	-30439.50	-39859.24	0.30210	18.035	0.00
0.00	-30439.20	-39859.15	0.30226	-30439.20	-39859.15	0.30226	18.107	0.00
0.00	-30438.86	-39859.04	0.30250	-30438.86	-39859.04	0.30250	21.565	0.00
0.00	-30438.50	-39858.93	0.30251	-30438.50	-39858.93	0.30251	17.650	0.00
0.00	-30438.13	-39858.82	0.30219	-30438.13	-39858.82	0.30219	18.636	0.00
0.00	-30437.76	-39858.70	0.30167	-30437.76	-39858.70	0.30167	18.145	0.00
0.00	-30437.37	-39858.58	0.30121	-30437.37	-39858.58	0.30121	17.663	0.00
0.00	-30437.04	-39858.48	0.30096	-30437.04	-39858.48	0.30096	18.247	0.00
0.00	-30436.64	-39858.36	0.30083	-30436.64	-39858.36	0.30083	18.179	0.00
0.00	-30436.26	-39858.24	0.30075	-30436.26	-39858.24	0.30075	18.155	0.00
0.00	-30435.93	-39858.14	0.30079	-30435.93	-39858.14	0.30079	18.568	0.00
0.00	-30435.58	-39858.03	0.30091	-30435.58	-39858.03	0.30091	18.453	0.00
0.00	-30435.23	-39857.92	0.30096	-30435.23	-39857.92	0.30096	18.794	0.00
0.00	-30434.88	-39857.81	0.30089	-30434.88	-39857.81	0.30089	18.806	0.00
0.00	-30434.53	-39857.70	0.30067	-30434.53	-39857.70	0.30067	19.083	0.00
0.00	-30434.13	-39857.57	0.30049	-30434.13	-39857.57	0.30049	19.810	0.00
0.00	-30433.82	-39857.48	0.30031	-30433.82	-39857.48	0.30031	18.438	0.00
0.00	-30433.43	-39857.35	0.30009	-30433.43	-39857.35	0.30009	18.571	0.00
0.00	-30433.06	-39857.24	0.29970	-30433.06	-39857.24	0.29970	18.448	0.00
0.00	-30432.68	-39857.12	0.29920	-30432.68	-39857.12	0.29920	18.500	0.00
0.00	-30432.27	-39857.00	0.29890	-30432.27	-39857.00	0.29890	18.715	0.00
0.00	-30431.90	-39856.88	0.29908	-30431.90	-39856.88	0.29908	18.739	0.00
0.00	-30431.63	-39856.79	0.29949	-30431.63	-39856.79	0.29949	18.726	0.00
0.00	-30431.31	-39856.70	0.29972	-30431.31	-39856.70	0.29972	19.001	0.00
0.00	-30430.97	-39856.59	0.29959	-30430.97	-39856.59	0.29959	18.412	0.00
0.00	-30430.62	-39856.48	0.29918	-30430.62	-39856.48	0.29918	18.692	0.00
0.00	-30430.26	-39856.37	0.29881	-30430.26	-39856.37	0.29881	19.552	0.00
0.00	-30429.92	-39856.26	0.29863	-30429.92	-39856.26	0.29863	19.419	0.00
0.00	-30429.52	-39856.14	0.29830	-30429.52	-39856.14	0.29830	19.309	0.00
0.00	-30429.05	-39856.00	0.29802	-30429.05	-39856.00	0.29802	18.547	0.00
0.00	-30428.63	-39855.87	0.29808	-30428.63	-39855.87	0.29808	19.118	0.00
0.00	-30428.31	-39855.77	0.29812	-30428.31	-39855.77	0.29812	18.860	0.00
0.00	-30427.98	-39855.67	0.29784	-30427.98	-39855.67	0.29784	18.994	0.00
0.00	-30427.60	-39855.55	0.29726	-30427.60	-39855.55	0.29726	19.192	0.00
0.00	-30427.25	-39855.45	0.29654	-30427.25	-39855.45	0.29654	19.051	0.00
0.00	-30426.88	-39855.34	0.29589	-30426.88	-39855.34	0.29589	19.379	0.00
0.00	-30426.51	-39855.22	0.29567	-30426.51	-39855.22	0.29567	19.444	0.00
0.00	-30426.15	-39855.12	0.29561	-30426.15	-39855.12	0.29561	19.288	0.00
0.00	-30425.71	-39854.98	0.29532	-30425.71	-39854.98	0.29532	19.451	0.00
0.00	-30425.36	-39854.88	0.29505	-30425.36	-39854.88	0.29505	19.560	0.00
0.00	-30424.92	-39854.74	0.29490	-30424.92	-39854.74	0.29490	20.159	0.00
0.00	-30424.50	-39854.62	0.29471	-30424.50	-39854.62	0.29471	19.584	0.00
0.00	-30424.11	-39854.49	0.29456	-30424.11	-39854.49	0.29456	19.726	0.00
0.00	-30423.82	-39854.41	0.29454	-30423.82	-39854.41	0.29454	19.988	0.00
0.00	-30423.49	-39854.30	0.29472	-30423.49	-39854.30	0.29472	19.880	0.00
0.00	-30423.11	-39854.19	0.29491	-30423.11	-39854.19	0.29491	19.703	0.00
0.00	-30422.77	-39854.08	0.29500	-30422.77	-39854.08	0.29500	19.519	0.00
0.00	-30422.43	-39853.97	0.29486	-30422.43	-39853.97	0.29486	20.165	0.00
0.00	-30422.01	-39853.84	0.29442	-30422.01	-39853.84	0.29442	20.460	0.00
0.00	-30421.68	-39853.74	0.29428	-30421.68	-39853.74	0.29428	20.507	0.00
0.00	-30421.26	-39853.61	0.29476	-30421.26	-39853.61	0.29476	20.629	0.00
0.00	-30420.87	-39853.49	0.29540	-30420.87	-39853.49	0.29540	20.063	0.00
0.00	-30420.51	-39853.38	0.29620	-30420.51	-39853.38	0.29620	20.098	0.00
0.00	-30420.17	-39853.27	0.29709	-30420.17	-39853.27	0.29709	20.392	0.00
0.00	-30419.84	-39853.16	0.29735	-30419.84	-39853.16	0.29735	19.777	0.00
0.00	-30419.52	-39853.07	0.29722	-30419.52	-39853.07	0.29722	20.285	0.00
0.00	-30419.19	-39852.97	0.29710	-30419.19	-39852.97	0.29710	19.637	0.00
0.00	-30418.86	-39852.86	0.29712	-30418.86	-39852.86	0.29712	20.319	0.00
0.00	-30418.45	-39852.73	0.29717	-30418.45	-39852.73	0.29717	20.028	0.00
0.00	-30418.13	-39852.64	0.29715	-30418.13	-39852.64	0.29715	20.585	0.00
0.00	-30417.76	-39852.52	0.29714	-30417.76	-39852.52	0.29714	20.507	0.00
0.00	-30417.41	-39852.41	0.29727	-30417.41	-39852.41	0.29727	20.187	0.00
0.00	-30417.08	-39852.31	0.29738	-30417.08	-39852.31	0.29738	20.521	0.00
0.00	-30416.66	-39852.18	0.29743	-30416.66	-39852.18	0.29743	20.403	0.00
0.00	-30416.33	-39852.08	0.29730	-30416.33	-39852.08	0.29730	20.375	0.00
0.00	-30416.05	-39851.99	0.29700	-30416.05	-39851.99	0.29700	21.224	0.00
0.00	-30415.69	-39851.88	0.29698	-30415.69	-39851.88	0.29698	21.831	0.00
0.00	-30415.41	-39851.80	0.29709	-30415.41	-39851.80	0.29709	20.959	0.00
0.00	-30415.06	-39851.69	0.29685	-30415.06	-39851.69	0.29685	20.551	0.00
0.00	-30414.71	-39851.58	0.29661	-30414.71	-39851.58	0.29661	20.671	0.00
0.00	-30414.39	-39851.49	0.29639	-30414.39	-39851.49	0.29639	20.230	0.00
0.00	-30414.09	-39851.40	0.29587	-30414.09	-39851.40	0.29587	20.580	0.00
0.00	-30413.77	-39851.30	0.29524	-30413.77	-39851.30	0.29524	21.204	0.00
0.00	-30413.46	-39851.21	0.29481	-30413.46	-39851.21	0.29481	20.596	0.00
0.00	-30413.13	-39851.11	0.29450	-30413.13	-39851.11	0.29450	20.228	0.00
0.00	-30412.78	-39851.00	0.29394	-30412.78	-39851.00	0.29394	20.773	0.00
0.00	-30412.41	-39850.89	0.29353	-30412.41	-39850.89	0.29353	20.733	0.00
0.00	-30412.10	-39850.80	0.29329	-30412.10	-39850.80	0.29329	20.657	0.00
0.00	-30411.77	-39850.70	0.29290	-30411.77	-39850.70	0.29290	20.779	0.00
0.00	-30411.38	-39850.59	0.29252	-30411.38	-39850.59	0.29252	20.639	0.00
0.00	-30411.09	-39850.50	0.29210	-30411.09	-39850.50	0.29210	20.774	0.00
0.00	-30410.76	-39850.40	0.29168	-30410.76	-39850.40	0.29168	21.437	0.00
0.00	-30410.44	-39850.30	0.29122	-30410.44	-39850.30	0.29122	21.372	0.00
0.00	-30410.08	-39850.20	0.29077	-30410.08	-39850.20	0.29077	21.050	0.00
0.00	-30409.74	-39850.10	0.29047	-30409.74	-39850.10	0.29047	20.912	0.00
0.00	-30409.39	-39849.99	0.29057	-30409.39	-39849.99	0.29057	22.290	0.00
0.00	-30409.01	-39849.88	0.29080	-30409.01	-39849.88	0.29080	21.900	0.00
0.00	-30408.61	-39849.76	0.29073	-30408.61	-39849.76	0.29073	22.272	0.00
0.00	-30408.26	-39849.65	0.29064	-30408.26	-39849.65	0.29064	22.570	0.00
0.00	-30407.90	-39849.55	0.29064	-30407.90	-39849.55	0.29064	21.968	0.00
0.00	-30407.52	-39849.43	0.29070	-30407.52	-39849.43	0.29070	21.975	0.00
0.00	-30407.18	-39849.33	0.29098	-30407.18	-39849.33	0.29098	23.248	0.00
0.00	-30406.83	-39849.22	0.29144	-30406.83	-39849.22	0.29144	21.611	0.00
0.00	-30406.46	-39849.11	0.29167	-30406.46	-39849.11	0.29167	22.010	0.00
0.00	-30406.08	-39849.00	0.29185	-30406.08	-39849.00	0.29185	22.357	0.00
0.00	-30405.69	-39848.88	0.29241	-30405.69	-39848.88	0.29241	22.552	0.00
0.00	-30405.32	-39848.77	0.29315	-30405.32	-39848.77	0.29315	21.635	0.00
0.00	-30404.91	-39848.64	0.29372	-30404.91	-39848.64	0.29372	21.795	0.00
0.00	-30404.40	-39848.49	0.29432	-30404.40	-39848.49	0.29432	21.959	0.00
0.00	-30403.98	-39848.36	0.29472	-30403.98	-39848.36	0.29472	22.435	0.00
0.00	-30403.67	-39848.26	0.29497	-30403.67	-39848.26	0.29497	22.017	0.00
0.00	-30403.31	-39848.16	0.29529	-30403.31	-39848.16	0.29529	22.072	0.00
0.00	-30402.93	-39848.04	0.29561	-30402.93	-39848.04	0.29561	22.366	0.00
0.00	-30402.53	-39847.92	0.29597	-30402.53	-39847.92	0.29597	22.393	0.00
0.00	-30402.12	-39847.79	0.29630	-30402.12	-39847.79	0.29630	22.605	0.00
0.00	-30401.72	-39847.67	0.29648	-30401.72	-39847.67	0.29648	23.001	0.00
0.00	-30401.33	-39847.55	0.29665	-30401.33	-39847.55	0.29665	22.962	0.00
0.00	-30400.92	-39847.42	0.29701	-30400.92	-39847.42	0.29701	22.730	0.00
0.00	-30400.50	-39847.29	0.29753	-30400.50	-39847.29	0.29753	24.513	0.00
0.00	-30400.07	-39847.16	0.29787	-30400.07	-39847.16	0.29787	22.559	0.00
0.00	-30399.62	-39847.02	0.29811	-30399.62	-39847.02	0.29811	22.807	0.00
0.00	-30399.23	-39846.90	0.29844	-30399.23	-39846.90	0.29844	22.867	0.00
0.00	-30398.87	-39846.79	0.29888	-30398.87	-39846.79	0.29888	22.311	0.00
0.00	-30398.48	-39846.67	0.29937	-30398.48	-39846.67	0.29937	23.108	0.00
0.00	-30398.09	-39846.55	0.29975	-30398.09	-39846.55	0.29975	22.971	0.00
0.00	-30397.69	-39846.42	0.30011	-30397.69	-39846.42	0.30011	23.543	0.00
0.00	-30397.33	-39846.31	0.30057	-30397.33	-39846.31	0.30057	22.721	0.00
0.00	-30396.91	-39846.18	0.30074	-30396.91	-39846.18	0.30074	22.802	0.00
0.00	-30396.52	-39846.06	0.30068	-30396.52	-39846.06	0.30068	23.900	0.00
0.00	-30396.10	-39845.93	0.30064	-30396.10	-39845.93	0.30064	23.259	0.00
0.00	-30395.69	-39845.80	0.30058	-30395.69	-39845.80	0.30058	23.530	0.00
0.00	-30395.22	-39845.65	0.30064	-30395.22	-39845.65	0.30064	23.053	0.00
0.00	-30394.87	-39845.55	0.30086	-30394.87	-39845.55	0.30086	23.550	0.00
0.00	-30394.51	-39845.44	0.30102	-30394.51	-39845.44	0.30102	22.838	0.00
0.00	-30394.16	-39845.33	0.30104	-30394.16	-39845.33	0.30104	22.968	0.00
0.00	-30393.75	-39845.20	0.30100	-30393.75	-39845.20	0.30100	23.108	0.00
0.00	-30393.43	-39845.10	0.30100	-30393.43	-39845.10	0.30100	22.561	0.00
0.00	-30393.00	-39844.97	0.30111	-30393.00	-39844.97	0.30111	23.000	0.00
0.00	-30392.64	-39844.85	0.30130	-30392.64	-39844.85	0.30130	22.662	0.00
0.00	-30392.24	-39844.73	0.30154	-30392.24	-39844.73	0.30154	22.977	0.00
0.00	-30391.84	-39844.60	0.30188	-30391.84	-39844.60	0.30188	23.923	0.00
0.00	-30391.43	-39844.47	0.30226	-30391.43	-39844.47	0.30226	24.683	0.00
0.00	-30391.15	-39844.38	0.30268	-30391.15	-39844.38	0.30268	23.544	0.00
0.00	-30390.74	-39844.25	0.30336	-30390.74	-39844.25	0.30336	24.813	0.00
0.00	-30390.40	-39844.15	0.30402	-30390.40	-39844.15	0.30402	24.043	0.00
0.00	-30390.07	-39844.04	0.30442	-30390.07	-39844.04	0.30442	24.887	0.00
0.00	-30389.72	-39843.93	0.30457	-30389.72	-39843.93	0.30457	23.948	0.00
0.00	-30389.31	-39843.80	0.30477	-30389.31	-39843.80	0.30477	25.311	0.00
0.00	-30388.95	-39843.69	0.30519	-30388.95	-39843.69	0.30519	24.954	0.00
0.00	-30388.62	-39843.58	0.30545	-30388.62	-39843.58	0.30545	24.643	0.00
0.00	-30388.26	-39843.47	0.30553	-30388.26	-39843.47	0.30553	24.830	0.00
0.00	-30387.89	-39843.35	0.30567	-30387.89	-39843.35	0.30567	25.741	0.00
0.00	-30387.50	-39843.23	0.30591	-30387.50	-39843.23	0.30591	25.344	0.00
0.00	-30387.05	-39843.09	0.30628	-30387.05	-39843.09	0.30628	26.227	0.00
0.00	-30386.66	-39842.96	0.30677	-30386.66	-39842.96	0.30677	24.994	0.00
0.00	-30386.32	-39842.85	0.30706	-30386.32	-39842.85	0.30706	25.358	0.00
0.00	-30385.94	-39842.73	0.30698	-30385.94	-39842.73	0.30698	25.627	0.00
0.00	-30385.61	-39842.63	0.30677	-30385.61	-39842.63	0.30677	25.942	0.00
0.00	-30385.26	-39842.52	0.30669	-30385.26	-39842.52	0.30669	25.040	0.00
0.00	-30384.88	-39842.40	0.30675	-30384.88	-39842.40	0.30675	26.080	0.00
0.00	-30384.52	-39842.28	0.30677	-30384.52	-39842.28	0.30677	26.352	0.00
0.00	-30384.15	-39842.17	0.30675	-30384.15	-39842.17	0.30675	25.950	0.00
0.00	-30383.77	-39842.05	0.30666	-30383.77	-39842.05	0.30666	25.818	0.00
0.00	-30383.33	-39841.91	0.30668	-30383.33	-39841.91	0.30668	26.856	0.00
0.00	-30382.89	-39841.77	0.30690	-30382.89	-39841.77	0.30690	26.631	0.00
0.00	-30382.49	-39841.64	0.30708	-30382.49	-39841.64	0.30708	26.965	0.00
0.00	-30382.15	-39841.53	0.30719	-30382.15	-39841.53	0.30719	26.688	0.00
0.00	-30381.76	-39841.41	0.30724	-30381.76	-39841.41	0.30724	26.926	0.00
0.00	-30381.40	-39841.29	0.30695	-30381.40	-39841.29	0.30695	27.194	0.00
0.00	-30381.03	-39841.18	0.30645	-30381.03	-39841.18	0.30645	28.180	0.00
0.00	-30380.65	-39841.06	0.30628	-30380.65	-39841.06	0.30628	26.274	0.00
0.00	-30380.25	-39840.93	0.30650	-30380.25	-39840.93	0.30650	27.490	0.00
0.00	-30379.81	-39840.79	0.30666	-30379.81	-39840.79	0.30666	27.241	0.00
0.00	-30379.34	-39840.64	0.30659	-30379.34	-39840.64	0.30659	28.540	0.00
0.00	-30378.99	-39840.53	0.30633	-30378.99	-39840.53	0.30633	27.572	0.00
0.00	-30378.62	-39840.41	0.30614	-30378.62	-39840.41	0.30614	28.380	0.00
0.00	-30378.23	-39840.29	0.30621	-30378.23	-39840.29	0.30621	29.028	0.00
0.00	-30377.78	-39840.15	0.30640	-30377.78	-39840.15	0.30640	29.378	0.00
0.00	-30377.30	-39839.99	0.30640	-30377.30	-39839.99	0.30640	28.163	0.00
0.00	-30376.90	-39839.87	0.30642	-30376.90	-39839.87	0.30642	28.129	0.00
0.00	-30376.56	-39839.76	0.30648	-30376.56	-39839.76	0.30648	29.159	0.00
0.00	-30376.18	-39839.64	0.30655	-30376.18	-39839.64	0.30655	29.082	0.00
0.00	-30375.79	-39839.51	0.30671	-30375.79	-39839.51	0.30671	32.570	0.00
0.00	-30375.38	-39839.38	0.30696	-30375.38	-39839.38	0.30696	29.487	0.00
0.00	-30374.98	-39839.25	0.30715	-30374.98	-39839.25	0.30715	30.452	0.00
0.00	-30374.58	-39839.12	0.30721	-30374.58	-39839.12	0.30721	29.400	0.00
0.00	-30374.17	-39838.99	0.30719	-30374.17	-39838.99	0.30719	29.222	0.00
0.00	-30373.70	-39838.84	0.30727	-30373.70	-39838.84	0.30727	29.920	0.00
0.00	-30373.30	-39838.71	0.30735	-30373.30	-39838.71	0.30735	30.085	0.00
0.00	-30372.81	-39838.56	0.30752	-30372.81	-39838.56	0.30752	30.298	0.00
0.00	-30372.51	-39838.46	0.30767	-30372.51	-39838.46	0.30767	32.454	0.00
0.00	-30372.15	-39838.34	0.30764	-30372.15	-39838.34	0.30764	29.577	0.00
0.00	-30371.77	-39838.22	0.30756	-30371.77	-39838.22	0.30756	30.918	0.00
0.00	-30371.38	-39838.10	0.30756	-30371.38	-39838.10	0.30756	30.585	0.00
0.00	-30371.00	-39837.98	0.30750	-30371.00	-39837.98	0.30750	29.937	0.00
0.00	-30370.61	-39837.85	0.30738	-30370.61	-39837.85	0.30738	31.377	0.00
0.00	-30370.21	-39837.72	0.30725	-30370.21	-39837.72	0.30725	31.161	0.00
0.00	-30369.73	-39837.57	0.30723	-30369.73	-39837.57	0.30723	30.451	0.00
0.00	-30369.40	-39837.47	0.30725	-30369.40	-39837.47	0.30725	29.620	0.00
0.00	-30369.04	-39837.35	0.30724	-30369.04	-39837.35	0.30724	32.080	0.00
0.00	-30368.63	-39837.22	0.30722	-30368.63	-39837.22	0.30722	31.831	0.00
0.00	-30368.23	-39837.10	0.30718	-30368.23	-39837.10	0.30718	32.204	0.00
0.00	-30367.83	-39836.97	0.30710	-30367.83	-39836.97	0.30710	30.804	0.00
0.00	-30367.43	-39836.84	0.30685	-30367.43	-39836.84	0.30685	31.570	0.00
0.00	-30367.04	-39836.72	0.30664	-30367.04	-39836.72	0.30664	31.648	0.00
0.00	-30366.66	-39836.60	0.30661	-30366.66	-39836.60	0.30661	32.200	0.00
0.00	-30366.25	-39836.47	0.30661	-30366.25	-39836.47	0.30661	31.636	0.00
0.00	-30365.80	-39836.32	0.30675	-30365.80	-39836.32	0.30675	32.457	0.00
0.00	-30365.44	-39836.21	0.30681	-30365.44	-39836.21	0.30681	32.600	0.00
0.00	-30365.07	-39836.09	0.30649	-30365.07	-39836.09	0.30649	32.719	0.00
0.00	-30364.67	-39835.97	0.30589	-30364.67	-39835.97	0.30589	32.087	0.00
0.00	-30364.29	-39835.85	0.30521	-30364.29	-39835.85	0.30521	32.901	0.00
0.00	-30363.86	-39835.72	0.30440	-30363.86	-39835.72	0.30440	32.749	0.00
0.00	-30363.47	-39835.60	0.30354	-30363.47	-39835.60	0.30354	33.125	0.00
0.00	-30363.07	-39835.47	0.30257	-30363.07	-39835.47	0.30257	32.159	0.00
0.00	-30362.66	-39835.35	0.30175	-30362.66	-39835.35	0.30175	32.400	0.00
0.00	-30362.23	-39835.22	0.30117	-30362.23	-39835.22	0.30117	33.938	0.00
0.00	-30361.74	-39835.07	0.30071	-30361.74	-39835.07	0.30071	33.471	0.00
0.00	-30361.30	-39834.93	0.30048	-30361.30	-39834.93	0.30048	32.183	0.00
0.00	-30360.91	-39834.81	0.30032	-30360.91	-39834.81	0.30032	34.094	0.00
0.00	-30360.55	-39834.70	0.30027	-30360.55	-39834.70	0.30027	34.186	0.00
0.00	-30360.12	-39834.56	0.30059	-30360.12	-39834.56	0.30059	34.805	0.00
0.00	-30359.73	-39834.44	0.30097	-30359.73	-39834.44	0.30097	33.581	0.00
0.00	-30359.31	-39834.31	0.30135	-30359.31	-39834.31	0.30135	34.113	0.00
0.00	-30358.89	-39834.17	0.30185	-30358.89	-39834.17	0.30185	34.596	0.00
0.00	-30358.48	-39834.04	0.30243	-30358.48	-39834.04	0.30243	35.049	0.00
0.00	-30357.99	-39833.89	0.30301	-30357.99	-39833.89	0.30301	32.828	0.00
0.00	-30357.53	-39833.74	0.30357	-30357.53	-39833.74	0.30357	34.190	0.00
0.00	-30357.14	-39833.62	0.30391	-30357.14	-39833.62	0.30391	35.996	0.00
0.00	-30356.73	-39833.48	0.30402	-30356.73	-39833.48	0.30402	36.364	0.00
0.00	-30356.30	-39833.35	0.30405	-30356.30	-39833.35	0.30405	34.532	0.00
0.00	-30355.87	-39833.21	0.30414	-30355.87	-39833.21	0.30414	35.711	0.00
0.00	-30355.43	-39833.07	0.30430	-30355.43	-39833.07	0.30430	35.578	0.00
0.00	-30354.98	-39832.93	0.30442	-30354.98	-39832.93	0.30442	35.433	0.00
0.00	-30353.45	-39832.45	0.30342	-30353.45	-39832.45	0.30342	35.920	0.00
0.00	-30354.34	-39832.73	0.30328	-30354.34	-39832.73	0.30328	36.447	0.00
0.00	-30354.06	-39832.64	0.30326	-30354.06	-39832.64	0.30326	37.845	0.00
0.00	-30353.55	-39832.48	0.30331	-30353.55	-39832.48	0.30331	37.112	0.00
0.00	-30353.25	-39832.39	0.30333	-30353.25	-39832.39	0.30333	37.353	0.00
0.00	-30352.44	-39832.13	0.30350	-30352.44	-39832.13	0.30350	36.865	0.00
0.00	-30351.76	-39831.91	0.30387	-30351.76	-39831.91	0.30387	37.249	0.00
0.00	-30351.31	-39831.77	0.30429	-30351.31	-39831.77	0.30429	37.669	0.00
0.00	-30350.85	-39831.63	0.30436	-30350.85	-39831.63	0.30436	37.195	0.00
0.00	-30350.39	-39831.48	0.30410	-30350.39	-39831.48	0.30410	37.297	0.00
0.00	-30349.94	-39831.34	0.30388	-30349.94	-39831.34	0.30388	37.685	0.00
0.00	-30349.48	-39831.20	0.30376	-30349.48	-39831.20	0.30376	36.081	0.00
0.00	-30348.90	-39831.02	0.30353	-30348.90	-39831.02	0.30353	37.606	0.00
0.00	-30348.42	-39830.87	0.30320	-30348.42	-39830.87	0.30320	37.631	0.00
0.00	-30347.81	-39830.68	0.30253	-30347.81	-39830.68	0.30253	37.575	0.00
0.00	-30347.46	-39830.57	0.30199	-30347.46	-39830.57	0.30199	38.251	0.00
0.00	-30346.92	-39830.40	0.30171	-30346.92	-39830.40	0.30171	36.642	0.00
0.00	-30346.54	-39830.28	0.30135	-30346.54	-39830.28	0.30135	37.834	0.00
0.00	-30346.08	-39830.15	0.30092	-30346.08	-39830.15	0.30092	38.270	0.00
0.00	-30345.61	-39830.00	0.30045	-30345.61	-39830.00	0.30045	38.210	0.00
0.00	-30345.12	-39829.85	0.30040	-30345.12	-39829.85	0.30040	39.905	0.00
0.00	-30344.68	-39829.71	0.30061	-30344.68	-39829.71	0.30061	40.130	0.00
0.00	-30344.24	-39829.57	0.30082	-30344.24	-39829.57	0.30082	38.679	0.00
0.00	-30343.80	-39829.43	0.30095	-30343.80	-39829.43	0.30095	39.027	0.00
0.00	-30343.22	-39829.25	0.30135	-30343.22	-39829.25	0.30135	38.181	0.00
0.00	-30342.89	-39829.14	0.30188	-30342.89	-39829.14	0.30188	39.410	0.00
0.00	-30342.39	-39828.99	0.30214	-30342.39	-39828.99	0.30214	38.340	0.00
0.00	-30341.91	-39828.84	0.30194	-30341.91	-39828.84	0.30194	39.834	0.00
0.00	-30341.42	-39828.68	0.30182	-30341.42	-39828.68	0.30182	38.159	0.00
0.00	-30341.05	-39828.57	0.30171	-30341.05	-39828.57	0.30171	39.311	0.00
0.00	-30340.60	-39828.43	0.30137	-30340.60	-39828.43	0.30137	39.564	0.00
0.00	-30340.19	-39828.30	0.30086	-30340.19	-39828.30	0.30086	39.731	0.00
0.00	-30339.72	-39828.16	0.29994	-30339.72	-39828.16	0.29994	40.729	0.00
0.00	-30339.26	-39828.02	0.29906	-30339.26	-39828.02	0.29906	40.024	0.00
0.00	-30338.82	-39827.89	0.29825	-30338.82	-39827.89	0.29825	41.349	0.00
0.00	-30338.33	-39827.74	0.29771	-30338.33	-39827.74	0.29771	40.675	0.00
0.00	-30337.82	-39827.59	0.29729	-30337.82	-39827.59	0.29729	38.431	0.00
0.00	-30337.38	-39827.45	0.29697	-30337.38	-39827.45	0.29697	41.766	0.00
0.00	-30336.93	-39827.32	0.29673	-30336.93	-39827.32	0.29673	41.738	0.00
0.00	-30336.43	-39827.16	0.29677	-30336.43	-39827.16	0.29677	41.051	0.00
0.00	-30335.99	-39827.03	0.29708	-30335.99	-39827.03	0.29708	41.056	0.00
0.00	-30335.67	-39826.93	0.29722	-30335.67	-39826.93	0.29722	43.221	0.00
0.00	-30335.23	-39826.80	0.29708	-30335.23	-39826.80	0.29708	44.044	0.00
0.00	-30334.81	-39826.67	0.29680	-30334.81	-39826.67	0.29680	41.546	0.00
0.00	-30334.38	-39826.54	0.29665	-30334.38	-39826.54	0.29665	42.600	0.00
0.00	-30333.96	-39826.41	0.29671	-30333.96	-39826.41	0.29671	42.322	0.00
0.00	-30333.53	-39826.28	0.29692	-30333.53	-39826.28	0.29692	42.068	0.00
0.00	-30333.08	-39826.14	0.29707	-30333.08	-39826.14	0.29707	43.621	0.00
0.00	-30332.53	-39825.97	0.29704	-30332.53	-39825.97	0.29704	42.774	0.00
0.00	-30332.17	-39825.86	0.29691	-30332.17	-39825.86	0.29691	42.736	0.00
0.00	-30331.68	-39825.71	0.29683	-30331.68	-39825.71	0.29683	42.973	0.00
0.00	-30331.31	-39825.60	0.29671	-30331.31	-39825.60	0.29671	41.757	0.00
0.00	-30330.88	-39825.47	0.29676	-30330.88	-39825.47	0.29676	41.849	0.00
0.00	-30330.49	-39825.34	0.29716	-30330.49	-39825.34	0.29716	42.686	0.00
0.00	-30330.07	-39825.21	0.29774	-30330.07	-39825.21	0.29774	43.190	0.00
0.00	-30329.65	-39825.08	0.29832	-30329.65	-39825.08	0.29832	42.797	0.00
0.00	-30329.24	-39824.95	0.29879	-30329.24	-39824.95	0.29879	42.735	0.00
0.00	-30328.80	-39824.81	0.29942	-30328.80	-39824.81	0.29942	42.310	0.00
0.00	-30328.31	-39824.65	0.30017	-30328.31	-39824.65	0.30017	43.432	0.00
0.00	-30327.87	-39824.51	0.30084	-30327.87	-39824.51	0.30084	44.574	0.00
0.00	-30327.29	-39824.33	0.30146	-30327.29	-39824.33	0.30146	42.833	0.00
0.00	-30327.04	-39824.25	0.30212	-30327.04	-39824.25	0.30212	44.052	0.00
0.00	-30326.59	-39824.10	0.30274	-30326.59	-39824.10	0.30274	44.010	0.00
0.00	-30326.17	-39823.97	0.30331	-30326.17	-39823.97	0.30331	44.561	0.00
0.00	-30325.79	-39823.85	0.30356	-30325.79	-39823.85	0.30356	43.559	0.00
0.00	-30325.47	-39823.75	0.30360	-30325.47	-39823.75	0.30360	43.279	0.00
0.00	-30325.06	-39823.62	0.30361	-30325.06	-39823.62	0.30361	45.124	0.00
0.00	-30324.68	-39823.50	0.30379	-30324.68	-39823.50	0.30379	44.066	0.00
0.00	-30324.27	-39823.37	0.30393	-30324.27	-39823.37	0.30393	43.200	0.00
0.00	-30323.85	-39823.24	0.30390	-30323.85	-39823.24	0.30390	44.289	0.00
0.00	-30323.37	-39823.09	0.30389	-30323.37	-39823.09	0.30389	44.691	0.00
0.00	-30322.93	-39822.96	0.30373	-30322.93	-39822.96	0.30373	44.270	0.00
0.00	-30322.44	-39822.81	0.30329	-30322.44	-39822.81	0.30329	43.570	0.00
0.00	-30322.12	-39822.71	0.30299	-30322.12	-39822.71	0.30299	45.082	0.00
0.00	-30321.71	-39822.58	0.30311	-30321.71	-39822.58	0.30311	46.152	0.00
0.00	-30321.27	-39822.45	0.30350	-30321.27	-39822.45	0.30350	46.086	0.00
0.00	-30320.92	-39822.34	0.30386	-30320.92	-39822.34	0.30386	45.578	0.00
0.00	-30320.55	-39822.23	0.30427	-30320.55	-39822.23	0.30427	47.708	0.00
0.00	-30320.15	-39822.11	0.30465	-30320.15	-39822.11	0.30465	46.091	0.00
0.00	-30319.70	-39821.97	0.30510	-30319.70	-39821.97	0.30510	47.210	0.00
0.00	-30319.32	-39821.85	0.30562	-30319.32	-39821.85	0.30562	46.741	0.00
0.00	-30318.92	-39821.72	0.30628	-30318.92	-39821.72	0.30628	47.171	0.00
0.00	-30318.38	-39821.55	0.30705	-30318.38	-39821.55	0.30705	46.403	0.00
0.00	-30317.91	-39821.40	0.30778	-30317.91	-39821.40	0.30778	47.805	0.00
0.00	-30317.56	-39821.28	0.30861	-30317.56	-39821.28	0.30861	45.864	0.00
0.00	-30317.17	-39821.16	0.30944	-30317.17	-39821.16	0.30944	47.349	0.00
0.00	-30316.79	-39821.03	0.31028	-30316.79	-39821.03	0.31028	47.529	0.00
0.00	-30316.35	-39820.89	0.31103	-30316.35	-39820.89	0.31103	47.690	0.00
0.00	-30315.98	-39820.77	0.31158	-30315.98	-39820.77	0.31158	49.108	0.00
0.00	-30315.55	-39820.63	0.31180	-30315.55	-39820.63	0.31180	47.075	0.00
0.00	-30315.17	-39820.51	0.31192	-30315.17	-39820.51	0.31192	47.599	0.00
0.00	-30314.76	-39820.38	0.31208	-30314.76	-39820.38	0.31208	48.067	0.00
0.00	-30314.26	-39820.22	0.31239	-30314.26	-39820.22	0.31239	48.500	0.00
0.00	-30313.79	-39820.06	0.31265	-30313.79	-39820.06	0.31265	48.170	0.00
0.00	-30313.27	-39819.90	0.31291	-30313.27	-39819.90	0.31291	47.819	0.00
0.00	-30313.00	-39819.81	0.31322	-30313.00	-39819.81	0.31322	48.967	0.00
0.00	-30312.62	-39819.68	0.31352	-30312.62	-39819.68	0.31352	45.619	0.00
0.00	-30312.14	-39819.53	0.31351	-30312.14	-39819.53	0.31351	49.028	0.00
0.00	-30311.76	-39819.40	0.31394	-30311.76	-39819.40	0.31394	49.337	0.00
0.00	-30311.40	-39819.28	0.31439	-30311.40	-39819.28	0.31439	48.530	0.00
0.00	-30311.01	-39819.15	0.31507	-30311.01	-39819.15	0.31507	48.235	0.00
0.00	-30310.60	-39819.01	0.31590	-30310.60	-39819.01	0.31590	48.524	0.00
0.00	-30310.11	-39818.85	0.31638	-30310.11	-39818.85	0.31638	48.858	0.00
0.00	-30309.75	-39818.73	0.31682	-30309.75	-39818.73	0.31682	48.446	0.00
0.00	-30309.34	-39818.59	0.31718	-30309.34	-39818.59	0.31718	47.630	0.00
0.00	-30308.87	-39818.44	0.31760	-30308.87	-39818.44	0.31760	49.844	0.00
0.00	-30308.41	-39818.29	0.31777	-30308.41	-39818.29	0.31777	47.998	0.00
0.00	-30308.07	-39818.18	0.31765	-30308.07	-39818.18	0.31765	56.692	0.00
0.00	-30307.65	-39818.04	0.31696	-30307.65	-39818.04	0.31696	48.545	0.00
0.00	-30307.18	-39817.89	0.31636	-30307.18	-39817.89	0.31636	49.749	0.00
0.00	-30306.76	-39817.76	0.31590	-30306.76	-39817.76	0.31590	50.427	0.00
0.00	-30306.39	-39817.64	0.31519	-30306.39	-39817.64	0.31519	50.074	0.00
0.00	-30305.99	-39817.51	0.31429	-30305.99	-39817.51	0.31429	50.062	0.00
0.00	-30305.63	-39817.40	0.31336	-30305.63	-39817.40	0.31336	49.577	0.00
0.00	-30305.15	-39817.25	0.31261	-30305.15	-39817.25	0.31261	83.474	0.00
0.00	-30304.79	-39817.14	0.31205	-30304.79	-39817.14	0.31205	40.280	0.00
0.00	-30304.37	-39817.01	0.31122	-30304.37	-39817.01	0.31122	36.790	0.00
0.00	-30303.90	-39816.86	0.31047	-30303.90	-39816.86	0.31047	37.146	0.00
0.00	-30303.50	-39816.73	0.31002	-30303.50	-39816.73	0.31002	39.959	0.00
0.00	-30303.13	-39816.61	0.30999	-30303.13	-39816.61	0.30999	40.639	0.00
0.00	-30302.76	-39816.49	0.31041	-30302.76	-39816.49	0.31041	36.143	0.00
0.00	-30302.30	-39816.34	0.31126	-30302.30	-39816.34	0.31126	38.598	0.00
0.00	-30301.84	-39816.19	0.31222	-30301.84	-39816.19	0.31222	41.415	0.00
0.00	-30301.43	-39816.05	0.31322	-30301.43	-39816.05	0.31322	41.035	0.00
0.00	-30301.09	-39815.94	0.31415	-30301.09	-39815.94	0.31415	37.253	0.00
0.00	-30300.74	-39815.82	0.31505	-30300.74	-39815.82	0.31505	39.089	0.00
0.00	-30300.30	-39815.67	0.31576	-30300.30	-39815.67	0.31576	41.798	0.00
0.00	-30299.91	-39815.54	0.31668	-30299.91	-39815.54	0.31668	42.075	0.00
0.00	-30299.38	-39815.36	0.31783	-30299.38	-39815.36	0.31783	36.817	0.00
0.00	-30299.07	-39815.26	0.31893	-30299.07	-39815.26	0.31893	38.448	0.00
0.00	-30298.58	-39815.09	0.31951	-30298.58	-39815.09	0.31951	42.423	0.00
0.00	-30298.22	-39814.97	0.31966	-30298.22	-39814.97	0.31966	42.497	0.00
0.00	-30297.85	-39814.84	0.31989	-30297.85	-39814.84	0.31989	37.576	0.00
0.00	-30297.49	-39814.72	0.32016	-30297.49	-39814.72	0.32016	40.501	0.00
0.00	-30297.12	-39814.60	0.31990	-30297.12	-39814.60	0.31990	42.406	0.00
0.00	-30296.63	-39814.44	0.31921	-30296.63	-39814.44	0.31921	43.055	0.00
0.00	-30296.21	-39814.30	0.31881	-30296.21	-39814.30	0.31881	37.563	0.00
0.00	-30295.87	-39814.19	0.31849	-30295.87	-39814.19	0.31849	40.483	0.00
0.00	-30295.40	-39814.04	0.31797	-30295.40	-39814.04	0.31797	42.665	0.00
0.00	-30295.01	-39813.91	0.31722	-30295.01	-39813.91	0.31722	42.914	0.00
0.00	-30294.42	-39813.72	0.31627	-30294.42	-39813.72	0.31627	39.200	0.00
0.00	-30294.23	-39813.66	0.31587	-30294.23	-39813.66	0.31587	40.706	0.00
0.00	-30293.82	-39813.52	0.31561	-30293.82	-39813.52	0.31561	44.100	0.00
0.00	-30293.44	-39813.40	0.31520	-30293.44	-39813.40	0.31520	43.982	0.00
0.00	-30293.03	-39813.27	0.31459	-30293.03	-39813.27	0.31459	39.190	0.00
0.00	-30292.54	-39813.11	0.31425	-30292.54	-39813.11	0.31425	41.418	0.00
0.00	-30292.11	-39812.97	0.31428	-30292.11	-39812.97	0.31428	44.230	0.00
0.00	-30291.76	-39812.85	0.31430	-30291.76	-39812.85	0.31430	45.359	0.00
0.00	-30291.42	-39812.74	0.31438	-30291.42	-39812.74	0.31438	40.480	0.00
0.00	-30291.01	-39812.60	0.31463	-30291.01	-39812.60	0.31463	40.877	0.00
0.00	-30290.68	-39812.50	0.31494	-30290.68	-39812.50	0.31494	45.441	0.00
0.00	-30290.19	-39812.34	0.31511	-30290.19	-39812.34	0.31511	44.552	0.00
0.00	-30289.83	-39812.22	0.31515	-30289.83	-39812.22	0.31515	39.948	0.00
0.00	-30289.47	-39812.10	0.31491	-30289.47	-39812.10	0.31491	42.774	0.00
0.00	-30289.06	-39811.96	0.31458	-30289.06	-39811.96	0.31458	45.135	0.00
0.00	-30288.70	-39811.85	0.31429	-30288.70	-39811.85	0.31429	46.452	0.00
0.00	-30288.28	-39811.71	0.31394	-30288.28	-39811.71	0.31394	40.204	0.00
0.00	-30287.81	-39811.56	0.31349	-30287.81	-39811.56	0.31349	43.897	0.00
0.00	-30287.35	-39811.41	0.31320	-30287.35	-39811.41	0.31320	47.246	0.00
0.00	-30287.02	-39811.30	0.31310	-30287.02	-39811.30	0.31310	47.463	0.00
0.00	-30286.69	-39811.19	0.31302	-30286.69	-39811.19	0.31302	41.424	0.00
0.00	-30286.27	-39811.05	0.31308	-30286.27	-39811.05	0.31308	43.367	0.00
0.00	-30285.88	-39810.92	0.31323	-30285.88	-39810.92	0.31323	46.360	0.00
0.00	-30285.41	-39810.77	0.31328	-30285.41	-39810.77	0.31328	47.781	0.00
0.00	-30284.99	-39810.63	0.31324	-30284.99	-39810.63	0.31324	41.642	0.00
0.00	-30284.62	-39810.51	0.31318	-30284.62	-39810.51	0.31318	44.177	0.00
0.00	-30284.12	-39810.35	0.31321	-30284.12	-39810.35	0.31321	46.912	0.00
0.00	-30283.65	-39810.19	0.31325	-30283.65	-39810.19	0.31325	47.542	0.00
0.00	-30283.27	-39810.07	0.31344	-30283.27	-39810.07	0.31344	42.373	0.00
0.00	-30282.86	-39809.93	0.31353	-30282.86	-39809.93	0.31353	46.339	0.00
0.00	-30282.50	-39809.81	0.31373	-30282.50	-39809.81	0.31373	45.853	0.00
0.00	-30282.04	-39809.66	0.31370	-30282.04	-39809.66	0.31370	47.618	0.00
0.00	-30281.70	-39809.55	0.31386	-30281.70	-39809.55	0.31386	42.113	0.00
0.00	-30281.25	-39809.40	0.31386	-30281.25	-39809.40	0.31386	44.252	0.00
0.00	-30280.80	-39809.26	0.31358	-30280.80	-39809.26	0.31358	48.178	0.00
0.00	-30280.48	-39809.15	0.31313	-30280.48	-39809.15	0.31313	48.674	0.00
0.00	-30280.02	-39809.00	0.31267	-30280.02	-39809.00	0.31267	43.569	0.00
0.00	-30279.60	-39808.87	0.31207	-30279.60	-39808.87	0.31207	45.416	0.00
0.00	-30279.19	-39808.74	0.31132	-30279.19	-39808.74	0.31132	47.826	0.00
0.00	-30278.76	-39808.60	0.31061	-30278.76	-39808.60	0.31061	48.265	0.00
0.00	-30278.31	-39808.46	0.31004	-30278.31	-39808.46	0.31004	44.339	0.00
0.00	-30277.80	-39808.30	0.30974	-30277.80	-39808.30	0.30974	46.357	0.00
0.00	-30277.45	-39808.19	0.30950	-30277.45	-39808.19	0.30950	49.472	0.00
0.00	-30277.08	-39808.07	0.30930	-30277.08	-39808.07	0.30930	48.337	0.00
0.00	-30276.67	-39807.93	0.30923	-30276.67	-39807.93	0.30923	45.258	0.00
0.00	-30276.26	-39807.80	0.30932	-30276.26	-39807.80	0.30932	46.595	0.00
0.00	-30275.80	-39807.66	0.30932	-30275.80	-39807.66	0.30932	49.864	0.00
0.00	-30275.17	-39807.46	0.30912	-30275.17	-39807.46	0.30912	49.457	0.00
0.00	-30275.08	-39807.43	0.30903	-30275.08	-39807.43	0.30903	45.763	0.00
0.00	-30274.59	-39807.27	0.30897	-30274.59	-39807.27	0.30897	46.841	0.00
0.00	-30274.10	-39807.12	0.30885	-30274.10	-39807.12	0.30885	49.588	0.00
0.00	-30273.69	-39806.99	0.30857	-30273.69	-39806.99	0.30857	49.620	0.00
0.00	-30273.33	-39806.87	0.30808	-30273.33	-39806.87	0.30808	44.407	0.00
0.00	-30272.91	-39806.74	0.30748	-30272.91	-39806.74	0.30748	47.429	0.00
0.00	-30272.47	-39806.61	0.30681	-30272.47	-39806.61	0.30681	50.387	0.00
0.00	-30272.10	-39806.49	0.30626	-30272.10	-39806.49	0.30626	50.141	0.00
0.00	-30271.74	-39806.38	0.30570	-30271.74	-39806.38	0.30570	46.667	0.00
0.00	-30271.20	-39806.21	0.30487	-30271.20	-39806.21	0.30487	46.657	0.00
0.00	-30270.96	-39806.14	0.30416	-30270.96	-39806.14	0.30416	51.764	0.00
0.00	-30270.43	-39805.98	0.30354	-30270.43	-39805.98	0.30354	51.745	0.00
0.00	-30270.03	-39805.86	0.30300	-30270.03	-39805.86	0.30300	45.539	0.00
0.00	-30269.67	-39805.75	0.30257	-30269.67	-39805.75	0.30257	47.107	0.00
0.00	-30269.20	-39805.60	0.30266	-30269.20	-39805.60	0.30266	49.745	0.00
0.00	-30268.87	-39805.50	0.30242	-30268.87	-39805.50	0.30242	51.948	0.00
0.00	-30268.42	-39805.36	0.30209	-30268.42	-39805.36	0.30209	45.967	0.00
0.00	-30267.98	-39805.22	0.30169	-30267.98	-39805.22	0.30169	49.222	0.00
0.00	-30267.57	-39805.09	0.30148	-30267.57	-39805.09	0.30148	51.402	0.00
0.00	-30267.18	-39804.97	0.30143	-30267.18	-39804.97	0.30143	52.535	0.00
0.00	-30266.76	-39804.84	0.30141	-30266.76	-39804.84	0.30141	48.081	0.00
0.00	-30266.22	-39804.67	0.30153	-30266.22	-39804.67	0.30153	49.962	0.00
0.00	-30265.76	-39804.53	0.30176	-30265.76	-39804.53	0.30176	52.295	0.00
0.00	-30265.36	-39804.40	0.30207	-30265.36	-39804.40	0.30207	52.626	0.00
0.00	-30264.91	-39804.26	0.30256	-30264.91	-39804.26	0.30256	48.318	0.00
0.00	-30264.47	-39804.12	0.30306	-30264.47	-39804.12	0.30306	49.612	0.00
0.00	-30264.11	-39804.00	0.30342	-30264.11	-39804.00	0.30342	52.003	0.00
0.00	-30263.71	-39803.88	0.30379	-30263.71	-39803.88	0.30379	53.467	0.00
0.00	-30263.33	-39803.76	0.30442	-30263.33	-39803.76	0.30442	47.902	0.00
0.00	-30262.91	-39803.62	0.30525	-30262.91	-39803.62	0.30525	51.227	0.00
0.00	-30262.48	-39803.48	0.30606	-30262.48	-39803.48	0.30606	52.751	0.00
0.00	-30262.08	-39803.36	0.30668	-30262.08	-39803.36	0.30668	53.331	0.00
0.00	-30261.44	-39803.15	0.30739	-30261.44	-39803.15	0.30739	48.832	0.00
0.00	-30261.08	-39803.03	0.30840	-30261.08	-39803.03	0.30840	50.213	0.00
0.00	-30260.78	-39802.94	0.30942	-30260.78	-39802.94	0.30942	53.885	0.00
0.00	-30260.25	-39802.76	0.31045	-30260.25	-39802.76	0.31045	55.133	0.00
0.00	-30259.85	-39802.63	0.31129	-30259.85	-39802.63	0.31129	49.261	0.00
0.00	-30259.37	-39802.48	0.31218	-30259.37	-39802.48	0.31218	50.611	0.00
0.00	-30258.97	-39802.35	0.31318	-30258.97	-39802.35	0.31318	54.521	0.00
0.00	-30258.65	-39802.24	0.31399	-30258.65	-39802.24	0.31399	54.131	0.00
0.00	-30258.28	-39802.12	0.31498	-30258.28	-39802.12	0.31498	50.148	0.00
0.00	-30257.90	-39801.99	0.31626	-30257.90	-39801.99	0.31626	50.534	0.00
0.00	-30257.48	-39801.86	0.31735	-30257.48	-39801.86	0.31735	54.225	0.00
0.00	-30257.01	-39801.70	0.31791	-30257.01	-39801.70	0.31791	54.902	0.00
0.00	-30256.43	-39801.51	0.31861	-30256.43	-39801.51	0.31861	50.098	0.00
0.00	-30256.15	-39801.42	0.31929	-30256.15	-39801.42	0.31929	52.017	0.00
0.00	-30255.69	-39801.26	0.32027	-30255.69	-39801.26	0.32027	54.968	0.00
0.00	-30255.36	-39801.15	0.32116	-30255.36	-39801.15	0.32116	54.720	0.00
0.00	-30255.02	-39801.04	0.32179	-30255.02	-39801.04	0.32179	50.298	0.00
0.00	-30254.65	-39800.91	0.32227	-30254.65	-39800.91	0.32227	52.030	0.00
0.00	-30254.27	-39800.78	0.32289	-30254.27	-39800.78	0.32289	53.967	0.00
0.00	-30253.89	-39800.66	0.32362	-30253.89	-39800.66	0.32362	55.176	0.00
0.00	-30253.44	-39800.51	0.32442	-30253.44	-39800.51	0.32442	49.645	0.00
0.00	-30253.00	-39800.36	0.32523	-30253.00	-39800.36	0.32523	52.968	0.00
0.00	-30252.58	-39800.21	0.32627	-30252.58	-39800.21	0.32627	55.791	0.00
0.00	-30252.16	-39800.07	0.32739	-30252.16	-39800.07	0.32739	56.721	0.00
0.00	-30251.50	-39799.84	0.32866	-30251.50	-39799.84	0.32866	51.458	0.00
0.00	-30251.54	-39799.85	0.32903	-30251.54	-39799.85	0.32903	54.204	0.00
0.00	-30251.08	-39799.69	0.32956	-30251.08	-39799.69	0.32956	54.874	0.00
0.00	-30250.68	-39799.56	0.33012	-30250.68	-39799.56	0.33012	57.161	0.00
0.00	-30250.32	-39799.43	0.33075	-30250.32	-39799.43	0.33075	52.127	0.00
0.00	-30249.96	-39799.31	0.33130	-30249.96	-39799.31	0.33130	52.067	0.00
0.00	-30249.54	-39799.16	0.33165	-30249.54	-39799.16	0.33165	56.676	0.00
0.00	-30249.08	-39799.00	0.33183	-30249.08	-39799.00	0.33183	57.212	0.00
0.00	-30248.70	-39798.87	0.33196	-30248.70	-39798.87	0.33196	51.884	0.00
0.00	-30248.40	-39798.77	0.33199	-30248.40	-39798.77	0.33199	53.321	0.00
0.00	-30248.00	-39798.63	0.33196	-30248.00	-39798.63	0.33196	55.939	0.00
0.00	-30247.42	-39798.43	0.33187	-30247.42	-39798.43	0.33187	57.235	0.00
0.00	-30247.25	-39798.37	0.33174	-30247.25	-39798.37	0.33174	51.561	0.00
0.00	-30246.87	-39798.24	0.33158	-30246.87	-39798.24	0.33158	55.754	0.00
0.00	-30246.54	-39798.13	0.33122	-30246.54	-39798.13	0.33122	56.348	0.00
0.00	-30246.19	-39798.01	0.33053	-30246.19	-39798.01	0.33053	57.277	0.00
0.00	-30245.76	-39797.86	0.32982	-30245.76	-39797.86	0.32982	53.272	0.00
0.00	-30245.40	-39797.74	0.32944	-30245.40	-39797.74	0.32944	54.161	0.00
0.00	-30245.08	-39797.63	0.32926	-30245.08	-39797.63	0.32926	58.237	0.00
0.00	-30244.74	-39797.52	0.32914	-30244.74	-39797.52	0.32914	57.315	0.00
0.00	-30244.34	-39797.38	0.32900	-30244.34	-39797.38	0.32900	53.431	0.00
0.00	-30243.96	-39797.25	0.32893	-30243.96	-39797.25	0.32893	55.134	0.00
0.00	-30243.57	-39797.11	0.32898	-30243.57	-39797.11	0.32898	57.487	0.00
0.00	-30243.18	-39796.98	0.32877	-30243.18	-39796.98	0.32877	57.398	0.00
0.00	-30242.85	-39796.87	0.32829	-30242.85	-39796.87	0.32829	52.960	0.00
0.00	-30242.46	-39796.74	0.32799	-30242.46	-39796.74	0.32799	55.893	0.00
0.00	-30242.12	-39796.62	0.32817	-30242.12	-39796.62	0.32817	59.743	0.00
0.00	-30241.74	-39796.49	0.32839	-30241.74	-39796.49	0.32839	59.184	0.00
0.00	-30241.36	-39796.36	0.32850	-30241.36	-39796.36	0.32850	53.425	0.00
0.00	-30240.98	-39796.23	0.32868	-30240.98	-39796.23	0.32868	56.469	0.00
0.00	-30240.55	-39796.08	0.32897	-30240.55	-39796.08	0.32897	58.129	0.00
0.00	-30240.14	-39795.94	0.32927	-30240.14	-39795.94	0.32927	59.411	0.00
0.00	-30239.73	-39795.80	0.32938	-30239.73	-39795.80	0.32938	54.569	0.00
0.00	-30239.37	-39795.67	0.32929	-30239.37	-39795.67	0.32929	57.763	0.00
0.00	-30238.92	-39795.52	0.32915	-30238.92	-39795.52	0.32915	60.058	0.00
0.00	-30238.73	-39795.46	0.32901	-30238.73	-39795.46	0.32901	60.429	0.00
0.00	-30238.29	-39795.31	0.32859	-30238.29	-39795.31	0.32859	55.169	0.00
0.00	-30237.93	-39795.19	0.32788	-30237.93	-39795.19	0.32788	56.728	0.00
0.00	-30237.60	-39795.08	0.32663	-30237.60	-39795.08	0.32663	60.518	0.00
0.00	-30237.21	-39794.95	0.32560	-30237.21	-39794.95	0.32560	60.640	0.00
0.00	-30236.79	-39794.81	0.32484	-30236.79	-39794.81	0.32484	55.867	0.00
0.00	-30236.37	-39794.67	0.32415	-30236.37	-39794.67	0.32415	57.096	0.00
0.00	-30236.03	-39794.56	0.32346	-30236.03	-39794.56	0.32346	61.538	0.00
0.00	-30235.64	-39794.43	0.32273	-30235.64	-39794.43	0.32273	60.677	0.00
0.00	-30235.13	-39794.26	0.32201	-30235.13	-39794.26	0.32201	56.722	0.00
0.00	-30234.82	-39794.16	0.32125	-30234.82	-39794.16	0.32125	56.575	0.00
0.00	-30234.40	-39794.03	0.32050	-30234.40	-39794.03	0.32050	61.172	0.00
0.00	-30234.03	-39793.90	0.32013	-30234.03	-39793.90	0.32013	65.365	0.00
0.00	-30233.69	-39793.79	0.31984	-30233.69	-39793.79	0.31984	62.508	0.00
0.00	-30233.34	-39793.67	0.31981	-30233.34	-39793.67	0.31981	60.766	0.00
0.00	-30232.97	-39793.55	0.32007	-30232.97	-39793.55	0.32007	66.833	0.00
0.00	-30232.58	-39793.42	0.32052	-30232.58	-39793.42	0.32052	66.778	0.00
0.00	-30232.20	-39793.29	0.32138	-30232.20	-39793.29	0.32138	57.213	0.00
0.00	-30231.76	-39793.14	0.32249	-30231.76	-39793.14	0.32249	54.659	0.00
0.00	-30231.32	-39792.99	0.32349	-30231.32	-39792.99	0.32349	62.373	0.00
0.00	-30231.01	-39792.88	0.32403	-30231.01	-39792.88	0.32403	68.328	0.00
0.00	-30230.45	-39792.69	0.32470	-30230.45	-39792.69	0.32470	57.748	0.00
0.00	-30230.15	-39792.58	0.32567	-30230.15	-39792.58	0.32567	55.669	0.00
0.00	-30229.90	-39792.49	0.32637	-30229.90	-39792.49	0.32637	63.708	0.00
0.00	-30229.47	-39792.34	0.32717	-30229.47	-39792.34	0.32717	69.564	0.00
0.00	-30229.06	-39792.20	0.32811	-30229.06	-39792.20	0.32811	59.850	0.00
0.00	-30228.66	-39792.07	0.32881	-30228.66	-39792.07	0.32881	56.702	0.00
0.00	-30228.31	-39791.94	0.32959	-30228.31	-39791.94	0.32959	63.768	0.00
0.00	-30227.90	-39791.80	0.33029	-30227.90	-39791.80	0.33029	70.869	0.00
0.00	-30227.50	-39791.66	0.33097	-30227.50	-39791.66	0.33097	61.125	0.00
0.00	-30227.12	-39791.53	0.33182	-30227.12	-39791.53	0.33182	56.215	0.00
0.00	-30226.76	-39791.41	0.33275	-30226.76	-39791.41	0.33275	66.678	0.00
0.00	-30226.31	-39791.25	0.33374	-30226.31	-39791.25	0.33374	71.401	0.00
0.00	-30225.91	-39791.12	0.33457	-30225.91	-39791.12	0.33457	62.301	0.00
0.00	-30225.57	-39791.00	0.33539	-30225.57	-39791.00	0.33539	60.118	0.00
0.00	-30225.22	-39790.88	0.33615	-30225.22	-39790.88	0.33615	67.351	0.00
0.00	-30224.86	-39790.75	0.33723	-30224.86	-39790.75	0.33723	72.460	0.00
0.00	-30224.47	-39790.62	0.33879	-30224.47	-39790.62	0.33879	62.339	0.00
0.00	-30224.08	-39790.48	0.34044	-30224.08	-39790.48	0.34044	58.283	0.00
0.00	-30223.72	-39790.35	0.34220	-30223.72	-39790.35	0.34220	68.148	0.00
0.00	-30223.39	-39790.23	0.34385	-30223.39	-39790.23	0.34385	73.722	0.00
0.00	-30222.98	-39790.08	0.34544	-30222.98	-39790.08	0.34544	63.522	0.00
0.00	-30222.60	-39789.94	0.34718	-30222.60	-39789.94	0.34718	58.939	0.00
0.00	-30222.24	-39789.80	0.34890	-30222.24	-39789.80	0.34890	68.714	0.00
0.00	-30221.83	-39789.66	0.35064	-30221.83	-39789.66	0.35064	75.394	0.00
0.00	-30221.19	-39789.42	0.35312	-30221.19	-39789.42	0.35312	63.656	0.00
0.00	-30221.26	-39789.44	0.35413	-30221.26	-39789.44	0.35413	62.886	0.00
0.00	-30220.83	-39789.28	0.35556	-30220.83	-39789.28	0.35556	69.453	0.00
0.00	-30220.45	-39789.14	0.35745	-30220.45	-39789.14	0.35745	73.273	0.00
0.00	-30220.09	-39789.00	0.35941	-30220.09	-39789.00	0.35941	63.893	0.00
0.00	-30219.70	-39788.85	0.36080	-30219.70	-39788.85	0.36080	64.019	0.00
0.00	-30219.34	-39788.71	0.36237	-30219.34	-39788.71	0.36237	70.292	0.00
0.00	-30219.03	-39788.60	0.36399	-30219.03	-39788.60	0.36399	75.262	0.00
0.00	-30218.60	-39788.43	0.36545	-30218.60	-39788.43	0.36545	65.465	0.00
0.00	-30218.27	-39788.31	0.36690	-30218.27	-39788.31	0.36690	64.403	0.00
0.00	-30217.94	-39788.18	0.36825	-30217.94	-39788.18	0.36825	71.523	0.00
0.00	-30217.62	-39788.06	0.36957	-30217.62	-39788.06	0.36957	76.653	0.00
0.00	-30217.18	-39787.88	0.37118	-30217.18	-39787.88	0.37118	69.758	0.00
0.00	-30216.97	-39787.80	0.37235	-30216.97	-39787.80	0.37235	66.319	0.00
0.00	-30216.59	-39787.65	0.37367	-30216.59	-39787.65	0.37367	77.500	0.00
0.00	-30216.21	-39787.50	0.37488	-30216.21	-39787.50	0.37488	78.399	0.00
0.00	-30215.88	-39787.37	0.37604	-30215.88	-39787.37	0.37604	69.282	0.00
0.00	-30215.56	-39787.24	0.37691	-30215.56	-39787.24	0.37691	65.662	0.00
0.00	-30215.18	-39787.10	0.37745	-30215.18	-39787.10	0.37745	73.860	0.00
0.00	-30214.81	-39786.95	0.37770	-30214.81	-39786.95	0.37770	77.620	0.00
0.00	-30214.50	-39786.83	0.37779	-30214.50	-39786.83	0.37779	69.364	0.00
0.00	-30214.18	-39786.70	0.37790	-30214.18	-39786.70	0.37790	66.947	0.00
0.00	-30213.82	-39786.56	0.37813	-30213.82	-39786.56	0.37813	73.470	0.00
0.00	-30213.51	-39786.44	0.37851	-30213.51	-39786.44	0.37851	80.160	0.00
0.00	-30213.16	-39786.30	0.37909	-30213.16	-39786.30	0.37909	69.804	0.00
0.00	-30212.81	-39786.16	0.37983	-30212.81	-39786.16	0.37983	66.848	0.00
0.00	-30212.41	-39786.00	0.38058	-30212.41	-39786.00	0.38058	74.743	0.00
0.00	-30212.09	-39785.87	0.38148	-30212.09	-39785.87	0.38148	79.485	0.00
0.00	-30211.82	-39785.75	0.38220	-30211.82	-39785.75	0.38220	72.139	0.00
0.00	-30211.52	-39785.63	0.38267	-30211.52	-39785.63	0.38267	68.396	0.00
0.00	-30211.15	-39785.48	0.38294	-30211.15	-39785.48	0.38294	74.391	0.00
0.00	-30210.80	-39785.33	0.38337	-30210.80	-39785.33	0.38337	79.148	0.00
0.00	-30210.44	-39785.18	0.38362	-30210.44	-39785.18	0.38362	70.687	0.00
0.00	-30210.19	-39785.07	0.38339	-30210.19	-39785.07	0.38339	67.800	0.00
0.00	-30209.87	-39784.94	0.38260	-30209.87	-39784.94	0.38260	76.707	0.00
0.00	-30209.55	-39784.80	0.38146	-30209.55	-39784.80	0.38146	81.155	0.00
0.00	-30209.17	-39784.65	0.37944	-30209.17	-39784.65	0.37944	72.016	0.00
0.00	-30208.95	-39784.56	0.37755	-30208.95	-39784.56	0.37755	68.013	0.00
0.00	-30208.58	-39784.41	0.37442	-30208.58	-39784.41	0.37442	79.495	0.00
0.00	-30208.28	-39784.29	0.37096	-30208.28	-39784.29	0.37096	84.550	0.00
0.00	-30207.93	-39784.16	0.36705	-30207.93	-39784.16	0.36705	73.559	0.00
0.00	-30207.56	-39784.01	0.36317	-30207.56	-39784.01	0.36317	69.175	0.00
0.00	-30207.26	-39783.90	0.35930	-30207.26	-39783.90	0.35930	76.447	0.00
0.00	-30206.95	-39783.79	0.35514	-30206.95	-39783.79	0.35514	84.873	0.00
0.00	-30206.66	-39783.68	0.35093	-30206.66	-39783.68	0.35093	73.317	0.00
0.00	-30206.35	-39783.57	0.34637	-30206.35	-39783.57	0.34637	71.128	0.00
0.00	-30206.01	-39783.45	0.34172	-30206.01	-39783.45	0.34172	79.174	0.00
0.00	-30205.73	-39783.36	0.33704	-30205.73	-39783.36	0.33704	82.980	0.00
0.00	-30205.38	-39783.24	0.33267	-30205.38	-39783.24	0.33267	73.905	0.00
0.00	-30205.07	-39783.14	0.32847	-30205.07	-39783.14	0.32847	72.796	0.00
0.00	-30204.76	-39783.04	0.32428	-30204.76	-39783.04	0.32428	79.594	0.00
0.00	-30204.43	-39782.93	0.32035	-30204.43	-39782.93	0.32035	86.416	0.00
0.00	-30204.11	-39782.82	0.31692	-30204.11	-39782.82	0.31692	75.793	0.00
0.00	-30203.81	-39782.73	0.31371	-30203.81	-39782.73	0.31371	73.471	0.00
0.00	-30203.53	-39782.64	0.31046	-30203.53	-39782.64	0.31046	80.822	0.00
0.00	-30203.20	-39782.53	0.30753	-30203.20	-39782.53	0.30753	84.044	0.00
0.00	-30202.90	-39782.44	0.30506	-30202.90	-39782.44	0.30506	75.884	0.00
0.00	-30202.59	-39782.34	0.30263	-30202.59	-39782.34	0.30263	72.173	0.00
0.00	-30202.21	-39782.22	0.30003	-30202.21	-39782.22	0.30003	79.057	0.00
0.00	-30201.99	-39782.15	0.29824	-30201.99	-39782.15	0.29824	92.040	0.00
0.00	-30201.66	-39782.05	0.29630	-30201.66	-39782.05	0.29630	82.133	0.00
0.00	-30201.33	-39781.95	0.29416	-30201.33	-39781.95	0.29416	73.136	0.00
0.00	-30201.03	-39781.86	0.29195	-30201.03	-39781.86	0.29195	81.856	0.00
0.00	-30200.72	-39781.76	0.29011	-30200.72	-39781.76	0.29011	86.869	0.00
0.00	-30200.39	-39781.66	0.28818	-30200.39	-39781.66	0.28818	77.448	0.00
0.00	-30200.11	-39781.58	0.28586	-30200.11	-39781.58	0.28586	73.648	0.00
0.00	-30199.75	-39781.47	0.28350	-30199.75	-39781.47	0.28350	83.180	0.00
0.00	-30199.47	-39781.39	0.28122	-30199.47	-39781.39	0.28122	86.503	0.00
0.00	-30199.19	-39781.31	0.27876	-30199.19	-39781.31	0.27876	78.549	0.00
0.00	-30198.79	-39781.19	0.27568	-30198.79	-39781.19	0.27568	77.174	0.00
0.00	-30198.54	-39781.12	0.27302	-30198.54	-39781.12	0.27302	83.715	0.00
0.00	-30198.30	-39781.06	0.27072	-30198.30	-39781.06	0.27072	93.342	0.00
0.00	-30197.97	-39780.97	0.26802	-30197.97	-39780.97	0.26802	78.525	0.00
0.00	-30197.65	-39780.88	0.26506	-30197.65	-39780.88	0.26506	78.192	0.00
0.00	-30197.34	-39780.79	0.26207	-30197.34	-39780.79	0.26207	87.797	0.00
0.00	-30197.00	-39780.70	0.25920	-30197.00	-39780.70	0.25920	93.453	0.00
0.00	-30196.62	-39780.61	0.25646	-30196.62	-39780.61	0.25646	82.247	0.00
0.00	-30196.27	-39780.51	0.25368	-30196.27	-39780.51	0.25368	78.530	0.00
0.00	-30196.02	-39780.45	0.25081	-30196.02	-39780.45	0.25081	89.167	0.00
0.00	-30195.70	-39780.37	0.24798	-30195.70	-39780.37	0.24798	91.892	0.00
0.00	-30195.40	-39780.29	0.24511	-30195.40	-39780.29	0.24511	79.395	0.00
0.00	-30195.07	-39780.21	0.24237	-30195.07	-39780.21	0.24237	77.299	0.00
0.00	-30194.74	-39780.13	0.23984	-30194.74	-39780.13	0.23984	87.511	0.00
0.00	-30194.36	-39780.03	0.23751	-30194.36	-39780.03	0.23751	86.809	0.00
0.00	-30194.03	-39779.95	0.23489	-30194.03	-39779.95	0.23489	83.469	0.00
0.00	-30193.75	-39779.88	0.23296	-30193.75	-39779.88	0.23296	79.217	0.00
0.00	-30193.45	-39779.81	0.23116	-30193.45	-39779.81	0.23116	87.865	0.00
0.00	-30193.13	-39779.73	0.22929	-30193.13	-39779.73	0.22929	95.617	0.00
0.00	-30192.87	-39779.67	0.22756	-30192.87	-39779.67	0.22756	81.564	0.00
0.00	-30192.56	-39779.59	0.22536	-30192.56	-39779.59	0.22536	84.796	0.00
0.00	-30192.27	-39779.52	0.22360	-30192.27	-39779.52	0.22360	86.979	0.00
0.00	-30191.95	-39779.45	0.22163	-30191.95	-39779.45	0.22163	89.382	0.00
0.00	-30191.62	-39779.38	0.21914	-30191.62	-39779.38	0.21914	82.583	0.00
0.00	-30191.24	-39779.29	0.21629	-30191.24	-39779.29	0.21629	80.459	0.00
0.00	-30191.02	-39779.25	0.21388	-30191.02	-39779.25	0.21388	88.379	0.00
0.00	-30190.68	-39779.18	0.21096	-30190.68	-39779.18	0.21096	89.891	0.00
0.00	-30190.35	-39779.12	0.20810	-30190.35	-39779.12	0.20810	84.477	0.00
0.00	-30190.02	-39779.05	0.20517	-30190.02	-39779.05	0.20517	80.077	0.00
0.00	-30189.66	-39778.98	0.20219	-30189.66	-39778.98	0.20219	91.831	0.00
0.00	-30189.37	-39778.93	0.19940	-30189.37	-39778.93	0.19940	99.205	0.00
0.00	-30189.11	-39778.88	0.19671	-30189.11	-39778.88	0.19671	82.980	0.00
0.00	-30188.80	-39778.82	0.19430	-30188.80	-39778.82	0.19430	81.764	0.00
0.00	-30188.51	-39778.77	0.19198	-30188.51	-39778.77	0.19198	88.345	0.00
0.00	-30188.21	-39778.71	0.18990	-30188.21	-39778.71	0.18990	92.803	0.00
0.00	-30187.89	-39778.65	0.18791	-30187.89	-39778.65	0.18791	83.324	0.00
0.00	-30187.59	-39778.60	0.18604	-30187.59	-39778.60	0.18604	82.250	0.00
0.00	-30187.26	-39778.54	0.18419	-30187.26	-39778.54	0.18419	88.710	0.00
0.00	-30186.92	-39778.47	0.18251	-30186.92	-39778.47	0.18251	93.518	0.00
0.00	-30186.58	-39778.41	0.18101	-30186.58	-39778.41	0.18101	88.437	0.00
0.00	-30186.30	-39778.36	0.17945	-30186.30	-39778.36	0.17945	84.930	0.00
0.00	-30185.98	-39778.30	0.17801	-30185.98	-39778.30	0.17801	88.403	0.00
0.00	-30185.73	-39778.26	0.17672	-30185.73	-39778.26	0.17672	92.334	0.00
0.00	-30185.47	-39778.21	0.17559	-30185.47	-39778.21	0.17559	86.544	0.00
0.00	-30185.17	-39778.16	0.17430	-30185.17	-39778.16	0.17430	83.510	0.00
0.00	-30184.90	-39778.11	0.17269	-30184.90	-39778.11	0.17269	90.645	0.00
0.00	-30184.55	-39778.05	0.17086	-30184.55	-39778.05	0.17086	95.357	0.00
0.00	-30184.25	-39777.99	0.16882	-30184.25	-39777.99	0.16882	87.746	0.00
0.00	-30183.98	-39777.95	0.16654	-30183.98	-39777.95	0.16654	86.080	0.00
0.00	-30183.68	-39777.90	0.16380	-30183.68	-39777.90	0.16380	95.391	0.00
0.00	-30183.38	-39777.85	0.16091	-30183.38	-39777.85	0.16091	95.894	0.00
0.00	-30183.04	-39777.79	0.15768	-30183.04	-39777.79	0.15768	94.996	0.00
0.00	-30182.77	-39777.74	0.15424	-30182.77	-39777.74	0.15424	85.467	0.00
0.00	-30182.49	-39777.70	0.15072	-30182.49	-39777.70	0.15072	94.924	0.00
0.00	-30182.21	-39777.66	0.14698	-30182.21	-39777.66	0.14698	94.961	0.00
0.00	-30181.90	-39777.61	0.14251	-30181.90	-39777.61	0.14251	96.123	0.00
0.00	-30181.54	-39777.55	0.13768	-30181.54	-39777.55	0.13768	85.442	0.00
