0.00	-30142.30	-39852.09	0.35000	-30142.30	-39852.09	0.35000	20.994	0.00
0.00	-30141.79	-39852.16	0.35000	-30141.79	-39852.16	0.35000	3.137	0.00
0.00	-30141.76	-39852.87	-0.57884	-30141.76	-39852.87	-0.57884	2.574	0.00
0.00	-30141.67	-39853.27	-0.83939	-30141.67	-39853.27	-0.83939	2.578	0.00
0.00	-30141.61	-39853.67	-1.02247	-30141.61	-39853.67	-1.02247	2.352	0.00
0.00	-30141.54	-39854.05	-1.12019	-30141.54	-39854.05	-1.12019	2.376	0.00
0.00	-30141.45	-39854.45	-1.17989	-30141.45	-39854.45	-1.17989	2.711	0.00
0.00	-30141.34	-39854.84	-1.20696	-30141.34	-39854.84	-1.20696	2.434	0.00
0.00	-30141.24	-39855.18	-1.22147	-30141.24	-39855.18	-1.22147	2.379	0.00
0.00	-30141.14	-39855.51	-1.23166	-30141.14	-39855.51	-1.23166	2.314	0.00
0.00	-30141.05	-39855.83	-1.23820	-30141.05	-39855.83	-1.23820	2.363	0.00
0.00	-30140.94	-39856.16	-1.24197	-30140.94	-39856.16	-1.24197	2.362	0.00
0.00	-30140.84	-39856.50	-1.24427	-30140.84	-39856.50	-1.24427	2.359	0.00
0.00	-30140.68	-39856.99	-1.24587	-30140.68	-39856.99	-1.24587	2.380	0.00
0.00	-30140.62	-39857.17	-1.24654	-30140.62	-39857.17	-1.24654	2.225	0.00
0.00	-30140.50	-39857.52	-1.24688	-30140.50	-39857.52	-1.24688	2.387	0.00
0.00	-30140.38	-39857.88	-1.24685	-30140.38	-39857.88	-1.24685	2.317	0.00
0.00	-30140.25	-39858.25	-1.24652	-30140.25	-39858.25	-1.24652	2.381	0.00
0.00	-30140.14	-39858.57	-1.24612	-30140.14	-39858.57	-1.24612	2.367	0.00
0.00	-30140.03	-39858.92	-1.24569	-30140.03	-39858.92	-1.24569	2.398	0.00
0.00	-30139.91	-39859.26	-1.24534	-30139.91	-39859.26	-1.24534	2.313	0.00
0.00	-30139.76	-39859.70	-1.24499	-30139.76	-39859.70	-1.24499	2.250	0.00
0.00	-30139.68	-39859.92	-1.24468	-30139.68	-39859.92	-1.24468	2.252	0.00
0.00	-30139.55	-39860.32	-1.24427	-30139.55	-39860.32	-1.24427	2.412	0.00
0.00	-30139.43	-39860.66	-1.24365	-30139.43	-39860.66	-1.24365	2.307	0.00
0.00	-30139.29	-39861.05	-1.24288	-30139.29	-39861.05	-1.24288	2.189	0.00
0.00	-30139.17	-39861.39	-1.24245	-30139.17	-39861.39	-1.24245	2.215	0.00
0.00	-30139.04	-39861.77	-1.24153	-30139.04	-39861.77	-1.24153	2.251	0.00
0.00	-30138.92	-39862.11	-1.24079	-30138.92	-39862.11	-1.24079	2.306	0.00
0.00	-30138.80	-39862.47	-1.24024	-30138.80	-39862.47	-1.24024	2.240	0.00
0.00	-30138.66	-39862.86	-1.23977	-30138.66	-39862.86	-1.23977	2.224	0.00
0.00	-30138.53	-39863.22	-1.23923	-30138.53	-39863.22	-1.23923	2.223	0.00
0.00	-30138.40	-39863.59	-1.23860	-30138.40	-39863.59	-1.23860	2.144	0.00
0.00	-30138.27	-39863.97	-1.23787	-30138.27	-39863.97	-1.23787	2.186	0.00
0.00	-30138.13	-39864.35	-1.23715	-30138.13	-39864.35	-1.23715	2.458	0.00
0.00	-30138.00	-39864.71	-1.23644	-30138.00	-39864.71	-1.23644	2.299	0.00
0.00	-30137.86	-39865.12	-1.23569	-30137.86	-39865.12	-1.23569	2.182	0.00
0.00	-30137.72	-39865.51	-1.23500	-30137.72	-39865.51	-1.23500	2.277	0.00
0.00	-30137.59	-39865.90	-1.23464	-30137.59	-39865.90	-1.23464	2.058	0.00
0.00	-30137.48	-39866.19	-1.23409	-30137.48	-39866.19	-1.23409	2.142	0.00
0.00	-30137.35	-39866.54	-1.23361	-30137.35	-39866.54	-1.23361	2.114	0.00
0.00	-30137.22	-39866.91	-1.23321	-30137.22	-39866.91	-1.23321	2.179	0.00
0.00	-30137.08	-39867.31	-1.23294	-30137.08	-39867.31	-1.23294	2.562	0.00
0.00	-30136.96	-39867.66	-1.23272	-30136.96	-39867.66	-1.23272	2.113	0.00
0.00	-30136.82	-39868.04	-1.23260	-30136.82	-39868.04	-1.23260	2.024	0.00
0.00	-30136.70	-39868.40	-1.23254	-30136.70	-39868.40	-1.23254	2.587	0.00
0.00	-30136.55	-39868.81	-1.23255	-30136.55	-39868.81	-1.23255	2.238	0.00
0.00	-30136.42	-39869.20	-1.23259	-30136.42	-39869.20	-1.23259	2.217	0.00
0.00	-30136.31	-39869.51	-1.23279	-30136.31	-39869.51	-1.23279	2.265	0.00
0.00	-30136.14	-39869.99	-1.23321	-30136.14	-39869.99	-1.23321	2.253	0.00
0.00	-30136.07	-39870.21	-1.23359	-30136.07	-39870.21	-1.23359	2.172	0.00
0.00	-30135.93	-39870.61	-1.23397	-30135.93	-39870.61	-1.23397	2.168	0.00
0.00	-30135.80	-39870.97	-1.23446	-30135.80	-39870.97	-1.23446	2.104	0.00
0.00	-30135.67	-39871.35	-1.23499	-30135.67	-39871.35	-1.23499	2.120	0.00
0.00	-30135.53	-39871.75	-1.23556	-30135.53	-39871.75	-1.23556	2.264	0.00
0.00	-30135.41	-39872.12	-1.23610	-30135.41	-39872.12	-1.23610	2.204	0.00
0.00	-30135.25	-39872.57	-1.23669	-30135.25	-39872.57	-1.23669	2.133	0.00
0.00	-30135.12	-39872.97	-1.23721	-30135.12	-39872.97	-1.23721	2.075	0.00
0.00	-30135.01	-39873.29	-1.23774	-30135.01	-39873.29	-1.23774	2.121	0.00
0.00	-30134.89	-39873.65	-1.23815	-30134.89	-39873.65	-1.23815	2.114	0.00
0.00	-30134.76	-39874.01	-1.23862	-30134.76	-39874.01	-1.23862	2.043	0.00
0.00	-30134.62	-39874.45	-1.23900	-30134.62	-39874.45	-1.23900	2.057	0.00
0.00	-30134.48	-39874.84	-1.23932	-30134.48	-39874.84	-1.23932	2.073	0.00
0.00	-30134.36	-39875.20	-1.23973	-30134.36	-39875.20	-1.23973	2.029	0.00
0.00	-30134.24	-39875.57	-1.24015	-30134.24	-39875.57	-1.24015	2.388	0.00
0.00	-30134.11	-39875.93	-1.24060	-30134.11	-39875.93	-1.24060	2.107	0.00
0.00	-30133.96	-39876.39	-1.24117	-30133.96	-39876.39	-1.24117	2.144	0.00
0.00	-30133.84	-39876.75	-1.24179	-30133.84	-39876.75	-1.24179	2.113	0.00
0.00	-30133.72	-39877.10	-1.24247	-30133.72	-39877.10	-1.24247	2.021	0.00
0.00	-30133.60	-39877.45	-1.24316	-30133.60	-39877.45	-1.24316	2.115	0.00
0.00	-30133.48	-39877.82	-1.24382	-30133.48	-39877.82	-1.24382	1.999	0.00
0.00	-30133.33	-39878.30	-1.24449	-30133.33	-39878.30	-1.24449	2.086	0.00
0.00	-30133.24	-39878.55	-1.24501	-30133.24	-39878.55	-1.24501	2.035	0.00
0.00	-30133.12	-39878.92	-1.24557	-30133.12	-39878.92	-1.24557	2.028	0.00
0.00	-30132.98	-39879.33	-1.24602	-30132.98	-39879.33	-1.24602	2.044	0.00
0.00	-30132.87	-39879.67	-1.24668	-30132.87	-39879.67	-1.24668	2.121	0.00
0.00	-30132.73	-39880.11	-1.24746	-30132.73	-39880.11	-1.24746	2.021	0.00
0.00	-30132.61	-39880.47	-1.24822	-30132.61	-39880.47	-1.24822	2.020	0.00
0.00	-30132.50	-39880.81	-1.24908	-30132.50	-39880.81	-1.24908	2.067	0.00
0.00	-30132.39	-39881.16	-1.24987	-30132.39	-39881.16	-1.24987	2.067	0.00
0.00	-30132.27	-39881.51	-1.25056	-30132.27	-39881.51	-1.25056	2.099	0.00
0.00	-30132.15	-39881.90	-1.25098	-30132.15	-39881.90	-1.25098	2.236	0.00
0.00	-30132.03	-39882.26	-1.25133	-30132.03	-39882.26	-1.25133	2.175	0.00
0.00	-30131.88	-39882.73	-1.25187	-30131.88	-39882.73	-1.25187	2.086	0.00
0.00	-30131.82	-39882.92	-1.25237	-30131.82	-39882.92	-1.25237	2.100	0.00
0.00	-30131.70	-39883.29	-1.25287	-30131.70	-39883.29	-1.25287	1.849	0.00
0.00	-30131.55	-39883.75	-1.25322	-30131.55	-39883.75	-1.25322	2.065	0.00
0.00	-30131.44	-39884.08	-1.25353	-30131.44	-39884.08	-1.25353	2.069	0.00
0.00	-30131.33	-39884.41	-1.25375	-30131.33	-39884.41	-1.25375	2.052	0.00
0.00	-30131.22	-39884.75	-1.25393	-30131.22	-39884.75	-1.25393	2.259	0.00
0.00	-30131.11	-39885.10	-1.25399	-30131.11	-39885.10	-1.25399	2.127	0.00
0.00	-30131.00	-39885.44	-1.25393	-30131.00	-39885.44	-1.25393	2.077	0.00
0.00	-30130.88	-39885.78	-1.25378	-30130.88	-39885.78	-1.25378	2.054	0.00
0.00	-30130.77	-39886.11	-1.25359	-30130.77	-39886.11	-1.25359	2.041	0.00
0.00	-30130.65	-39886.48	-1.25335	-30130.65	-39886.48	-1.25335	2.135	0.00
0.00	-30130.55	-39886.78	-1.25309	-30130.55	-39886.78	-1.25309	2.023	0.00
0.00	-30130.41	-39887.20	-1.25290	-30130.41	-39887.20	-1.25290	2.105	0.00
0.00	-30130.32	-39887.49	-1.25281	-30130.32	-39887.49	-1.25281	2.153	0.00
0.00	-30130.22	-39887.79	-1.25290	-30130.22	-39887.79	-1.25290	2.226	0.00
0.00	-30130.11	-39888.11	-1.25311	-30130.11	-39888.11	-1.25311	2.187	0.00
0.00	-30130.01	-39888.43	-1.25335	-30130.01	-39888.43	-1.25335	2.114	0.00
0.00	-30129.89	-39888.79	-1.25352	-30129.89	-39888.79	-1.25352	2.280	0.00
0.00	-30129.76	-39889.20	-1.25356	-30129.76	-39889.20	-1.25356	2.097	0.00
0.00	-30129.65	-39889.54	-1.25355	-30129.65	-39889.54	-1.25355	2.189	0.00
0.00	-30129.56	-39889.81	-1.25348	-30129.56	-39889.81	-1.25348	2.246	0.00
0.00	-30129.47	-39890.09	-1.25342	-30129.47	-39890.09	-1.25342	2.151	0.00
0.00	-30129.32	-39890.54	-1.25336	-30129.32	-39890.54	-1.25336	2.262	0.00
0.00	-30129.27	-39890.68	-1.25337	-30129.27	-39890.68	-1.25337	2.236	0.00
0.00	-30129.17	-39890.99	-1.25348	-30129.17	-39890.99	-1.25348	2.153	0.00
0.00	-30129.07	-39891.30	-1.25366	-30129.07	-39891.30	-1.25366	2.476	0.00
0.00	-30128.96	-39891.63	-1.25384	-30128.96	-39891.63	-1.25384	2.263	0.00
0.00	-30128.87	-39891.92	-1.25400	-30128.87	-39891.92	-1.25400	2.228	0.00
0.00	-30128.75	-39892.28	-1.25419	-30128.75	-39892.28	-1.25419	2.261	0.00
0.00	-30128.63	-39892.65	-1.25435	-30128.63	-39892.65	-1.25435	2.205	0.00
0.00	-30128.55	-39892.90	-1.25456	-30128.55	-39892.90	-1.25456	2.116	0.00
0.00	-30128.44	-39893.22	-1.25478	-30128.44	-39893.22	-1.25478	2.170	0.00
0.00	-30128.30	-39893.67	-1.25497	-30128.30	-39893.67	-1.25497	2.273	0.00
0.00	-30128.20	-39893.99	-1.25531	-30128.20	-39893.99	-1.25531	2.317	0.00
0.00	-30128.12	-39894.24	-1.25561	-30128.12	-39894.24	-1.25561	2.353	0.00
0.00	-30128.01	-39894.57	-1.25584	-30128.01	-39894.57	-1.25584	2.298	0.00
0.00	-30127.91	-39894.88	-1.25628	-30127.91	-39894.88	-1.25628	2.283	0.00
0.00	-30127.80	-39895.22	-1.25670	-30127.80	-39895.22	-1.25670	2.219	0.00
0.00	-30127.72	-39895.47	-1.25718	-30127.72	-39895.47	-1.25718	2.266	0.00
0.00	-30127.61	-39895.81	-1.25776	-30127.61	-39895.81	-1.25776	2.243	0.00
0.00	-30127.51	-39896.12	-1.25836	-30127.51	-39896.12	-1.25836	2.247	0.00
0.00	-30127.41	-39896.44	-1.25883	-30127.41	-39896.44	-1.25883	2.331	0.00
0.00	-30127.30	-39896.79	-1.25910	-30127.30	-39896.79	-1.25910	2.250	0.00
0.00	-30127.19	-39897.13	-1.25919	-30127.19	-39897.13	-1.25919	2.322	0.00
0.00	-30127.06	-39897.54	-1.25927	-30127.06	-39897.54	-1.25927	2.906	0.00
0.00	-30127.00	-39897.72	-1.25934	-30127.00	-39897.72	-1.25934	2.368	0.00
0.00	-30126.87	-39898.14	-1.25948	-30126.87	-39898.14	-1.25948	2.269	0.00
0.00	-30126.75	-39898.50	-1.25961	-30126.75	-39898.50	-1.25961	2.313	0.00
0.00	-30126.65	-39898.81	-1.25974	-30126.65	-39898.81	-1.25974	2.233	0.00
0.00	-30126.55	-39899.15	-1.25964	-30126.55	-39899.15	-1.25964	2.315	0.00
0.00	-30126.44	-39899.47	-1.25901	-30126.44	-39899.47	-1.25901	2.473	0.00
0.00	-30126.33	-39899.79	-1.25793	-30126.33	-39899.79	-1.25793	2.511	0.00
0.00	-30126.21	-39900.15	-1.25673	-30126.21	-39900.15	-1.25673	2.453	0.00
0.00	-30126.09	-39900.51	-1.25567	-30126.09	-39900.51	-1.25567	2.333	0.00
0.00	-30125.97	-39900.86	-1.25457	-30125.97	-39900.86	-1.25457	2.280	0.00
0.00	-30125.86	-39901.19	-1.25362	-30125.86	-39901.19	-1.25362	2.493	0.00
0.00	-30125.69	-39901.70	-1.25273	-30125.69	-39901.70	-1.25273	2.441	0.00
0.00	-30125.61	-39901.93	-1.25217	-30125.61	-39901.93	-1.25217	2.262	0.00
0.00	-30125.47	-39902.33	-1.25145	-30125.47	-39902.33	-1.25145	2.419	0.00
0.00	-30125.36	-39902.68	-1.25095	-30125.36	-39902.68	-1.25095	2.383	0.00
0.00	-30125.21	-39903.12	-1.25028	-30125.21	-39903.12	-1.25028	2.579	0.00
0.00	-30125.14	-39903.30	-1.24991	-30125.14	-39903.30	-1.24991	2.432	0.00
0.00	-30125.00	-39903.72	-1.24955	-30125.00	-39903.72	-1.24955	2.467	0.00
0.00	-30124.88	-39904.08	-1.24930	-30124.88	-39904.08	-1.24930	2.617	0.00
0.00	-30124.76	-39904.45	-1.24936	-30124.76	-39904.45	-1.24936	2.596	0.00
0.00	-30124.63	-39904.85	-1.24975	-30124.63	-39904.85	-1.24975	2.691	0.00
0.00	-30124.51	-39905.20	-1.25060	-30124.51	-39905.20	-1.25060	2.559	0.00
0.00	-30124.40	-39905.56	-1.25141	-30124.40	-39905.56	-1.25141	2.547	0.00
0.00	-30124.23	-39906.09	-1.25276	-30124.23	-39906.09	-1.25276	2.904	0.00
0.00	-30124.17	-39906.29	-1.25358	-30124.17	-39906.29	-1.25358	2.852	0.00
0.00	-30124.04	-39906.69	-1.25439	-30124.04	-39906.69	-1.25439	3.061	0.00
0.00	-30123.92	-39907.06	-1.25508	-30123.92	-39907.06	-1.25508	3.259	0.00
0.00	-30123.81	-39907.42	-1.25571	-30123.81	-39907.42	-1.25571	3.319	0.00
0.00	-30123.68	-39907.83	-1.25618	-30123.68	-39907.83	-1.25618	3.272	0.00
0.00	-30123.56	-39908.18	-1.25639	-30123.56	-39908.18	-1.25639	3.314	0.00
0.00	-30123.44	-39908.57	-1.25625	-30123.44	-39908.57	-1.25625	3.131	0.00
0.00	-30123.32	-39908.92	-1.25578	-30123.32	-39908.92	-1.25578	3.936	0.00
0.00	-30123.21	-39909.26	-1.25501	-30123.21	-39909.26	-1.25501	3.940	0.00
0.00	-30123.09	-39909.61	-1.25415	-30123.09	-39909.61	-1.25415	3.347	0.00
0.00	-30122.95	-39910.01	-1.25361	-30122.95	-39910.01	-1.25361	3.955	0.00
0.00	-30122.84	-39910.35	-1.25304	-30122.84	-39910.35	-1.25304	4.100	0.00
0.00	-30122.73	-39910.69	-1.25294	-30122.73	-39910.69	-1.25294	4.258	0.00
0.00	-30122.61	-39911.04	-1.25294	-30122.61	-39911.04	-1.25294	3.781	0.00
0.00	-30122.48	-39911.44	-1.25295	-30122.48	-39911.44	-1.25295	3.813	0.00
0.00	-30122.36	-39911.81	-1.25293	-30122.36	-39911.81	-1.25293	3.735	0.00
0.00	-30122.24	-39912.18	-1.25285	-30122.24	-39912.18	-1.25285	3.906	0.00
0.00	-30122.13	-39912.50	-1.25272	-30122.13	-39912.50	-1.25272	3.848	0.00
0.00	-30122.00	-39912.89	-1.25247	-30122.00	-39912.89	-1.25247	4.836	0.00
0.00	-30121.88	-39913.24	-1.25212	-30121.88	-39913.24	-1.25212	4.488	0.00
0.00	-30121.76	-39913.60	-1.25167	-30121.76	-39913.60	-1.25167	5.016	0.00
0.00	-30121.65	-39913.94	-1.25107	-30121.65	-39913.94	-1.25107	8.734	0.00
0.00	-30121.53	-39914.30	-1.25039	-30121.53	-39914.30	-1.25039	4.013	0.00
0.00	-30121.39	-39914.69	-1.24963	-30121.39	-39914.69	-1.24963	5.348	0.00
0.00	-30121.29	-39915.00	-1.24909	-30121.29	-39915.00	-1.24909	5.302	0.00
0.00	-30121.15	-39915.39	-1.24845	-30121.15	-39915.39	-1.24845	5.242	0.00
0.00	-30121.03	-39915.77	-1.24807	-30121.03	-39915.77	-1.24807	4.379	0.00
0.00	-30120.91	-39916.12	-1.24789	-30120.91	-39916.12	-1.24789	5.698	0.00
0.00	-30120.79	-39916.48	-1.24787	-30120.79	-39916.48	-1.24787	4.705	0.00
0.00	-30120.68	-39916.82	-1.24791	-30120.68	-39916.82	-1.24791	6.019	0.00
0.00	-30120.56	-39917.17	-1.24800	-30120.56	-39917.17	-1.24800	4.999	0.00
0.00	-30120.45	-39917.50	-1.24814	-30120.45	-39917.50	-1.24814	6.493	0.00
0.00	-30120.33	-39917.85	-1.24844	-30120.33	-39917.85	-1.24844	5.995	0.00
0.00	-30120.21	-39918.23	-1.24899	-30120.21	-39918.23	-1.24899	6.520	0.00
0.00	-30120.10	-39918.55	-1.24968	-30120.10	-39918.55	-1.24968	20.024	0.00
0.00	-30119.99	-39918.89	-1.25047	-30119.99	-39918.89	-1.25047	5.363	0.00
0.00	-30119.88	-39919.24	-1.25115	-30119.88	-39919.24	-1.25115	8.595	0.00
0.00	-30119.77	-39919.58	-1.25193	-30119.77	-39919.58	-1.25193	6.116	0.00
0.00	-30119.66	-39919.93	-1.25267	-30119.66	-39919.93	-1.25267	5.587	0.00
0.00	-30119.55	-39920.28	-1.25347	-30119.55	-39920.28	-1.25347	5.668	0.00
0.00	-30119.44	-39920.63	-1.25415	-30119.44	-39920.63	-1.25415	5.958	0.00
0.00	-30119.34	-39920.93	-1.25504	-30119.34	-39920.93	-1.25504	5.779	0.00
0.00	-30119.23	-39921.29	-1.25601	-30119.23	-39921.29	-1.25601	6.065	0.00
0.00	-30119.12	-39921.63	-1.25696	-30119.12	-39921.63	-1.25696	5.750	0.00
0.00	-30118.99	-39922.04	-1.25770	-30118.99	-39922.04	-1.25770	5.857	0.00
0.00	-30118.90	-39922.33	-1.25860	-30118.90	-39922.33	-1.25860	7.813	0.00
0.00	-30118.80	-39922.67	-1.25929	-30118.80	-39922.67	-1.25929	5.885	0.00
0.00	-30118.69	-39923.00	-1.25992	-30118.69	-39923.00	-1.25992	5.685	0.00
0.00	-30118.58	-39923.36	-1.26038	-30118.58	-39923.36	-1.26038	6.121	0.00
0.00	-30118.47	-39923.70	-1.26089	-30118.47	-39923.70	-1.26089	6.081	0.00
0.00	-30118.38	-39923.98	-1.26155	-30118.38	-39923.98	-1.26155	6.165	0.00
0.00	-30118.28	-39924.31	-1.26234	-30118.28	-39924.31	-1.26234	8.558	0.00
0.00	-30118.18	-39924.65	-1.26316	-30118.18	-39924.65	-1.26316	6.437	0.00
0.00	-30118.06	-39925.05	-1.26380	-30118.06	-39925.05	-1.26380	6.251	0.00
0.00	-30117.96	-39925.36	-1.26435	-30117.96	-39925.36	-1.26435	6.516	0.00
0.00	-30117.86	-39925.68	-1.26494	-30117.86	-39925.68	-1.26494	6.123	0.00
0.00	-30117.73	-39926.11	-1.26543	-30117.73	-39926.11	-1.26543	6.733	0.00
0.00	-30117.63	-39926.41	-1.26596	-30117.63	-39926.41	-1.26596	6.601	0.00
0.00	-30117.54	-39926.71	-1.26656	-30117.54	-39926.71	-1.26656	6.388	0.00
0.00	-30117.44	-39927.05	-1.26714	-30117.44	-39927.05	-1.26714	6.449	0.00
0.00	-30117.34	-39927.38	-1.26770	-30117.34	-39927.38	-1.26770	7.163	0.00
0.00	-30117.25	-39927.67	-1.26825	-30117.25	-39927.67	-1.26825	6.625	0.00
0.00	-30117.12	-39928.08	-1.26848	-30117.12	-39928.08	-1.26848	11.761	0.00
0.00	-30117.03	-39928.39	-1.26900	-30117.03	-39928.39	-1.26900	7.311	0.00
0.00	-30116.93	-39928.71	-1.26943	-30116.93	-39928.71	-1.26943	6.994	0.00
0.00	-30116.83	-39929.04	-1.26987	-30116.83	-39929.04	-1.26987	7.045	0.00
0.00	-30116.72	-39929.39	-1.26993	-30116.72	-39929.39	-1.26993	7.151	0.00
0.00	-30116.63	-39929.68	-1.27046	-30116.63	-39929.68	-1.27046	7.107	0.00
0.00	-30116.50	-39930.11	-1.27093	-30116.50	-39930.11	-1.27093	7.110	0.00
0.00	-30116.43	-39930.35	-1.27125	-30116.43	-39930.35	-1.27125	7.056	0.00
0.00	-30116.33	-39930.68	-1.27152	-30116.33	-39930.68	-1.27152	7.753	0.00
0.00	-30116.21	-39931.05	-1.27159	-30116.21	-39931.05	-1.27159	7.720	0.00
0.00	-30116.12	-39931.35	-1.27179	-30116.12	-39931.35	-1.27179	7.514	0.00
0.00	-30116.00	-39931.73	-1.27191	-30116.00	-39931.73	-1.27191	7.706	0.00
0.00	-30115.92	-39932.02	-1.27212	-30115.92	-39932.02	-1.27212	7.336	0.00
0.00	-30115.82	-39932.34	-1.27227	-30115.82	-39932.34	-1.27227	7.360	0.00
0.00	-30115.72	-39932.68	-1.27239	-30115.72	-39932.68	-1.27239	7.724	0.00
0.00	-30115.62	-39932.99	-1.27253	-30115.62	-39932.99	-1.27253	8.369	0.00
0.00	-30115.52	-39933.31	-1.27268	-30115.52	-39933.31	-1.27268	7.814	0.00
0.00	-30115.43	-39933.61	-1.27280	-30115.43	-39933.61	-1.27280	7.537	0.00
0.00	-30115.32	-39933.97	-1.27289	-30115.32	-39933.97	-1.27289	7.643	0.00
0.00	-30115.24	-39934.24	-1.27300	-30115.24	-39934.24	-1.27300	7.477	0.00
0.00	-30115.14	-39934.57	-1.27311	-30115.14	-39934.57	-1.27311	7.911	0.00
0.00	-30115.04	-39934.88	-1.27319	-30115.04	-39934.88	-1.27319	8.071	0.00
0.00	-30114.91	-39935.31	-1.27348	-30114.91	-39935.31	-1.27348	7.558	0.00
0.00	-30114.83	-39935.59	-1.27390	-30114.83	-39935.59	-1.27390	7.816	0.00
0.00	-30114.71	-39935.99	-1.27449	-30114.71	-39935.99	-1.27449	15.803	0.00
0.00	-30114.61	-39936.32	-1.27517	-30114.61	-39936.32	-1.27517	7.663	0.00
0.00	-30114.51	-39936.64	-1.27589	-30114.51	-39936.64	-1.27589	8.441	0.00
0.00	-30114.43	-39936.93	-1.27680	-30114.43	-39936.93	-1.27680	8.223	0.00
0.00	-30114.33	-39937.27	-1.27757	-30114.33	-39937.27	-1.27757	7.732	0.00
0.00	-30114.25	-39937.53	-1.27816	-30114.25	-39937.53	-1.27816	7.657	0.00
0.00	-30114.16	-39937.85	-1.27857	-30114.16	-39937.85	-1.27857	8.035	0.00
0.00	-30114.06	-39938.18	-1.27869	-30114.06	-39938.18	-1.27869	8.638	0.00
0.00	-30113.98	-39938.46	-1.27885	-30113.98	-39938.46	-1.27885	8.692	0.00
0.00	-30113.89	-39938.77	-1.27887	-30113.89	-39938.77	-1.27887	8.504	0.00
0.00	-30113.79	-39939.09	-1.27880	-30113.79	-39939.09	-1.27880	8.568	0.00
0.00	-30113.69	-39939.41	-1.27855	-30113.69	-39939.41	-1.27855	10.263	0.00
0.00	-30113.60	-39939.71	-1.27806	-30113.60	-39939.71	-1.27806	8.568	0.00
0.00	-30113.50	-39940.04	-1.27735	-30113.50	-39940.04	-1.27735	8.069	0.00
0.00	-30113.40	-39940.34	-1.27653	-30113.40	-39940.34	-1.27653	9.062	0.00
0.00	-30113.32	-39940.61	-1.27559	-30113.32	-39940.61	-1.27559	8.667	0.00
0.00	-30113.23	-39940.89	-1.27454	-30113.23	-39940.89	-1.27454	8.740	0.00
0.00	-30113.13	-39941.20	-1.27337	-30113.13	-39941.20	-1.27337	8.705	0.00
0.00	-30113.03	-39941.49	-1.27215	-30113.03	-39941.49	-1.27215	9.083	0.00
0.00	-30112.94	-39941.79	-1.27095	-30112.94	-39941.79	-1.27095	8.753	0.00
0.00	-30112.84	-39942.09	-1.26979	-30112.84	-39942.09	-1.26979	9.332	0.00
0.00	-30112.75	-39942.37	-1.26866	-30112.75	-39942.37	-1.26866	8.989	0.00
0.00	-30112.65	-39942.68	-1.26749	-30112.65	-39942.68	-1.26749	9.165	0.00
0.00	-30112.55	-39942.98	-1.26626	-30112.55	-39942.98	-1.26626	11.927	0.00
0.00	-30112.45	-39943.28	-1.26490	-30112.45	-39943.28	-1.26490	9.036	0.00
0.00	-30112.34	-39943.60	-1.26362	-30112.34	-39943.60	-1.26362	10.311	0.00
0.00	-30112.23	-39943.94	-1.26241	-30112.23	-39943.94	-1.26241	10.204	0.00
0.00	-30112.13	-39944.24	-1.26123	-30112.13	-39944.24	-1.26123	9.074	0.00
0.00	-30112.04	-39944.52	-1.26010	-30112.04	-39944.52	-1.26010	11.981	0.00
0.00	-30111.93	-39944.83	-1.25901	-30111.93	-39944.83	-1.25901	9.531	0.00
0.00	-30111.83	-39945.14	-1.25796	-30111.83	-39945.14	-1.25796	11.425	0.00
0.00	-30111.72	-39945.45	-1.25704	-30111.72	-39945.45	-1.25704	10.882	0.00
0.00	-30111.61	-39945.78	-1.25625	-30111.61	-39945.78	-1.25625	10.827	0.00
0.00	-30111.49	-39946.15	-1.25553	-30111.49	-39946.15	-1.25553	10.805	0.00
0.00	-30111.37	-39946.49	-1.25481	-30111.37	-39946.49	-1.25481	12.074	0.00
0.00	-30111.28	-39946.76	-1.25446	-30111.28	-39946.76	-1.25446	11.199	0.00
0.00	-30111.17	-39947.12	-1.25423	-30111.17	-39947.12	-1.25423	11.148	0.00
0.00	-30111.06	-39947.45	-1.25409	-30111.06	-39947.45	-1.25409	12.242	0.00
0.00	-30110.95	-39947.77	-1.25396	-30110.95	-39947.77	-1.25396	11.987	0.00
0.00	-30110.84	-39948.13	-1.25376	-30110.84	-39948.13	-1.25376	14.044	0.00
0.00	-30110.72	-39948.47	-1.25353	-30110.72	-39948.47	-1.25353	11.120	0.00
0.00	-30110.60	-39948.83	-1.25327	-30110.60	-39948.83	-1.25327	13.014	0.00
0.00	-30110.49	-39949.17	-1.25302	-30110.49	-39949.17	-1.25302	12.805	0.00
0.00	-30110.38	-39949.51	-1.25286	-30110.38	-39949.51	-1.25286	11.547	0.00
0.00	-30110.26	-39949.87	-1.25279	-30110.26	-39949.87	-1.25279	12.324	0.00
0.00	-30110.15	-39950.20	-1.25281	-30110.15	-39950.20	-1.25281	12.788	0.00
0.00	-30110.02	-39950.59	-1.25292	-30110.02	-39950.59	-1.25292	13.398	0.00
0.00	-30109.91	-39950.94	-1.25296	-30109.91	-39950.94	-1.25296	13.398	0.00
0.00	-30109.79	-39951.31	-1.25297	-30109.79	-39951.31	-1.25297	11.443	0.00
0.00	-30109.68	-39951.63	-1.25282	-30109.68	-39951.63	-1.25282	14.157	0.00
0.00	-30109.56	-39951.98	-1.25250	-30109.56	-39951.98	-1.25250	13.232	0.00
0.00	-30109.44	-39952.34	-1.25203	-30109.44	-39952.34	-1.25203	12.526	0.00
0.00	-30109.34	-39952.66	-1.25155	-30109.34	-39952.66	-1.25155	13.471	0.00
0.00	-30109.21	-39953.03	-1.25125	-30109.21	-39953.03	-1.25125	17.133	0.00
0.00	-30109.09	-39953.39	-1.25098	-30109.09	-39953.39	-1.25098	13.138	0.00
0.00	-30108.97	-39953.74	-1.25092	-30108.97	-39953.74	-1.25092	13.680	0.00
0.00	-30108.87	-39954.05	-1.25109	-30108.87	-39954.05	-1.25109	12.963	0.00
0.00	-30108.77	-39954.37	-1.25130	-30108.77	-39954.37	-1.25130	14.878	0.00
0.00	-30108.65	-39954.74	-1.25152	-30108.65	-39954.74	-1.25152	14.887	0.00
0.00	-30108.52	-39955.11	-1.25172	-30108.52	-39955.11	-1.25172	13.574	0.00
0.00	-30108.42	-39955.44	-1.25191	-30108.42	-39955.44	-1.25191	14.534	0.00
0.00	-30108.31	-39955.76	-1.25208	-30108.31	-39955.76	-1.25208	14.423	0.00
0.00	-30108.20	-39956.09	-1.25224	-30108.20	-39956.09	-1.25224	14.056	0.00
0.00	-30108.08	-39956.47	-1.25246	-30108.08	-39956.47	-1.25246	14.575	0.00
0.00	-30107.96	-39956.84	-1.25259	-30107.96	-39956.84	-1.25259	14.906	0.00
0.00	-30107.84	-39957.21	-1.25277	-30107.84	-39957.21	-1.25277	15.166	0.00
0.00	-30107.71	-39957.59	-1.25290	-30107.71	-39957.59	-1.25290	16.365	0.00
0.00	-30107.60	-39957.93	-1.25306	-30107.60	-39957.93	-1.25306	15.673	0.00
0.00	-30107.50	-39958.23	-1.25328	-30107.50	-39958.23	-1.25328	15.296	0.00
0.00	-30107.40	-39958.54	-1.25342	-30107.40	-39958.54	-1.25342	16.441	0.00
0.00	-30107.27	-39958.94	-1.25345	-30107.27	-39958.94	-1.25345	17.802	0.00
0.00	-30107.13	-39959.37	-1.25327	-30107.13	-39959.37	-1.25327	15.227	0.00
0.00	-30107.02	-39959.69	-1.25297	-30107.02	-39959.69	-1.25297	15.915	0.00
0.00	-30106.92	-39959.99	-1.25260	-30106.92	-39959.99	-1.25260	16.864	0.00
0.00	-30106.82	-39960.30	-1.25219	-30106.82	-39960.30	-1.25219	16.785	0.00
0.00	-30106.70	-39960.66	-1.25173	-30106.70	-39960.66	-1.25173	16.674	0.00
0.00	-30106.58	-39961.00	-1.25119	-30106.58	-39961.00	-1.25119	16.201	0.00
0.00	-30106.46	-39961.36	-1.25058	-30106.46	-39961.36	-1.25058	17.224	0.00
0.00	-30106.34	-39961.71	-1.24988	-30106.34	-39961.71	-1.24988	17.366	0.00
0.00	-30106.22	-39962.07	-1.24912	-30106.22	-39962.07	-1.24912	17.220	0.00
0.00	-30106.11	-39962.39	-1.24835	-30106.11	-39962.39	-1.24835	16.772	0.00
0.00	-30105.99	-39962.74	-1.24768	-30105.99	-39962.74	-1.24768	17.295	0.00
0.00	-30105.86	-39963.10	-1.24707	-30105.86	-39963.10	-1.24707	18.515	0.00
0.00	-30105.74	-39963.48	-1.24654	-30105.74	-39963.48	-1.24654	17.166	0.00
0.00	-30105.63	-39963.79	-1.24609	-30105.63	-39963.79	-1.24609	16.302	0.00
0.00	-30105.51	-39964.15	-1.24568	-30105.51	-39964.15	-1.24568	18.651	0.00
0.00	-30105.38	-39964.51	-1.24530	-30105.38	-39964.51	-1.24530	18.597	0.00
0.00	-30105.26	-39964.87	-1.24502	-30105.26	-39964.87	-1.24502	18.652	0.00
0.00	-30105.13	-39965.26	-1.24487	-30105.13	-39965.26	-1.24487	17.640	0.00
0.00	-30104.99	-39965.65	-1.24477	-30104.99	-39965.65	-1.24477	18.929	0.00
0.00	-30104.89	-39965.95	-1.24485	-30104.89	-39965.95	-1.24485	19.103	0.00
0.00	-30104.78	-39966.28	-1.24515	-30104.78	-39966.28	-1.24515	18.372	0.00
0.00	-30104.68	-39966.60	-1.24555	-30104.68	-39966.60	-1.24555	18.243	0.00
0.00	-30104.56	-39966.96	-1.24599	-30104.56	-39966.96	-1.24599	19.344	0.00
0.00	-30104.44	-39967.33	-1.24638	-30104.44	-39967.33	-1.24638	19.480	0.00
0.00	-30104.30	-39967.74	-1.24675	-30104.30	-39967.74	-1.24675	19.052	0.00
0.00	-30104.17	-39968.13	-1.24707	-30104.17	-39968.13	-1.24707	18.494	0.00
0.00	-30104.07	-39968.43	-1.24746	-30104.07	-39968.43	-1.24746	20.636	0.00
0.00	-30103.96	-39968.78	-1.24797	-30103.96	-39968.78	-1.24797	20.412	0.00
0.00	-30103.84	-39969.13	-1.24856	-30103.84	-39969.13	-1.24856	19.330	0.00
0.00	-30103.72	-39969.51	-1.24919	-30103.72	-39969.51	-1.24919	20.224	0.00
0.00	-30103.59	-39969.90	-1.24980	-30103.59	-39969.90	-1.24980	20.199	0.00
0.00	-30103.50	-39970.18	-1.25042	-30103.50	-39970.18	-1.25042	21.528	0.00
0.00	-30103.39	-39970.52	-1.25110	-30103.39	-39970.52	-1.25110	19.874	0.00
0.00	-30103.29	-39970.82	-1.25187	-30103.29	-39970.82	-1.25187	19.969	0.00
0.00	-30103.16	-39971.23	-1.25286	-30103.16	-39971.23	-1.25286	21.687	0.00
0.00	-30103.05	-39971.58	-1.25379	-30103.05	-39971.58	-1.25379	21.316	0.00
0.00	-30102.95	-39971.90	-1.25473	-30102.95	-39971.90	-1.25473	20.172	0.00
0.00	-30102.84	-39972.25	-1.25566	-30102.84	-39972.25	-1.25566	20.830	0.00
0.00	-30102.74	-39972.58	-1.25658	-30102.74	-39972.58	-1.25658	21.396	0.00
0.00	-30102.63	-39972.93	-1.25751	-30102.63	-39972.93	-1.25751	22.497	0.00
0.00	-30102.52	-39973.27	-1.25848	-30102.52	-39973.27	-1.25848	21.287	0.00
0.00	-30102.41	-39973.64	-1.25953	-30102.41	-39973.64	-1.25953	21.466	0.00
0.00	-30102.29	-39974.03	-1.26064	-30102.29	-39974.03	-1.26064	22.185	0.00
0.00	-30102.20	-39974.33	-1.26179	-30102.20	-39974.33	-1.26179	21.844	0.00
0.00	-30102.10	-39974.65	-1.26318	-30102.10	-39974.65	-1.26318	22.156	0.00
0.00	-30101.99	-39975.03	-1.26487	-30101.99	-39975.03	-1.26487	22.107	0.00
0.00	-30101.89	-39975.35	-1.26697	-30101.89	-39975.35	-1.26697	23.018	0.00
0.00	-30101.78	-39975.73	-1.26916	-30101.78	-39975.73	-1.26916	22.962	0.00
0.00	-30101.69	-39976.04	-1.27116	-30101.69	-39976.04	-1.27116	21.699	0.00
0.00	-30101.60	-39976.36	-1.27331	-30101.60	-39976.36	-1.27331	22.848	0.00
0.00	-30101.51	-39976.70	-1.27568	-30101.51	-39976.70	-1.27568	23.576	0.00
0.00	-30101.41	-39977.08	-1.27786	-30101.41	-39977.08	-1.27786	23.087	0.00
0.00	-30101.32	-39977.38	-1.28002	-30101.32	-39977.38	-1.28002	22.515	0.00
0.00	-30101.25	-39977.66	-1.28223	-30101.25	-39977.66	-1.28223	23.038	0.00
0.00	-30101.16	-39978.00	-1.28469	-30101.16	-39978.00	-1.28469	24.180	0.00
0.00	-30101.07	-39978.33	-1.28744	-30101.07	-39978.33	-1.28744	24.714	0.00
0.00	-30100.99	-39978.66	-1.29038	-30100.99	-39978.66	-1.29038	23.542	0.00
0.00	-30100.91	-39979.00	-1.29352	-30100.91	-39979.00	-1.29352	23.433	0.00
0.00	-30100.82	-39979.35	-1.29735	-30100.82	-39979.35	-1.29735	24.606	0.00
0.00	-30100.75	-39979.66	-1.30095	-30100.75	-39979.66	-1.30095	25.232	0.00
0.00	-30100.67	-39980.00	-1.30481	-30100.67	-39980.00	-1.30481	23.832	0.00
0.00	-30100.59	-39980.35	-1.30873	-30100.59	-39980.35	-1.30873	23.766	0.00
0.00	-30100.52	-39980.70	-1.31322	-30100.52	-39980.70	-1.31322	24.804	0.00
0.00	-30100.45	-39981.05	-1.31887	-30100.45	-39981.05	-1.31887	25.358	0.00
0.00	-30100.40	-39981.33	-1.32434	-30100.40	-39981.33	-1.32434	32.730	0.00
0.00	-30100.34	-39981.64	-1.33060	-30100.34	-39981.64	-1.33060	24.507	0.00
0.00	-30100.30	-39981.94	-1.33751	-30100.30	-39981.94	-1.33751	25.009	0.00
0.00	-30100.25	-39982.28	-1.34546	-30100.25	-39982.28	-1.34546	26.715	0.00
0.00	-30100.21	-39982.61	-1.35419	-30100.21	-39982.61	-1.35419	24.844	0.00
0.00	-30100.17	-39982.98	-1.36463	-30100.17	-39982.98	-1.36463	25.727	0.00
0.00	-30100.15	-39983.29	-1.37499	-30100.15	-39983.29	-1.37499	25.951	0.00
0.00	-30100.13	-39983.60	-1.38601	-30100.13	-39983.60	-1.38601	26.446	0.00
0.00	-30100.12	-39983.92	-1.39892	-30100.12	-39983.92	-1.39892	25.300	0.00
0.00	-30100.12	-39984.24	-1.41115	-30100.12	-39984.24	-1.41115	25.641	0.00
0.00	-30100.12	-39984.55	-1.42526	-30100.12	-39984.55	-1.42526	26.326	0.00
0.00	-30100.13	-39984.88	-1.43994	-30100.13	-39984.88	-1.43994	27.054	0.00
0.00	-30100.14	-39985.20	-1.45389	-30100.14	-39985.20	-1.45389	25.912	0.00
0.00	-30100.16	-39985.51	-1.46865	-30100.16	-39985.51	-1.46865	26.830	0.00
0.00	-30100.20	-39985.83	-1.48583	-30100.20	-39985.83	-1.48583	27.705	0.00
0.00	-30100.24	-39986.16	-1.50353	-30100.24	-39986.16	-1.50353	26.611	0.00
0.00	-30100.28	-39986.48	-1.52009	-30100.28	-39986.48	-1.52009	26.153	0.00
0.00	-30100.34	-39986.82	-1.53908	-30100.34	-39986.82	-1.53908	28.212	0.00
0.00	-30100.40	-39987.12	-1.55882	-30100.40	-39987.12	-1.55882	27.934	0.00
0.00	-30100.48	-39987.42	-1.57874	-30100.48	-39987.42	-1.57874	27.110	0.00
0.00	-30100.55	-39987.79	-1.59822	-30100.55	-39987.79	-1.59822	31.868	0.00
0.00	-30100.64	-39988.10	-1.61837	-30100.64	-39988.10	-1.61837	27.334	0.00
0.00	-30100.73	-39988.34	-1.63861	-30100.73	-39988.34	-1.63861	28.622	0.00
0.00	-30100.83	-39988.67	-1.66043	-30100.83	-39988.67	-1.66043	28.251	0.00
0.00	-30100.95	-39989.02	-1.68370	-30100.95	-39989.02	-1.68370	26.811	0.00
0.00	-30101.06	-39989.24	-1.70609	-30101.06	-39989.24	-1.70609	28.669	0.00
0.00	-30101.19	-39989.48	-1.72868	-30101.19	-39989.48	-1.72868	29.140	0.00
0.00	-30101.32	-39989.76	-1.75183	-30101.32	-39989.76	-1.75183	28.989	0.00
0.00	-30101.47	-39990.06	-1.77571	-30101.47	-39990.06	-1.77571	28.792	0.00
0.00	-30101.64	-39990.34	-1.80418	-30101.64	-39990.34	-1.80418	28.389	0.00
0.00	-30101.81	-39990.63	-1.83080	-30101.81	-39990.63	-1.83080	29.185	0.00
0.00	-30101.98	-39990.90	-1.85516	-30101.98	-39990.90	-1.85516	28.670	0.00
0.00	-30102.17	-39991.20	-1.88102	-30102.17	-39991.20	-1.88102	27.729	0.00
0.00	-30102.36	-39991.46	-1.90731	-30102.36	-39991.46	-1.90731	28.512	0.00
0.00	-30102.57	-39991.72	-1.93694	-30102.57	-39991.72	-1.93694	29.708	0.00
0.00	-30102.77	-39991.95	-1.96568	-30102.77	-39991.95	-1.96568	29.263	0.00
0.00	-30102.97	-39992.14	-1.99363	-30102.97	-39992.14	-1.99363	28.556	0.00
0.00	-30103.19	-39992.38	-2.01963	-30103.19	-39992.38	-2.01963	29.799	0.00
0.00	-30103.41	-39992.60	-2.04641	-30103.41	-39992.60	-2.04641	30.642	0.00
0.00	-30103.67	-39992.86	-2.07734	-30103.67	-39992.86	-2.07734	30.834	0.00
0.00	-30103.95	-39993.12	-2.10787	-30103.95	-39993.12	-2.10787	29.756	0.00
0.00	-30104.18	-39993.28	-2.13760	-30104.18	-39993.28	-2.13760	28.953	0.00
0.00	-30104.44	-39993.48	-2.16679	-30104.44	-39993.48	-2.16679	30.595	0.00
0.00	-30104.71	-39993.68	-2.19572	-30104.71	-39993.68	-2.19572	30.622	0.00
0.00	-30104.98	-39993.87	-2.22452	-30104.98	-39993.87	-2.22452	30.478	0.00
0.00	-30105.26	-39994.06	-2.25323	-30105.26	-39994.06	-2.25323	29.974	0.00
0.00	-30105.55	-39994.24	-2.28183	-30105.55	-39994.24	-2.28183	32.904	0.00
0.00	-30105.85	-39994.42	-2.31021	-30105.85	-39994.42	-2.31021	32.740	0.00
0.00	-30106.15	-39994.59	-2.33816	-30106.15	-39994.59	-2.33816	31.040	0.00
0.00	-30106.50	-39994.81	-2.36462	-30106.50	-39994.81	-2.36462	31.848	0.00
0.00	-30106.80	-39994.95	-2.39295	-30106.80	-39994.95	-2.39295	32.406	0.00
0.00	-30107.09	-39995.07	-2.41973	-30107.09	-39995.07	-2.41973	33.389	0.00
0.00	-30107.46	-39995.25	-2.44854	-30107.46	-39995.25	-2.44854	31.166	0.00
0.00	-30107.79	-39995.39	-2.47418	-30107.79	-39995.39	-2.47418	31.880	0.00
0.00	-30108.06	-39995.49	-2.49806	-30108.06	-39995.49	-2.49806	32.278	0.00
0.00	-30108.36	-39995.61	-2.52093	-30108.36	-39995.61	-2.52093	32.967	0.00
0.00	-30108.67	-39995.73	-2.54289	-30108.67	-39995.73	-2.54289	31.621	0.00
0.00	-30108.99	-39995.85	-2.56392	-30108.99	-39995.85	-2.56392	32.727	0.00
0.00	-30109.30	-39995.96	-2.58399	-30109.30	-39995.96	-2.58399	33.849	0.00
0.00	-30109.66	-39996.09	-2.60363	-30109.66	-39996.09	-2.60363	33.269	0.00
0.00	-30109.95	-39996.19	-2.62048	-30109.95	-39996.19	-2.62048	32.763	0.00
0.00	-30110.25	-39996.29	-2.63674	-30110.25	-39996.29	-2.63674	32.818	0.00
0.00	-30110.61	-39996.42	-2.65422	-30110.61	-39996.42	-2.65422	34.406	0.00
0.00	-30110.91	-39996.50	-2.67087	-30110.91	-39996.50	-2.67087	33.379	0.00
0.00	-30111.23	-39996.60	-2.68638	-30111.23	-39996.60	-2.68638	33.605	0.00
0.00	-30111.55	-39996.69	-2.70084	-30111.55	-39996.69	-2.70084	32.430	0.00
0.00	-30111.88	-39996.79	-2.71431	-30111.88	-39996.79	-2.71431	33.927	0.00
0.00	-30112.22	-39996.89	-2.72694	-30112.22	-39996.89	-2.72694	34.106	0.00
0.00	-30112.56	-39996.99	-2.73882	-30112.56	-39996.99	-2.73882	33.770	0.00
0.00	-30112.97	-39997.12	-2.75026	-30112.97	-39997.12	-2.75026	33.635	0.00
0.00	-30113.29	-39997.21	-2.75999	-30113.29	-39997.21	-2.75999	34.082	0.00
0.00	-30113.60	-39997.29	-2.77024	-30113.60	-39997.29	-2.77024	35.166	0.00
0.00	-30113.93	-39997.38	-2.77986	-30113.93	-39997.38	-2.77986	34.122	0.00
0.00	-30114.28	-39997.47	-2.78882	-30114.28	-39997.47	-2.78882	33.941	0.00
0.00	-30114.63	-39997.57	-2.79702	-30114.63	-39997.57	-2.79702	35.476	0.00
0.00	-30115.04	-39997.68	-2.80505	-30115.04	-39997.68	-2.80505	35.261	0.00
0.00	-30115.37	-39997.77	-2.81163	-30115.37	-39997.77	-2.81163	34.204	0.00
0.00	-30115.74	-39997.87	-2.81747	-30115.74	-39997.87	-2.81747	35.741	0.00
0.00	-30116.10	-39997.97	-2.82271	-30116.10	-39997.97	-2.82271	36.170	0.00
0.00	-30116.53	-39998.09	-2.82750	-30116.53	-39998.09	-2.82750	36.519	0.00
0.00	-30116.85	-39998.18	-2.83183	-30116.85	-39998.18	-2.83183	35.487	0.00
0.00	-30117.18	-39998.26	-2.83576	-30117.18	-39998.26	-2.83576	35.700	0.00
0.00	-30117.52	-39998.36	-2.83922	-30117.52	-39998.36	-2.83922	36.709	0.00
0.00	-30117.87	-39998.45	-2.84211	-30117.87	-39998.45	-2.84211	37.458	0.00
0.00	-30118.24	-39998.56	-2.84439	-30118.24	-39998.56	-2.84439	36.471	0.00
0.00	-30118.59	-39998.66	-2.84608	-30118.59	-39998.66	-2.84608	36.812	0.00
0.00	-30118.99	-39998.78	-2.84739	-30118.99	-39998.78	-2.84739	37.117	0.00
0.00	-30119.33	-39998.87	-2.84824	-30119.33	-39998.87	-2.84824	37.648	0.00
0.00	-30119.69	-39998.98	-2.84884	-30119.69	-39998.98	-2.84884	36.431	0.00
0.00	-30120.10	-39999.10	-2.84921	-30120.10	-39999.10	-2.84921	35.920	0.00
0.00	-30120.40	-39999.19	-2.84952	-30120.40	-39999.19	-2.84952	37.422	0.00
0.00	-30120.72	-39999.29	-2.84974	-30120.72	-39999.29	-2.84974	38.559	0.00
0.00	-30121.06	-39999.39	-2.84976	-30121.06	-39999.39	-2.84976	37.323	0.00
0.00	-30121.40	-39999.49	-2.84954	-30121.40	-39999.49	-2.84954	37.131	0.00
0.00	-30121.75	-39999.60	-2.84913	-30121.75	-39999.60	-2.84913	38.367	0.00
0.00	-30122.10	-39999.70	-2.84859	-30122.10	-39999.70	-2.84859	38.830	0.00
0.00	-30122.45	-39999.81	-2.84800	-30122.45	-39999.81	-2.84800	37.780	0.00
0.00	-30122.82	-39999.93	-2.84742	-30122.82	-39999.93	-2.84742	38.042	0.00
0.00	-30123.23	-40000.06	-2.84669	-30123.23	-40000.06	-2.84669	38.593	0.00
0.00	-30123.63	-40000.18	-2.84598	-30123.63	-40000.18	-2.84598	38.952	0.00
0.00	-30123.94	-40000.28	-2.84536	-30123.94	-40000.28	-2.84536	37.911	0.00
0.00	-30124.27	-40000.38	-2.84482	-30124.27	-40000.38	-2.84482	38.073	0.00
0.00	-30124.62	-40000.49	-2.84431	-30124.62	-40000.49	-2.84431	39.420	0.00
0.00	-30124.98	-40000.60	-2.84379	-30124.98	-40000.60	-2.84379	38.391	0.00
0.00	-30125.35	-40000.72	-2.84327	-30125.35	-40000.72	-2.84327	39.025	0.00
0.00	-30125.71	-40000.83	-2.84272	-30125.71	-40000.83	-2.84272	38.517	0.00
0.00	-30126.08	-40000.95	-2.84215	-30126.08	-40000.95	-2.84215	40.321	0.00
0.00	-30126.45	-40001.06	-2.84158	-30126.45	-40001.06	-2.84158	40.821	0.00
0.00	-30126.90	-40001.21	-2.84100	-30126.90	-40001.21	-2.84100	39.277	0.00
0.00	-30127.32	-40001.34	-2.84051	-30127.32	-40001.34	-2.84051	39.777	0.00
0.00	-30127.65	-40001.44	-2.84022	-30127.65	-40001.44	-2.84022	41.571	0.00
0.00	-30128.00	-40001.55	-2.84008	-30128.00	-40001.55	-2.84008	40.727	0.00
0.00	-30128.37	-40001.67	-2.83999	-30128.37	-40001.67	-2.83999	39.303	0.00
0.00	-30128.75	-40001.79	-2.83989	-30128.75	-40001.79	-2.83989	40.258	0.00
0.00	-30129.13	-40001.91	-2.83979	-30129.13	-40001.91	-2.83979	40.961	0.00
0.00	-30129.52	-40002.03	-2.83970	-30129.52	-40002.03	-2.83970	40.491	0.00
0.00	-30129.90	-40002.14	-2.83969	-30129.90	-40002.14	-2.83969	40.430	0.00
0.00	-30130.29	-40002.26	-2.83974	-30130.29	-40002.26	-2.83974	40.976	0.00
0.00	-30130.75	-40002.41	-2.83986	-30130.75	-40002.41	-2.83986	40.611	0.00
0.00	-30131.18	-40002.54	-2.83992	-30131.18	-40002.54	-2.83992	40.413	0.00
0.00	-30131.51	-40002.64	-2.83999	-30131.51	-40002.64	-2.83999	40.932	0.00
0.00	-30131.87	-40002.76	-2.84003	-30131.87	-40002.76	-2.84003	41.443	0.00
0.00	-30132.24	-40002.87	-2.84002	-30132.24	-40002.87	-2.84002	42.440	0.00
0.00	-30132.62	-40002.99	-2.83995	-30132.62	-40002.99	-2.83995	42.391	0.00
0.00	-30133.01	-40003.11	-2.83985	-30133.01	-40003.11	-2.83985	42.400	0.00
0.00	-30133.39	-40003.23	-2.83976	-30133.39	-40003.23	-2.83976	41.720	0.00
0.00	-30133.77	-40003.35	-2.83965	-30133.77	-40003.35	-2.83965	42.748	0.00
0.00	-30134.14	-40003.47	-2.83945	-30134.14	-40003.47	-2.83945	43.140	0.00
0.00	-30134.57	-40003.60	-2.83915	-30134.57	-40003.60	-2.83915	41.791	0.00
0.00	-30134.97	-40003.73	-2.83873	-30134.97	-40003.73	-2.83873	41.799	0.00
0.00	-30135.32	-40003.84	-2.83829	-30135.32	-40003.84	-2.83829	43.216	0.00
0.00	-30135.68	-40003.95	-2.83778	-30135.68	-40003.95	-2.83778	43.303	0.00
0.00	-30136.04	-40004.07	-2.83727	-30136.04	-40004.07	-2.83727	42.883	0.00
0.00	-30136.41	-40004.19	-2.83676	-30136.41	-40004.19	-2.83676	41.396	0.00
0.00	-30136.78	-40004.31	-2.83622	-30136.78	-40004.31	-2.83622	43.347	0.00
0.00	-30137.15	-40004.43	-2.83562	-30137.15	-40004.43	-2.83562	43.592	0.00
0.00	-30137.51	-40004.54	-2.83499	-30137.51	-40004.54	-2.83499	43.876	0.00
0.00	-30137.88	-40004.66	-2.83433	-30137.88	-40004.66	-2.83433	42.673	0.00
0.00	-30138.30	-40004.80	-2.83365	-30138.30	-40004.80	-2.83365	44.472	0.00
0.00	-30138.69	-40004.92	-2.83296	-30138.69	-40004.92	-2.83296	45.147	0.00
0.00	-30139.01	-40005.03	-2.83237	-30139.01	-40005.03	-2.83237	44.163	0.00
0.00	-30139.36	-40005.14	-2.83184	-30139.36	-40005.14	-2.83184	43.762	0.00
0.00	-30139.76	-40005.27	-2.83134	-30139.76	-40005.27	-2.83134	44.856	0.00
0.00	-30140.12	-40005.39	-2.83081	-30140.12	-40005.39	-2.83081	44.504	0.00
0.00	-30140.47	-40005.51	-2.83027	-30140.47	-40005.51	-2.83027	44.075	0.00
0.00	-30140.82	-40005.62	-2.82973	-30140.82	-40005.62	-2.82973	44.744	0.00
0.00	-30141.18	-40005.74	-2.82920	-30141.18	-40005.74	-2.82920	45.823	0.00
0.00	-30141.54	-40005.86	-2.82869	-30141.54	-40005.86	-2.82869	45.617	0.00
0.00	-30141.97	-40006.00	-2.82824	-30141.97	-40006.00	-2.82824	44.190	0.00
0.00	-30142.34	-40006.12	-2.82786	-30142.34	-40006.12	-2.82786	44.368	0.00
0.00	-30142.67	-40006.23	-2.82771	-30142.67	-40006.23	-2.82771	46.440	0.00
0.00	-30143.02	-40006.34	-2.82772	-30143.02	-40006.34	-2.82772	46.795	0.00
0.00	-30143.40	-40006.46	-2.82781	-30143.40	-40006.46	-2.82781	44.834	0.00
0.00	-30143.82	-40006.60	-2.82796	-30143.82	-40006.60	-2.82796	45.244	0.00
0.00	-30144.19	-40006.72	-2.82814	-30144.19	-40006.72	-2.82814	46.573	0.00
0.00	-30144.57	-40006.84	-2.82830	-30144.57	-40006.84	-2.82830	45.726	0.00
0.00	-30144.94	-40006.96	-2.82842	-30144.94	-40006.96	-2.82842	45.116	0.00
0.00	-30145.31	-40007.08	-2.82851	-30145.31	-40007.08	-2.82851	45.445	0.00
0.00	-30145.77	-40007.23	-2.82863	-30145.77	-40007.23	-2.82863	46.592	0.00
0.00	-30146.15	-40007.35	-2.82873	-30146.15	-40007.35	-2.82873	47.037	0.00
0.00	-30146.49	-40007.46	-2.82889	-30146.49	-40007.46	-2.82889	44.612	0.00
0.00	-30146.87	-40007.58	-2.82903	-30146.87	-40007.58	-2.82903	45.971	0.00
0.00	-30147.25	-40007.71	-2.82914	-30147.25	-40007.71	-2.82914	46.168	0.00
0.00	-30147.68	-40007.85	-2.82917	-30147.68	-40007.85	-2.82917	46.425	0.00
0.00	-30148.06	-40007.97	-2.82910	-30148.06	-40007.97	-2.82910	46.697	0.00
0.00	-30148.47	-40008.10	-2.82896	-30148.47	-40008.10	-2.82896	46.707	0.00
0.00	-30148.87	-40008.23	-2.82878	-30148.87	-40008.23	-2.82878	46.490	0.00
0.00	-30149.24	-40008.35	-2.82859	-30149.24	-40008.35	-2.82859	48.715	0.00
0.00	-30149.71	-40008.50	-2.82838	-30149.71	-40008.50	-2.82838	48.315	0.00
0.00	-30150.07	-40008.62	-2.82814	-30150.07	-40008.62	-2.82814	47.852	0.00
0.00	-30150.43	-40008.74	-2.82788	-30150.43	-40008.74	-2.82788	48.096	0.00
0.00	-30150.80	-40008.86	-2.82756	-30150.80	-40008.86	-2.82756	48.415	0.00
0.00	-30151.19	-40008.99	-2.82716	-30151.19	-40008.99	-2.82716	48.299	0.00
0.00	-30151.57	-40009.12	-2.82674	-30151.57	-40009.12	-2.82674	47.838	0.00
0.00	-30151.96	-40009.24	-2.82631	-30151.96	-40009.24	-2.82631	48.227	0.00
0.00	-30152.34	-40009.37	-2.82589	-30152.34	-40009.37	-2.82589	47.821	0.00
0.00	-30152.75	-40009.51	-2.82546	-30152.75	-40009.51	-2.82546	49.114	0.00
0.00	-30153.12	-40009.63	-2.82495	-30153.12	-40009.63	-2.82495	46.677	0.00
0.00	-30153.58	-40009.78	-2.82437	-30153.58	-40009.78	-2.82437	48.258	0.00
0.00	-30153.93	-40009.90	-2.82383	-30153.93	-40009.90	-2.82383	48.477	0.00
0.00	-30154.27	-40010.02	-2.82339	-30154.27	-40010.02	-2.82339	48.398	0.00
0.00	-30154.65	-40010.14	-2.82304	-30154.65	-40010.14	-2.82304	48.458	0.00
0.00	-30155.03	-40010.27	-2.82275	-30155.03	-40010.27	-2.82275	48.882	0.00
0.00	-30155.39	-40010.39	-2.82248	-30155.39	-40010.39	-2.82248	50.198	0.00
0.00	-30155.76	-40010.51	-2.82221	-30155.76	-40010.51	-2.82221	48.598	0.00
0.00	-30156.14	-40010.64	-2.82194	-30156.14	-40010.64	-2.82194	47.629	0.00
0.00	-30156.53	-40010.77	-2.82168	-30156.53	-40010.77	-2.82168	49.077	0.00
0.00	-30156.92	-40010.90	-2.82147	-30156.92	-40010.90	-2.82147	50.674	0.00
0.00	-30157.41	-40011.06	-2.82125	-30157.41	-40011.06	-2.82125	48.281	0.00
0.00	-30157.76	-40011.18	-2.82107	-30157.76	-40011.18	-2.82107	47.936	0.00
0.00	-30158.12	-40011.30	-2.82092	-30158.12	-40011.30	-2.82092	49.281	0.00
0.00	-30158.50	-40011.43	-2.82074	-30158.50	-40011.43	-2.82074	50.334	0.00
0.00	-30158.89	-40011.56	-2.82050	-30158.89	-40011.56	-2.82050	47.848	0.00
0.00	-30159.28	-40011.69	-2.82019	-30159.28	-40011.69	-2.82019	47.750	0.00
0.00	-30159.68	-40011.82	-2.81985	-30159.68	-40011.82	-2.81985	49.881	0.00
0.00	-30160.07	-40011.96	-2.81954	-30160.07	-40011.96	-2.81954	50.388	0.00
0.00	-30160.47	-40012.09	-2.81928	-30160.47	-40012.09	-2.81928	49.185	0.00
0.00	-30160.87	-40012.22	-2.81903	-30160.87	-40012.22	-2.81903	49.870	0.00
0.00	-30161.40	-40012.40	-2.81873	-30161.40	-40012.40	-2.81873	51.247	0.00
0.00	-30161.74	-40012.52	-2.81841	-30161.74	-40012.52	-2.81841	51.515	0.00
0.00	-30162.13	-40012.65	-2.81801	-30162.13	-40012.65	-2.81801	50.831	0.00
0.00	-30162.52	-40012.78	-2.81756	-30162.52	-40012.78	-2.81756	49.724	0.00
0.00	-30162.92	-40012.92	-2.81706	-30162.92	-40012.92	-2.81706	50.868	0.00
0.00	-30163.31	-40013.05	-2.81652	-30163.31	-40013.05	-2.81652	52.119	0.00
0.00	-30163.70	-40013.19	-2.81596	-30163.70	-40013.19	-2.81596	51.730	0.00
0.00	-30164.10	-40013.32	-2.81543	-30164.10	-40013.32	-2.81543	49.778	0.00
0.00	-30164.50	-40013.46	-2.81496	-30164.50	-40013.46	-2.81496	52.931	0.00
0.00	-30164.90	-40013.60	-2.81451	-30164.90	-40013.60	-2.81451	51.327	0.00
0.00	-30165.36	-40013.76	-2.81400	-30165.36	-40013.76	-2.81400	52.217	0.00
0.00	-30165.74	-40013.89	-2.81347	-30165.74	-40013.89	-2.81347	51.710	0.00
0.00	-30166.08	-40014.01	-2.81294	-30166.08	-40014.01	-2.81294	51.409	0.00
0.00	-30166.46	-40014.14	-2.81239	-30166.46	-40014.14	-2.81239	53.810	0.00
0.00	-30166.86	-40014.28	-2.81184	-30166.86	-40014.28	-2.81184	52.835	0.00
0.00	-30167.25	-40014.41	-2.81145	-30167.25	-40014.41	-2.81145	50.042	0.00
0.00	-30167.63	-40014.55	-2.81125	-30167.63	-40014.55	-2.81125	50.916	0.00
0.00	-30168.01	-40014.68	-2.81116	-30168.01	-40014.68	-2.81116	53.746	0.00
0.00	-30168.39	-40014.81	-2.81108	-30168.39	-40014.81	-2.81108	53.009	0.00
0.00	-30168.79	-40014.94	-2.81097	-30168.79	-40014.94	-2.81097	51.299	0.00
0.00	-30169.22	-40015.09	-2.81076	-30169.22	-40015.09	-2.81076	54.154	0.00
0.00	-30169.55	-40015.21	-2.81054	-30169.55	-40015.21	-2.81054	54.008	0.00
0.00	-30169.89	-40015.33	-2.81039	-30169.89	-40015.33	-2.81039	53.813	0.00
0.00	-30170.26	-40015.45	-2.81038	-30170.26	-40015.45	-2.81038	53.087	0.00
0.00	-30170.67	-40015.59	-2.81052	-30170.67	-40015.59	-2.81052	54.609	0.00
0.00	-30171.04	-40015.72	-2.81078	-30171.04	-40015.72	-2.81078	53.404	0.00
0.00	-30171.41	-40015.84	-2.81108	-30171.41	-40015.84	-2.81108	53.164	0.00
0.00	-30171.78	-40015.97	-2.81141	-30171.78	-40015.97	-2.81141	51.993	0.00
0.00	-30172.13	-40016.09	-2.81172	-30172.13	-40016.09	-2.81172	53.070	0.00
0.00	-30172.51	-40016.22	-2.81202	-30172.51	-40016.22	-2.81202	57.247	0.00
