0.00	-28751.37	-39318.59	0.00000	64369.88	-61881.32	0.00000	67.287	0.00
0.00	-28750.84	-39318.29	0.00118	-28750.84	-39318.29	0.00118	2.817	0.00
0.00	-28751.26	-39317.30	1.26872	-28751.26	-39317.30	1.26872	1.971	0.00
0.00	-28751.34	-39316.56	1.49780	-28751.34	-39316.56	1.49780	31.826	0.00
0.00	-28751.69	-39315.86	1.73507	-28751.69	-39315.86	1.73507	1.665	0.00
0.00	-28752.07	-39315.07	1.84698	-28752.07	-39315.07	1.84698	1.804	0.00
0.00	-28752.23	-39314.37	1.83289	-28752.23	-39314.37	1.83289	1.791	0.00
0.00	-28752.22	-39314.29	1.82386	-28752.37	-39313.71	1.76626	1.925	0.00
0.00	-28752.38	-39313.59	1.81554	-28752.38	-39313.59	1.81554	2.248	0.00
0.00	-28752.53	-39312.70	1.79734	-28752.53	-39312.70	1.79734	1.651	0.00
0.00	-28752.99	-39310.35	1.78430	-28752.99	-39310.35	1.78430	2.252	0.00
0.00	-28752.99	-39310.35	1.78430	-28753.12	-39309.77	1.78660	2.285	0.00
0.00	-28753.02	-39310.19	1.78453	-28753.02	-39310.19	1.78453	1.828	0.00
0.00	-28752.79	-39311.24	1.78276	-28752.79	-39311.24	1.78276	2.145	0.00
0.00	-28752.96	-39310.31	1.77738	-28752.96	-39310.31	1.77738	2.469	0.00
0.00	-28753.04	-39309.73	1.77082	-28753.08	-39309.57	1.77874	1.735	0.00
0.00	-28753.18	-39308.93	1.76641	-28753.18	-39308.93	1.76641	1.908	0.00
0.00	-28753.29	-39308.27	1.76325	-28753.29	-39308.27	1.76325	1.637	0.00
0.00	-28753.44	-39307.41	1.76097	-28753.44	-39307.41	1.76097	1.753	0.00
0.00	-28753.49	-39307.12	1.75957	-28753.60	-39306.53	1.76243	1.905	0.00
0.00	-28753.60	-39306.47	1.75837	-28753.60	-39306.47	1.75837	1.697	0.00
0.00	-28753.72	-39305.78	1.75737	-28753.72	-39305.78	1.75737	1.649	0.00
0.00	-28753.80	-39305.33	1.75630	-28753.80	-39305.33	1.75630	1.871	0.00
0.00	-28753.92	-39304.65	1.75538	-28754.03	-39304.07	1.75668	1.826	0.00
0.00	-28754.01	-39304.11	1.75464	-28754.01	-39304.11	1.75464	1.600	0.00
0.00	-28754.11	-39303.50	1.75425	-28754.11	-39303.50	1.75425	1.616	0.00
0.00	-28754.23	-39302.81	1.75349	-28754.23	-39302.81	1.75349	1.954	0.00
0.00	-28754.30	-39302.41	1.75277	-28754.41	-39301.84	1.75348	1.685	0.00
0.00	-28754.43	-39301.65	1.75238	-28754.43	-39301.65	1.75238	1.694	0.00
0.00	-28754.50	-39301.24	1.75199	-28754.50	-39301.24	1.75199	1.576	0.00
0.00	-28754.63	-39300.49	1.75160	-28754.63	-39300.49	1.75160	1.942	0.00
0.00	-28754.70	-39300.09	1.75147	-28754.82	-39299.40	1.75221	1.641	0.00
0.00	-28754.84	-39299.27	1.75144	-28754.84	-39299.27	1.75144	1.744	0.00
0.00	-28754.89	-39298.92	1.75136	-28754.89	-39298.92	1.75136	1.692	0.00
0.00	-28755.02	-39298.19	1.75140	-28755.02	-39298.19	1.75140	1.704	0.00
0.00	-28755.09	-39297.79	1.75154	-28755.22	-39297.06	1.75207	1.587	0.00
0.00	-28755.22	-39297.03	1.75170	-28755.22	-39297.03	1.75170	1.830	0.00
0.00	-28755.29	-39296.63	1.75160	-28755.29	-39296.63	1.75160	1.692	0.00
0.00	-28755.40	-39296.01	1.75171	-28755.40	-39296.01	1.75171	1.597	0.00
0.00	-28755.50	-39295.39	1.75205	-28755.63	-39294.72	1.75243	1.553	0.00
0.00	-28755.65	-39294.58	1.75380	-28755.65	-39294.58	1.75380	1.495	0.00
0.00	-28755.62	-39294.74	1.75380	-28755.62	-39294.74	1.75380	1.546	0.00
0.00	-28755.87	-39293.29	1.75401	-28755.87	-39293.29	1.75401	2.465	0.00
0.00	-28755.88	-39293.27	1.75410	-28756.04	-39292.42	1.75462	1.472	0.00
0.00	-28755.97	-39292.72	1.75397	-28755.97	-39292.72	1.75397	1.564	0.00
0.00	-28756.08	-39292.09	1.75381	-28756.08	-39292.09	1.75381	1.399	0.00
0.00	-28756.20	-39291.41	1.75397	-28756.20	-39291.41	1.75397	1.616	0.00
0.00	-28756.28	-39290.96	1.75427	-28756.38	-39290.38	1.75468	1.670	0.00
0.00	-28756.36	-39290.46	1.75452	-28756.36	-39290.46	1.75452	1.471	0.00
0.00	-28756.46	-39289.89	1.75470	-28756.46	-39289.89	1.75470	1.468	0.00
0.00	-28756.57	-39289.25	1.75494	-28756.57	-39289.25	1.75494	1.702	0.00
0.00	-28756.64	-39288.86	1.75508	-28756.73	-39288.36	1.75561	1.527	0.00
0.00	-28756.74	-39288.29	1.75521	-28756.74	-39288.29	1.75521	1.439	0.00
0.00	-28756.83	-39287.74	1.75550	-28756.83	-39287.74	1.75550	1.476	0.00
0.00	-28756.92	-39287.22	1.75580	-28756.92	-39287.22	1.75580	1.453	0.00
0.00	-28757.01	-39286.75	1.75623	-28757.10	-39286.24	1.75677	1.590	0.00
0.00	-28757.09	-39286.25	1.75640	-28757.09	-39286.25	1.75640	1.429	0.00
0.00	-28757.18	-39285.74	1.75675	-28757.18	-39285.74	1.75675	2.035	0.00
0.00	-28757.27	-39285.24	1.75699	-28757.27	-39285.24	1.75699	1.810	0.00
0.00	-28757.37	-39284.67	1.75739	-28757.47	-39284.17	1.75786	1.697	0.00
0.00	-28757.44	-39284.25	1.75780	-28757.44	-39284.25	1.75780	2.074	0.00
0.00	-28757.53	-39283.76	1.75827	-28757.53	-39283.76	1.75827	1.843	0.00
0.00	-28757.64	-39283.15	1.75886	-28757.64	-39283.15	1.75886	1.780	0.00
0.00	-28757.69	-39282.84	1.75942	-28757.78	-39282.37	1.75979	1.803	0.00
0.00	-28757.79	-39282.32	1.76019	-28757.79	-39282.32	1.76019	1.574	0.00
0.00	-28757.88	-39281.80	1.76104	-28757.88	-39281.80	1.76104	1.574	0.00
0.00	-28757.98	-39281.26	1.76173	-28757.98	-39281.26	1.76173	1.620	0.00
0.00	-28758.05	-39280.88	1.76236	-28758.14	-39280.41	1.76248	1.657	0.00
0.00	-28758.14	-39280.38	1.76298	-28758.14	-39280.38	1.76298	1.645	0.00
0.00	-28758.21	-39279.98	1.76374	-28758.21	-39279.98	1.76374	1.667	0.00
0.00	-28758.32	-39279.41	1.76444	-28758.32	-39279.41	1.76444	1.670	0.00
0.00	-28758.40	-39278.96	1.76491	-28758.49	-39278.49	1.76519	1.584	0.00
0.00	-28758.48	-39278.48	1.76566	-28758.48	-39278.48	1.76566	1.703	0.00
0.00	-28758.59	-39277.94	1.76622	-28758.59	-39277.94	1.76622	1.594	0.00
0.00	-28758.64	-39277.62	1.76659	-28758.64	-39277.62	1.76659	1.634	0.00
0.00	-28758.74	-39277.12	1.76701	-28758.83	-39276.65	1.76755	1.615	0.00
0.00	-28758.83	-39276.63	1.76758	-28758.83	-39276.63	1.76758	1.613	0.00
0.00	-28758.93	-39276.09	1.76818	-28758.93	-39276.09	1.76818	1.865	0.00
0.00	-28759.00	-39275.70	1.76855	-28759.00	-39275.70	1.76855	1.614	0.00
0.00	-28759.08	-39275.26	1.76908	-28759.17	-39274.80	1.76967	1.690	0.00
0.00	-28759.17	-39274.78	1.76968	-28759.17	-39274.78	1.76968	1.818	0.00
0.00	-28759.25	-39274.35	1.76999	-28759.25	-39274.35	1.76999	1.693	0.00
0.00	-28759.35	-39273.83	1.77034	-28759.35	-39273.83	1.77034	1.597	0.00
0.00	-28759.44	-39273.37	1.77061	-28759.53	-39272.92	1.77139	1.543	0.00
0.00	-28759.52	-39272.93	1.77097	-28759.52	-39272.93	1.77097	1.675	0.00
0.00	-28759.60	-39272.47	1.77146	-28759.60	-39272.47	1.77146	1.679	0.00
0.00	-28759.69	-39272.03	1.77200	-28759.69	-39272.03	1.77200	1.666	0.00
0.00	-28759.77	-39271.58	1.77223	-28759.86	-39271.14	1.77284	1.708	0.00
0.00	-28759.86	-39271.12	1.77274	-28759.86	-39271.12	1.77274	2.150	0.00
0.00	-28760.00	-39270.39	1.77353	-28760.00	-39270.39	1.77353	2.045	0.00
0.00	-28760.01	-39270.32	1.77363	-28760.01	-39270.32	1.77363	1.557	0.00
0.00	-28760.14	-39269.68	1.77411	-28760.23	-39269.23	1.77413	1.747	0.00
0.00	-28760.19	-39269.38	1.77455	-28760.19	-39269.38	1.77455	1.643	0.00
0.00	-28760.31	-39268.83	1.77642	-28760.31	-39268.83	1.77642	1.712	0.00
0.00	-28760.37	-39268.51	1.77632	-28760.37	-39268.51	1.77632	1.647	0.00
0.00	-28760.46	-39268.00	1.77566	-28760.54	-39267.63	1.77584	1.672	0.00
0.00	-28760.57	-39267.47	1.77467	-28760.57	-39267.47	1.77467	1.674	0.00
0.00	-28760.64	-39267.11	1.77393	-28760.64	-39267.11	1.77393	1.891	0.00
0.00	-28760.73	-39266.65	1.77316	-28760.73	-39266.65	1.77316	1.641	0.00
0.00	-28760.82	-39266.15	1.77256	-28760.92	-39265.66	1.77401	1.839	0.00
0.00	-28760.91	-39265.68	1.77162	-28760.91	-39265.68	1.77162	1.773	0.00
0.00	-28760.97	-39265.36	1.77063	-28760.97	-39265.36	1.77063	1.743	0.00
0.00	-28761.06	-39264.90	1.76920	-28761.06	-39264.90	1.76920	1.652	0.00
0.00	-28761.16	-39264.38	1.76744	-28761.25	-39263.90	1.76928	1.811	0.00
0.00	-28761.24	-39263.94	1.76578	-28761.24	-39263.94	1.76578	1.636	0.00
0.00	-28761.32	-39263.52	1.76444	-28761.32	-39263.52	1.76444	1.866	0.00
0.00	-28761.40	-39263.05	1.76297	-28761.40	-39263.05	1.76297	1.660	0.00
0.00	-28761.46	-39262.73	1.76164	-28761.55	-39262.26	1.76402	1.695	0.00
0.00	-28761.54	-39262.26	1.76024	-28761.54	-39262.26	1.76024	1.641	0.00
0.00	-28761.62	-39261.80	1.75913	-28761.62	-39261.80	1.75913	1.602	0.00
0.00	-28761.69	-39261.41	1.75788	-28761.69	-39261.41	1.75788	1.634	0.00
0.00	-28761.77	-39260.95	1.75656	-28761.85	-39260.52	1.75876	1.809	0.00
0.00	-28761.84	-39260.54	1.75508	-28761.84	-39260.54	1.75508	1.650	0.00
0.00	-28761.92	-39260.10	1.75397	-28761.92	-39260.10	1.75397	1.657	0.00
0.00	-28762.00	-39259.61	1.75283	-28762.00	-39259.61	1.75283	1.644	0.00
0.00	-28762.07	-39259.22	1.75204	-28762.15	-39258.79	1.75425	1.820	0.00
0.00	-28762.14	-39258.79	1.75130	-28762.14	-39258.79	1.75130	1.750	0.00
0.00	-28762.20	-39258.40	1.75049	-28762.20	-39258.40	1.75049	1.845	0.00
0.00	-28762.27	-39258.02	1.74971	-28762.27	-39258.02	1.74971	1.679	0.00
0.00	-28762.27	-39258.02	1.74971	-28762.35	-39257.58	1.75146	1.620	0.00
0.00	-28762.53	-39256.53	1.75055	-28762.53	-39256.53	1.75055	1.744	0.00
0.00	-28762.49	-39256.74	1.74992	-28762.49	-39256.74	1.74992	1.650	0.00
0.00	-28762.55	-39256.34	1.74835	-28762.55	-39256.34	1.74835	1.632	0.00
0.00	-28762.62	-39255.91	1.74726	-28762.80	-39254.90	1.74998	1.576	0.00
0.00	-28762.69	-39255.47	1.74666	-28762.69	-39255.47	1.74666	1.720	0.00
0.00	-28762.78	-39254.93	1.74621	-28762.78	-39254.93	1.74621	1.912	0.00
0.00	-28762.83	-39254.62	1.74601	-28762.83	-39254.62	1.74601	1.705	0.00
0.00	-28762.90	-39254.14	1.74566	-28762.98	-39253.73	1.74732	1.752	0.00
0.00	-28762.96	-39253.81	1.74530	-28762.96	-39253.81	1.74530	1.711	0.00
0.00	-28763.01	-39253.46	1.74519	-28763.01	-39253.46	1.74519	1.748	0.00
0.00	-28763.10	-39252.95	1.74527	-28763.10	-39252.95	1.74527	1.661	0.00
0.00	-28763.16	-39252.57	1.74553	-28763.22	-39252.21	1.74694	1.690	0.00
0.00	-28763.22	-39252.17	1.74580	-28763.22	-39252.17	1.74580	1.678	0.00
0.00	-28763.29	-39251.77	1.74594	-28763.29	-39251.77	1.74594	1.541	0.00
0.00	-28763.36	-39251.35	1.74634	-28763.36	-39251.35	1.74634	1.643	0.00
0.00	-28763.44	-39250.87	1.74678	-28763.51	-39250.47	1.74787	1.829	0.00
0.00	-28763.49	-39250.56	1.74710	-28763.49	-39250.56	1.74710	1.806	0.00
0.00	-28763.55	-39250.19	1.74736	-28763.55	-39250.19	1.74736	1.538	0.00
0.00	-28763.62	-39249.77	1.74763	-28763.62	-39249.77	1.74763	1.631	0.00
0.00	-28763.68	-39249.38	1.74791	-28763.74	-39249.03	1.74907	1.667	0.00
0.00	-28763.76	-39248.91	1.74979	-28763.76	-39248.91	1.74979	1.808	0.00
0.00	-28763.80	-39248.68	1.75010	-28763.80	-39248.68	1.75010	1.649	0.00
0.00	-28763.89	-39248.17	1.75218	-28763.89	-39248.17	1.75218	1.514	0.00
0.00	-28763.92	-39248.01	1.75163	-28764.00	-39247.53	1.75220	1.707	0.00
0.00	-28763.99	-39247.54	1.75054	-28763.99	-39247.54	1.75054	1.861	0.00
0.00	-28764.07	-39247.05	1.75012	-28764.07	-39247.05	1.75012	1.612	0.00
0.00	-28764.13	-39246.63	1.75018	-28764.13	-39246.63	1.75018	1.760	0.00
0.00	-28764.20	-39246.23	1.75012	-28764.27	-39245.84	1.75185	1.696	0.00
0.00	-28764.28	-39245.77	1.75037	-28764.28	-39245.77	1.75037	2.638	0.00
0.00	-28764.34	-39245.41	1.75053	-28764.34	-39245.41	1.75053	1.550	0.00
0.00	-28764.39	-39245.06	1.75084	-28764.39	-39245.06	1.75084	1.717	0.00
0.00	-28764.47	-39244.60	1.75140	-28764.55	-39244.17	1.75257	1.724	0.00
0.00	-28764.52	-39244.31	1.75173	-28764.52	-39244.31	1.75173	1.747	0.00
0.00	-28764.60	-39243.85	1.75213	-28764.60	-39243.85	1.75213	1.768	0.00
0.00	-28764.65	-39243.55	1.75219	-28764.65	-39243.55	1.75219	1.716	0.00
0.00	-28764.71	-39243.15	1.75243	-28764.77	-39242.82	1.75346	1.655	0.00
0.00	-28764.77	-39242.79	1.75299	-28764.77	-39242.79	1.75299	1.675	0.00
0.00	-28764.85	-39242.35	1.75330	-28764.85	-39242.35	1.75330	1.896	0.00
0.00	-28764.90	-39242.06	1.75350	-28764.90	-39242.06	1.75350	1.664	0.00
0.00	-28764.97	-39241.66	1.75374	-28765.03	-39241.31	1.75487	1.776	0.00
0.00	-28765.03	-39241.29	1.75399	-28765.03	-39241.29	1.75399	1.598	0.00
0.00	-28765.09	-39240.92	1.75422	-28765.09	-39240.92	1.75422	1.597	0.00
0.00	-28765.17	-39240.49	1.75458	-28765.17	-39240.49	1.75458	1.735	0.00
0.00	-28765.21	-39240.22	1.75471	-28765.28	-39239.86	1.75601	1.845	0.00
0.00	-28765.27	-39239.85	1.75494	-28765.27	-39239.85	1.75494	1.704	0.00
0.00	-28765.36	-39239.35	1.75503	-28765.36	-39239.35	1.75503	1.652	0.00
0.00	-28765.40	-39239.10	1.75513	-28765.40	-39239.10	1.75513	1.578	0.00
0.00	-28765.47	-39238.69	1.75561	-28765.54	-39238.34	1.75697	1.703	0.00
0.00	-28765.53	-39238.38	1.75588	-28765.53	-39238.38	1.75588	1.805	0.00
0.00	-28765.59	-39238.00	1.75610	-28765.59	-39238.00	1.75610	1.701	0.00
0.00	-28765.65	-39237.64	1.75640	-28765.65	-39237.64	1.75640	1.639	0.00
0.00	-28765.72	-39237.28	1.75646	-28765.78	-39236.96	1.75781	1.540	0.00
0.00	-28765.79	-39236.88	1.75682	-28765.79	-39236.88	1.75682	1.617	0.00
0.00	-28765.85	-39236.50	1.75722	-28765.85	-39236.50	1.75722	1.435	0.00
0.00	-28765.90	-39236.20	1.75726	-28765.90	-39236.20	1.75726	1.538	0.00
0.00	-28765.97	-39235.81	1.75728	-28766.04	-39235.42	1.75844	1.721	0.00
0.00	-28766.02	-39235.50	1.75759	-28766.02	-39235.50	1.75759	1.691	0.00
0.00	-28766.09	-39235.12	1.75805	-28766.09	-39235.12	1.75805	1.512	0.00
0.00	-28766.14	-39234.81	1.75829	-28766.14	-39234.81	1.75829	1.692	0.00
0.00	-28766.21	-39234.45	1.75843	-28766.27	-39234.14	1.75955	1.547	0.00
0.00	-28766.27	-39234.09	1.75886	-28766.27	-39234.09	1.75886	1.625	0.00
0.00	-28766.34	-39233.69	1.75932	-28766.34	-39233.69	1.75932	1.691	0.00
0.00	-28766.38	-39233.45	1.75967	-28766.38	-39233.45	1.75967	1.552	0.00
0.00	-28766.46	-39233.03	1.76019	-28766.52	-39232.69	1.76134	1.620	0.00
0.00	-28766.51	-39232.73	1.76070	-28766.51	-39232.73	1.76070	1.808	0.00
0.00	-28766.58	-39232.33	1.76131	-28766.58	-39232.33	1.76131	1.480	0.00
0.00	-28766.63	-39232.06	1.76166	-28766.63	-39232.06	1.76166	1.486	0.00
0.00	-28766.70	-39231.67	1.76236	-28766.76	-39231.35	1.76332	1.513	0.00
0.00	-28766.74	-39231.43	1.76301	-28766.74	-39231.43	1.76301	1.474	0.00
0.00	-28766.81	-39231.03	1.76353	-28766.81	-39231.03	1.76353	1.522	0.00
0.00	-28766.87	-39230.72	1.76405	-28766.87	-39230.72	1.76405	1.572	0.00
0.00	-28766.93	-39230.39	1.76482	-28766.98	-39230.13	1.76592	1.531	0.00
0.00	-28766.99	-39230.07	1.76564	-28766.99	-39230.07	1.76564	1.628	0.00
0.00	-28767.05	-39229.73	1.76649	-28767.05	-39229.73	1.76649	1.511	0.00
0.00	-28767.11	-39229.42	1.76693	-28767.11	-39229.42	1.76693	1.500	0.00
0.00	-28767.18	-39229.04	1.76759	-28767.24	-39228.72	1.76835	1.597	0.00
0.00	-28767.24	-39228.71	1.76844	-28767.24	-39228.71	1.76844	1.571	0.00
0.00	-28767.29	-39228.44	1.76904	-28767.29	-39228.44	1.76904	1.685	0.00
0.00	-28767.35	-39228.09	1.76985	-28767.35	-39228.09	1.76985	1.501	0.00
0.00	-28767.41	-39227.78	1.77051	-28767.48	-39227.44	1.77144	1.531	0.00
0.00	-28767.48	-39227.43	1.77115	-28767.48	-39227.43	1.77115	1.590	0.00
0.00	-28767.53	-39227.17	1.77162	-28767.53	-39227.17	1.77162	1.465	0.00
0.00	-28767.59	-39226.84	1.77225	-28767.59	-39226.84	1.77225	1.515	0.00
0.00	-28767.65	-39226.50	1.77324	-28767.72	-39226.16	1.77423	1.902	0.00
0.00	-28767.72	-39226.15	1.77385	-28767.72	-39226.15	1.77385	1.587	0.00
0.00	-28767.77	-39225.90	1.77449	-28767.77	-39225.90	1.77449	1.663	0.00
0.00	-28767.85	-39225.48	1.77533	-28767.85	-39225.48	1.77533	1.572	0.00
0.00	-28767.90	-39225.24	1.77596	-28767.97	-39224.90	1.77692	1.706	0.00
0.00	-28767.95	-39224.97	1.77667	-28767.95	-39224.97	1.77667	1.628	0.00
0.00	-28768.03	-39224.57	1.77741	-28768.03	-39224.57	1.77741	1.491	0.00
0.00	-28768.08	-39224.31	1.77790	-28768.08	-39224.31	1.77790	1.685	0.00
0.00	-28768.13	-39224.05	1.77832	-28768.19	-39223.77	1.77936	1.679	0.00
0.00	-28768.20	-39223.69	1.77898	-28768.20	-39223.69	1.77898	1.513	0.00
0.00	-28768.27	-39223.33	1.77969	-28768.27	-39223.33	1.77969	1.549	0.00
0.00	-28768.33	-39223.01	1.78021	-28768.33	-39223.01	1.78021	1.520	0.00
0.00	-28768.38	-39222.78	1.78057	-28768.44	-39222.48	1.78163	1.602	0.00
0.00	-28768.45	-39222.43	1.78100	-28768.45	-39222.43	1.78100	1.859	0.00
0.00	-28768.50	-39222.14	1.78150	-28768.50	-39222.14	1.78150	1.394	0.00
0.00	-28768.57	-39221.83	1.78182	-28768.57	-39221.83	1.78182	1.414	0.00
0.00	-28768.63	-39221.51	1.78175	-28768.70	-39221.18	1.78295	2.119	0.00
0.00	-28768.69	-39221.21	1.78123	-28768.69	-39221.21	1.78123	1.542	0.00
0.00	-28768.75	-39220.93	1.78043	-28768.75	-39220.93	1.78043	1.524	0.00
0.00	-28768.82	-39220.55	1.77944	-28768.82	-39220.55	1.77944	1.691	0.00
0.00	-28768.86	-39220.34	1.77820	-28768.93	-39220.02	1.78074	2.382	0.00
0.00	-28768.93	-39220.00	1.77645	-28768.93	-39220.00	1.77645	1.727	0.00
0.00	-28768.98	-39219.69	1.77423	-28768.98	-39219.69	1.77423	1.794	0.00
0.00	-28769.04	-39219.42	1.77197	-28769.04	-39219.42	1.77197	2.105	0.00
0.00	-28769.09	-39219.11	1.77000	-28769.16	-39218.80	1.77384	1.928	0.00
0.00	-28769.16	-39218.77	1.76770	-28769.16	-39218.77	1.76770	1.780	0.00
0.00	-28769.20	-39218.55	1.76572	-28769.20	-39218.55	1.76572	1.545	0.00
0.00	-28769.25	-39218.24	1.76352	-28769.25	-39218.24	1.76352	1.525	0.00
0.00	-28769.31	-39217.89	1.76140	-28769.38	-39217.55	1.76502	1.728	0.00
0.00	-28769.36	-39217.60	1.75936	-28769.36	-39217.60	1.75936	1.795	0.00
0.00	-28769.41	-39217.33	1.75749	-28769.41	-39217.33	1.75749	1.715	0.00
0.00	-28769.46	-39217.06	1.75549	-28769.46	-39217.06	1.75549	1.596	0.00
0.00	-28769.51	-39216.74	1.75389	-28769.57	-39216.43	1.75751	1.643	0.00
0.00	-28769.57	-39216.37	1.75226	-28769.57	-39216.37	1.75226	1.607	0.00
0.00	-28769.60	-39216.18	1.75124	-28769.60	-39216.18	1.75124	1.774	0.00
0.00	-28769.66	-39215.86	1.75061	-28769.66	-39215.86	1.75061	1.690	0.00
0.00	-28769.70	-39215.58	1.74995	-28769.77	-39215.23	1.75274	1.839	0.00
0.00	-28769.75	-39215.28	1.74934	-28769.75	-39215.28	1.74934	1.655	0.00
0.00	-28769.83	-39214.85	1.75007	-28769.83	-39214.85	1.75007	1.667	0.00
0.00	-28769.82	-39214.86	1.74913	-28769.82	-39214.86	1.74913	1.950	0.00
0.00	-28769.89	-39214.47	1.74813	-28769.94	-39214.17	1.75012	1.806	0.00
0.00	-28769.95	-39214.09	1.74766	-28769.95	-39214.09	1.74766	1.737	0.00
0.00	-28769.98	-39213.87	1.74760	-28769.98	-39213.87	1.74760	1.698	0.00
0.00	-28770.03	-39213.55	1.74747	-28770.03	-39213.55	1.74747	1.571	0.00
0.00	-28770.08	-39213.26	1.74763	-28770.14	-39212.95	1.74984	1.677	0.00
0.00	-28770.13	-39212.95	1.74782	-28770.13	-39212.95	1.74782	1.591	0.00
0.00	-28770.18	-39212.67	1.74817	-28770.18	-39212.67	1.74817	1.889	0.00
0.00	-28770.22	-39212.40	1.74884	-28770.22	-39212.40	1.74884	1.677	0.00
0.00	-28770.27	-39212.08	1.74984	-28770.33	-39211.77	1.75142	1.662	0.00
0.00	-28770.33	-39211.73	1.75074	-28770.33	-39211.73	1.75074	1.895	0.00
0.00	-28770.36	-39211.51	1.75150	-28770.36	-39211.51	1.75150	1.922	0.00
0.00	-28770.42	-39211.18	1.75245	-28770.42	-39211.18	1.75245	1.693	0.00
0.00	-28770.48	-39210.85	1.75339	-28770.54	-39210.50	1.75461	1.695	0.00
0.00	-28770.53	-39210.52	1.75434	-28770.53	-39210.52	1.75434	1.826	0.00
0.00	-28770.59	-39210.16	1.75514	-28770.59	-39210.16	1.75514	1.640	0.00
0.00	-28770.65	-39209.80	1.75606	-28770.65	-39209.80	1.75606	1.631	0.00
0.00	-28770.73	-39209.38	1.75724	-28770.79	-39209.04	1.75817	1.694	0.00
0.00	-28770.79	-39208.99	1.75861	-28770.79	-39208.99	1.75861	1.778	0.00
0.00	-28770.85	-39208.70	1.75954	-28770.85	-39208.70	1.75954	1.773	0.00
0.00	-28770.92	-39208.27	1.76042	-28770.92	-39208.27	1.76042	1.793	0.00
0.00	-28770.98	-39207.94	1.76140	-28771.06	-39207.54	1.76233	1.700	0.00
0.00	-28771.07	-39207.42	1.76255	-28771.07	-39207.42	1.76255	1.634	0.00
0.00	-28771.12	-39207.15	1.76356	-28771.12	-39207.15	1.76356	1.591	0.00
0.00	-28771.19	-39206.74	1.76453	-28771.19	-39206.74	1.76453	1.760	0.00
0.00	-28771.26	-39206.36	1.76505	-28771.35	-39205.90	1.76585	1.772	0.00
0.00	-28771.35	-39205.88	1.76503	-28771.35	-39205.88	1.76503	1.809	0.00
0.00	-28771.40	-39205.57	1.76475	-28771.40	-39205.57	1.76475	1.742	0.00
0.00	-28771.51	-39205.00	1.76456	-28771.51	-39205.00	1.76456	1.968	0.00
0.00	-28771.52	-39204.92	1.76450	-28771.61	-39204.46	1.76624	1.637	0.00
0.00	-28771.62	-39204.42	1.76433	-28771.62	-39204.42	1.76433	1.646	0.00
0.00	-28771.69	-39203.99	1.76398	-28771.69	-39203.99	1.76398	1.742	0.00
0.00	-28771.76	-39203.61	1.76348	-28771.76	-39203.61	1.76348	1.583	0.00
0.00	-28771.84	-39203.16	1.76319	-28771.93	-39202.73	1.76495	1.971	0.00
0.00	-28771.91	-39202.78	1.76310	-28771.91	-39202.78	1.76310	1.699	0.00
0.00	-28771.99	-39202.34	1.76300	-28771.99	-39202.34	1.76300	1.683	0.00
0.00	-28772.08	-39201.85	1.76292	-28772.08	-39201.85	1.76292	1.580	0.00
0.00	-28772.14	-39201.50	1.76305	-28772.22	-39201.10	1.76454	2.102	0.00
0.00	-28772.21	-39201.11	1.76406	-28772.21	-39201.11	1.76406	1.683	0.00
0.00	-28772.29	-39200.67	1.76432	-28772.29	-39200.67	1.76432	1.661	0.00
0.00	-28772.38	-39200.17	1.76481	-28772.38	-39200.17	1.76481	1.739	0.00
0.00	-28772.46	-39199.72	1.76551	-28772.54	-39199.30	1.76641	1.690	0.00
0.00	-28772.54	-39199.29	1.76610	-28772.54	-39199.29	1.76610	1.624	0.00
0.00	-28772.63	-39198.80	1.76668	-28772.63	-39198.80	1.76668	1.808	0.00
0.00	-28772.70	-39198.39	1.76715	-28772.70	-39198.39	1.76715	2.023	0.00
0.00	-28772.79	-39197.91	1.76748	-28772.88	-39197.48	1.76815	1.829	0.00
0.00	-28772.88	-39197.44	1.76750	-28772.88	-39197.44	1.76750	1.673	0.00
0.00	-28772.97	-39196.96	1.76715	-28772.97	-39196.96	1.76715	1.664	0.00
0.00	-28773.06	-39196.43	1.76654	-28773.06	-39196.43	1.76654	1.684	0.00
0.00	-28773.14	-39196.03	1.76621	-28773.23	-39195.57	1.76752	1.659	0.00
0.00	-28773.24	-39195.46	1.76568	-28773.24	-39195.46	1.76568	2.094	0.00
0.00	-28773.33	-39194.98	1.76502	-28773.33	-39194.98	1.76502	1.841	0.00
0.00	-28773.42	-39194.48	1.76422	-28773.42	-39194.48	1.76422	1.809	0.00
0.00	-28773.49	-39194.07	1.76377	-28773.60	-39193.54	1.76531	1.844	0.00
0.00	-28773.58	-39193.58	1.76336	-28773.58	-39193.58	1.76336	1.751	0.00
0.00	-28773.67	-39193.07	1.76307	-28773.67	-39193.07	1.76307	1.656	0.00
0.00	-28773.76	-39192.58	1.76281	-28773.76	-39192.58	1.76281	1.750	0.00
0.00	-28773.88	-39191.95	1.76262	-28773.97	-39191.47	1.76357	1.688	0.00
0.00	-28773.94	-39191.61	1.76245	-28773.94	-39191.61	1.76245	1.963	0.00
0.00	-28774.03	-39191.10	1.76239	-28774.03	-39191.10	1.76239	1.686	0.00
0.00	-28774.12	-39190.58	1.76264	-28774.12	-39190.58	1.76264	1.664	0.00
0.00	-28774.26	-39189.85	1.76326	-28774.34	-39189.44	1.76387	1.712	0.00
0.00	-28774.33	-39189.43	1.76378	-28774.33	-39189.43	1.76378	1.836	0.00
0.00	-28774.40	-39189.07	1.76390	-28774.40	-39189.07	1.76390	1.681	0.00
0.00	-28774.51	-39188.49	1.76410	-28774.51	-39188.49	1.76410	1.721	0.00
0.00	-28774.62	-39187.88	1.76483	-28774.72	-39187.38	1.76544	1.826	0.00
0.00	-28774.73	-39187.30	1.76590	-28774.73	-39187.30	1.76590	1.747	0.00
0.00	-28774.80	-39186.91	1.76633	-28774.80	-39186.91	1.76633	1.659	0.00
0.00	-28774.91	-39186.33	1.76660	-28774.91	-39186.33	1.76660	1.622	0.00
0.00	-28775.01	-39185.78	1.76690	-28775.13	-39185.19	1.76722	1.765	0.00
0.00	-28775.12	-39185.23	1.76701	-28775.12	-39185.23	1.76701	1.848	0.00
0.00	-28775.25	-39184.53	1.76683	-28775.25	-39184.53	1.76683	2.010	0.00
0.00	-28775.31	-39184.20	1.76666	-28775.31	-39184.20	1.76666	1.920	0.00
0.00	-28775.42	-39183.61	1.76647	-28775.53	-39183.07	1.76715	1.756	0.00
0.00	-28775.54	-39182.98	1.76671	-28775.54	-39182.98	1.76671	2.146	0.00
0.00	-28775.65	-39182.39	1.76630	-28775.65	-39182.39	1.76630	1.704	0.00
0.00	-28775.74	-39181.87	1.76568	-28775.74	-39181.87	1.76568	1.723	0.00
0.00	-28775.90	-39181.03	1.76515	-28776.01	-39180.48	1.76571	2.168	0.00
0.00	-28775.93	-39180.86	1.76493	-28775.93	-39180.86	1.76493	1.639	0.00
0.00	-28776.10	-39179.94	1.76454	-28776.10	-39179.94	1.76454	2.022	0.00
0.00	-28776.13	-39179.74	1.76444	-28776.13	-39179.74	1.76444	1.587	0.00
0.00	-28776.26	-39179.04	1.76417	-28776.33	-39178.69	1.76479	1.835	0.00
0.00	-28776.37	-39178.48	1.76390	-28776.37	-39178.48	1.76390	1.802	0.00
0.00	-28776.45	-39178.02	1.76369	-28776.45	-39178.02	1.76369	1.629	0.00
0.00	-28776.56	-39177.41	1.76370	-28776.56	-39177.41	1.76370	1.697	0.00
0.00	-28776.69	-39176.70	1.76334	-28776.80	-39176.13	1.76391	1.681	0.00
0.00	-28776.76	-39176.32	1.76288	-28776.76	-39176.32	1.76288	1.831	0.00
0.00	-28776.89	-39175.58	1.76236	-28776.89	-39175.58	1.76236	1.896	0.00
0.00	-28776.98	-39175.07	1.76213	-28776.98	-39175.07	1.76213	1.776	0.00
0.00	-28777.07	-39174.60	1.76197	-28777.15	-39174.16	1.76276	1.785	0.00
0.00	-28777.23	-39173.73	1.76190	-28777.23	-39173.73	1.76190	1.653	0.00
0.00	-28777.27	-39173.48	1.76186	-28777.27	-39173.48	1.76186	1.705	0.00
0.00	-28777.39	-39172.85	1.76186	-28777.39	-39172.85	1.76186	1.690	0.00
0.00	-28777.49	-39172.26	1.76158	-28777.64	-39171.49	1.76222	1.794	0.00
0.00	-28777.59	-39171.70	1.76128	-28777.59	-39171.70	1.76128	1.793	0.00
0.00	-28777.72	-39171.02	1.76111	-28777.72	-39171.02	1.76111	1.819	0.00
0.00	-28777.80	-39170.58	1.76088	-28777.80	-39170.58	1.76088	1.809	0.00
0.00	-28778.06	-39169.21	1.76279	-28778.17	-39168.64	1.76203	1.662	0.00
0.00	-28778.11	-39168.94	1.76325	-28778.11	-39168.94	1.76325	1.697	0.00
0.00	-28778.02	-39169.41	1.76233	-28778.02	-39169.41	1.76233	1.791	0.00
0.00	-28778.16	-39168.57	1.76079	-28778.16	-39168.57	1.76079	1.729	0.00
0.00	-28778.30	-39167.83	1.76016	-28778.35	-39167.57	1.76197	1.742	0.00
0.00	-28778.43	-39167.07	1.75999	-28778.43	-39167.07	1.75999	1.708	0.00
0.00	-28778.56	-39166.38	1.76033	-28778.56	-39166.38	1.76033	1.813	0.00
0.00	-28778.64	-39165.91	1.76072	-28778.64	-39165.91	1.76072	1.729	0.00
0.00	-28778.75	-39165.31	1.76070	-28778.88	-39164.68	1.76060	1.680	0.00
0.00	-28778.86	-39164.71	1.76037	-28778.86	-39164.71	1.76037	1.715	0.00
0.00	-28778.99	-39164.00	1.76015	-28778.99	-39164.00	1.76015	2.319	0.00
0.00	-28779.07	-39163.54	1.76026	-28779.07	-39163.54	1.76026	1.670	0.00
0.00	-28779.19	-39162.90	1.76044	-28779.30	-39162.32	1.76080	2.028	0.00
0.00	-28779.26	-39162.49	1.76040	-28779.26	-39162.49	1.76040	1.768	0.00
0.00	-28779.39	-39161.73	1.75962	-28779.39	-39161.73	1.75962	1.794	0.00
0.00	-28779.47	-39161.27	1.75835	-28779.47	-39161.27	1.75835	1.833	0.00
0.00	-28779.57	-39160.68	1.75643	-28779.66	-39160.23	1.75752	1.784	0.00
0.00	-28779.67	-39160.13	1.75434	-28779.67	-39160.13	1.75434	1.768	0.00
0.00	-28779.78	-39159.45	1.75241	-28779.78	-39159.45	1.75241	1.725	0.00
0.00	-28779.85	-39159.01	1.75116	-28779.85	-39159.01	1.75116	1.756	0.00
0.00	-28779.96	-39158.36	1.74998	-28780.06	-39157.81	1.75185	1.645	0.00
0.00	-28780.08	-39157.66	1.74855	-28780.08	-39157.66	1.74855	1.949	0.00
0.00	-28780.15	-39157.21	1.74737	-28780.15	-39157.21	1.74737	1.741	0.00
0.00	-28780.24	-39156.67	1.74646	-28780.24	-39156.67	1.74646	1.743	0.00
0.00	-28780.35	-39156.04	1.74565	-28780.47	-39155.35	1.74690	1.659	0.00
0.00	-28780.52	-39155.01	1.74518	-28780.52	-39155.01	1.74518	1.658	0.00
0.00	-28780.51	-39155.03	1.74491	-28780.51	-39155.03	1.74491	1.707	0.00
0.00	-28780.63	-39154.37	1.74558	-28780.63	-39154.37	1.74558	1.806	0.00
0.00	-28780.74	-39153.67	1.74577	-28780.90	-39152.79	1.74627	1.874	0.00
0.00	-28780.83	-39153.11	1.74584	-28780.83	-39153.11	1.74584	1.914	0.00
0.00	-28780.94	-39152.49	1.74611	-28780.94	-39152.49	1.74611	1.711	0.00
0.00	-28781.04	-39151.86	1.74695	-28781.04	-39151.86	1.74695	1.798	0.00
0.00	-28781.14	-39151.27	1.74814	-28781.25	-39150.68	1.74803	1.587	0.00
0.00	-28781.24	-39150.65	1.74948	-28781.24	-39150.65	1.74948	1.494	0.00
0.00	-28781.38	-39149.85	1.75135	-28781.38	-39149.85	1.75135	1.625	0.00
0.00	-28781.45	-39149.45	1.75259	-28781.45	-39149.45	1.75259	1.742	0.00
0.00	-28781.56	-39148.81	1.75418	-28781.67	-39148.21	1.75289	1.535	0.00
0.00	-28781.65	-39148.25	1.75578	-28781.65	-39148.25	1.75578	1.613	0.00
0.00	-28781.79	-39147.51	1.75760	-28781.79	-39147.51	1.75760	1.491	0.00
0.00	-28781.95	-39146.60	1.75988	-28781.95	-39146.60	1.75988	1.534	0.00
0.00	-28781.95	-39146.58	1.76072	-28782.05	-39146.04	1.75957	1.626	0.00
0.00	-28782.10	-39145.75	1.76252	-28782.10	-39145.75	1.76252	1.728	0.00
0.00	-28782.20	-39145.17	1.76409	-28782.20	-39145.17	1.76409	2.195	0.00
0.00	-28782.32	-39144.52	1.76562	-28782.32	-39144.52	1.76562	1.677	0.00
0.00	-28782.44	-39143.87	1.76729	-28782.58	-39143.19	1.76635	1.886	0.00
0.00	-28782.56	-39143.25	1.76891	-28782.56	-39143.25	1.76891	1.983	0.00
0.00	-28782.70	-39142.49	1.77064	-28782.70	-39142.49	1.77064	1.639	0.00
0.00	-28782.78	-39142.06	1.77189	-28782.78	-39142.06	1.77189	1.561	0.00
0.00	-28782.92	-39141.34	1.77339	-28783.05	-39140.72	1.77208	1.537	0.00
0.00	-28783.05	-39140.68	1.77442	-28783.05	-39140.68	1.77442	1.645	0.00
0.00	-28783.27	-39139.54	1.77492	-28783.27	-39139.54	1.77492	2.037	0.00
0.00	-28783.20	-39139.88	1.77473	-28783.20	-39139.88	1.77473	1.508	0.00
0.00	-28783.38	-39138.95	1.77458	-28783.52	-39138.30	1.77435	1.536	0.00
0.00	-28783.52	-39138.25	1.77412	-28783.52	-39138.25	1.77412	1.533	0.00
0.00	-28783.65	-39137.57	1.77342	-28783.65	-39137.57	1.77342	1.535	0.00
0.00	-28783.78	-39136.92	1.77304	-28783.78	-39136.92	1.77304	1.461	0.00
0.00	-28783.90	-39136.29	1.77279	-28784.02	-39135.67	1.77335	1.453	0.00
0.00	-28784.02	-39135.64	1.77187	-28784.02	-39135.64	1.77187	1.500	0.00
0.00	-28784.15	-39134.97	1.77052	-28784.15	-39134.97	1.77052	1.736	0.00
0.00	-28784.27	-39134.33	1.77003	-28784.27	-39134.33	1.77003	1.409	0.00
0.00	-28784.40	-39133.67	1.76964	-28784.53	-39133.02	1.77032	1.416	0.00
0.00	-28784.52	-39133.04	1.76895	-28784.52	-39133.04	1.76895	1.376	0.00
0.00	-28784.65	-39132.36	1.76843	-28784.65	-39132.36	1.76843	1.336	0.00
0.00	-28784.77	-39131.72	1.76851	-28784.77	-39131.72	1.76851	1.818	0.00
0.00	-28784.92	-39130.96	1.76869	-28785.05	-39130.31	1.76870	1.569	0.00
0.00	-28785.04	-39130.35	1.76879	-28785.04	-39130.35	1.76879	1.696	0.00
0.00	-28785.17	-39129.67	1.76881	-28785.17	-39129.67	1.76881	1.284	0.00
0.00	-28785.30	-39129.01	1.76897	-28785.30	-39129.01	1.76897	1.289	0.00
0.00	-28785.42	-39128.38	1.76929	-28785.55	-39127.74	1.76917	1.272	0.00
0.00	-28785.55	-39127.71	1.76953	-28785.55	-39127.71	1.76953	1.332	0.00
0.00	-28785.68	-39127.06	1.76983	-28785.68	-39127.06	1.76983	1.302	0.00
0.00	-28785.80	-39126.41	1.77012	-28785.80	-39126.41	1.77012	1.200	0.00
0.00	-28785.99	-39125.44	1.77016	-28786.13	-39124.79	1.76975	1.394	0.00
0.00	-28786.08	-39124.97	1.77005	-28786.08	-39124.97	1.77005	1.272	0.00
0.00	-28786.25	-39124.10	1.76988	-28786.25	-39124.10	1.76988	1.696	0.00
0.00	-28786.33	-39123.68	1.76939	-28786.33	-39123.68	1.76939	1.551	0.00
0.00	-28786.41	-39123.24	1.76915	-28786.53	-39122.64	1.76955	1.262	0.00
0.00	-28786.55	-39122.52	1.76904	-28786.55	-39122.52	1.76904	1.255	0.00
0.00	-28786.68	-39121.83	1.76892	-28786.68	-39121.83	1.76892	1.306	0.00
0.00	-28786.80	-39121.21	1.76899	-28786.80	-39121.21	1.76899	1.186	0.00
0.00	-28786.93	-39120.55	1.76921	-28787.06	-39119.90	1.76908	1.126	0.00
0.00	-28787.17	-39119.26	1.76973	-28787.17	-39119.26	1.76973	1.726	0.00
0.00	-28787.13	-39119.44	1.76943	-28787.13	-39119.44	1.76943	1.107	0.00
0.00	-28787.29	-39118.63	1.76966	-28787.29	-39118.63	1.76966	1.179	0.00
0.00	-28787.44	-39117.91	1.77088	-28787.65	-39116.87	1.77119	1.196	0.00
0.00	-28787.65	-39116.87	1.77305	-28787.65	-39116.87	1.77305	1.161	0.00
0.00	-28787.84	-39115.96	1.77522	-28787.84	-39115.96	1.77522	1.061	0.00
0.00	-28788.01	-39115.13	1.77735	-28788.01	-39115.13	1.77735	1.102	0.00
0.00	-28787.92	-39115.44	1.77472	-28788.13	-39114.41	1.77395	1.777	0.00
0.00	-28787.92	-39115.42	1.77479	-28787.92	-39115.42	1.77479	1.135	0.00
0.00	-28788.11	-39114.37	1.77239	-28788.11	-39114.37	1.77239	1.185	0.00
0.00	-28788.25	-39113.58	1.77071	-28788.25	-39113.58	1.77071	1.258	0.00
0.00	-28788.36	-39112.99	1.77006	-28788.36	-39112.96	1.77025	1.123	0.00
0.00	-28788.50	-39112.21	1.76987	-28788.50	-39112.21	1.76987	1.231	0.00
0.00	-28788.66	-39111.36	1.76932	-28788.66	-39111.36	1.76932	1.190	0.00
0.00	-28788.76	-39110.85	1.76894	-28788.76	-39110.85	1.76894	1.175	0.00
0.00	-28788.87	-39110.25	1.76858	-28789.00	-39109.62	1.76867	1.178	0.00
0.00	-28789.00	-39109.55	1.76842	-28789.00	-39109.55	1.76842	1.213	0.00
0.00	-28789.12	-39108.93	1.76816	-28789.12	-39108.93	1.76816	1.630	0.00
0.00	-28789.48	-39107.14	1.77101	-28789.48	-39107.14	1.77101	1.233	0.00
0.00	-28789.31	-39107.94	1.77070	-28789.44	-39107.30	1.76995	1.190	0.00
0.00	-28789.38	-39107.54	1.76944	-28789.38	-39107.54	1.76944	1.256	0.00
0.00	-28789.54	-39106.66	1.76836	-28789.54	-39106.66	1.76836	1.196	0.00
0.00	-28789.71	-39105.76	1.76711	-28789.71	-39105.76	1.76711	1.271	0.00
0.00	-28789.84	-39105.08	1.76551	-28789.93	-39104.63	1.76588	1.235	0.00
0.00	-28789.96	-39104.42	1.76349	-28789.96	-39104.42	1.76349	1.302	0.00
0.00	-28790.08	-39103.75	1.76197	-28790.08	-39103.75	1.76197	1.307	0.00
0.00	-28790.22	-39102.99	1.76071	-28790.22	-39102.99	1.76071	1.342	0.00
0.00	-28790.29	-39102.56	1.75977	-28790.41	-39101.93	1.76091	1.296	0.00
0.00	-28790.42	-39101.88	1.75869	-28790.42	-39101.88	1.75869	1.305	0.00
0.00	-28790.55	-39101.16	1.75769	-28790.55	-39101.16	1.75769	1.274	0.00
0.00	-28790.65	-39100.58	1.75687	-28790.65	-39100.58	1.75687	1.323	0.00
0.00	-28790.76	-39099.96	1.75627	-28790.88	-39099.33	1.75702	1.361	0.00
0.00	-28790.88	-39099.28	1.75581	-28790.88	-39099.28	1.75581	1.264	0.00
0.00	-28790.98	-39098.70	1.75548	-28790.98	-39098.70	1.75548	1.341	0.00
0.00	-28791.09	-39098.05	1.75513	-28791.09	-39098.05	1.75513	1.630	0.00
0.00	-28791.21	-39097.39	1.75469	-28791.33	-39096.74	1.75499	1.393	0.00
0.00	-28791.33	-39096.71	1.75442	-28791.33	-39096.71	1.75442	1.433	0.00
0.00	-28791.44	-39096.09	1.75406	-28791.44	-39096.09	1.75406	1.355	0.00
0.00	-28791.55	-39095.43	1.75384	-28791.55	-39095.43	1.75384	1.390	0.00
0.00	-28791.66	-39094.78	1.75352	-28791.78	-39094.14	1.75364	1.421	0.00
0.00	-28791.76	-39094.20	1.75320	-28791.76	-39094.20	1.75320	1.421	0.00
0.00	-28791.88	-39093.54	1.75303	-28791.88	-39093.54	1.75303	1.386	0.00
0.00	-28791.99	-39092.87	1.75304	-28791.99	-39092.87	1.75304	1.511	0.00
0.00	-28792.11	-39092.18	1.75290	-28792.23	-39091.57	1.75282	1.438	0.00
0.00	-28792.24	-39091.46	1.75279	-28792.24	-39091.46	1.75279	1.413	0.00
0.00	-28792.33	-39090.94	1.75260	-28792.33	-39090.94	1.75260	1.415	0.00
0.00	-28792.46	-39090.19	1.75246	-28792.46	-39090.19	1.75246	1.476	0.00
0.00	-28792.57	-39089.56	1.75251	-28792.70	-39088.83	1.75246	1.502	0.00
0.00	-28792.69	-39088.84	1.75267	-28792.69	-39088.84	1.75267	1.456	0.00
0.00	-28792.78	-39088.32	1.75268	-28792.78	-39088.32	1.75268	1.600	0.00
0.00	-28792.89	-39087.71	1.75267	-28792.89	-39087.71	1.75267	1.404	0.00
0.00	-28793.05	-39086.80	1.75286	-28793.18	-39086.10	1.75276	2.072	0.00
0.00	-28793.12	-39086.38	1.75300	-28793.12	-39086.38	1.75300	1.618	0.00
0.00	-28793.23	-39085.76	1.75318	-28793.23	-39085.76	1.75318	1.363	0.00
0.00	-28793.36	-39084.98	1.75353	-28793.36	-39084.98	1.75353	1.477	0.00
0.00	-28793.53	-39084.07	1.75543	-28793.63	-39083.53	1.75465	1.706	0.00
0.00	-28793.54	-39083.95	1.75491	-28793.54	-39083.95	1.75491	1.524	0.00
0.00	-28793.67	-39083.22	1.75477	-28793.67	-39083.22	1.75477	1.769	0.00
0.00	-28793.81	-39082.39	1.75478	-28793.81	-39082.39	1.75478	1.568	0.00
0.00	-28793.90	-39081.88	1.75452	-28793.99	-39081.38	1.75443	1.609	0.00
0.00	-28794.03	-39081.13	1.75462	-28794.03	-39081.13	1.75462	1.561	0.00
0.00	-28794.15	-39080.48	1.75502	-28794.15	-39080.48	1.75502	1.662	0.00
0.00	-28794.27	-39079.76	1.75542	-28794.27	-39079.76	1.75542	1.602	0.00
0.00	-28794.37	-39079.20	1.75578	-28794.49	-39078.55	1.75534	1.590	0.00
0.00	-28794.49	-39078.54	1.75628	-28794.49	-39078.54	1.75628	1.558	0.00
0.00	-28794.60	-39077.91	1.75667	-28794.60	-39077.91	1.75667	1.542	0.00
0.00	-28794.73	-39077.16	1.75713	-28794.73	-39077.16	1.75713	1.681	0.00
0.00	-28794.83	-39076.60	1.75756	-28794.95	-39075.98	1.75717	1.646	0.00
0.00	-28794.94	-39075.98	1.75790	-28794.94	-39075.98	1.75790	1.621	0.00
0.00	-28795.06	-39075.28	1.75787	-28795.06	-39075.28	1.75787	1.524	0.00
0.00	-28795.17	-39074.69	1.75782	-28795.17	-39074.69	1.75782	1.677	0.00
0.00	-28795.30	-39073.97	1.75826	-28795.42	-39073.34	1.75808	1.838	0.00
0.00	-28795.38	-39073.47	1.75807	-28795.38	-39073.47	1.75807	1.620	0.00
0.00	-28795.53	-39072.65	1.75780	-28795.53	-39072.65	1.75780	1.732	0.00
0.00	-28795.61	-39072.17	1.75765	-28795.61	-39072.17	1.75765	1.536	0.00
0.00	-28795.74	-39071.44	1.75752	-28795.85	-39070.87	1.75755	1.792	0.00
0.00	-28795.84	-39070.87	1.75757	-28795.84	-39070.87	1.75757	1.759	0.00
0.00	-28795.94	-39070.29	1.75777	-28795.94	-39070.29	1.75777	1.618	0.00
0.00	-28796.07	-39069.59	1.75796	-28796.07	-39069.59	1.75796	1.910	0.00
0.00	-28796.19	-39068.89	1.75793	-28796.31	-39068.29	1.75762	1.701	0.00
0.00	-28796.32	-39068.17	1.75806	-28796.32	-39068.17	1.75806	1.761	0.00
0.00	-28796.41	-39067.67	1.75807	-28796.41	-39067.67	1.75807	1.687	0.00
0.00	-28796.53	-39066.97	1.75802	-28796.53	-39066.97	1.75802	1.747	0.00
0.00	-28796.65	-39066.34	1.75793	-28796.78	-39065.63	1.75797	1.682	0.00
0.00	-28796.76	-39065.71	1.75813	-28796.76	-39065.71	1.75813	1.672	0.00
0.00	-28796.87	-39065.07	1.75832	-28796.87	-39065.07	1.75832	1.640	0.00
0.00	-28796.99	-39064.43	1.75850	-28796.99	-39064.43	1.75850	1.901	0.00
0.00	-28797.14	-39063.58	1.75887	-28797.27	-39062.94	1.75847	1.751	0.00
0.00	-28797.21	-39063.23	1.75922	-28797.21	-39063.23	1.75922	1.693	0.00
0.00	-28797.42	-39062.08	1.75988	-28797.42	-39062.08	1.75988	1.877	0.00
0.00	-28797.43	-39061.97	1.76003	-28797.43	-39061.97	1.76003	1.709	0.00
0.00	-28797.56	-39061.27	1.76026	-28797.65	-39060.78	1.75976	1.671	0.00
0.00	-28797.69	-39060.56	1.76029	-28797.69	-39060.56	1.76029	1.724	0.00
0.00	-28797.81	-39059.90	1.76043	-28797.81	-39059.90	1.76043	1.647	0.00
0.00	-28797.93	-39059.24	1.76061	-28797.93	-39059.24	1.76061	1.718	0.00
0.00	-28798.04	-39058.60	1.76067	-28798.17	-39057.95	1.76062	1.595	0.00
0.00	-28798.17	-39057.89	1.76076	-28798.17	-39057.89	1.76076	1.750	0.00
0.00	-28798.37	-39056.78	1.76126	-28798.37	-39056.78	1.76126	2.240	0.00
0.00	-28798.40	-39056.57	1.76144	-28798.40	-39056.57	1.76144	1.715	0.00
0.00	-28798.46	-39056.24	1.76136	-28798.60	-39055.53	1.76116	1.697	0.00
0.00	-28798.64	-39055.25	1.76145	-28798.64	-39055.25	1.76145	1.705	0.00
0.00	-28798.74	-39054.73	1.76152	-28798.74	-39054.73	1.76152	1.482	0.00
0.00	-28798.87	-39054.02	1.76159	-28798.87	-39054.02	1.76159	1.623	0.00
0.00	-28799.02	-39053.21	1.76209	-28799.17	-39052.43	1.76195	1.698	0.00
0.00	-28799.15	-39052.50	1.76236	-28799.15	-39052.50	1.76236	1.772	0.00
0.00	-28799.23	-39052.04	1.76240	-28799.23	-39052.04	1.76240	1.761	0.00
0.00	-28799.38	-39051.22	1.76233	-28799.38	-39051.22	1.76233	1.642	0.00
0.00	-28799.48	-39050.67	1.76224	-28799.63	-39049.93	1.76214	1.775	0.00
0.00	-28799.62	-39049.95	1.76215	-28799.62	-39049.95	1.76215	1.743	0.00
0.00	-28799.72	-39049.38	1.76215	-28799.72	-39049.38	1.76215	1.651	0.00
0.00	-28799.85	-39048.64	1.76210	-28799.85	-39048.64	1.76210	1.719	0.00
0.00	-28799.95	-39048.14	1.76194	-28800.08	-39047.45	1.76200	1.743	0.00
0.00	-28800.11	-39047.23	1.76178	-28800.11	-39047.23	1.76178	1.823	0.00
0.00	-28800.20	-39046.74	1.76169	-28800.20	-39046.74	1.76169	1.791	0.00
0.00	-28800.32	-39046.11	1.76154	-28800.32	-39046.11	1.76154	1.668	0.00
0.00	-28800.45	-39045.38	1.76136	-28800.61	-39044.58	1.76141	1.698	0.00
0.00	-28800.57	-39044.75	1.76100	-28800.57	-39044.75	1.76100	1.737	0.00
0.00	-28800.69	-39044.07	1.76092	-28800.69	-39044.07	1.76092	1.792	0.00
0.00	-28800.83	-39043.31	1.76066	-28800.83	-39043.31	1.76066	1.725	0.00
0.00	-28801.02	-39042.25	1.76037	-28801.15	-39041.60	1.75974	1.712	0.00
0.00	-28801.03	-39042.17	1.76017	-28801.03	-39042.17	1.76017	1.775	0.00
0.00	-28801.14	-39041.57	1.75971	-28801.14	-39041.57	1.75971	1.741	0.00
0.00	-28801.28	-39040.78	1.75933	-28801.28	-39040.78	1.75933	1.844	0.00
0.00	-28801.41	-39040.07	1.75901	-28801.47	-39039.74	1.75924	1.942	0.00
0.00	-28801.51	-39039.48	1.75847	-28801.51	-39039.48	1.75847	1.847	0.00
0.00	-28801.61	-39038.92	1.75813	-28801.61	-39038.92	1.75813	1.691	0.00
0.00	-28801.77	-39038.06	1.75831	-28801.77	-39038.06	1.75831	1.670	0.00
0.00	-28801.87	-39037.50	1.75751	-28801.98	-39036.88	1.75767	1.836	0.00
0.00	-28802.01	-39036.71	1.75698	-28802.01	-39036.71	1.75698	1.951	0.00
0.00	-28802.08	-39036.26	1.75681	-28802.08	-39036.26	1.75681	1.782	0.00
0.00	-28802.23	-39035.42	1.75656	-28802.23	-39035.42	1.75656	1.666	0.00
0.00	-28802.31	-39034.97	1.75634	-28802.45	-39034.21	1.75648	1.905	0.00
0.00	-28802.44	-39034.21	1.75639	-28802.44	-39034.21	1.75639	1.991	0.00
0.00	-28802.57	-39033.49	1.75642	-28802.57	-39033.49	1.75642	1.820	0.00
0.00	-28802.66	-39032.97	1.75641	-28802.66	-39032.97	1.75641	1.704	0.00
0.00	-28802.79	-39032.24	1.75676	-28802.92	-39031.53	1.75662	1.740	0.00
0.00	-28802.89	-39031.67	1.75715	-28802.89	-39031.67	1.75715	1.789	0.00
0.00	-28802.99	-39031.14	1.75749	-28802.99	-39031.14	1.75749	1.734	0.00
0.00	-28803.11	-39030.42	1.75782	-28803.11	-39030.42	1.75782	1.720	0.00
0.00	-28803.23	-39029.78	1.75828	-28803.34	-39029.19	1.75805	1.726	0.00
0.00	-28803.34	-39029.14	1.75859	-28803.34	-39029.14	1.75859	2.588	0.00
0.00	-28803.45	-39028.55	1.75892	-28803.45	-39028.55	1.75892	1.766	0.00
0.00	-28803.56	-39027.92	1.75922	-28803.56	-39027.92	1.75922	1.699	0.00
0.00	-28803.67	-39027.30	1.75965	-28803.79	-39026.67	1.75947	2.446	0.00
0.00	-28803.81	-39026.53	1.76014	-28803.81	-39026.53	1.76014	1.934	0.00
0.00	-28803.88	-39026.12	1.76056	-28803.88	-39026.12	1.76056	1.747	0.00
0.00	-28804.00	-39025.48	1.76101	-28804.00	-39025.48	1.76101	1.965	0.00
0.00	-28804.15	-39024.67	1.76134	-28804.29	-39023.93	1.76117	1.903	0.00
0.00	-28804.26	-39024.07	1.76191	-28804.26	-39024.07	1.76191	1.894	0.00
0.00	-28804.33	-39023.66	1.76241	-28804.33	-39023.66	1.76241	1.959	0.00
0.00	-28804.45	-39023.01	1.76295	-28804.45	-39023.01	1.76295	1.666	0.00
0.00	-28804.57	-39022.37	1.76330	-28804.70	-39021.71	1.76321	1.807	0.00
0.00	-28804.69	-39021.70	1.76353	-28804.69	-39021.70	1.76353	1.768	0.00
0.00	-28804.80	-39021.13	1.76324	-28804.80	-39021.13	1.76324	1.716	0.00
0.00	-28804.90	-39020.58	1.76292	-28804.90	-39020.58	1.76292	1.741	0.00
0.00	-28805.00	-39019.98	1.76292	-28805.12	-39019.37	1.76328	1.821	0.00
0.00	-28805.14	-39019.25	1.76290	-28805.14	-39019.25	1.76290	1.908	0.00
0.00	-28805.21	-39018.82	1.76226	-28805.21	-39018.82	1.76226	1.920	0.00
0.00	-28805.33	-39018.20	1.76150	-28805.33	-39018.20	1.76150	1.794	0.00
0.00	-28805.45	-39017.55	1.76117	-28805.58	-39016.84	1.76192	1.974	0.00
0.00	-28805.56	-39016.90	1.76093	-28805.56	-39016.90	1.76093	1.900	0.00
0.00	-28805.65	-39016.39	1.76091	-28805.65	-39016.39	1.76091	1.615	0.00
0.00	-28805.78	-39015.72	1.76131	-28805.78	-39015.72	1.76131	1.722	0.00
0.00	-28805.90	-39015.05	1.76143	-28806.03	-39014.38	1.76147	1.819	0.00
0.00	-28806.00	-39014.48	1.76134	-28806.00	-39014.48	1.76134	1.826	0.00
0.00	-28806.11	-39013.91	1.76119	-28806.11	-39013.91	1.76119	1.726	0.00
0.00	-28806.22	-39013.29	1.76125	-28806.22	-39013.29	1.76125	1.721	0.00
0.00	-28806.34	-39012.65	1.76185	-28806.45	-39012.06	1.76185	1.738	0.00
0.00	-28806.45	-39012.07	1.76287	-28806.45	-39012.07	1.76287	1.823	0.00
0.00	-28806.53	-39011.59	1.76209	-28806.53	-39011.59	1.76209	1.917	0.00
0.00	-28806.65	-39010.95	1.76172	-28806.65	-39010.95	1.76172	1.799	0.00
0.00	-28806.77	-39010.29	1.76138	-28806.88	-39009.69	1.76171	1.905	0.00
0.00	-28806.88	-39009.67	1.76123	-28806.88	-39009.67	1.76123	1.951	0.00
0.00	-28806.98	-39009.11	1.76124	-28806.98	-39009.11	1.76124	1.724	0.00
0.00	-28807.09	-39008.48	1.76119	-28807.09	-39008.48	1.76119	1.746	0.00
0.00	-28807.20	-39007.88	1.76110	-28807.32	-39007.28	1.76128	1.942	0.00
0.00	-28807.31	-39007.28	1.76110	-28807.31	-39007.28	1.76110	1.802	0.00
0.00	-28807.43	-39006.59	1.76114	-28807.43	-39006.59	1.76114	1.790	0.00
0.00	-28807.53	-39006.06	1.76107	-28807.53	-39006.06	1.76107	1.747	0.00
0.00	-28807.66	-39005.34	1.76097	-28807.77	-39004.75	1.76100	2.610	0.00
0.00	-28807.74	-39004.90	1.76109	-28807.74	-39004.90	1.76109	1.871	0.00
0.00	-28807.84	-39004.34	1.76112	-28807.84	-39004.34	1.76112	1.819	0.00
0.00	-28807.95	-39003.69	1.76091	-28807.95	-39003.69	1.76091	1.795	0.00
0.00	-28808.07	-39003.02	1.76058	-28808.17	-39002.50	1.76078	1.758	0.00
0.00	-28808.19	-39002.37	1.76058	-28808.19	-39002.37	1.76058	1.836	0.00
0.00	-28808.28	-39001.89	1.76056	-28808.28	-39001.89	1.76056	1.687	0.00
0.00	-28808.38	-39001.30	1.76053	-28808.38	-39001.30	1.76053	1.855	0.00
0.00	-28808.51	-39000.58	1.76058	-28808.64	-38999.92	1.76084	1.821	0.00
0.00	-28808.59	-39000.11	1.76067	-28808.59	-39000.11	1.76067	1.973	0.00
0.00	-28808.70	-38999.51	1.76053	-28808.70	-38999.51	1.76053	1.699	0.00
0.00	-28808.82	-38998.88	1.76061	-28808.82	-38998.88	1.76061	1.697	0.00
0.00	-28808.92	-38998.31	1.76083	-28809.02	-38997.78	1.76115	1.766	0.00
0.00	-28809.03	-38997.70	1.76112	-28809.03	-38997.70	1.76112	1.726	0.00
0.00	-28809.17	-38996.93	1.76118	-28809.17	-38996.93	1.76118	1.671	0.00
0.00	-28809.23	-38996.59	1.76121	-28809.23	-38996.59	1.76121	1.805	0.00
0.00	-28809.38	-38995.77	1.76132	-28809.49	-38995.18	1.76137	1.905	0.00
0.00	-28809.44	-38995.40	1.76147	-28809.44	-38995.40	1.76147	1.769	0.00
0.00	-28809.58	-38994.64	1.76156	-28809.58	-38994.64	1.76156	1.724	0.00
0.00	-28809.70	-38994.00	1.76163	-28809.70	-38994.00	1.76163	1.634	0.00
0.00	-28809.77	-38993.61	1.76164	-28809.86	-38993.15	1.76203	1.743	0.00
0.00	-28809.90	-38992.88	1.76174	-28809.90	-38992.88	1.76174	1.703	0.00
0.00	-28810.00	-38992.33	1.76182	-28810.00	-38992.33	1.76182	1.622	0.00
0.00	-28810.12	-38991.65	1.76198	-28810.12	-38991.65	1.76198	1.705	0.00
0.00	-28810.20	-38991.20	1.76199	-28810.33	-38990.55	1.76230	1.771	0.00
0.00	-28810.33	-38990.51	1.76215	-28810.33	-38990.51	1.76215	1.705	0.00
0.00	-28810.42	-38990.00	1.76244	-28810.42	-38990.00	1.76244	1.645	0.00
0.00	-28810.55	-38989.30	1.76263	-28810.55	-38989.30	1.76263	1.829	0.00
0.00	-28810.64	-38988.80	1.76262	-28810.77	-38988.15	1.76274	2.378	0.00
0.00	-28810.75	-38988.19	1.76295	-28810.75	-38988.19	1.76295	1.722	0.00
0.00	-28810.87	-38987.55	1.76325	-28810.87	-38987.55	1.76325	1.668	0.00
0.00	-28810.97	-38986.98	1.76369	-28810.97	-38986.98	1.76369	1.764	0.00
0.00	-28811.08	-38986.40	1.76401	-28811.20	-38985.80	1.76399	1.578	0.00
0.00	-28811.19	-38985.81	1.76428	-28811.19	-38985.81	1.76428	1.676	0.00
0.00	-28811.30	-38985.20	1.76443	-28811.30	-38985.20	1.76443	1.662	0.00
0.00	-28811.42	-38984.57	1.76479	-28811.42	-38984.57	1.76479	1.589	0.00
0.00	-28811.55	-38983.88	1.76524	-28811.66	-38983.29	1.76516	1.689	0.00
0.00	-28811.63	-38983.45	1.76569	-28811.63	-38983.45	1.76569	1.612	0.00
0.00	-28811.80	-38982.58	1.76758	-28811.80	-38982.58	1.76758	1.604	0.00
0.00	-28812.07	-38981.14	1.76922	-28812.07	-38981.14	1.76922	2.494	0.00
0.00	-28812.08	-38981.13	1.76929	-28812.18	-38980.63	1.76816	1.520	0.00
0.00	-28812.05	-38981.22	1.76845	-28812.05	-38981.22	1.76845	2.602	0.00
0.00	-28812.22	-38980.30	1.76775	-28812.22	-38980.30	1.76775	1.672	0.00
0.00	-28812.29	-38979.89	1.76737	-28812.29	-38979.89	1.76737	1.590	0.00
0.00	-28812.44	-38979.10	1.76713	-28812.52	-38978.70	1.76752	1.652	0.00
0.00	-28812.53	-38978.63	1.76703	-28812.53	-38978.63	1.76703	1.602	0.00
0.00	-28812.67	-38977.87	1.76727	-28812.67	-38977.87	1.76727	1.625	0.00
0.00	-28812.76	-38977.37	1.76765	-28812.76	-38977.37	1.76765	1.586	0.00
0.00	-28812.89	-38976.71	1.76803	-28812.99	-38976.20	1.76786	1.719	0.00
0.00	-28812.97	-38976.26	1.76825	-28812.97	-38976.26	1.76825	1.649	0.00
0.00	-28813.12	-38975.49	1.76871	-28813.12	-38975.49	1.76871	1.634	0.00
0.00	-28813.20	-38975.06	1.76919	-28813.20	-38975.06	1.76919	1.592	0.00
0.00	-28813.37	-38974.20	1.76955	-28813.47	-38973.71	1.76923	1.692	0.00
0.00	-28813.43	-38973.88	1.76954	-28813.43	-38973.88	1.76954	1.612	0.00
0.00	-28813.58	-38973.12	1.76952	-28813.58	-38973.12	1.76952	1.585	0.00
0.00	-28813.68	-38972.55	1.76973	-28813.68	-38972.55	1.76973	1.772	0.00
0.00	-28813.80	-38971.92	1.76942	-28813.89	-38971.48	1.76962	1.556	0.00
0.00	-28813.92	-38971.32	1.76868	-28813.92	-38971.32	1.76868	2.053	0.00
0.00	-28814.02	-38970.74	1.76731	-28814.02	-38970.74	1.76731	1.568	0.00
0.00	-28814.14	-38970.13	1.76597	-28814.14	-38970.13	1.76597	1.589	0.00
0.00	-28814.25	-38969.52	1.76522	-28814.37	-38968.93	1.76642	1.592	0.00
0.00	-28814.37	-38968.86	1.76506	-28814.37	-38968.86	1.76506	1.737	0.00
0.00	-28814.50	-38968.18	1.76467	-28814.50	-38968.18	1.76467	1.796	0.00
0.00	-28814.56	-38967.80	1.76436	-28814.56	-38967.80	1.76436	1.589	0.00
0.00	-28814.72	-38966.95	1.76404	-28814.85	-38966.29	1.76436	1.682	0.00
0.00	-28814.80	-38966.49	1.76395	-28814.80	-38966.49	1.76395	1.663	0.00
0.00	-28814.93	-38965.79	1.76404	-28814.93	-38965.79	1.76404	1.631	0.00
0.00	-28815.02	-38965.30	1.76441	-28815.02	-38965.30	1.76441	1.781	0.00
0.00	-28815.14	-38964.68	1.76483	-28815.24	-38964.14	1.76489	1.602	0.00
0.00	-28815.26	-38964.04	1.76511	-28815.26	-38964.04	1.76511	1.487	0.00
0.00	-28815.37	-38963.43	1.76500	-28815.37	-38963.43	1.76500	1.598	0.00
0.00	-28815.48	-38962.82	1.76467	-28815.48	-38962.82	1.76467	1.486	0.00
0.00	-28815.59	-38962.26	1.76480	-28815.71	-38961.66	1.76516	1.716	0.00
0.00	-28815.73	-38961.47	1.76522	-28815.73	-38961.47	1.76522	1.606	0.00
0.00	-28815.82	-38961.00	1.76569	-28815.82	-38961.00	1.76569	1.555	0.00
0.00	-28815.95	-38960.32	1.76630	-28815.95	-38960.32	1.76630	1.503	0.00
0.00	-28816.05	-38959.78	1.76645	-28816.19	-38959.05	1.76630	1.523	0.00
0.00	-28816.15	-38959.25	1.76622	-28816.15	-38959.25	1.76622	1.671	0.00
0.00	-28816.29	-38958.51	1.76619	-28816.29	-38958.51	1.76619	1.597	0.00
0.00	-28816.39	-38957.95	1.76632	-28816.39	-38957.95	1.76632	1.675	0.00
0.00	-28816.50	-38957.40	1.76672	-28816.60	-38956.87	1.76692	1.565	0.00
0.00	-28816.64	-38956.66	1.76723	-28816.64	-38956.66	1.76723	1.482	0.00
0.00	-28816.74	-38956.13	1.76749	-28816.74	-38956.13	1.76749	1.428	0.00
0.00	-28816.85	-38955.55	1.76733	-28816.85	-38955.55	1.76733	1.486	0.00
0.00	-28816.98	-38954.82	1.76745	-28817.12	-38954.13	1.76748	1.755	0.00
0.00	-28817.09	-38954.24	1.76771	-28817.09	-38954.24	1.76771	1.528	0.00
0.00	-28817.18	-38953.79	1.76784	-28817.18	-38953.79	1.76784	1.509	0.00
0.00	-28817.30	-38953.12	1.76777	-28817.30	-38953.12	1.76777	1.492	0.00
0.00	-28817.42	-38952.48	1.76771	-28817.55	-38951.85	1.76788	2.101	0.00
0.00	-28817.56	-38951.75	1.76739	-28817.56	-38951.75	1.76739	1.595	0.00
0.00	-28817.65	-38951.29	1.76628	-28817.65	-38951.29	1.76628	1.405	0.00
0.00	-28817.76	-38950.66	1.76497	-28817.76	-38950.66	1.76497	1.485	0.00
0.00	-28817.87	-38950.06	1.76423	-28818.01	-38949.35	1.76524	1.523	0.00
0.00	-28817.98	-38949.47	1.76359	-28817.98	-38949.47	1.76359	1.456	0.00
0.00	-28818.09	-38948.85	1.76274	-28818.09	-38948.85	1.76274	1.502	0.00
0.00	-28818.20	-38948.26	1.76182	-28818.20	-38948.26	1.76182	1.483	0.00
0.00	-28818.33	-38947.54	1.76103	-28818.44	-38946.94	1.76177	1.571	0.00
0.00	-28818.41	-38947.04	1.76012	-28818.41	-38947.04	1.76012	1.720	0.00
0.00	-28818.53	-38946.40	1.75948	-28818.53	-38946.40	1.75948	1.487	0.00
0.00	-28818.66	-38945.65	1.75853	-28818.66	-38945.65	1.75853	1.463	0.00
0.00	-28818.74	-38945.19	1.75788	-28818.84	-38944.64	1.75858	1.544	0.00
0.00	-28818.85	-38944.58	1.75730	-28818.85	-38944.58	1.75730	1.552	0.00
0.00	-28818.97	-38943.92	1.75704	-28818.97	-38943.92	1.75704	1.569	0.00
0.00	-28819.07	-38943.33	1.75640	-28819.07	-38943.33	1.75640	1.432	0.00
0.00	-28819.18	-38942.70	1.75556	-28819.29	-38942.11	1.75591	2.350	0.00
0.00	-28819.28	-38942.11	1.75442	-28819.28	-38942.11	1.75442	1.606	0.00
0.00	-28819.39	-38941.47	1.75386	-28819.39	-38941.47	1.75386	1.771	0.00
0.00	-28819.53	-38940.71	1.75370	-28819.53	-38940.71	1.75370	1.636	0.00
0.00	-28819.59	-38940.31	1.75355	-28819.71	-38939.70	1.75405	1.491	0.00
0.00	-28819.71	-38939.67	1.75339	-28819.71	-38939.67	1.75339	1.489	0.00
0.00	-28819.84	-38938.92	1.75311	-28819.84	-38938.92	1.75311	1.678	0.00
0.00	-28819.95	-38938.26	1.75260	-28819.95	-38938.26	1.75260	1.587	0.00
0.00	-28820.03	-38937.82	1.75217	-28820.14	-38937.21	1.75264	1.587	0.00
0.00	-28820.16	-38937.07	1.75179	-28820.16	-38937.07	1.75179	1.565	0.00
0.00	-28820.25	-38936.50	1.75152	-28820.25	-38936.50	1.75152	1.480	0.00
0.00	-28820.36	-38935.89	1.75139	-28820.36	-38935.89	1.75139	1.539	0.00
0.00	-28820.47	-38935.24	1.75145	-28820.60	-38934.56	1.75168	1.616	0.00
0.00	-28820.62	-38934.36	1.75118	-28820.62	-38934.36	1.75118	1.834	0.00
0.00	-28820.67	-38934.10	1.75091	-28820.67	-38934.10	1.75091	1.544	0.00
0.00	-28820.79	-38933.39	1.75069	-28820.79	-38933.39	1.75069	1.723	0.00
0.00	-28820.93	-38932.56	1.75031	-28821.08	-38931.74	1.75055	1.604	0.00
0.00	-28820.99	-38932.21	1.75022	-28820.99	-38932.21	1.75022	1.592	0.00
0.00	-28821.10	-38931.56	1.75073	-28821.10	-38931.56	1.75073	1.644	0.00
0.00	-28821.23	-38930.86	1.75140	-28821.23	-38930.86	1.75140	1.566	0.00
0.00	-28821.37	-38930.03	1.75186	-28821.46	-38929.55	1.75129	1.620	0.00
0.00	-28821.44	-38929.63	1.75201	-28821.44	-38929.63	1.75201	1.698	0.00
0.00	-28821.55	-38928.97	1.75260	-28821.55	-38928.97	1.75260	1.539	0.00
0.00	-28821.68	-38928.27	1.75353	-28821.68	-38928.27	1.75353	1.708	0.00
0.00	-28821.78	-38927.68	1.75430	-28821.88	-38927.15	1.75382	1.583	0.00
0.00	-28821.89	-38927.03	1.75484	-28821.89	-38927.03	1.75484	1.561	0.00
0.00	-28822.04	-38926.18	1.75501	-28822.04	-38926.18	1.75501	1.648	0.00
0.00	-28822.11	-38925.78	1.75491	-28822.11	-38925.78	1.75491	1.483	0.00
0.00	-28822.25	-38924.99	1.75518	-28822.37	-38924.36	1.75504	1.547	0.00
0.00	-28822.32	-38924.59	1.75563	-28822.32	-38924.59	1.75563	1.705	0.00
0.00	-28822.48	-38923.66	1.75612	-28822.48	-38923.66	1.75612	1.688	0.00
0.00	-28822.55	-38923.28	1.75604	-28822.55	-38923.28	1.75604	1.610	0.00
0.00	-28822.67	-38922.56	1.75596	-28822.76	-38922.08	1.75574	1.605	0.00
0.00	-28822.79	-38921.91	1.75622	-28822.79	-38921.91	1.75622	1.799	0.00
0.00	-28823.14	-38920.03	1.76036	-28823.14	-38920.03	1.76036	1.409	0.00
0.00	-28823.19	-38919.79	1.76097	-28823.19	-38919.79	1.76097	1.419	0.00
0.00	-28822.99	-38920.81	1.76052	-28823.12	-38920.17	1.75704	1.760	0.00
0.00	-28823.09	-38920.17	1.75853	-28823.09	-38920.17	1.75853	1.596	0.00
0.00	-28823.29	-38919.07	1.75752	-28823.29	-38919.07	1.75752	1.488	0.00
0.00	-28823.48	-38917.96	1.75692	-28823.48	-38917.96	1.75692	1.573	0.00
0.00	-28823.58	-38917.39	1.75656	-28823.67	-38916.92	1.75614	1.524	0.00
0.00	-28823.69	-38916.76	1.75663	-28823.69	-38916.76	1.75663	1.461	0.00
0.00	-28823.82	-38916.04	1.75713	-28823.82	-38916.04	1.75713	1.468	0.00
0.00	-28823.94	-38915.36	1.75724	-28823.94	-38915.36	1.75724	1.430	0.00
0.00	-28824.07	-38914.64	1.75743	-28824.18	-38914.05	1.75698	1.529	0.00
0.00	-28824.19	-38913.96	1.75757	-28824.19	-38913.96	1.75757	1.524	0.00
0.00	-28824.29	-38913.41	1.75783	-28824.29	-38913.41	1.75783	1.566	0.00
0.00	-28824.41	-38912.73	1.75787	-28824.41	-38912.73	1.75787	1.461	0.00
0.00	-28824.54	-38912.01	1.75798	-28824.67	-38911.32	1.75773	1.460	0.00
0.00	-28824.68	-38911.20	1.75782	-28824.68	-38911.20	1.75782	1.975	0.00
0.00	-28824.78	-38910.64	1.75769	-28824.78	-38910.64	1.75769	1.627	0.00
0.00	-28824.88	-38910.07	1.75741	-28824.88	-38910.07	1.75741	1.418	0.00
0.00	-28825.03	-38909.25	1.75699	-28825.18	-38908.45	1.75702	1.583	0.00
0.00	-28825.15	-38908.58	1.75664	-28825.15	-38908.58	1.75664	1.576	0.00
0.00	-28825.25	-38907.99	1.75625	-28825.25	-38907.99	1.75625	1.593	0.00
0.00	-28825.40	-38907.17	1.75590	-28825.40	-38907.17	1.75590	1.758	0.00
0.00	-28825.47	-38906.75	1.75541	-28825.60	-38906.04	1.75565	1.655	0.00
0.00	-28825.62	-38905.92	1.75509	-28825.62	-38905.92	1.75509	1.452	0.00
0.00	-28825.74	-38905.25	1.75491	-28825.74	-38905.25	1.75491	1.589	0.00
0.00	-28825.85	-38904.60	1.75453	-28825.85	-38904.60	1.75453	1.511	0.00
0.00	-28825.97	-38903.90	1.75470	-28826.11	-38903.17	1.75467	1.505	0.00
0.00	-28826.11	-38903.09	1.75480	-28826.11	-38903.09	1.75480	1.743	0.00
0.00	-28826.21	-38902.55	1.75464	-28826.21	-38902.55	1.75464	2.322	0.00
0.00	-28826.33	-38901.84	1.75471	-28826.33	-38901.84	1.75471	1.654	0.00
0.00	-28826.47	-38901.05	1.75503	-28826.62	-38900.27	1.75487	1.589	0.00
0.00	-28826.54	-38900.62	1.75512	-28826.54	-38900.62	1.75512	1.535	0.00
0.00	-28826.71	-38899.65	1.75545	-28826.71	-38899.65	1.75545	1.661	0.00
0.00	-28826.81	-38899.09	1.75596	-28826.81	-38899.09	1.75596	1.707	0.00
0.00	-28826.92	-38898.50	1.75621	-28827.01	-38897.98	1.75578	1.531	0.00
0.00	-28827.06	-38897.67	1.75662	-28827.06	-38897.67	1.75662	1.843	0.00
0.00	-28827.20	-38896.92	1.75692	-28827.20	-38896.92	1.75692	1.641	0.00
0.00	-28827.29	-38896.38	1.75724	-28827.29	-38896.38	1.75724	1.631	0.00
0.00	-28827.44	-38895.51	1.75721	-28827.58	-38894.77	1.75650	1.788	0.00
0.00	-28827.53	-38895.04	1.75735	-28827.53	-38895.04	1.75735	1.612	0.00
0.00	-28827.69	-38894.12	1.75731	-28827.69	-38894.12	1.75731	1.601	0.00
0.00	-28827.76	-38893.68	1.75739	-28827.76	-38893.68	1.75739	1.555	0.00
0.00	-28827.92	-38892.77	1.75745	-28828.03	-38892.23	1.75692	1.648	0.00
0.00	-28828.03	-38892.19	1.75777	-28828.03	-38892.19	1.75777	1.578	0.00
0.00	-28828.16	-38891.42	1.75824	-28828.16	-38891.42	1.75824	2.137	0.00
0.00	-28828.28	-38890.79	1.75887	-28828.28	-38890.79	1.75887	1.727	0.00
0.00	-28828.38	-38890.21	1.75914	-28828.50	-38889.58	1.75853	1.563	0.00
0.00	-28828.53	-38889.38	1.75939	-28828.53	-38889.38	1.75939	1.597	0.00
0.00	-28828.65	-38888.70	1.75962	-28828.65	-38888.70	1.75962	1.609	0.00
0.00	-28828.85	-38887.62	1.76015	-28828.85	-38887.62	1.76015	1.720	0.00
0.00	-28828.88	-38887.43	1.76015	-28829.03	-38886.67	1.75972	1.639	0.00
0.00	-28829.09	-38886.32	1.76098	-28829.09	-38886.32	1.76098	1.652	0.00
0.00	-28829.33	-38885.02	1.76104	-28829.33	-38885.02	1.76104	1.821	0.00
0.00	-28829.34	-38884.97	1.76113	-28829.34	-38884.97	1.76113	1.761	0.00
0.00	-28829.46	-38884.29	1.76026	-28829.63	-38883.41	1.75994	1.577	0.00
0.00	-28829.77	-38882.60	1.76026	-28829.77	-38882.60	1.76026	2.581	0.00
0.00	-28829.94	-38881.72	1.76119	-28829.94	-38881.72	1.76119	1.931	0.00
0.00	-28829.94	-38881.69	1.76123	-28829.94	-38881.69	1.76123	1.639	0.00
0.00	-28829.74	-38882.75	1.76079	-28830.05	-38881.12	1.76039	2.767	0.00
0.00	-28830.07	-38880.85	1.75731	-28830.07	-38880.85	1.75731	2.257	0.00
0.00	-28830.25	-38879.84	1.75614	-28830.25	-38879.84	1.75614	1.762	0.00
0.00	-28830.23	-38879.92	1.75579	-28830.23	-38879.92	1.75579	1.720	0.00
0.00	-28830.40	-38878.98	1.75512	-28830.61	-38877.82	1.75612	1.930	0.00
0.00	-28830.55	-38878.13	1.75467	-28830.55	-38878.13	1.75467	1.934	0.00
0.00	-28830.72	-38877.14	1.75420	-28830.72	-38877.14	1.75420	2.950	0.00
0.00	-28830.79	-38876.73	1.75401	-28830.79	-38876.73	1.75401	1.820	0.00
0.00	-28830.94	-38875.91	1.75387	-28831.07	-38875.20	1.75382	1.741	0.00
0.00	-28831.07	-38875.18	1.75370	-28831.07	-38875.18	1.75370	1.835	0.00
0.00	-28831.19	-38874.47	1.75345	-28831.19	-38874.47	1.75345	1.877	0.00
0.00	-28831.33	-38873.71	1.75324	-28831.33	-38873.71	1.75324	1.887	0.00
0.00	-28831.46	-38872.94	1.75305	-28831.59	-38872.23	1.75276	1.758	0.00
0.00	-28831.58	-38872.25	1.75311	-28831.58	-38872.25	1.75311	1.889	0.00
0.00	-28831.70	-38871.60	1.75280	-28831.70	-38871.60	1.75280	1.774	0.00
0.00	-28831.85	-38870.73	1.75278	-28831.85	-38870.73	1.75278	2.017	0.00
0.00	-28831.97	-38870.06	1.75313	-28832.10	-38869.34	1.75289	1.743	0.00
0.00	-28832.11	-38869.25	1.75295	-28832.11	-38869.25	1.75295	1.986	0.00
0.00	-28832.24	-38868.45	1.75226	-28832.24	-38868.45	1.75226	1.821	0.00
0.00	-28832.35	-38867.85	1.75202	-28832.35	-38867.85	1.75202	1.927	0.00
0.00	-28832.49	-38867.01	1.75196	-28832.64	-38866.21	1.75171	1.863	0.00
0.00	-28832.58	-38866.48	1.75155	-28832.58	-38866.48	1.75155	1.918	0.00
0.00	-28832.74	-38865.53	1.75105	-28832.74	-38865.53	1.75105	1.889	0.00
0.00	-28832.83	-38865.02	1.75104	-28832.83	-38865.02	1.75104	1.803	0.00
0.00	-28832.98	-38864.17	1.75110	-28833.08	-38863.59	1.75073	1.825	0.00
0.00	-28833.08	-38863.53	1.75134	-28833.08	-38863.53	1.75134	1.722	0.00
0.00	-28833.23	-38862.69	1.75143	-28833.23	-38862.69	1.75143	1.747	0.00
0.00	-28833.35	-38861.99	1.75167	-28833.35	-38861.99	1.75167	1.937	0.00
0.00	-28833.50	-38861.12	1.75194	-28833.62	-38860.47	1.75134	2.301	0.00
0.00	-28833.67	-38860.16	1.75191	-28833.67	-38860.16	1.75191	1.849	0.00
0.00	-28833.73	-38859.76	1.75196	-28833.73	-38859.76	1.75196	1.707	0.00
0.00	-28833.85	-38859.11	1.75231	-28833.85	-38859.11	1.75231	1.882	0.00
0.00	-28834.00	-38858.24	1.75240	-28834.16	-38857.33	1.75198	1.823	0.00
0.00	-28834.10	-38857.62	1.75247	-28834.10	-38857.62	1.75247	1.764	0.00
0.00	-28834.26	-38856.74	1.75273	-28834.26	-38856.74	1.75273	1.951	0.00
0.00	-28834.36	-38856.14	1.75273	-28834.36	-38856.14	1.75273	1.640	0.00
0.00	-28834.50	-38855.34	1.75273	-28834.62	-38854.69	1.75198	1.761	0.00
0.00	-28834.62	-38854.62	1.75275	-28834.62	-38854.62	1.75275	1.751	0.00
0.00	-28834.74	-38853.90	1.75270	-28834.74	-38853.90	1.75270	1.655	0.00
0.00	-28834.87	-38853.17	1.75267	-28834.87	-38853.17	1.75267	1.740	0.00
0.00	-28835.00	-38852.41	1.75247	-28835.13	-38851.68	1.75188	1.825	0.00
0.00	-28835.12	-38851.68	1.75224	-28835.12	-38851.68	1.75224	1.770	0.00
0.00	-28835.24	-38850.98	1.75224	-28835.24	-38850.98	1.75224	1.672	0.00
0.00	-28835.37	-38850.23	1.75244	-28835.37	-38850.23	1.75244	1.754	0.00
0.00	-28835.53	-38849.32	1.75250	-28835.67	-38848.60	1.75170	1.783	0.00
0.00	-28835.61	-38848.85	1.75271	-28835.61	-38848.85	1.75271	1.737	0.00
0.00	-28835.78	-38847.91	1.75318	-28835.78	-38847.91	1.75318	1.924	0.00
0.00	-28835.88	-38847.32	1.75355	-28835.88	-38847.32	1.75355	1.709	0.00
0.00	-28836.00	-38846.62	1.75387	-28836.11	-38846.05	1.75300	1.910	0.00
0.00	-28836.12	-38845.95	1.75430	-28836.12	-38845.95	1.75430	1.679	0.00
0.00	-28836.27	-38845.10	1.75477	-28836.27	-38845.10	1.75477	1.637	0.00
0.00	-28836.39	-38844.41	1.75544	-28836.39	-38844.41	1.75544	1.541	0.00
0.00	-28836.51	-38843.74	1.75623	-28836.63	-38843.09	1.75547	1.699	0.00
0.00	-28836.66	-38842.88	1.75711	-28836.66	-38842.88	1.75711	1.729	0.00
0.00	-28836.77	-38842.29	1.75799	-28836.77	-38842.29	1.75799	1.649	0.00
0.00	-28836.91	-38841.48	1.75883	-28836.91	-38841.48	1.75883	1.781	0.00
0.00	-28837.02	-38840.88	1.75964	-28837.17	-38840.09	1.75868	1.818	0.00
0.00	-28837.18	-38840.01	1.76058	-28837.18	-38840.01	1.76058	1.661	0.00
0.00	-28837.27	-38839.47	1.76108	-28837.27	-38839.47	1.76108	1.679	0.00
0.00	-28837.43	-38838.65	1.76209	-28837.43	-38838.65	1.76209	1.704	0.00
0.00	-28837.58	-38837.82	1.76319	-28837.74	-38837.00	1.76226	2.249	0.00
0.00	-28837.66	-38837.39	1.76393	-28837.66	-38837.39	1.76393	1.657	0.00
0.00	-28837.83	-38836.44	1.76481	-28837.83	-38836.44	1.76481	1.891	0.00
0.00	-28837.92	-38835.99	1.76558	-28837.92	-38835.99	1.76558	1.927	0.00
0.00	-28838.06	-38835.21	1.76626	-28838.17	-38834.65	1.76514	1.704	0.00
0.00	-28838.19	-38834.56	1.76713	-28838.19	-38834.56	1.76713	1.729	0.00
0.00	-28838.32	-38833.84	1.76798	-28838.32	-38833.84	1.76798	1.687	0.00
0.00	-28838.47	-38833.07	1.76881	-28838.47	-38833.07	1.76881	1.696	0.00
0.00	-28838.58	-38832.47	1.76934	-28838.71	-38831.81	1.76845	1.855	0.00
0.00	-28838.72	-38831.75	1.77003	-28838.72	-38831.75	1.77003	1.744	0.00
0.00	-28838.85	-38831.05	1.77034	-28838.85	-38831.05	1.77034	1.757	0.00
0.00	-28839.00	-38830.27	1.77055	-28839.00	-38830.27	1.77055	1.908	0.00
0.00	-28839.12	-38829.65	1.77053	-28839.26	-38828.96	1.76984	1.643	0.00
0.00	-28839.25	-38828.94	1.77062	-28839.25	-38828.94	1.77062	1.846	0.00
0.00	-28839.41	-38828.14	1.77068	-28839.41	-38828.14	1.77068	1.719	0.00
0.00	-28839.51	-38827.60	1.77089	-28839.51	-38827.60	1.77089	1.745	0.00
0.00	-28839.65	-38826.87	1.77087	-28839.79	-38826.18	1.77052	1.807	0.00
0.00	-28839.78	-38826.18	1.77085	-28839.78	-38826.18	1.77085	2.725	0.00
0.00	-28839.93	-38825.40	1.77112	-28839.93	-38825.40	1.77112	1.789	0.00
0.00	-28840.07	-38824.67	1.77120	-28840.07	-38824.67	1.77120	1.732	0.00
0.00	-28840.16	-38824.22	1.77101	-28840.29	-38823.55	1.77070	1.822	0.00
0.00	-28840.33	-38823.31	1.77060	-28840.33	-38823.31	1.77060	1.944	0.00
0.00	-28840.43	-38822.80	1.77019	-28840.43	-38822.80	1.77019	1.737	0.00
0.00	-28840.56	-38822.13	1.76978	-28840.56	-38822.13	1.76978	1.995	0.00
0.00	-28840.71	-38821.33	1.76958	-28840.88	-38820.50	1.76962	1.760	0.00
0.00	-28840.81	-38820.81	1.76950	-28840.81	-38820.81	1.76950	1.826	0.00
0.00	-28840.94	-38820.12	1.76949	-28840.94	-38820.12	1.76949	1.750	0.00
0.00	-28841.07	-38819.44	1.76953	-28841.07	-38819.44	1.76953	1.736	0.00
0.00	-28841.20	-38818.78	1.76940	-28841.31	-38818.20	1.76921	1.695	0.00
0.00	-28841.32	-38818.12	1.76924	-28841.32	-38818.12	1.76924	1.730	0.00
0.00	-28841.45	-38817.43	1.76917	-28841.45	-38817.43	1.76917	1.808	0.00
0.00	-28841.58	-38816.76	1.76910	-28841.58	-38816.76	1.76910	1.727	0.00
0.00	-28841.71	-38816.07	1.76908	-28841.84	-38815.41	1.76883	1.967	0.00
0.00	-28841.87	-38815.26	1.76919	-28841.87	-38815.26	1.76919	1.891	0.00
0.00	-28841.96	-38814.76	1.76932	-28841.96	-38814.76	1.76932	1.792	0.00
0.00	-28842.07	-38814.19	1.76920	-28842.07	-38814.19	1.76920	1.741	0.00
0.00	-28842.22	-38813.40	1.76910	-28842.38	-38812.59	1.76900	1.795	0.00
0.00	-28842.33	-38812.78	1.76898	-28842.33	-38812.78	1.76898	1.871	0.00
0.00	-28842.49	-38811.96	1.76871	-28842.49	-38811.96	1.76871	1.805	0.00
0.00	-28842.59	-38811.40	1.76849	-28842.59	-38811.40	1.76849	1.824	0.00
0.00	-28842.69	-38810.89	1.76862	-28842.82	-38810.24	1.76867	1.855	0.00
0.00	-28842.82	-38810.20	1.76864	-28842.82	-38810.20	1.76864	1.769	0.00
0.00	-28842.96	-38809.45	1.76851	-28842.96	-38809.45	1.76851	1.759	0.00
0.00	-28843.07	-38808.88	1.76850	-28843.07	-38808.88	1.76850	1.719	0.00
0.00	-28843.19	-38808.22	1.76842	-28843.32	-38807.57	1.76849	1.719	0.00
0.00	-28843.31	-38807.56	1.76842	-28843.31	-38807.56	1.76842	1.835	0.00
0.00	-28843.46	-38806.81	1.76874	-28843.46	-38806.81	1.76874	1.750	0.00
0.00	-28843.56	-38806.26	1.76884	-28843.56	-38806.26	1.76884	1.890	0.00
0.00	-28843.71	-38805.45	1.76898	-28843.84	-38804.80	1.76857	1.781	0.00
0.00	-28843.80	-38804.98	1.76904	-28843.80	-38804.98	1.76904	2.679	0.00
0.00	-28843.96	-38804.14	1.76921	-28843.96	-38804.14	1.76921	2.078	0.00
0.00	-28844.04	-38803.69	1.76937	-28844.04	-38803.69	1.76937	1.822	0.00
0.00	-28844.20	-38802.85	1.76960	-28844.31	-38802.31	1.76922	1.844	0.00
0.00	-28844.28	-38802.43	1.76997	-28844.28	-38802.43	1.76997	2.092	0.00
0.00	-28844.44	-38801.60	1.77032	-28844.44	-38801.60	1.77032	2.281	0.00
0.00	-28844.54	-38801.07	1.77080	-28844.54	-38801.07	1.77080	1.766	0.00
0.00	-28844.69	-38800.34	1.77133	-28844.79	-38799.82	1.77083	2.155	0.00
0.00	-28844.79	-38799.78	1.77145	-28844.79	-38799.78	1.77145	1.890	0.00
0.00	-28844.90	-38799.22	1.77125	-28844.90	-38799.22	1.77125	1.975	0.00
0.00	-28845.05	-38798.45	1.77110	-28845.05	-38798.45	1.77110	2.055	0.00
0.00	-28845.15	-38797.95	1.77100	-28845.27	-38797.36	1.77113	1.866	0.00
0.00	-28845.29	-38797.20	1.77099	-28845.29	-38797.20	1.77099	1.798	0.00
0.00	-28845.42	-38796.54	1.77094	-28845.42	-38796.54	1.77094	2.156	0.00
0.00	-28845.52	-38795.98	1.77094	-28845.52	-38795.98	1.77094	1.735	0.00
0.00	-28845.65	-38795.34	1.77064	-28845.79	-38794.65	1.77062	1.772	0.00
0.00	-28845.77	-38794.69	1.77005	-28845.77	-38794.69	1.77005	1.965	0.00
0.00	-28845.90	-38794.03	1.76936	-28845.90	-38794.03	1.76936	1.698	0.00
0.00	-28846.01	-38793.42	1.76833	-28846.01	-38793.42	1.76833	1.751	0.00
0.00	-28846.13	-38792.77	1.76751	-28846.26	-38792.14	1.76804	1.825	0.00
0.00	-28846.25	-38792.17	1.76663	-28846.25	-38792.17	1.76663	1.810	0.00
0.00	-28846.38	-38791.43	1.76574	-28846.38	-38791.43	1.76574	1.712	0.00
0.00	-28846.50	-38790.79	1.76466	-28846.50	-38790.79	1.76466	2.051	0.00
0.00	-28846.60	-38790.27	1.76367	-28846.72	-38789.65	1.76444	1.909	0.00
0.00	-28846.73	-38789.57	1.76271	-28846.73	-38789.57	1.76271	2.305	0.00
0.00	-28846.84	-38788.93	1.76205	-28846.84	-38788.93	1.76205	1.800	0.00
0.00	-28846.93	-38788.44	1.76185	-28846.93	-38788.44	1.76185	1.699	0.00
0.00	-28847.07	-38787.68	1.76177	-28847.20	-38787.01	1.76220	1.912	0.00
0.00	-28847.16	-38787.17	1.76156	-28847.16	-38787.17	1.76156	2.050	0.00
0.00	-28847.31	-38786.36	1.76170	-28847.31	-38786.36	1.76170	1.906	0.00
0.00	-28847.40	-38785.88	1.76190	-28847.40	-38785.88	1.76190	1.807	0.00
0.00	-28847.50	-38785.32	1.76198	-28847.60	-38784.78	1.76206	2.180	0.00
0.00	-28847.65	-38784.52	1.76369	-28847.65	-38784.52	1.76369	1.748	0.00
0.00	-28847.69	-38784.26	1.76297	-28847.69	-38784.26	1.76297	1.827	0.00
0.00	-28847.83	-38783.51	1.76240	-28847.83	-38783.51	1.76240	1.796	0.00
0.00	-28847.95	-38782.84	1.76219	-28848.10	-38782.06	1.76270	1.767	0.00
0.00	-28848.06	-38782.22	1.76207	-28848.06	-38782.22	1.76207	1.786	0.00
0.00	-28848.17	-38781.58	1.76211	-28848.17	-38781.58	1.76211	2.127	0.00
0.00	-28848.31	-38780.83	1.76210	-28848.31	-38780.83	1.76210	1.936	0.00
0.00	-28848.40	-38780.32	1.76204	-28848.52	-38779.72	1.76200	1.828	0.00
0.00	-28848.52	-38779.64	1.76211	-28848.52	-38779.64	1.76211	1.846	0.00
0.00	-28848.61	-38779.17	1.76205	-28848.61	-38779.17	1.76205	1.693	0.00
0.00	-28848.76	-38778.35	1.76214	-28848.76	-38778.35	1.76214	1.743	0.00
0.00	-28848.82	-38777.99	1.76217	-28848.94	-38777.35	1.76245	1.937	0.00
0.00	-28848.98	-38777.13	1.76241	-28848.98	-38777.13	1.76241	1.925	0.00
0.00	-28849.05	-38776.71	1.76266	-28849.05	-38776.71	1.76266	2.560	0.00
0.00	-28849.18	-38776.01	1.76290	-28849.18	-38776.01	1.76290	1.783	0.00
0.00	-28849.27	-38775.54	1.76303	-28849.41	-38774.79	1.76321	1.955	0.00
0.00	-28849.39	-38774.89	1.76319	-28849.39	-38774.89	1.76319	1.939	0.00
0.00	-28849.49	-38774.31	1.76335	-28849.49	-38774.31	1.76335	1.648	0.00
0.00	-28849.60	-38773.71	1.76358	-28849.60	-38773.71	1.76358	1.674	0.00
0.00	-28849.72	-38773.10	1.76371	-28849.83	-38772.50	1.76386	1.689	0.00
0.00	-28849.82	-38772.51	1.76367	-28849.82	-38772.51	1.76367	1.904	0.00
0.00	-28849.94	-38771.86	1.76369	-28849.94	-38771.86	1.76369	1.697	0.00
0.00	-28850.07	-38771.15	1.76383	-28850.07	-38771.15	1.76383	1.803	0.00
0.00	-28850.13	-38770.83	1.76373	-28850.24	-38770.24	1.76411	1.646	0.00
0.00	-28850.27	-38770.05	1.76364	-28850.27	-38770.05	1.76364	1.763	0.00
0.00	-28850.35	-38769.64	1.76365	-28850.35	-38769.64	1.76365	1.619	0.00
0.00	-28850.47	-38768.96	1.76376	-28850.47	-38768.96	1.76376	1.557	0.00
0.00	-28850.58	-38768.39	1.76393	-28850.71	-38767.70	1.76417	1.820	0.00
0.00	-28850.68	-38767.82	1.76408	-28850.68	-38767.82	1.76408	1.633	0.00
0.00	-28850.80	-38767.16	1.76415	-28850.80	-38767.16	1.76415	1.725	0.00
0.00	-28850.89	-38766.68	1.76430	-28850.89	-38766.68	1.76430	1.542	0.00
0.00	-28851.00	-38766.09	1.76432	-28851.11	-38765.51	1.76451	1.602	0.00
0.00	-28851.14	-38765.34	1.76444	-28851.14	-38765.34	1.76444	1.768	0.00
0.00	-28851.21	-38764.94	1.76449	-28851.21	-38764.94	1.76449	1.578	0.00
0.00	-28851.31	-38764.40	1.76445	-28851.31	-38764.40	1.76445	1.571	0.00
0.00	-28851.43	-38763.74	1.76446	-28851.57	-38763.03	1.76476	1.592	0.00
0.00	-28851.54	-38763.13	1.76455	-28851.54	-38763.13	1.76455	1.526	0.00
0.00	-28851.61	-38762.76	1.76469	-28851.61	-38762.76	1.76469	1.581	0.00
0.00	-28851.73	-38762.13	1.76481	-28851.73	-38762.13	1.76481	1.495	0.00
0.00	-28851.85	-38761.49	1.76482	-28851.97	-38760.86	1.76501	1.567	0.00
0.00	-28851.94	-38760.97	1.76478	-28851.94	-38760.97	1.76478	1.576	0.00
0.00	-28852.05	-38760.41	1.76485	-28852.05	-38760.41	1.76485	1.493	0.00
0.00	-28852.16	-38759.82	1.76454	-28852.16	-38759.82	1.76454	1.527	0.00
0.00	-28852.26	-38759.25	1.76446	-28852.37	-38758.68	1.76484	1.503	0.00
0.00	-28852.37	-38758.68	1.76440	-28852.37	-38758.68	1.76440	1.531	0.00
0.00	-28852.48	-38758.07	1.76425	-28852.48	-38758.07	1.76425	1.455	0.00
0.00	-28852.60	-38757.43	1.76371	-28852.60	-38757.43	1.76371	1.462	0.00
0.00	-28852.67	-38756.99	1.76334	-28852.79	-38756.42	1.76399	1.588	0.00
0.00	-28852.80	-38756.30	1.76290	-28852.80	-38756.30	1.76290	1.582	0.00
0.00	-28852.89	-38755.81	1.76237	-28852.89	-38755.81	1.76237	1.426	0.00
0.00	-28853.01	-38755.12	1.76196	-28853.01	-38755.12	1.76196	1.769	0.00
0.00	-28853.13	-38754.48	1.76141	-28853.25	-38753.83	1.76199	1.690	0.00
0.00	-28853.22	-38753.97	1.76067	-28853.22	-38753.97	1.76067	1.469	0.00
0.00	-28853.34	-38753.27	1.75964	-28853.34	-38753.27	1.75964	1.719	0.00
0.00	-28853.41	-38752.87	1.75863	-28853.41	-38752.87	1.75863	1.487	0.00
