0.00	-29354.25	-39869.32	0.00000	64369.88	-61881.32	0.00000	227.998	0.00
0.00	-29353.29	-39869.72	-0.00061	-29353.29	-39869.72	-0.00061	98.082	0.00
0.00	-29353.37	-39871.34	-1.04419	-29353.37	-39871.34	-1.04419	2.581	0.00
0.00	-29353.37	-39871.34	-1.04419	-29353.37	-39871.34	-1.04419	36.930	0.00
0.00	-29353.47	-39871.27	-1.07631	-29353.47	-39871.27	-1.07631	2.751	0.00
0.00	-29353.33	-39871.72	-1.12198	-29353.33	-39871.72	-1.12198	2.134	0.00
0.00	-29353.20	-39872.11	-1.15077	-29353.20	-39872.11	-1.15077	1.820	0.00
0.00	-29353.04	-39872.58	-1.17047	-29352.96	-39872.76	-1.09679	2.887	0.00
0.00	-29352.92	-39872.98	-1.18987	-29352.92	-39872.98	-1.18987	2.666	0.00
0.00	-29352.82	-39873.32	-1.19965	-29352.82	-39873.32	-1.19965	2.003	0.00
0.00	-29352.71	-39873.67	-1.20872	-29352.71	-39873.67	-1.20872	2.321	0.00
0.00	-29352.58	-39874.05	-1.21467	-29352.45	-39874.43	-1.19711	2.774	0.00
0.00	-29352.44	-39874.48	-1.21987	-29352.44	-39874.48	-1.21987	2.721	0.00
0.00	-29352.31	-39874.88	-1.22342	-29352.31	-39874.88	-1.22342	1.945	0.00
0.00	-29352.19	-39875.24	-1.22662	-29352.19	-39875.24	-1.22662	1.794	0.00
0.00	-29352.07	-39875.61	-1.22948	-29351.92	-39876.03	-1.22331	2.739	0.00
0.00	-29351.95	-39875.97	-1.23235	-29351.95	-39875.97	-1.23235	2.654	0.00
0.00	-29351.80	-39876.42	-1.23503	-29351.80	-39876.42	-1.23503	1.988	0.00
0.00	-29351.69	-39876.77	-1.23771	-29351.69	-39876.77	-1.23771	1.875	0.00
0.00	-29351.57	-39877.12	-1.23993	-29351.45	-39877.50	-1.23576	2.625	0.00
0.00	-29351.45	-39877.50	-1.24228	-29351.45	-39877.50	-1.24228	2.881	0.00
0.00	-29351.33	-39877.87	-1.24435	-29351.33	-39877.87	-1.24435	1.816	0.00
0.00	-29351.20	-39878.28	-1.24609	-29351.20	-39878.28	-1.24609	1.708	0.00
0.00	-29351.09	-39878.60	-1.24777	-29350.97	-39878.97	-1.24515	2.473	0.00
0.00	-29350.97	-39878.98	-1.24939	-29350.97	-39878.98	-1.24939	2.682	0.00
0.00	-29350.85	-39879.36	-1.25072	-29350.85	-39879.36	-1.25072	1.865	0.00
0.00	-29350.74	-39879.70	-1.25205	-29350.74	-39879.70	-1.25205	1.836	0.00
0.00	-29350.59	-39880.16	-1.25344	-29350.47	-39880.53	-1.25165	2.472	0.00
0.00	-29350.47	-39880.52	-1.25488	-29350.47	-39880.52	-1.25488	2.509	0.00
0.00	-29350.37	-39880.83	-1.25630	-29350.37	-39880.83	-1.25630	1.954	0.00
0.00	-29350.27	-39881.17	-1.25728	-29350.27	-39881.17	-1.25728	1.926	0.00
0.00	-29350.15	-39881.55	-1.25794	-29350.03	-39881.91	-1.25642	2.560	0.00
0.00	-29350.03	-39881.91	-1.25857	-29350.03	-39881.91	-1.25857	2.594	0.00
0.00	-29349.90	-39882.30	-1.25925	-29349.90	-39882.30	-1.25925	1.905	0.00
0.00	-29349.79	-39882.66	-1.25985	-29349.79	-39882.66	-1.25985	1.786	0.00
0.00	-29349.67	-39883.03	-1.26012	-29349.55	-39883.39	-1.25966	2.484	0.00
0.00	-29349.56	-39883.36	-1.26019	-29349.56	-39883.36	-1.26019	2.464	0.00
0.00	-29349.42	-39883.80	-1.26032	-29349.42	-39883.80	-1.26032	1.812	0.00
0.00	-29349.31	-39884.12	-1.26063	-29349.31	-39884.12	-1.26063	1.769	0.00
0.00	-29349.20	-39884.46	-1.26104	-29349.09	-39884.82	-1.26128	2.492	0.00
0.00	-29349.10	-39884.78	-1.26116	-29349.10	-39884.78	-1.26116	2.491	0.00
0.00	-29348.99	-39885.12	-1.26093	-29348.99	-39885.12	-1.26093	78.466	0.00
0.00	-29348.87	-39885.47	-1.26060	-29348.87	-39885.47	-1.26060	1.866	0.00
0.00	-29348.74	-39885.87	-1.26036	-29348.63	-39886.22	-1.26139	2.647	0.00
0.00	-29348.65	-39886.14	-1.26037	-29348.65	-39886.14	-1.26037	2.611	0.00
0.00	-29348.52	-39886.53	-1.26026	-29348.52	-39886.53	-1.26026	1.892	0.00
0.00	-29348.42	-39886.82	-1.25993	-29348.42	-39886.82	-1.25993	1.761	0.00
0.00	-29348.29	-39887.24	-1.25976	-29348.19	-39887.55	-1.26079	3.736	0.00
0.00	-29348.19	-39887.53	-1.25952	-29348.19	-39887.53	-1.25952	2.451	0.00
0.00	-29348.09	-39887.83	-1.25944	-29348.09	-39887.83	-1.25944	1.847	0.00
0.00	-29347.98	-39888.16	-1.25985	-29347.98	-39888.16	-1.25985	1.899	0.00
0.00	-29347.88	-39888.48	-1.26045	-29347.77	-39888.81	-1.26090	2.535	0.00
0.00	-29347.77	-39888.83	-1.26067	-29347.77	-39888.83	-1.26067	2.441	0.00
0.00	-29347.64	-39889.22	-1.26041	-29347.64	-39889.22	-1.26041	1.772	0.00
0.00	-29347.53	-39889.56	-1.26014	-29347.53	-39889.56	-1.26014	1.853	0.00
0.00	-29347.43	-39889.86	-1.25970	-29347.32	-39890.19	-1.26067	2.478	0.00
0.00	-29347.34	-39890.14	-1.25932	-29347.34	-39890.14	-1.25932	2.599	0.00
0.00	-29347.19	-39890.57	-1.25911	-29347.19	-39890.57	-1.25911	1.830	0.00
0.00	-29347.14	-39890.73	-1.25878	-29347.14	-39890.73	-1.25878	1.843	0.00
0.00	-29347.04	-39891.04	-1.25815	-29346.93	-39891.36	-1.25888	2.586	0.00
0.00	-29346.94	-39891.35	-1.25719	-29346.94	-39891.35	-1.25719	2.488	0.00
0.00	-29346.83	-39891.68	-1.25641	-29346.83	-39891.68	-1.25641	1.898	0.00
0.00	-29346.73	-39891.97	-1.25608	-29346.73	-39891.97	-1.25608	1.790	0.00
0.00	-29346.63	-39892.29	-1.25549	-29346.52	-39892.61	-1.25651	2.482	0.00
0.00	-29346.50	-39892.67	-1.25461	-29346.50	-39892.67	-1.25461	2.422	0.00
0.00	-29346.41	-39892.93	-1.25396	-29346.41	-39892.93	-1.25396	1.887	0.00
0.00	-29346.31	-39893.25	-1.25349	-29346.31	-39893.25	-1.25349	1.927	0.00
0.00	-29346.16	-39893.72	-1.25298	-29346.06	-39894.03	-1.25353	2.644	0.00
0.00	-29346.08	-39893.94	-1.25293	-29346.08	-39893.94	-1.25293	2.604	0.00
0.00	-29345.97	-39894.29	-1.25295	-29345.97	-39894.29	-1.25295	1.788	0.00
0.00	-29345.87	-39894.59	-1.25270	-29345.87	-39894.59	-1.25270	1.955	0.00
0.00	-29345.80	-39894.83	-1.25301	-29345.71	-39895.10	-1.25258	2.589	0.00
0.00	-29345.67	-39895.22	-1.25332	-29345.67	-39895.22	-1.25332	2.640	0.00
0.00	-29345.58	-39895.51	-1.25367	-29345.58	-39895.51	-1.25367	1.945	0.00
0.00	-29345.48	-39895.83	-1.25413	-29345.48	-39895.83	-1.25413	1.872	0.00
0.00	-29345.37	-39896.16	-1.25407	-29345.26	-39896.49	-1.25320	2.500	0.00
0.00	-29345.28	-39896.44	-1.25441	-29345.28	-39896.44	-1.25441	2.871	0.00
0.00	-29345.17	-39896.79	-1.25455	-29345.17	-39896.79	-1.25455	1.939	0.00
0.00	-29345.06	-39897.12	-1.25457	-29345.06	-39897.12	-1.25457	1.956	0.00
0.00	-29344.94	-39897.50	-1.25460	-29344.83	-39897.83	-1.25420	2.676	0.00
0.00	-29344.85	-39897.78	-1.25471	-29344.85	-39897.78	-1.25471	2.708	0.00
0.00	-29344.71	-39898.20	-1.25483	-29344.71	-39898.20	-1.25483	2.009	0.00
0.00	-29344.61	-39898.52	-1.25522	-29344.61	-39898.52	-1.25522	1.969	0.00
0.00	-29344.50	-39898.87	-1.25554	-29344.40	-39899.16	-1.25497	2.831	0.00
0.00	-29344.39	-39899.19	-1.25559	-29344.39	-39899.19	-1.25559	2.811	0.00
0.00	-29344.30	-39899.47	-1.25541	-29344.30	-39899.47	-1.25541	2.005	0.00
0.00	-29344.19	-39899.81	-1.25488	-29344.19	-39899.81	-1.25488	2.063	0.00
0.00	-29344.07	-39900.16	-1.25397	-29343.96	-39900.50	-1.25508	2.860	0.00
0.00	-29343.94	-39900.53	-1.25309	-29343.94	-39900.53	-1.25309	2.794	0.00
0.00	-29343.83	-39900.88	-1.25237	-29343.83	-39900.88	-1.25237	2.327	0.00
0.00	-29343.71	-39901.23	-1.25209	-29343.71	-39901.23	-1.25209	2.110	0.00
0.00	-29343.55	-39901.70	-1.25194	-29343.44	-39902.03	-1.25307	2.927	0.00
0.00	-29343.47	-39901.95	-1.25181	-29343.47	-39901.95	-1.25181	2.803	0.00
0.00	-29343.33	-39902.35	-1.25181	-29343.33	-39902.35	-1.25181	1.972	0.00
0.00	-29343.21	-39902.71	-1.25169	-29343.21	-39902.71	-1.25169	2.089	0.00
0.00	-29343.09	-39903.07	-1.25147	-29342.99	-39903.36	-1.25184	2.972	0.00
0.00	-29343.01	-39903.33	-1.25135	-29343.01	-39903.33	-1.25135	2.840	0.00
0.00	-29342.86	-39903.75	-1.25114	-29342.86	-39903.75	-1.25114	2.080	0.00
0.00	-29342.75	-39904.10	-1.25084	-29342.75	-39904.10	-1.25084	2.058	0.00
0.00	-29342.63	-39904.47	-1.25091	-29342.52	-39904.78	-1.25117	2.846	0.00
0.00	-29342.48	-39904.91	-1.25147	-29342.48	-39904.91	-1.25147	3.243	0.00
0.00	-29342.39	-39905.20	-1.25239	-29342.39	-39905.20	-1.25239	2.188	0.00
0.00	-29342.26	-39905.60	-1.25320	-29342.26	-39905.60	-1.25320	2.094	0.00
0.00	-29342.12	-39906.03	-1.25425	-29341.99	-39906.44	-1.25261	2.864	0.00
0.00	-29342.02	-39906.36	-1.25539	-29342.02	-39906.36	-1.25539	2.980	0.00
0.00	-29341.90	-39906.74	-1.25615	-29341.90	-39906.74	-1.25615	2.099	0.00
0.00	-29341.78	-39907.11	-1.25675	-29341.78	-39907.11	-1.25675	2.286	0.00
0.00	-29341.66	-39907.49	-1.25725	-29341.54	-39907.86	-1.25616	3.249	0.00
0.00	-29341.54	-39907.86	-1.25754	-29341.54	-39907.86	-1.25754	3.207	0.00
0.00	-29341.42	-39908.22	-1.25769	-29341.42	-39908.22	-1.25769	2.170	0.00
0.00	-29341.30	-39908.60	-1.25774	-29341.30	-39908.60	-1.25774	2.147	0.00
0.00	-29341.19	-39908.93	-1.25720	-29341.07	-39909.31	-1.25762	3.122	0.00
0.00	-29341.07	-39909.30	-1.25635	-29341.07	-39909.30	-1.25635	3.158	0.00
0.00	-29340.95	-39909.65	-1.25528	-29340.95	-39909.65	-1.25528	2.182	0.00
0.00	-29340.81	-39910.06	-1.25485	-29340.81	-39910.06	-1.25485	2.208	0.00
0.00	-29340.70	-39910.39	-1.25475	-29340.58	-39910.77	-1.25616	3.137	0.00
0.00	-29340.58	-39910.75	-1.25505	-29340.58	-39910.75	-1.25505	3.337	0.00
0.00	-29340.47	-39911.10	-1.25535	-29340.47	-39911.10	-1.25535	2.191	0.00
0.00	-29340.34	-39911.49	-1.25569	-29340.34	-39911.49	-1.25569	2.142	0.00
0.00	-29340.23	-39911.83	-1.25619	-29340.11	-39912.20	-1.25609	3.120	0.00
0.00	-29340.11	-39912.19	-1.25665	-29340.11	-39912.19	-1.25665	3.390	0.00
0.00	-29340.00	-39912.52	-1.25673	-29340.00	-39912.52	-1.25673	2.231	0.00
0.00	-29339.87	-39912.91	-1.25674	-29339.87	-39912.91	-1.25674	2.298	0.00
0.00	-29339.75	-39913.26	-1.25673	-29339.63	-39913.63	-1.25724	3.395	0.00
0.00	-29339.63	-39913.64	-1.25641	-29339.63	-39913.64	-1.25641	3.313	0.00
0.00	-29339.51	-39913.98	-1.25609	-29339.51	-39913.98	-1.25609	2.329	0.00
0.00	-29339.39	-39914.35	-1.25564	-29339.39	-39914.35	-1.25564	2.354	0.00
0.00	-29339.26	-39914.72	-1.25528	-29339.15	-39915.08	-1.25681	3.206	0.00
0.00	-29339.14	-39915.08	-1.25473	-29339.14	-39915.08	-1.25473	78.489	0.00
0.00	-29339.02	-39915.43	-1.25416	-29339.02	-39915.43	-1.25416	2.352	0.00
0.00	-29338.89	-39915.81	-1.25406	-29338.89	-39915.81	-1.25406	2.216	0.00
0.00	-29338.78	-39916.16	-1.25383	-29338.66	-39916.51	-1.25494	3.404	0.00
0.00	-29338.66	-39916.51	-1.25383	-29338.66	-39916.51	-1.25383	3.602	0.00
0.00	-29338.54	-39916.87	-1.25400	-29338.54	-39916.87	-1.25400	2.578	0.00
0.00	-29338.43	-39917.18	-1.25396	-29338.43	-39917.18	-1.25396	2.234	0.00
0.00	-29338.31	-39917.55	-1.25397	-29338.20	-39917.90	-1.25427	3.486	0.00
0.00	-29338.20	-39917.91	-1.25405	-29338.20	-39917.91	-1.25405	3.296	0.00
0.00	-29338.05	-39918.35	-1.25428	-29338.05	-39918.35	-1.25428	2.337	0.00
0.00	-29337.98	-39918.56	-1.25487	-29337.98	-39918.56	-1.25487	2.154	0.00
0.00	-29337.86	-39918.94	-1.25573	-29337.75	-39919.28	-1.25523	3.107	0.00
0.00	-29337.75	-39919.29	-1.25608	-29337.75	-39919.29	-1.25608	3.070	0.00
0.00	-29337.64	-39919.62	-1.25632	-29337.64	-39919.62	-1.25632	2.194	0.00
0.00	-29337.52	-39919.98	-1.25686	-29337.52	-39919.98	-1.25686	2.666	0.00
0.00	-29337.42	-39920.32	-1.25746	-29337.30	-39920.66	-1.25697	3.434	0.00
0.00	-29337.31	-39920.65	-1.25790	-29337.31	-39920.65	-1.25790	3.109	0.00
0.00	-29337.21	-39920.97	-1.25837	-29337.21	-39920.97	-1.25837	2.330	0.00
0.00	-29337.09	-39921.33	-1.25911	-29337.09	-39921.33	-1.25911	2.396	0.00
0.00	-29336.98	-39921.68	-1.25983	-29336.87	-39922.02	-1.25876	3.666	0.00
0.00	-29336.86	-39922.07	-1.26037	-29336.86	-39922.07	-1.26037	3.268	0.00
0.00	-29336.77	-39922.37	-1.26115	-29336.77	-39922.37	-1.26115	2.359	0.00
0.00	-29336.66	-39922.71	-1.26182	-29336.66	-39922.71	-1.26182	3.036	0.00
0.00	-29336.55	-39923.05	-1.26227	-29336.43	-39923.42	-1.26121	3.234	0.00
0.00	-29336.45	-39923.37	-1.26281	-29336.45	-39923.37	-1.26281	3.286	0.00
0.00	-29336.35	-39923.70	-1.26352	-29336.35	-39923.70	-1.26352	2.347	0.00
0.00	-29336.23	-39924.08	-1.26457	-29336.23	-39924.08	-1.26457	2.341	0.00
0.00	-29336.13	-39924.41	-1.26561	-29336.02	-39924.74	-1.26451	3.275	0.00
0.00	-29336.04	-39924.69	-1.26659	-29336.04	-39924.69	-1.26659	3.363	0.00
0.00	-29335.91	-39925.09	-1.26753	-29335.91	-39925.09	-1.26753	2.304	0.00
0.00	-29335.82	-39925.39	-1.26865	-29335.82	-39925.39	-1.26865	2.174	0.00
0.00	-29335.72	-39925.73	-1.26947	-29335.62	-39926.06	-1.26828	3.220	0.00
0.00	-29335.59	-39926.14	-1.27007	-29335.59	-39926.14	-1.27007	3.383	0.00
0.00	-29335.50	-39926.45	-1.27078	-29335.50	-39926.45	-1.27078	2.171	0.00
0.00	-29335.40	-39926.78	-1.27164	-29335.40	-39926.78	-1.27164	2.022	0.00
0.00	-29335.30	-39927.10	-1.27262	-29335.19	-39927.47	-1.27170	3.311	0.00
0.00	-29335.19	-39927.44	-1.27336	-29335.19	-39927.44	-1.27336	3.157	0.00
0.00	-29335.11	-39927.72	-1.27386	-29335.11	-39927.72	-1.27386	2.669	0.00
0.00	-29335.00	-39928.08	-1.27417	-29335.00	-39928.08	-1.27417	2.166	0.00
0.00	-29334.89	-39928.44	-1.27445	-29334.79	-39928.77	-1.27408	3.377	0.00
0.00	-29334.79	-39928.75	-1.27500	-29334.79	-39928.75	-1.27500	3.309	0.00
0.00	-29334.69	-39929.09	-1.27567	-29334.69	-39929.09	-1.27567	2.237	0.00
0.00	-29334.59	-39929.41	-1.27606	-29334.59	-39929.41	-1.27606	3.635	0.00
0.00	-29334.48	-39929.78	-1.27613	-29334.38	-39930.11	-1.27559	4.909	0.00
0.00	-29334.37	-39930.14	-1.27627	-29334.37	-39930.14	-1.27627	3.474	0.00
0.00	-29334.28	-39930.42	-1.27647	-29334.28	-39930.42	-1.27647	3.276	0.00
0.00	-29334.20	-39930.72	-1.27670	-29334.20	-39930.72	-1.27670	3.548	0.00
0.00	-29334.12	-39930.98	-1.27651	-29334.01	-39931.34	-1.27651	4.777	0.00
0.00	-29334.00	-39931.37	-1.27627	-29334.00	-39931.37	-1.27627	3.655	0.00
0.00	-29333.89	-39931.71	-1.27597	-29333.89	-39931.71	-1.27597	2.288	0.00
0.00	-29333.79	-39932.03	-1.27583	-29333.79	-39932.03	-1.27583	2.341	0.00
0.00	-29333.68	-39932.39	-1.27587	-29333.58	-39932.71	-1.27646	3.569	0.00
0.00	-29333.59	-39932.70	-1.27577	-29333.59	-39932.70	-1.27577	3.343	0.00
0.00	-29333.48	-39933.03	-1.27544	-29333.48	-39933.03	-1.27544	3.546	0.00
0.00	-29333.38	-39933.37	-1.27518	-29333.38	-39933.37	-1.27518	2.420	0.00
0.00	-29333.29	-39933.66	-1.27513	-29333.19	-39933.98	-1.27572	4.900	0.00
0.00	-29333.17	-39934.04	-1.27501	-29333.17	-39934.04	-1.27501	5.496	0.00
0.00	-29333.10	-39934.29	-1.27452	-29333.10	-39934.29	-1.27452	2.457	0.00
0.00	-29332.99	-39934.64	-1.27382	-29332.99	-39934.64	-1.27382	3.495	0.00
0.00	-29332.89	-39934.95	-1.27335	-29332.77	-39935.35	-1.27397	5.218	0.00
0.00	-29332.79	-39935.27	-1.27300	-29332.79	-39935.27	-1.27300	2.983	0.00
0.00	-29332.68	-39935.64	-1.27283	-29332.68	-39935.64	-1.27283	2.203	0.00
0.00	-29332.56	-39936.05	-1.27262	-29332.56	-39936.05	-1.27262	2.079	0.00
0.00	-29332.47	-39936.35	-1.27267	-29332.37	-39936.66	-1.27214	3.141	0.00
0.00	-29332.37	-39936.68	-1.27273	-29332.37	-39936.68	-1.27273	3.125	0.00
0.00	-29332.28	-39936.97	-1.27317	-29332.28	-39936.97	-1.27317	2.256	0.00
0.00	-29332.20	-39937.27	-1.27386	-29332.20	-39937.27	-1.27386	2.246	0.00
0.00	-29332.10	-39937.60	-1.27436	-29332.00	-39937.91	-1.27306	2.982	0.00
0.00	-29332.01	-39937.90	-1.27468	-29332.01	-39937.90	-1.27468	3.112	0.00
0.00	-29331.91	-39938.22	-1.27472	-29331.91	-39938.22	-1.27472	3.444	0.00
0.00	-29331.82	-39938.52	-1.27460	-29331.82	-39938.52	-1.27460	2.221	0.00
0.00	-29331.73	-39938.81	-1.27435	-29331.64	-39939.12	-1.27399	5.047	0.00
0.00	-29331.64	-39939.13	-1.27422	-29331.64	-39939.13	-1.27422	3.022	0.00
0.00	-29331.54	-39939.43	-1.27433	-29331.54	-39939.43	-1.27433	2.301	0.00
0.00	-29331.45	-39939.73	-1.27414	-29331.45	-39939.73	-1.27414	2.173	0.00
0.00	-29331.36	-39940.04	-1.27330	-29331.27	-39940.34	-1.27360	3.260	0.00
0.00	-29331.26	-39940.34	-1.27215	-29331.26	-39940.34	-1.27215	3.815	0.00
0.00	-29331.18	-39940.61	-1.27117	-29331.18	-39940.61	-1.27117	2.175	0.00
0.00	-29331.07	-39940.95	-1.27024	-29331.07	-39940.95	-1.27024	2.231	0.00
0.00	-29330.88	-39941.55	-1.26855	-29330.78	-39941.85	-1.27056	3.571	0.00
0.00	-29330.91	-39941.45	-1.26833	-29330.91	-39941.45	-1.26833	3.110	0.00
0.00	-29330.79	-39941.81	-1.26745	-29330.79	-39941.81	-1.26745	2.500	0.00
0.00	-29330.68	-39942.14	-1.26652	-29330.68	-39942.14	-1.26652	2.182	0.00
0.00	-29330.59	-39942.42	-1.26516	-29330.58	-39942.47	-1.26702	3.332	0.00
0.00	-29330.48	-39942.75	-1.26417	-29330.48	-39942.75	-1.26417	3.209	0.00
0.00	-29330.39	-39943.04	-1.26347	-29330.39	-39943.04	-1.26347	2.327	0.00
0.00	-29330.30	-39943.31	-1.26249	-29330.30	-39943.31	-1.26249	2.144	0.00
0.00	-29330.20	-39943.61	-1.26134	-29330.10	-39943.91	-1.26330	3.573	0.00
0.00	-29330.08	-39943.97	-1.26014	-29330.08	-39943.97	-1.26014	3.202	0.00
0.00	-29329.99	-39944.25	-1.25890	-29329.99	-39944.25	-1.25890	2.266	0.00
0.00	-29329.89	-39944.55	-1.25770	-29329.89	-39944.55	-1.25770	2.455	0.00
0.00	-29329.77	-39944.90	-1.25661	-29329.67	-39945.20	-1.25888	2.997	0.00
0.00	-29329.67	-39945.20	-1.25589	-29329.67	-39945.20	-1.25589	76.938	0.00
0.00	-29329.57	-39945.49	-1.25534	-29329.57	-39945.49	-1.25534	2.155	0.00
0.00	-29329.46	-39945.82	-1.25438	-29329.46	-39945.82	-1.25438	2.146	0.00
0.00	-29329.33	-39946.21	-1.25370	-29329.23	-39946.52	-1.25492	3.483	0.00
0.00	-29329.23	-39946.53	-1.25323	-29329.23	-39946.53	-1.25323	3.195	0.00
0.00	-29329.14	-39946.80	-1.25307	-29329.14	-39946.80	-1.25307	2.252	0.00
0.00	-29329.03	-39947.12	-1.25291	-29329.03	-39947.12	-1.25291	2.215	0.00
0.00	-29328.93	-39947.44	-1.25278	-29328.82	-39947.76	-1.25290	3.220	0.00
0.00	-29328.81	-39947.79	-1.25259	-29328.81	-39947.79	-1.25259	3.311	0.00
0.00	-29328.67	-39948.20	-1.25212	-29328.67	-39948.20	-1.25212	2.253	0.00
0.00	-29328.57	-39948.51	-1.25151	-29328.57	-39948.51	-1.25151	2.201	0.00
0.00	-29328.45	-39948.87	-1.25108	-29328.34	-39949.21	-1.25165	3.421	0.00
0.00	-29328.34	-39949.22	-1.25067	-29328.34	-39949.22	-1.25067	2.991	0.00
0.00	-29328.22	-39949.56	-1.25012	-29328.22	-39949.56	-1.25012	2.126	0.00
0.00	-29328.10	-39949.93	-1.24998	-29328.10	-39949.93	-1.24998	3.385	0.00
0.00	-29328.00	-39950.24	-1.25032	-29327.89	-39950.58	-1.25060	3.797	0.00
0.00	-29327.88	-39950.62	-1.25064	-29327.88	-39950.62	-1.25064	5.112	0.00
0.00	-29327.75	-39951.00	-1.25062	-29327.75	-39951.00	-1.25062	3.333	0.00
0.00	-29327.65	-39951.31	-1.25059	-29327.65	-39951.31	-1.25059	3.715	0.00
0.00	-29327.53	-39951.67	-1.25038	-29327.41	-39952.02	-1.25025	4.925	0.00
0.00	-29327.43	-39951.97	-1.24987	-29327.43	-39951.97	-1.24987	4.960	0.00
0.00	-29327.30	-39952.36	-1.24944	-29327.30	-39952.36	-1.24944	2.074	0.00
0.00	-29327.17	-39952.73	-1.24921	-29327.17	-39952.73	-1.24921	2.156	0.00
0.00	-29327.06	-39953.07	-1.24874	-29326.96	-39953.38	-1.24933	3.017	0.00
0.00	-29326.93	-39953.45	-1.24830	-29326.93	-39953.45	-1.24830	4.332	0.00
0.00	-29326.82	-39953.78	-1.24846	-29326.82	-39953.78	-1.24846	2.140	0.00
0.00	-29326.71	-39954.12	-1.24900	-29326.71	-39954.12	-1.24900	2.130	0.00
0.00	-29326.61	-39954.44	-1.24912	-29326.49	-39954.78	-1.24854	3.015	0.00
0.00	-29326.49	-39954.78	-1.24897	-29326.49	-39954.78	-1.24897	3.492	0.00
0.00	-29326.38	-39955.12	-1.24896	-29326.38	-39955.12	-1.24896	2.446	0.00
0.00	-29326.25	-39955.51	-1.24898	-29326.25	-39955.51	-1.24898	3.449	0.00
0.00	-29326.16	-39955.80	-1.24896	-29326.04	-39956.15	-1.24859	3.185	0.00
0.00	-29326.07	-39956.07	-1.24938	-29326.07	-39956.07	-1.24938	3.372	0.00
0.00	-29325.92	-39956.53	-1.24989	-29325.92	-39956.53	-1.24989	2.022	0.00
0.00	-29325.81	-39956.87	-1.24994	-29325.81	-39956.87	-1.24994	2.231	0.00
0.00	-29325.69	-39957.25	-1.24998	-29325.58	-39957.55	-1.24903	2.903	0.00
0.00	-29325.56	-39957.62	-1.25054	-29325.56	-39957.62	-1.25054	3.071	0.00
0.00	-29325.45	-39957.96	-1.25111	-29325.45	-39957.96	-1.25111	2.063	0.00
0.00	-29325.36	-39958.26	-1.25137	-29325.36	-39958.26	-1.25137	2.089	0.00
0.00	-29325.26	-39958.56	-1.25157	-29325.14	-39958.91	-1.25063	3.274	0.00
0.00	-29325.13	-39958.95	-1.25182	-29325.13	-39958.95	-1.25182	3.102	0.00
0.00	-29324.98	-39959.40	-1.25177	-29324.98	-39959.40	-1.25177	97.298	0.00
0.00	-29324.88	-39959.71	-1.25145	-29324.88	-39959.71	-1.25145	2.241	0.00
0.00	-29324.78	-39960.02	-1.25122	-29324.66	-39960.37	-1.25151	3.185	0.00
0.00	-29324.67	-39960.33	-1.25104	-29324.67	-39960.33	-1.25104	3.260	0.00
0.00	-29324.55	-39960.69	-1.25067	-29324.55	-39960.69	-1.25067	2.083	0.00
0.00	-29324.43	-39961.04	-1.25025	-29324.43	-39961.04	-1.25025	2.170	0.00
0.00	-29324.31	-39961.39	-1.24985	-29324.20	-39961.74	-1.25076	4.620	0.00
0.00	-29324.19	-39961.75	-1.24924	-29324.19	-39961.75	-1.24924	4.935	0.00
0.00	-29324.07	-39962.10	-1.24845	-29324.07	-39962.10	-1.24845	2.042	0.00
0.00	-29323.96	-39962.42	-1.24776	-29323.96	-39962.42	-1.24776	3.011	0.00
0.00	-29323.84	-39962.78	-1.24717	-29323.72	-39963.12	-1.24859	2.925	0.00
0.00	-29323.72	-39963.12	-1.24652	-29323.72	-39963.12	-1.24652	3.433	0.00
0.00	-29323.59	-39963.50	-1.24601	-29323.59	-39963.50	-1.24601	2.381	0.00
0.00	-29323.48	-39963.82	-1.24556	-29323.48	-39963.82	-1.24556	3.031	0.00
0.00	-29323.36	-39964.19	-1.24499	-29323.24	-39964.53	-1.24586	4.875	0.00
0.00	-29323.23	-39964.57	-1.24453	-29323.23	-39964.57	-1.24453	8.354	0.00
0.00	-29323.11	-39964.92	-1.24437	-29323.11	-39964.92	-1.24437	3.143	0.00
0.00	-29322.98	-39965.29	-1.24433	-29322.98	-39965.29	-1.24433	2.037	0.00
0.00	-29322.85	-39965.68	-1.24430	-29322.72	-39966.05	-1.24445	3.006	0.00
0.00	-29322.75	-39965.98	-1.24459	-29322.75	-39965.98	-1.24459	3.158	0.00
0.00	-29322.64	-39966.31	-1.24542	-29322.64	-39966.31	-1.24542	2.122	0.00
0.00	-29322.53	-39966.63	-1.24654	-29322.53	-39966.63	-1.24654	2.176	0.00
0.00	-29322.41	-39966.99	-1.24805	-29322.30	-39967.35	-1.24681	3.629	0.00
0.00	-29322.29	-39967.36	-1.24991	-29322.29	-39967.36	-1.24991	3.100	0.00
0.00	-29322.16	-39967.76	-1.25164	-29322.16	-39967.76	-1.25164	2.224	0.00
0.00	-29322.04	-39968.14	-1.25314	-29322.04	-39968.14	-1.25314	2.119	0.00
0.00	-29321.93	-39968.46	-1.25496	-29321.82	-39968.81	-1.25320	3.013	0.00
0.00	-29321.82	-39968.81	-1.25711	-29321.82	-39968.81	-1.25711	3.033	0.00
0.00	-29321.71	-39969.17	-1.25920	-29321.71	-39969.17	-1.25920	2.125	0.00
0.00	-29321.58	-39969.57	-1.26105	-29321.58	-39969.57	-1.26105	3.242	0.00
0.00	-29321.46	-39969.93	-1.26287	-29321.35	-39970.28	-1.26095	2.979	0.00
0.00	-29321.37	-39970.22	-1.26451	-29321.37	-39970.22	-1.26451	3.015	0.00
0.00	-29321.26	-39970.56	-1.26596	-29321.26	-39970.56	-1.26596	2.180	0.00
0.00	-29321.16	-39970.89	-1.26759	-29321.16	-39970.89	-1.26759	3.187	0.00
0.00	-29321.05	-39971.25	-1.26925	-29320.94	-39971.60	-1.26803	3.196	0.00
0.00	-29320.94	-39971.60	-1.27070	-29320.94	-39971.60	-1.27070	5.594	0.00
0.00	-29320.84	-39971.91	-1.27210	-29320.84	-39971.91	-1.27210	2.213	0.00
0.00	-29320.74	-39972.24	-1.27357	-29320.74	-39972.24	-1.27357	2.074	0.00
0.00	-29320.58	-39972.76	-1.27500	-29320.47	-39973.11	-1.27416	3.179	0.00
0.00	-29320.51	-39972.98	-1.27602	-29320.51	-39972.98	-1.27602	3.089	0.00
0.00	-29320.40	-39973.32	-1.27758	-29320.40	-39973.32	-1.27758	2.124	0.00
0.00	-29320.29	-39973.71	-1.27942	-29320.29	-39973.71	-1.27942	3.363	0.00
0.00	-29320.17	-39974.09	-1.28118	-29320.08	-39974.39	-1.28019	5.001	0.00
0.00	-29320.08	-39974.38	-1.28295	-29320.08	-39974.38	-1.28295	4.943	0.00
0.00	-29319.98	-39974.72	-1.28515	-29319.98	-39974.72	-1.28515	3.232	0.00
0.00	-29319.88	-39975.06	-1.28771	-29319.88	-39975.06	-1.28771	80.858	0.00
0.00	-29319.78	-39975.40	-1.29034	-29319.68	-39975.74	-1.28823	3.314	0.00
0.00	-29319.67	-39975.81	-1.29325	-29319.67	-39975.81	-1.29325	5.317	0.00
0.00	-29319.59	-39976.10	-1.29672	-29319.59	-39976.10	-1.29672	2.083	0.00
0.00	-29319.49	-39976.45	-1.30107	-29319.49	-39976.45	-1.30107	2.226	0.00
0.00	-29319.40	-39976.77	-1.30567	-29319.31	-39977.11	-1.30235	2.975	0.00
0.00	-29319.30	-39977.16	-1.31078	-29319.30	-39977.16	-1.31078	4.610	0.00
0.00	-29319.22	-39977.45	-1.31618	-29319.22	-39977.45	-1.31618	2.119	0.00
0.00	-29319.15	-39977.73	-1.32188	-29319.15	-39977.73	-1.32188	3.399	0.00
0.00	-29319.06	-39978.07	-1.32801	-29318.98	-39978.40	-1.32323	3.056	0.00
0.00	-29318.98	-39978.42	-1.33579	-29318.98	-39978.42	-1.33579	3.756	0.00
0.00	-29318.90	-39978.75	-1.34505	-29318.90	-39978.75	-1.34505	2.122	0.00
0.00	-29318.83	-39979.07	-1.35522	-29318.83	-39979.07	-1.35522	2.237	0.00
0.00	-29318.76	-39979.40	-1.36634	-29318.69	-39979.74	-1.35825	3.320	0.00
0.00	-29318.69	-39979.72	-1.37864	-29318.69	-39979.72	-1.37864	3.084	0.00
0.00	-29318.61	-39980.16	-1.39419	-29318.61	-39980.16	-1.39419	3.485	0.00
0.00	-29318.54	-39980.52	-1.41073	-29318.54	-39980.52	-1.41073	2.292	0.00
0.00	-29318.50	-39980.74	-1.42192	-29318.46	-39981.07	-1.40883	3.547	0.00
0.00	-29318.45	-39981.06	-1.43446	-29318.45	-39981.06	-1.43446	3.187	0.00
0.00	-29318.41	-39981.41	-1.44956	-29318.41	-39981.41	-1.44956	3.560	0.00
0.00	-29318.36	-39981.73	-1.46459	-29318.36	-39981.73	-1.46459	2.052	0.00
0.00	-29318.33	-39982.05	-1.48102	-29318.31	-39982.32	-1.46794	3.457	0.00
0.00	-29318.30	-39982.39	-1.49896	-29318.30	-39982.39	-1.49896	3.335	0.00
0.00	-29318.28	-39982.72	-1.51814	-29318.28	-39982.72	-1.51814	2.101	0.00
0.00	-29318.26	-39983.03	-1.53811	-29318.26	-39983.03	-1.53811	2.169	0.00
0.00	-29318.25	-39983.37	-1.55803	-29318.25	-39983.70	-1.54117	3.261	0.00
0.00	-29318.25	-39983.67	-1.57753	-29318.25	-39983.67	-1.57753	3.153	0.00
0.00	-29318.25	-39984.04	-1.59783	-29318.25	-39984.04	-1.59783	3.407	0.00
0.00	-29318.26	-39984.40	-1.62118	-29318.26	-39984.40	-1.62118	3.368	0.00
0.00	-29318.28	-39984.60	-1.63897	-29318.30	-39984.93	-1.62090	4.922	0.00
0.00	-29318.30	-39984.98	-1.66067	-29318.30	-39984.98	-1.66067	3.363	0.00
0.00	-29318.33	-39985.29	-1.68301	-29318.33	-39985.29	-1.68301	2.125	0.00
0.00	-29318.37	-39985.60	-1.70653	-29318.37	-39985.60	-1.70653	2.113	0.00
0.00	-29318.42	-39985.94	-1.73054	-29318.47	-39986.26	-1.71035	3.115	0.00
0.00	-29318.47	-39986.22	-1.75532	-29318.47	-39986.22	-1.75532	3.093	0.00
0.00	-29318.53	-39986.53	-1.78038	-29318.53	-39986.53	-1.78038	2.081	0.00
0.00	-29318.60	-39986.83	-1.80654	-29318.60	-39986.83	-1.80654	2.276	0.00
0.00	-29318.67	-39987.15	-1.83323	-29318.76	-39987.45	-1.81075	3.430	0.00
0.00	-29318.77	-39987.48	-1.86029	-29318.77	-39987.48	-1.86029	3.287	0.00
0.00	-29318.87	-39987.82	-1.88702	-29318.87	-39987.82	-1.88702	2.061	0.00
0.00	-29318.96	-39988.11	-1.91444	-29318.96	-39988.11	-1.91444	2.229	0.00
0.00	-29319.05	-39988.34	-1.94307	-29319.18	-39988.66	-1.91883	3.093	0.00
0.00	-29319.18	-39988.67	-1.97178	-29319.18	-39988.67	-1.97178	3.145	0.00
0.00	-29319.32	-39988.98	-2.00032	-29319.32	-39988.98	-2.00032	2.061	0.00
0.00	-29319.42	-39989.19	-2.02889	-29319.42	-39989.19	-2.02889	2.011	0.00
0.00	-29319.54	-39989.43	-2.05796	-29319.69	-39989.70	-2.03197	3.211	0.00
0.00	-29319.69	-39989.70	-2.08637	-29319.69	-39989.70	-2.08637	3.074	0.00
0.00	-29319.84	-39989.97	-2.11447	-29319.84	-39989.97	-2.11447	1.978	0.00
0.00	-29320.01	-39990.23	-2.14323	-29320.01	-39990.23	-2.14323	2.213	0.00
0.00	-29320.15	-39990.44	-2.17199	-29320.33	-39990.70	-2.14647	3.103	0.00
0.00	-29320.35	-39990.73	-2.20085	-29320.35	-39990.73	-2.20085	3.194	0.00
0.00	-29320.57	-39991.03	-2.22989	-29320.57	-39991.03	-2.22989	2.655	0.00
0.00	-29320.76	-39991.27	-2.25881	-29320.76	-39991.27	-2.25881	2.182	0.00
0.00	-29320.98	-39991.54	-2.28754	-29321.21	-39991.79	-2.26124	3.487	0.00
0.00	-29321.17	-39991.75	-2.31590	-29321.17	-39991.75	-2.31590	2.897	0.00
0.00	-29321.37	-39991.96	-2.34483	-29321.37	-39991.96	-2.34483	1.956	0.00
0.00	-29321.56	-39992.15	-2.37402	-29321.56	-39992.15	-2.37402	2.026	0.00
0.00	-29321.80	-39992.36	-2.40203	-29322.03	-39992.57	-2.37518	3.169	0.00
0.00	-29322.07	-39992.61	-2.42991	-29322.07	-39992.61	-2.42991	3.042	0.00
0.00	-29322.31	-39992.81	-2.45694	-29322.31	-39992.81	-2.45694	2.238	0.00
0.00	-29322.53	-39992.99	-2.48241	-29322.53	-39992.99	-2.48241	2.055	0.00
0.00	-29322.78	-39993.17	-2.50658	-29323.04	-39993.36	-2.48222	2.902	0.00
0.00	-29323.07	-39993.39	-2.52941	-29323.07	-39993.39	-2.52941	3.285	0.00
0.00	-29323.33	-39993.56	-2.55115	-29323.33	-39993.56	-2.55115	3.129	0.00
0.00	-29323.59	-39993.74	-2.57174	-29323.59	-39993.74	-2.57174	2.081	0.00
0.00	-29323.87	-39993.91	-2.59119	-29324.18	-39994.09	-2.57153	2.709	0.00
0.00	-29324.15	-39994.08	-2.60951	-29324.15	-39994.08	-2.60951	2.840	0.00
0.00	-29324.43	-39994.25	-2.62609	-29324.43	-39994.25	-2.62609	1.957	0.00
0.00	-29324.78	-39994.44	-2.64150	-29324.78	-39994.44	-2.64150	1.948	0.00
0.00	-29325.06	-39994.59	-2.65519	-29325.35	-39994.74	-2.64003	76.346	0.00
0.00	-29325.32	-39994.72	-2.66867	-29325.32	-39994.72	-2.66867	2.735	0.00
0.00	-29325.64	-39994.89	-2.68257	-29325.64	-39994.89	-2.68257	1.950	0.00
0.00	-29325.95	-39995.04	-2.69487	-29325.95	-39995.04	-2.69487	1.971	0.00
0.00	-29326.24	-39995.17	-2.70683	-29326.53	-39995.31	-2.69379	2.924	0.00
0.00	-29326.50	-39995.29	-2.71843	-29326.50	-39995.29	-2.71843	2.733	0.00
0.00	-29326.81	-39995.43	-2.72958	-29326.81	-39995.43	-2.72958	1.983	0.00
0.00	-29327.10	-39995.55	-2.73943	-29327.10	-39995.55	-2.73943	2.043	0.00
0.00	-29327.38	-39995.67	-2.74826	-29327.68	-39995.79	-2.73775	2.835	0.00
0.00	-29327.72	-39995.81	-2.75705	-29327.72	-39995.81	-2.75705	2.967	0.00
0.00	-29328.00	-39995.92	-2.76504	-29328.00	-39995.92	-2.76504	2.032	0.00
0.00	-29328.29	-39996.03	-2.77223	-29328.29	-39996.03	-2.77223	2.030	0.00
0.00	-29328.59	-39996.15	-2.78004	-29328.90	-39996.26	-2.77247	3.011	0.00
0.00	-29328.89	-39996.25	-2.78818	-29328.89	-39996.25	-2.78818	2.958	0.00
0.00	-29329.22	-39996.37	-2.79547	-29329.22	-39996.37	-2.79547	2.068	0.00
0.00	-29329.52	-39996.48	-2.80207	-29329.52	-39996.48	-2.80207	1.967	0.00
0.00	-29329.88	-39996.61	-2.80809	-29330.19	-39996.71	-2.80121	2.744	0.00
0.00	-29330.19	-39996.71	-2.81323	-29330.19	-39996.71	-2.81323	2.738	0.00
0.00	-29330.53	-39996.83	-2.81763	-29330.53	-39996.83	-2.81763	1.978	0.00
0.00	-29330.93	-39996.96	-2.82152	-29330.93	-39996.96	-2.82152	2.057	0.00
0.00	-29331.23	-39997.06	-2.82499	-29331.56	-39997.16	-2.82072	2.851	0.00
0.00	-29331.54	-39997.16	-2.82810	-29331.54	-39997.16	-2.82810	2.868	0.00
0.00	-29331.87	-39997.26	-2.83128	-29331.87	-39997.26	-2.83128	2.063	0.00
0.00	-29332.22	-39997.37	-2.83491	-29332.22	-39997.37	-2.83491	2.023	0.00
0.00	-29332.56	-39997.47	-2.83835	-29332.90	-39997.58	-2.83482	2.844	0.00
0.00	-29332.91	-39997.58	-2.84103	-29332.91	-39997.58	-2.84103	2.886	0.00
0.00	-29333.25	-39997.69	-2.84291	-29333.25	-39997.69	-2.84291	1.957	0.00
0.00	-29333.65	-39997.81	-2.84411	-29333.65	-39997.81	-2.84411	2.109	0.00
0.00	-29333.99	-39997.91	-2.84524	-29334.34	-39998.02	-2.84346	2.801	0.00
0.00	-29334.44	-39998.05	-2.84647	-29334.44	-39998.05	-2.84647	2.831	0.00
0.00	-29334.75	-39998.14	-2.84747	-29334.75	-39998.14	-2.84747	1.990	0.00
0.00	-29335.07	-39998.24	-2.84817	-29335.07	-39998.24	-2.84817	2.079	0.00
0.00	-29335.40	-39998.33	-2.84876	-29335.75	-39998.44	-2.84756	2.960	0.00
0.00	-29335.75	-39998.44	-2.84927	-29335.75	-39998.44	-2.84927	2.874	0.00
0.00	-29336.12	-39998.55	-2.84941	-29336.12	-39998.55	-2.84941	2.077	0.00
0.00	-29336.46	-39998.65	-2.84912	-29336.46	-39998.65	-2.84912	2.082	0.00
0.00	-29336.81	-39998.76	-2.84840	-29337.15	-39998.87	-2.84878	2.900	0.00
0.00	-29337.16	-39998.87	-2.84725	-29337.16	-39998.87	-2.84725	3.034	0.00
0.00	-29337.54	-39998.99	-2.84624	-29337.54	-39998.99	-2.84624	2.102	0.00
0.00	-29337.99	-39999.13	-2.84574	-29337.99	-39999.13	-2.84574	2.055	0.00
0.00	-29338.33	-39999.23	-2.84535	-29338.67	-39999.34	-2.84662	3.072	0.00
0.00	-29338.53	-39999.29	-2.84485	-29338.53	-39999.29	-2.84485	3.051	0.00
0.00	-29338.89	-39999.41	-2.84420	-29338.89	-39999.41	-2.84420	2.127	0.00
0.00	-29339.24	-39999.52	-2.84353	-29339.24	-39999.52	-2.84353	1.929	0.00
0.00	-29339.59	-39999.62	-2.84276	-29339.88	-39999.71	-2.84383	2.939	0.00
0.00	-29340.07	-39999.78	-2.84188	-29340.07	-39999.78	-2.84188	3.072	0.00
0.00	-29340.23	-39999.83	-2.84134	-29340.23	-39999.83	-2.84134	2.101	0.00
0.00	-29340.66	-39999.96	-2.84071	-29340.66	-39999.96	-2.84071	2.032	0.00
0.00	-29341.06	-40000.08	-2.84021	-29341.51	-40000.23	-2.84098	2.968	0.00
0.00	-29341.48	-40000.22	-2.83988	-29341.48	-40000.22	-2.83988	2.983	0.00
0.00	-29341.85	-40000.33	-2.83942	-29341.85	-40000.33	-2.83942	2.309	0.00
0.00	-29342.16	-40000.43	-2.83899	-29342.16	-40000.43	-2.83899	2.101	0.00
0.00	-29342.51	-40000.54	-2.83881	-29342.87	-40000.65	-2.83928	2.948	0.00
0.00	-29342.87	-40000.65	-2.83859	-29342.87	-40000.65	-2.83859	3.114	0.00
0.00	-29343.24	-40000.77	-2.83835	-29343.24	-40000.77	-2.83835	2.184	0.00
0.00	-29343.60	-40000.88	-2.83808	-29343.60	-40000.88	-2.83808	2.136	0.00
0.00	-29343.98	-40001.00	-2.83775	-29344.34	-40001.11	-2.83806	3.076	0.00
0.00	-29344.34	-40001.11	-2.83739	-29344.34	-40001.11	-2.83739	2.894	0.00
0.00	-29344.73	-40001.24	-2.83708	-29344.73	-40001.24	-2.83708	2.105	0.00
0.00	-29345.14	-40001.37	-2.83691	-29345.14	-40001.37	-2.83691	2.096	0.00
0.00	-29345.50	-40001.48	-2.83690	-29345.87	-40001.59	-2.83706	2.872	0.00
0.00	-29345.98	-40001.63	-2.83703	-29345.98	-40001.63	-2.83703	3.011	0.00
0.00	-29346.20	-40001.70	-2.83712	-29346.20	-40001.70	-2.83712	2.063	0.00
0.00	-29346.63	-40001.83	-2.83706	-29346.63	-40001.83	-2.83706	2.016	0.00
0.00	-29347.02	-40001.95	-2.83692	-29347.49	-40002.10	-2.83666	3.090	0.00
0.00	-29347.41	-40002.07	-2.83686	-29347.41	-40002.07	-2.83686	3.028	0.00
0.00	-29347.79	-40002.19	-2.83697	-29347.79	-40002.19	-2.83697	1.888	0.00
0.00	-29348.18	-40002.31	-2.83722	-29348.18	-40002.31	-2.83722	2.080	0.00
0.00	-29348.57	-40002.43	-2.83757	-29348.96	-40002.55	-2.83711	2.966	0.00
0.00	-29349.01	-40002.57	-2.83778	-29349.01	-40002.57	-2.83778	2.883	0.00
0.00	-29349.36	-40002.68	-2.83777	-29349.36	-40002.68	-2.83777	1.964	0.00
0.00	-29349.77	-40002.81	-2.83786	-29349.77	-40002.81	-2.83786	2.054	0.00
0.00	-29350.13	-40002.92	-2.83797	-29350.52	-40003.04	-2.83779	2.862	0.00
0.00	-29350.51	-40003.04	-2.83794	-29350.51	-40003.04	-2.83794	2.815	0.00
0.00	-29350.90	-40003.16	-2.83787	-29350.90	-40003.16	-2.83787	3.043	0.00
0.00	-29351.28	-40003.27	-2.83784	-29351.28	-40003.27	-2.83784	1.982	0.00
0.00	-29351.66	-40003.39	-2.83784	-29352.03	-40003.51	-2.83781	2.966	0.00
0.00	-29352.03	-40003.51	-2.83787	-29352.03	-40003.51	-2.83787	2.742	0.00
0.00	-29352.48	-40003.65	-2.83777	-29352.48	-40003.65	-2.83777	1.884	0.00
0.00	-29352.86	-40003.77	-2.83746	-29352.86	-40003.77	-2.83746	1.952	0.00
0.00	-29353.17	-40003.87	-2.83686	-29353.56	-40003.99	-2.83718	2.821	0.00
0.00	-29353.53	-40003.98	-2.83625	-29353.53	-40003.98	-2.83625	2.845	0.00
0.00	-29353.92	-40004.11	-2.83585	-29353.92	-40004.11	-2.83585	1.958	0.00
0.00	-29354.27	-40004.22	-2.83564	-29354.27	-40004.22	-2.83564	2.003	0.00
0.00	-29354.65	-40004.34	-2.83520	-29355.03	-40004.46	-2.83588	2.806	0.00
0.00	-29355.01	-40004.46	-2.83445	-29355.01	-40004.46	-2.83445	73.934	0.00
0.00	-29355.39	-40004.58	-2.83375	-29355.39	-40004.58	-2.83375	1.832	0.00
0.00	-29355.74	-40004.70	-2.83325	-29355.74	-40004.70	-2.83325	1.906	0.00
0.00	-29356.20	-40004.84	-2.83297	-29356.56	-40004.96	-2.83407	2.762	0.00
0.00	-29356.57	-40004.97	-2.83283	-29356.57	-40004.97	-2.83283	2.686	0.00
0.00	-29356.88	-40005.07	-2.83238	-29356.88	-40005.07	-2.83238	79.428	0.00
0.00	-29357.22	-40005.18	-2.83167	-29357.22	-40005.18	-2.83167	2.132	0.00
0.00	-29357.58	-40005.29	-2.83111	-29357.94	-40005.41	-2.83195	2.813	0.00
0.00	-29357.94	-40005.41	-2.83064	-29357.94	-40005.41	-2.83064	2.705	0.00
0.00	-29358.34	-40005.54	-2.83008	-29358.34	-40005.54	-2.83008	1.939	0.00
0.00	-29358.67	-40005.65	-2.82955	-29358.67	-40005.65	-2.82955	1.844	0.00
0.00	-29359.02	-40005.77	-2.82889	-29359.39	-40005.89	-2.82988	2.685	0.00
0.00	-29359.38	-40005.88	-2.82829	-29359.38	-40005.88	-2.82829	2.596	0.00
0.00	-29359.83	-40006.03	-2.82793	-29359.83	-40006.03	-2.82793	1.956	0.00
0.00	-29360.20	-40006.16	-2.82780	-29360.20	-40006.16	-2.82780	1.995	0.00
0.00	-29360.52	-40006.26	-2.82781	-29360.88	-40006.38	-2.82827	2.974	0.00
0.00	-29360.87	-40006.37	-2.82789	-29360.87	-40006.37	-2.82789	2.667	0.00
0.00	-29361.24	-40006.49	-2.82792	-29361.24	-40006.49	-2.82792	2.012	0.00
0.00	-29361.64	-40006.62	-2.82787	-29361.64	-40006.62	-2.82787	1.986	0.00
0.00	-29362.34	-40006.85	-2.82784	-29362.70	-40006.96	-2.82766	2.758	0.00
0.00	-29362.34	-40006.85	-2.82786	-29362.34	-40006.85	-2.82786	2.779	0.00
0.00	-29362.78	-40006.99	-2.82794	-29362.78	-40006.99	-2.82794	1.983	0.00
0.00	-29363.20	-40007.12	-2.82804	-29363.20	-40007.12	-2.82804	1.940	0.00
0.00	-29363.65	-40007.27	-2.82822	-29363.83	-40007.33	-2.82798	2.689	0.00
0.00	-29364.04	-40007.40	-2.82844	-29364.04	-40007.40	-2.82844	2.631	0.00
0.00	-29364.37	-40007.50	-2.82885	-29364.37	-40007.50	-2.82885	1.843	0.00
0.00	-29364.74	-40007.62	-2.82926	-29364.74	-40007.62	-2.82926	1.965	0.00
0.00	-29365.13	-40007.74	-2.82932	-29365.51	-40007.87	-2.82885	2.984	0.00
0.00	-29365.53	-40007.87	-2.82916	-29365.53	-40007.87	-2.82916	2.742	0.00
0.00	-29365.91	-40008.00	-2.82904	-29365.91	-40008.00	-2.82904	2.000	0.00
0.00	-29366.31	-40008.13	-2.82883	-29366.31	-40008.13	-2.82883	1.932	0.00
0.00	-29366.70	-40008.25	-2.82857	-29367.09	-40008.38	-2.82885	2.883	0.00
0.00	-29367.26	-40008.44	-2.82831	-29367.26	-40008.44	-2.82831	2.748	0.00
0.00	-29367.56	-40008.53	-2.82803	-29367.56	-40008.53	-2.82803	2.029	0.00
0.00	-29367.94	-40008.66	-2.82776	-29367.94	-40008.66	-2.82776	2.103	0.00
0.00	-29368.32	-40008.78	-2.82735	-29368.80	-40008.94	-2.82778	2.804	0.00
0.00	-29368.68	-40008.90	-2.82674	-29368.68	-40008.90	-2.82674	2.699	0.00
0.00	-29369.06	-40009.03	-2.82603	-29369.06	-40009.03	-2.82603	2.015	0.00
0.00	-29369.45	-40009.16	-2.82550	-29369.45	-40009.16	-2.82550	1.961	0.00
0.00	-29369.84	-40009.29	-2.82526	-29370.23	-40009.41	-2.82622	2.628	0.00
0.00	-29370.21	-40009.41	-2.82490	-29370.21	-40009.41	-2.82490	2.869	0.00
0.00	-29370.59	-40009.53	-2.82442	-29370.59	-40009.53	-2.82442	1.872	0.00
0.00	-29370.96	-40009.66	-2.82388	-29370.96	-40009.66	-2.82388	3.056	0.00
0.00	-29371.47	-40009.83	-2.82330	-29371.85	-40009.95	-2.82410	2.647	0.00
0.00	-29371.79	-40009.93	-2.82277	-29371.79	-40009.93	-2.82277	2.761	0.00
0.00	-29372.14	-40010.05	-2.82228	-29372.14	-40010.05	-2.82228	2.008	0.00
0.00	-29372.53	-40010.18	-2.82188	-29372.53	-40010.18	-2.82188	1.925	0.00
0.00	-29372.92	-40010.31	-2.82158	-29373.30	-40010.44	-2.82216	4.187	0.00
0.00	-29373.26	-40010.43	-2.82115	-29373.26	-40010.43	-2.82115	2.767	0.00
0.00	-29373.63	-40010.55	-2.82046	-29373.63	-40010.55	-2.82046	2.005	0.00
0.00	-29374.01	-40010.68	-2.81967	-29374.01	-40010.68	-2.81967	1.936	0.00
0.00	-29374.41	-40010.81	-2.81916	-29374.79	-40010.94	-2.81991	2.668	0.00
0.00	-29374.79	-40010.94	-2.81895	-29374.79	-40010.94	-2.81895	2.603	0.00
0.00	-29375.26	-40011.10	-2.81878	-29375.26	-40011.10	-2.81878	2.039	0.00
0.00	-29375.61	-40011.21	-2.81849	-29375.61	-40011.21	-2.81849	1.948	0.00
0.00	-29375.98	-40011.34	-2.81813	-29376.37	-40011.47	-2.81823	2.825	0.00
0.00	-29376.34	-40011.46	-2.81773	-29376.34	-40011.46	-2.81773	2.763	0.00
0.00	-29376.76	-40011.60	-2.81731	-29376.76	-40011.60	-2.81731	2.024	0.00
0.00	-29377.14	-40011.73	-2.81685	-29377.14	-40011.73	-2.81685	2.081	0.00
0.00	-29377.55	-40011.87	-2.81647	-29377.94	-40012.00	-2.81689	2.645	0.00
0.00	-29377.91	-40011.99	-2.81608	-29377.91	-40011.99	-2.81608	2.776	0.00
0.00	-29378.32	-40012.13	-2.81581	-29378.32	-40012.13	-2.81581	1.951	0.00
0.00	-29378.75	-40012.27	-2.81544	-29378.75	-40012.27	-2.81544	1.948	0.00
0.00	-29379.23	-40012.43	-2.81499	-29379.63	-40012.57	-2.81516	2.802	0.00
0.00	-29379.58	-40012.55	-2.81442	-29379.58	-40012.55	-2.81442	2.818	0.00
0.00	-29379.94	-40012.68	-2.81370	-29379.94	-40012.68	-2.81370	1.915	0.00
0.00	-29380.34	-40012.81	-2.81310	-29380.34	-40012.81	-2.81310	1.969	0.00
0.00	-29380.77	-40012.96	-2.81262	-29381.17	-40013.10	-2.81336	2.826	0.00
0.00	-29381.15	-40013.09	-2.81221	-29381.15	-40013.09	-2.81221	2.619	0.00
0.00	-29381.55	-40013.23	-2.81176	-29381.55	-40013.23	-2.81176	2.002	0.00
0.00	-29381.94	-40013.36	-2.81126	-29381.94	-40013.36	-2.81126	2.027	0.00
0.00	-29382.34	-40013.50	-2.81089	-29382.74	-40013.64	-2.81137	2.762	0.00
0.00	-29382.79	-40013.65	-2.81071	-29382.79	-40013.65	-2.81071	2.873	0.00
0.00	-29383.22	-40013.80	-2.81044	-29383.22	-40013.80	-2.81044	1.870	0.00
0.00	-29383.54	-40013.91	-2.81019	-29383.54	-40013.91	-2.81019	1.987	0.00
0.00	-29383.92	-40014.04	-2.81020	-29384.31	-40014.18	-2.81062	2.728	0.00
0.00	-29384.32	-40014.18	-2.81018	-29384.32	-40014.18	-2.81018	2.719	0.00
0.00	-29384.82	-40014.36	-2.81013	-29384.82	-40014.36	-2.81013	2.041	0.00
0.00	-29385.06	-40014.44	-2.81050	-29385.06	-40014.44	-2.81050	73.559	0.00
0.00	-29385.46	-40014.58	-2.81093	-29385.85	-40014.71	-2.81092	3.091	0.00
0.00	-29385.89	-40014.72	-2.81131	-29385.89	-40014.72	-2.81131	2.920	0.00
0.00	-29386.26	-40014.85	-2.81182	-29386.26	-40014.85	-2.81182	1.875	0.00
0.00	-29386.65	-40014.98	-2.81203	-29386.65	-40014.98	-2.81203	1.972	0.00
0.00	-29387.07	-40015.13	-2.81211	-29387.45	-40015.26	-2.81173	2.657	0.00
0.00	-29387.43	-40015.25	-2.81234	-29387.43	-40015.25	-2.81234	2.489	0.00
0.00	-29387.77	-40015.36	-2.81250	-29387.77	-40015.36	-2.81250	1.985	0.00
0.00	-29388.15	-40015.49	-2.81269	-29388.15	-40015.49	-2.81269	1.860	0.00
0.00	-29388.51	-40015.62	-2.81319	-29388.89	-40015.75	-2.81300	2.776	0.00
0.00	-29388.89	-40015.75	-2.81388	-29388.89	-40015.75	-2.81388	2.769	0.00
0.00	-29389.30	-40015.89	-2.81441	-29389.30	-40015.89	-2.81441	1.916	0.00
0.00	-29389.70	-40016.02	-2.81477	-29389.70	-40016.02	-2.81477	1.861	0.00
0.00	-29389.95	-40016.10	-2.81492	-29390.32	-40016.23	-2.81432	4.009	0.00
0.00	-29390.34	-40016.24	-2.81493	-29390.34	-40016.24	-2.81493	3.051	0.00
0.00	-29390.76	-40016.38	-2.81488	-29390.76	-40016.38	-2.81488	2.137	0.00
0.00	-29391.12	-40016.50	-2.81479	-29391.12	-40016.50	-2.81479	1.888	0.00
0.00	-29391.44	-40016.61	-2.81470	-29391.80	-40016.73	-2.81468	2.746	0.00
0.00	-29391.80	-40016.73	-2.81452	-29391.80	-40016.73	-2.81452	2.564	0.00
0.00	-29392.17	-40016.86	-2.81428	-29392.17	-40016.86	-2.81428	1.939	0.00
0.00	-29392.52	-40016.98	-2.81394	-29392.52	-40016.98	-2.81394	1.866	0.00
0.00	-29392.89	-40017.10	-2.81342	-29393.25	-40017.23	-2.81378	2.602	0.00
0.00	-29393.24	-40017.22	-2.81296	-29393.24	-40017.22	-2.81296	2.545	0.00
0.00	-29393.72	-40017.39	-2.81269	-29393.72	-40017.39	-2.81269	1.869	0.00
0.00	-29393.99	-40017.48	-2.81242	-29393.99	-40017.48	-2.81242	1.826	0.00
0.00	-29394.43	-40017.63	-2.81220	-29394.79	-40017.76	-2.81265	2.630	0.00
0.00	-29394.75	-40017.74	-2.81218	-29394.75	-40017.74	-2.81218	2.540	0.00
0.00	-29395.12	-40017.87	-2.81254	-29395.12	-40017.87	-2.81254	1.872	0.00
0.00	-29395.49	-40018.00	-2.81280	-29395.49	-40018.00	-2.81280	1.803	0.00
0.00	-29395.85	-40018.12	-2.81265	-29396.21	-40018.25	-2.81261	2.359	0.00
