0.00	-30143.92	-40006.63	0.35000	-30143.92	-40006.63	0.35000	39.299	0.00
0.00	-30143.81	-40006.58	0.35090	-30143.81	-40006.58	0.35090	2.512	0.00
0.00	-30144.01	-40006.60	0.41812	-30144.01	-40006.60	0.41812	2.458	0.00
0.00	-30144.42	-40006.71	0.47777	-30144.42	-40006.71	0.47777	2.155	0.00
0.00	-30144.91	-40006.85	0.54434	-30144.91	-40006.85	0.54434	2.580	0.00
0.00	-30145.19	-40006.93	0.58664	-30145.19	-40006.93	0.58664	2.635	0.00
0.00	-30145.60	-40007.06	0.64474	-30145.60	-40007.06	0.64474	2.191	0.00
0.00	-30145.99	-40007.18	0.70210	-30145.99	-40007.18	0.70210	2.236	0.00
0.00	-30146.36	-40007.31	0.75348	-30146.36	-40007.31	0.75348	2.314	0.00
0.00	-30146.72	-40007.45	0.80348	-30146.72	-40007.45	0.80348	2.254	0.00
0.00	-30147.09	-40007.59	0.85599	-30147.09	-40007.59	0.85599	2.228	0.00
0.00	-30147.45	-40007.73	0.90969	-30147.45	-40007.73	0.90969	2.302	0.00
0.00	-30147.86	-40007.79	0.98616	-30147.86	-40007.79	0.98616	2.355	0.00
0.00	-30148.46	-40008.15	1.06846	-30148.46	-40008.15	1.06846	2.514	0.00
0.00	-30148.13	-40007.54	1.06882	-30148.13	-40007.54	1.06882	2.214	0.00
0.00	-30148.86	-40008.58	1.10428	-30148.86	-40008.58	1.10428	2.269	0.00
0.00	-30148.96	-40008.42	1.14234	-30148.96	-40008.42	1.14234	2.279	0.00
0.00	-30149.28	-40008.53	1.19774	-30149.28	-40008.53	1.19774	2.271	0.00
0.00	-30149.46	-40008.56	1.23046	-30149.46	-40008.56	1.23046	2.310	0.00
0.00	-30149.89	-40008.78	1.29865	-30149.89	-40008.78	1.29865	2.245	0.00
0.00	-30150.34	-40008.88	1.37745	-30150.34	-40008.88	1.37745	2.239	0.00
0.00	-30150.88	-40008.95	1.47746	-30150.88	-40008.95	1.47746	2.239	0.00
0.00	-30150.84	-40008.51	1.47852	-30150.84	-40008.51	1.47852	2.235	0.00
0.00	-30151.51	-40009.11	1.59385	-30151.51	-40009.11	1.59385	2.237	0.00
0.00	-30151.86	-40009.07	1.65736	-30151.86	-40009.07	1.65736	2.191	0.00
0.00	-30152.30	-40009.18	1.73981	-30152.30	-40009.18	1.73981	2.213	0.00
0.00	-30152.47	-40009.04	1.76628	-30152.47	-40009.04	1.76628	2.149	0.00
0.00	-30152.59	-40008.91	1.78386	-30152.59	-40008.91	1.78386	2.954	0.00
0.00	-30153.02	-40009.24	1.87431	-30153.02	-40009.24	1.87431	2.273	0.00
0.00	-30153.35	-40009.21	1.93093	-30153.35	-40009.21	1.93093	2.181	0.00
0.00	-30153.78	-40009.27	2.00834	-30153.78	-40009.27	2.00834	2.250	0.00
0.00	-30154.44	-40009.43	2.12609	-30154.44	-40009.43	2.12609	2.186	0.00
0.00	-30154.77	-40009.25	2.16055	-30154.77	-40009.25	2.16055	2.257	0.00
0.00	-30155.38	-40009.48	2.27419	-30155.38	-40009.48	2.27419	2.224	0.00
0.00	-30155.76	-40009.33	2.30906	-30155.76	-40009.33	2.30906	2.299	0.00
0.00	-30156.24	-40008.80	2.31113	-30156.24	-40008.80	2.31113	2.276	0.00
0.00	-30156.23	-40009.06	2.34149	-30156.23	-40009.06	2.34149	2.279	0.00
0.00	-30156.41	-40009.14	2.37560	-30156.41	-40009.14	2.37560	2.312	0.00
0.00	-30157.16	-40009.59	2.52328	-30157.16	-40009.59	2.52328	2.235	0.00
0.00	-30158.06	-40009.88	2.65391	-30158.06	-40009.88	2.65391	2.228	0.00
0.00	-30158.86	-40010.19	2.76246	-30158.86	-40010.19	2.76246	2.290	0.00
0.00	-30159.56	-40010.54	2.86198	-30159.56	-40010.54	2.86198	2.193	0.00
0.00	-30160.14	-40010.74	2.92509	-30160.14	-40010.74	2.92509	2.256	0.00
0.00	-30160.68	-40010.98	2.99027	-30160.68	-40010.98	2.99027	2.166	0.00
0.00	-30161.21	-40011.07	3.02514	-30161.21	-40011.07	3.02514	2.288	0.00
0.00	-30161.62	-40011.21	3.06217	-30161.62	-40011.21	3.06217	2.248	0.00
0.00	-30162.01	-40011.54	3.13566	-30162.01	-40011.54	3.13566	2.305	0.00
0.00	-30162.49	-40011.72	-3.10975	-30162.49	-40011.72	-3.10975	2.220	0.00
0.00	-30162.97	-40012.00	-3.05503	-30162.97	-40012.00	-3.05503	2.374	0.00
0.00	-30163.37	-40012.27	-3.00378	-30163.37	-40012.27	-3.00378	2.308	0.00
0.00	-30163.79	-40012.43	-2.98192	-30163.79	-40012.43	-2.98192	2.190	0.00
0.00	-30164.17	-40012.68	-2.94254	-30164.17	-40012.68	-2.94254	2.191	0.00
0.00	-30164.58	-40012.94	-2.90383	-30164.58	-40012.94	-2.90383	2.223	0.00
0.00	-30165.04	-40013.15	-2.88336	-30165.04	-40013.15	-2.88336	2.171	0.00
0.00	-30165.47	-40013.38	-2.85699	-30165.47	-40013.38	-2.85699	2.174	0.00
0.00	-30165.78	-40013.57	-2.83611	-30165.78	-40013.57	-2.83611	2.294	0.00
0.00	-30166.20	-40013.76	-2.82387	-30166.20	-40013.76	-2.82387	2.257	0.00
0.00	-30166.54	-40013.94	-2.80862	-30166.54	-40013.94	-2.80862	2.218	0.00
0.00	-30167.12	-40014.20	-2.79657	-30167.12	-40014.20	-2.79657	2.316	0.00
0.00	-30167.26	-40014.28	-2.78913	-30167.26	-40014.28	-2.78913	2.231	0.00
0.00	-30167.69	-40014.47	-2.78259	-30167.69	-40014.47	-2.78259	2.241	0.00
0.00	-30168.08	-40014.63	-2.77768	-30168.08	-40014.63	-2.77768	2.198	0.00
0.00	-30168.46	-40014.79	-2.77459	-30168.46	-40014.79	-2.77459	2.354	0.00
0.00	-30168.81	-40014.94	-2.77163	-30168.81	-40014.94	-2.77163	2.278	0.00
0.00	-30169.22	-40015.10	-2.77030	-30169.22	-40015.10	-2.77030	2.166	0.00
0.00	-30169.55	-40015.23	-2.76963	-30169.55	-40015.23	-2.76963	2.213	0.00
0.00	-30169.94	-40015.38	-2.76923	-30169.94	-40015.38	-2.76923	2.225	0.00
0.00	-30170.30	-40015.51	-2.76987	-30170.30	-40015.51	-2.76987	2.245	0.00
0.00	-30170.69	-40015.65	-2.77126	-30170.69	-40015.65	-2.77126	2.291	0.00
0.00	-30171.05	-40015.79	-2.77285	-30171.05	-40015.79	-2.77285	2.460	0.00
0.00	-30171.43	-40015.92	-2.77557	-30171.43	-40015.92	-2.77557	2.180	0.00
0.00	-30172.07	-40016.13	-2.77942	-30172.07	-40016.13	-2.77942	2.327	0.00
0.00	-30172.02	-40016.11	-2.78028	-30172.02	-40016.11	-2.78028	2.255	0.00
0.00	-30172.48	-40016.27	-2.78202	-30172.48	-40016.27	-2.78202	2.219	0.00
0.00	-30172.88	-40016.40	-2.78466	-30172.88	-40016.40	-2.78466	2.320	0.00
0.00	-30173.25	-40016.53	-2.78584	-30173.25	-40016.53	-2.78584	2.226	0.00
0.00	-30173.58	-40016.64	-2.78804	-30173.58	-40016.64	-2.78804	2.222	0.00
0.00	-30173.96	-40016.77	-2.78773	-30173.96	-40016.77	-2.78773	2.158	0.00
0.00	-30174.32	-40016.91	-2.78713	-30174.32	-40016.91	-2.78713	2.184	0.00
0.00	-30174.80	-40017.08	-2.78564	-30174.80	-40017.08	-2.78564	2.156	0.00
0.00	-30174.84	-40017.08	-2.78771	-30174.84	-40017.08	-2.78771	2.500	0.00
0.00	-30175.30	-40017.24	-2.78926	-30175.30	-40017.24	-2.78926	2.276	0.00
0.00	-30175.94	-40017.46	-2.79199	-30175.94	-40017.46	-2.79199	2.204	0.00
0.00	-30176.09	-40017.49	-2.79421	-30176.09	-40017.49	-2.79421	2.262	0.00
0.00	-30176.54	-40017.64	-2.79643	-30176.54	-40017.64	-2.79643	2.217	0.00
0.00	-30176.90	-40017.76	-2.79728	-30176.90	-40017.76	-2.79728	2.147	0.00
0.00	-30177.23	-40017.87	-2.79931	-30177.23	-40017.87	-2.79931	2.298	0.00
0.00	-30177.63	-40018.01	-2.79987	-30177.63	-40018.01	-2.79987	2.134	0.00
0.00	-30178.00	-40018.13	-2.80033	-30178.00	-40018.13	-2.80033	2.138	0.00
0.00	-30178.37	-40018.26	-2.80100	-30178.37	-40018.26	-2.80100	2.148	0.00
0.00	-30178.75	-40018.39	-2.80135	-30178.75	-40018.39	-2.80135	2.234	0.00
0.00	-30179.11	-40018.51	-2.80176	-30179.11	-40018.51	-2.80176	2.323	0.00
0.00	-30179.49	-40018.64	-2.80181	-30179.49	-40018.64	-2.80181	2.207	0.00
0.00	-30180.25	-40018.90	-2.80243	-30180.25	-40018.90	-2.80243	2.483	0.00
0.00	-30180.22	-40018.89	-2.80249	-30180.22	-40018.89	-2.80249	2.335	0.00
0.00	-30180.63	-40019.03	-2.80260	-30180.63	-40019.03	-2.80260	2.259	0.00
0.00	-30181.02	-40019.16	-2.80321	-30181.02	-40019.16	-2.80321	2.324	0.00
0.00	-30181.37	-40019.29	-2.80373	-30181.37	-40019.29	-2.80373	2.206	0.00
0.00	-30181.74	-40019.41	-2.80436	-30181.74	-40019.41	-2.80436	2.204	0.00
0.00	-30182.09	-40019.53	-2.80499	-30182.09	-40019.53	-2.80499	2.202	0.00
0.00	-30182.48	-40019.67	-2.80541	-30182.48	-40019.67	-2.80541	2.152	0.00
0.00	-30182.84	-40019.79	-2.80617	-30182.84	-40019.79	-2.80617	2.188	0.00
0.00	-30183.20	-40019.91	-2.80694	-30183.20	-40019.91	-2.80694	2.197	0.00
0.00	-30183.66	-40020.07	-2.80751	-30183.66	-40020.07	-2.80751	2.242	0.00
0.00	-30184.05	-40020.20	-2.80790	-30184.05	-40020.20	-2.80790	2.208	0.00
0.00	-30184.35	-40020.30	-2.80838	-30184.35	-40020.30	-2.80838	2.218	0.00
0.00	-30184.76	-40020.44	-2.80882	-30184.76	-40020.44	-2.80882	2.241	0.00
0.00	-30185.09	-40020.55	-2.80989	-30185.09	-40020.55	-2.80989	2.282	0.00
0.00	-30185.45	-40020.67	-2.81120	-30185.45	-40020.67	-2.81120	2.232	0.00
0.00	-30185.83	-40020.80	-2.81244	-30185.83	-40020.80	-2.81244	2.320	0.00
0.00	-30186.20	-40020.92	-2.81389	-30186.20	-40020.92	-2.81389	2.272	0.00
0.00	-30186.58	-40021.04	-2.81517	-30186.58	-40021.04	-2.81517	2.165	0.00
0.00	-30186.93	-40021.16	-2.81652	-30186.93	-40021.16	-2.81652	2.232	0.00
0.00	-30187.59	-40021.37	-2.81783	-30187.59	-40021.37	-2.81783	2.296	0.00
0.00	-30187.56	-40021.36	-2.81894	-30187.56	-40021.36	-2.81894	2.194	0.00
0.00	-30188.08	-40021.53	-2.82030	-30188.08	-40021.53	-2.82030	2.157	0.00
0.00	-30188.83	-40021.77	-2.82211	-30188.83	-40021.77	-2.82211	2.279	0.00
0.00	-30188.76	-40021.75	-2.82280	-30188.76	-40021.75	-2.82280	2.232	0.00
0.00	-30189.21	-40021.89	-2.82486	-30189.21	-40021.89	-2.82486	2.334	0.00
0.00	-30189.63	-40022.02	-2.82649	-30189.63	-40022.02	-2.82649	2.511	0.00
0.00	-30190.00	-40022.13	-2.82815	-30190.00	-40022.13	-2.82815	2.232	0.00
0.00	-30190.39	-40022.25	-2.82952	-30190.39	-40022.25	-2.82952	2.299	0.00
0.00	-30190.72	-40022.36	-2.83103	-30190.72	-40022.36	-2.83103	2.224	0.00
0.00	-30191.19	-40022.50	-2.83250	-30191.19	-40022.50	-2.83250	2.272	0.00
0.00	-30191.53	-40022.61	-2.83414	-30191.53	-40022.61	-2.83414	2.175	0.00
0.00	-30191.88	-40022.71	-2.83533	-30191.88	-40022.71	-2.83533	2.213	0.00
0.00	-30192.22	-40022.82	-2.83686	-30192.22	-40022.82	-2.83686	2.234	0.00
0.00	-30192.75	-40022.98	-2.83903	-30192.75	-40022.98	-2.83903	2.331	0.00
0.00	-30192.88	-40023.02	-2.84014	-30192.88	-40023.02	-2.84014	2.293	0.00
0.00	-30193.29	-40023.14	-2.84149	-30193.29	-40023.14	-2.84149	2.306	0.00
0.00	-30193.69	-40023.26	-2.84236	-30193.69	-40023.26	-2.84236	2.349	0.00
0.00	-30194.05	-40023.37	-2.84339	-30194.05	-40023.37	-2.84339	2.317	0.00
0.00	-30194.43	-40023.48	-2.84425	-30194.43	-40023.48	-2.84425	2.278	0.00
0.00	-30194.88	-40023.62	-2.84507	-30194.88	-40023.62	-2.84507	2.236	0.00
0.00	-30195.20	-40023.71	-2.84603	-30195.20	-40023.71	-2.84603	2.334	0.00
0.00	-30195.56	-40023.82	-2.84670	-30195.56	-40023.82	-2.84670	2.298	0.00
0.00	-30195.92	-40023.92	-2.84744	-30195.92	-40023.92	-2.84744	2.305	0.00
0.00	-30196.29	-40024.03	-2.84805	-30196.29	-40024.03	-2.84805	2.255	0.00
0.00	-30196.63	-40024.13	-2.84914	-30196.63	-40024.13	-2.84914	2.237	0.00
0.00	-30197.45	-40024.37	-2.84991	-30197.45	-40024.37	-2.84991	2.293	0.00
0.00	-30197.27	-40024.31	-2.85014	-30197.27	-40024.31	-2.85014	2.403	0.00
0.00	-30197.74	-40024.45	-2.85069	-30197.74	-40024.45	-2.85069	2.394	0.00
0.00	-30198.18	-40024.58	-2.85122	-30198.18	-40024.58	-2.85122	2.307	0.00
0.00	-30198.64	-40024.72	-2.85151	-30198.64	-40024.72	-2.85151	2.248	0.00
0.00	-30198.97	-40024.81	-2.85160	-30198.97	-40024.81	-2.85160	2.423	0.00
0.00	-30199.29	-40024.90	-2.85208	-30199.29	-40024.90	-2.85208	2.300	0.00
0.00	-30199.66	-40025.01	-2.85273	-30199.66	-40025.01	-2.85273	2.264	0.00
0.00	-30200.03	-40025.12	-2.85291	-30200.03	-40025.12	-2.85291	2.425	0.00
0.00	-30200.39	-40025.22	-2.85338	-30200.39	-40025.22	-2.85338	2.625	0.00
0.00	-30200.75	-40025.32	-2.85411	-30200.75	-40025.32	-2.85411	2.449	0.00
0.00	-30201.13	-40025.43	-2.85457	-30201.13	-40025.43	-2.85457	2.450	0.00
0.00	-30201.68	-40025.58	-2.85562	-30201.68	-40025.58	-2.85562	2.574	0.00
0.00	-30201.85	-40025.63	-2.85620	-30201.85	-40025.63	-2.85620	2.758	0.00
0.00	-30202.33	-40025.77	-2.85666	-30202.33	-40025.77	-2.85666	3.208	0.00
0.00	-30202.66	-40025.86	-2.85699	-30202.66	-40025.86	-2.85699	2.800	0.00
0.00	-30203.01	-40025.96	-2.85676	-30203.01	-40025.96	-2.85676	2.845	0.00
0.00	-30203.36	-40026.05	-2.85716	-30203.36	-40026.05	-2.85716	3.038	0.00
0.00	-30203.70	-40026.15	-2.85786	-30203.70	-40026.15	-2.85786	2.886	0.00
0.00	-30204.08	-40026.26	-2.85807	-30204.08	-40026.26	-2.85807	3.057	0.00
0.00	-30204.44	-40026.36	-2.85825	-30204.44	-40026.36	-2.85825	3.413	0.00
0.00	-30204.81	-40026.46	-2.85814	-30204.81	-40026.46	-2.85814	3.181	0.00
0.00	-30205.17	-40026.56	-2.85805	-30205.17	-40026.56	-2.85805	3.231	0.00
0.00	-30205.61	-40026.69	-2.85784	-30205.61	-40026.69	-2.85784	3.277	0.00
0.00	-30206.02	-40026.80	-2.85744	-30206.02	-40026.80	-2.85744	3.418	0.00
0.00	-30206.34	-40026.89	-2.85686	-30206.34	-40026.89	-2.85686	3.631	0.00
0.00	-30206.70	-40027.00	-2.85647	-30206.70	-40027.00	-2.85647	3.772	0.00
0.00	-30207.09	-40027.11	-2.85585	-30207.09	-40027.11	-2.85585	3.624	0.00
0.00	-30207.45	-40027.21	-2.85546	-30207.45	-40027.21	-2.85546	3.708	0.00
0.00	-30207.82	-40027.31	-2.85540	-30207.82	-40027.31	-2.85540	3.895	0.00
0.00	-30208.22	-40027.43	-2.85502	-30208.22	-40027.43	-2.85502	3.676	0.00
0.00	-30208.59	-40027.54	-2.85469	-30208.59	-40027.54	-2.85469	3.660	0.00
0.00	-30208.97	-40027.64	-2.85415	-30208.97	-40027.64	-2.85415	5.883	0.00
0.00	-30209.41	-40027.77	-2.85355	-30209.41	-40027.77	-2.85355	3.505	0.00
0.00	-30209.85	-40027.90	-2.85316	-30209.85	-40027.90	-2.85316	4.007	0.00
0.00	-30210.26	-40028.02	-2.85244	-30210.26	-40028.02	-2.85244	3.776	0.00
0.00	-30210.57	-40028.11	-2.85193	-30210.57	-40028.11	-2.85193	4.235	0.00
0.00	-30210.91	-40028.21	-2.85124	-30210.91	-40028.21	-2.85124	4.212	0.00
0.00	-30211.38	-40028.34	-2.85024	-30211.38	-40028.34	-2.85024	4.306	0.00
0.00	-30211.74	-40028.45	-2.84960	-30211.74	-40028.45	-2.84960	4.289	0.00
0.00	-30212.08	-40028.55	-2.84917	-30212.08	-40028.55	-2.84917	4.649	0.00
0.00	-30212.48	-40028.67	-2.84850	-30212.48	-40028.67	-2.84850	4.620	0.00
0.00	-30212.85	-40028.78	-2.84779	-30212.85	-40028.78	-2.84779	4.529	0.00
0.00	-30213.21	-40028.88	-2.84727	-30213.21	-40028.88	-2.84727	4.891	0.00
0.00	-30213.61	-40029.00	-2.84651	-30213.61	-40029.00	-2.84651	4.486	0.00
0.00	-30213.97	-40029.11	-2.84587	-30213.97	-40029.11	-2.84587	4.175	0.00
0.00	-30214.49	-40029.26	-2.84552	-30214.49	-40029.26	-2.84552	4.959	0.00
0.00	-30214.79	-40029.35	-2.84531	-30214.79	-40029.35	-2.84531	4.964	0.00
0.00	-30214.98	-40029.40	-2.84502	-30214.98	-40029.40	-2.84502	5.139	0.00
0.00	-30215.40	-40029.53	-2.84444	-30215.40	-40029.53	-2.84444	5.136	0.00
0.00	-30216.08	-40029.73	-2.84378	-30216.08	-40029.73	-2.84378	5.586	0.00
0.00	-30216.01	-40029.71	-2.84370	-30216.01	-40029.71	-2.84370	4.461	0.00
0.00	-30216.44	-40029.84	-2.84256	-30216.44	-40029.84	-2.84256	3.728	0.00
0.00	-30216.80	-40029.95	-2.84116	-30216.80	-40029.95	-2.84116	4.201	0.00
0.00	-30217.17	-40030.06	-2.84070	-30217.17	-40030.06	-2.84070	4.117	0.00
0.00	-30217.57	-40030.18	-2.83976	-30217.57	-40030.18	-2.83976	5.766	0.00
0.00	-30217.93	-40030.29	-2.83901	-30217.93	-40030.29	-2.83901	5.271	0.00
0.00	-30218.28	-40030.39	-2.83848	-30218.28	-40030.39	-2.83848	4.742	0.00
0.00	-30218.75	-40030.53	-2.83781	-30218.75	-40030.53	-2.83781	5.015	0.00
0.00	-30218.96	-40030.60	-2.83728	-30218.96	-40030.60	-2.83728	4.903	0.00
0.00	-30219.34	-40030.71	-2.83620	-30219.34	-40030.71	-2.83620	5.153	0.00
0.00	-30219.71	-40030.83	-2.83540	-30219.71	-40030.83	-2.83540	5.006	0.00
0.00	-30220.02	-40030.92	-2.83555	-30220.02	-40030.92	-2.83555	5.096	0.00
0.00	-30220.44	-40031.05	-2.83542	-30220.44	-40031.05	-2.83542	5.253	0.00
0.00	-30220.86	-40031.18	-2.83460	-30220.86	-40031.18	-2.83460	5.045	0.00
0.00	-30221.15	-40031.26	-2.83390	-30221.15	-40031.26	-2.83390	5.463	0.00
0.00	-30221.45	-40031.36	-2.83316	-30221.45	-40031.36	-2.83316	5.555	0.00
0.00	-30221.81	-40031.47	-2.83238	-30221.81	-40031.47	-2.83238	5.501	0.00
0.00	-30222.13	-40031.57	-2.83212	-30222.13	-40031.57	-2.83212	5.569	0.00
0.00	-30222.48	-40031.68	-2.83137	-30222.48	-40031.68	-2.83137	5.487	0.00
0.00	-30222.86	-40031.79	-2.83086	-30222.86	-40031.79	-2.83086	5.720	0.00
0.00	-30223.17	-40031.89	-2.83033	-30223.17	-40031.89	-2.83033	5.365	0.00
0.00	-30223.52	-40032.00	-2.82954	-30223.52	-40032.00	-2.82954	5.367	0.00
0.00	-30223.90	-40032.11	-2.82912	-30223.90	-40032.11	-2.82912	5.821	0.00
0.00	-30224.30	-40032.24	-2.82840	-30224.30	-40032.24	-2.82840	5.607	0.00
0.00	-30224.84	-40032.42	-2.82643	-30224.84	-40032.42	-2.82643	5.605	0.00
0.00	-30225.02	-40032.47	-2.82568	-30225.02	-40032.47	-2.82568	5.575	0.00
0.00	-30225.17	-40032.51	-2.82620	-30225.17	-40032.51	-2.82620	5.554	0.00
0.00	-30225.58	-40032.64	-2.82675	-30225.58	-40032.64	-2.82675	5.675	0.00
0.00	-30225.97	-40032.76	-2.82689	-30225.97	-40032.76	-2.82689	5.612	0.00
0.00	-30226.33	-40032.87	-2.82700	-30226.33	-40032.87	-2.82700	6.580	0.00
0.00	-30226.71	-40032.99	-2.82713	-30226.71	-40032.99	-2.82713	5.939	0.00
0.00	-30227.06	-40033.10	-2.82676	-30227.06	-40033.10	-2.82676	6.417	0.00
0.00	-30227.47	-40033.23	-2.82663	-30227.47	-40033.23	-2.82663	6.389	0.00
0.00	-30227.86	-40033.35	-2.82657	-30227.86	-40033.35	-2.82657	6.104	0.00
0.00	-30228.19	-40033.46	-2.82613	-30228.19	-40033.46	-2.82613	6.204	0.00
0.00	-30228.53	-40033.57	-2.82554	-30228.53	-40033.57	-2.82554	5.994	0.00
0.00	-30228.89	-40033.68	-2.82487	-30228.89	-40033.68	-2.82487	5.895	0.00
0.00	-30229.26	-40033.80	-2.82405	-30229.26	-40033.80	-2.82405	6.383	0.00
0.00	-30229.62	-40033.92	-2.82379	-30229.62	-40033.92	-2.82379	6.171	0.00
0.00	-30230.00	-40034.04	-2.82363	-30230.00	-40034.04	-2.82363	6.733	0.00
0.00	-30230.41	-40034.17	-2.82320	-30230.41	-40034.17	-2.82320	6.208	0.00
0.00	-30230.82	-40034.30	-2.82268	-30230.82	-40034.30	-2.82268	6.576	0.00
0.00	-30231.15	-40034.41	-2.82218	-30231.15	-40034.41	-2.82218	6.755	0.00
0.00	-30231.50	-40034.52	-2.82190	-30231.50	-40034.52	-2.82190	6.409	0.00
0.00	-30232.21	-40034.75	-2.82079	-30232.21	-40034.75	-2.82079	6.810	0.00
0.00	-30232.04	-40034.69	-2.82090	-30232.04	-40034.69	-2.82090	6.410	0.00
0.00	-30232.53	-40034.85	-2.82083	-30232.53	-40034.85	-2.82083	6.258	0.00
0.00	-30232.99	-40035.00	-2.82025	-30232.99	-40035.00	-2.82025	6.808	0.00
0.00	-30233.39	-40035.13	-2.81997	-30233.39	-40035.13	-2.81997	6.678	0.00
0.00	-30233.71	-40035.24	-2.81954	-30233.71	-40035.24	-2.81954	7.066	0.00
0.00	-30234.10	-40035.37	-2.81864	-30234.10	-40035.37	-2.81864	6.311	0.00
0.00	-30234.45	-40035.48	-2.81821	-30234.45	-40035.48	-2.81821	6.413	0.00
0.00	-30234.91	-40035.63	-2.81753	-30234.91	-40035.63	-2.81753	6.837	0.00
0.00	-30235.29	-40035.76	-2.81661	-30235.29	-40035.76	-2.81661	6.564	0.00
0.00	-30235.61	-40035.86	-2.81582	-30235.61	-40035.86	-2.81582	6.879	0.00
0.00	-30235.96	-40035.98	-2.81521	-30235.96	-40035.98	-2.81521	6.956	0.00
0.00	-30236.34	-40036.11	-2.81458	-30236.34	-40036.11	-2.81458	6.867	0.00
0.00	-30236.69	-40036.22	-2.81433	-30236.69	-40036.22	-2.81433	6.841	0.00
0.00	-30237.08	-40036.35	-2.81405	-30237.08	-40036.35	-2.81405	6.569	0.00
0.00	-30237.45	-40036.47	-2.81390	-30237.45	-40036.47	-2.81390	7.082	0.00
0.00	-30237.80	-40036.58	-2.81383	-30237.80	-40036.58	-2.81383	7.207	0.00
0.00	-30238.20	-40036.71	-2.81329	-30238.20	-40036.71	-2.81329	6.991	0.00
0.00	-30238.65	-40036.86	-2.81287	-30238.65	-40036.86	-2.81287	7.064	0.00
0.00	-30238.97	-40036.97	-2.81266	-30238.97	-40036.97	-2.81266	6.861	0.00
0.00	-30239.34	-40037.09	-2.81273	-30239.34	-40037.09	-2.81273	7.061	0.00
0.00	-30239.82	-40037.25	-2.81225	-30239.82	-40037.25	-2.81225	6.994	0.00
0.00	-30239.88	-40037.26	-2.81255	-30239.88	-40037.26	-2.81255	7.062	0.00
0.00	-30240.33	-40037.41	-2.81221	-30240.33	-40037.41	-2.81221	6.813	0.00
0.00	-30240.73	-40037.54	-2.81304	-30240.73	-40037.54	-2.81304	7.034	0.00
0.00	-30241.14	-40037.68	-2.81339	-30241.14	-40037.68	-2.81339	7.551	0.00
0.00	-30241.51	-40037.80	-2.81360	-30241.51	-40037.80	-2.81360	7.154	0.00
0.00	-30241.89	-40037.92	-2.81376	-30241.89	-40037.92	-2.81376	6.809	0.00
0.00	-30242.33	-40038.06	-2.81387	-30242.33	-40038.06	-2.81387	6.987	0.00
0.00	-30242.64	-40038.16	-2.81429	-30242.64	-40038.16	-2.81429	7.019	0.00
0.00	-30242.97	-40038.27	-2.81464	-30242.97	-40038.27	-2.81464	7.326	0.00
0.00	-30243.34	-40038.39	-2.81482	-30243.34	-40038.39	-2.81482	7.881	0.00
0.00	-30244.07	-40038.64	-2.81436	-30244.07	-40038.64	-2.81436	7.455	0.00
0.00	-30243.97	-40038.60	-2.81429	-30243.97	-40038.60	-2.81429	7.503	0.00
0.00	-30244.40	-40038.74	-2.81399	-30244.40	-40038.74	-2.81399	7.214	0.00
0.00	-30244.78	-40038.87	-2.81408	-30244.78	-40038.87	-2.81408	7.458	0.00
0.00	-30245.17	-40039.00	-2.81405	-30245.17	-40039.00	-2.81405	7.867	0.00
0.00	-30245.54	-40039.12	-2.81386	-30245.54	-40039.12	-2.81386	7.931	0.00
0.00	-30245.97	-40039.27	-2.81305	-30245.97	-40039.27	-2.81305	7.771	0.00
0.00	-30246.28	-40039.37	-2.81238	-30246.28	-40039.37	-2.81238	7.604	0.00
0.00	-30246.62	-40039.48	-2.81206	-30246.62	-40039.48	-2.81206	7.681	0.00
0.00	-30246.97	-40039.60	-2.81228	-30246.97	-40039.60	-2.81228	7.834	0.00
0.00	-30247.33	-40039.72	-2.81244	-30247.33	-40039.72	-2.81244	7.551	0.00
0.00	-30247.69	-40039.84	-2.81188	-30247.69	-40039.84	-2.81188	8.078	0.00
0.00	-30248.04	-40039.96	-2.81175	-30248.04	-40039.96	-2.81175	8.555	0.00
0.00	-30248.38	-40040.07	-2.81157	-30248.38	-40040.07	-2.81157	8.359	0.00
0.00	-30248.74	-40040.19	-2.81090	-30248.74	-40040.19	-2.81090	8.259	0.00
0.00	-30249.12	-40040.32	-2.81076	-30249.12	-40040.32	-2.81076	7.667	0.00
0.00	-30249.54	-40040.46	-2.81075	-30249.54	-40040.46	-2.81075	7.817	0.00
0.00	-30249.85	-40040.57	-2.81000	-30249.85	-40040.57	-2.81000	7.878	0.00
0.00	-30250.15	-40040.67	-2.80930	-30250.15	-40040.67	-2.80930	8.237	0.00
0.00	-30250.46	-40040.77	-2.80940	-30250.46	-40040.77	-2.80940	8.052	0.00
0.00	-30250.83	-40040.90	-2.80927	-30250.83	-40040.90	-2.80927	8.167	0.00
0.00	-30251.18	-40041.01	-2.80904	-30251.18	-40041.01	-2.80904	8.475	0.00
0.00	-30251.50	-40041.12	-2.80899	-30251.50	-40041.12	-2.80899	8.538	0.00
0.00	-30251.95	-40041.27	-2.80869	-30251.95	-40041.27	-2.80869	8.424	0.00
0.00	-30252.30	-40041.39	-2.80840	-30252.30	-40041.39	-2.80840	8.633	0.00
0.00	-30252.63	-40041.50	-2.80894	-30252.63	-40041.50	-2.80894	8.749	0.00
0.00	-30253.01	-40041.63	-2.80928	-30253.01	-40041.63	-2.80928	8.786	0.00
0.00	-30253.38	-40041.75	-2.80925	-30253.38	-40041.75	-2.80925	8.688	0.00
0.00	-30253.72	-40041.86	-2.80965	-30253.72	-40041.86	-2.80965	8.665	0.00
0.00	-30254.06	-40041.97	-2.81022	-30254.06	-40041.97	-2.81022	8.960	0.00
0.00	-30254.37	-40042.07	-2.81117	-30254.37	-40042.07	-2.81117	8.988	0.00
0.00	-30254.73	-40042.18	-2.81174	-30254.73	-40042.18	-2.81174	9.143	0.00
0.00	-30255.06	-40042.29	-2.81227	-30255.06	-40042.29	-2.81227	9.218	0.00
0.00	-30255.41	-40042.41	-2.81237	-30255.41	-40042.41	-2.81237	9.368	0.00
0.00	-30255.74	-40042.52	-2.81245	-30255.74	-40042.52	-2.81245	8.811	0.00
0.00	-30256.14	-40042.65	-2.81274	-30256.14	-40042.65	-2.81274	9.155	0.00
0.00	-30256.51	-40042.77	-2.81314	-30256.51	-40042.77	-2.81314	8.797	0.00
0.00	-30256.82	-40042.87	-2.81330	-30256.82	-40042.87	-2.81330	9.295	0.00
0.00	-30257.13	-40042.97	-2.81367	-30257.13	-40042.97	-2.81367	9.302	0.00
0.00	-30257.48	-40043.09	-2.81411	-30257.48	-40043.09	-2.81411	9.357	0.00
0.00	-30257.81	-40043.19	-2.81435	-30257.81	-40043.19	-2.81435	8.526	0.00
0.00	-30258.15	-40043.31	-2.81430	-30258.15	-40043.31	-2.81430	9.171	0.00
0.00	-30258.47	-40043.41	-2.81452	-30258.47	-40043.41	-2.81452	9.470	0.00
0.00	-30258.82	-40043.53	-2.81463	-30258.82	-40043.53	-2.81463	9.751	0.00
0.00	-30259.14	-40043.63	-2.81465	-30259.14	-40043.63	-2.81465	9.282	0.00
0.00	-30259.49	-40043.75	-2.81458	-30259.49	-40043.75	-2.81458	9.553	0.00
0.00	-30259.93	-40043.90	-2.81440	-30259.93	-40043.90	-2.81440	10.258	0.00
0.00	-30260.14	-40043.97	-2.81414	-30260.14	-40043.97	-2.81414	8.993	0.00
0.00	-30260.46	-40044.08	-2.81377	-30260.46	-40044.08	-2.81377	9.730	0.00
0.00	-30260.80	-40044.19	-2.81351	-30260.80	-40044.19	-2.81351	9.777	0.00
0.00	-30261.12	-40044.30	-2.81368	-30261.12	-40044.30	-2.81368	9.278	0.00
0.00	-30261.45	-40044.41	-2.81379	-30261.45	-40044.41	-2.81379	9.956	0.00
0.00	-30261.77	-40044.51	-2.81373	-30261.77	-40044.51	-2.81373	9.437	0.00
0.00	-30262.09	-40044.62	-2.81353	-30262.09	-40044.62	-2.81353	9.563	0.00
0.00	-30262.39	-40044.72	-2.81336	-30262.39	-40044.72	-2.81336	9.731	0.00
0.00	-30262.76	-40044.85	-2.81323	-30262.76	-40044.85	-2.81323	9.982	0.00
0.00	-30263.09	-40044.96	-2.81310	-30263.09	-40044.96	-2.81310	9.650	0.00
0.00	-30263.38	-40045.05	-2.81305	-30263.38	-40045.05	-2.81305	9.811	0.00
0.00	-30263.71	-40045.16	-2.81320	-30263.71	-40045.16	-2.81320	9.949	0.00
0.00	-30264.02	-40045.27	-2.81319	-30264.02	-40045.27	-2.81319	9.922	0.00
0.00	-30264.31	-40045.36	-2.81327	-30264.31	-40045.36	-2.81327	9.699	0.00
0.00	-30264.62	-40045.47	-2.81334	-30264.62	-40045.47	-2.81334	10.294	0.00
0.00	-30264.93	-40045.57	-2.81353	-30264.93	-40045.57	-2.81353	9.940	0.00
0.00	-30265.26	-40045.68	-2.81363	-30265.26	-40045.68	-2.81363	10.577	0.00
0.00	-30265.56	-40045.78	-2.81352	-30265.56	-40045.78	-2.81352	9.900	0.00
0.00	-30265.95	-40045.90	-2.81331	-30265.95	-40045.90	-2.81331	10.637	0.00
0.00	-30266.24	-40046.00	-2.81348	-30266.24	-40046.00	-2.81348	10.319	0.00
0.00	-30266.50	-40046.09	-2.81364	-30266.50	-40046.09	-2.81364	10.566	0.00
0.00	-30266.78	-40046.18	-2.81380	-30266.78	-40046.18	-2.81380	10.340	0.00
0.00	-30267.12	-40046.29	-2.81381	-30267.12	-40046.29	-2.81381	10.242	0.00
0.00	-30267.40	-40046.38	-2.81394	-30267.40	-40046.38	-2.81394	10.119	0.00
0.00	-30267.71	-40046.48	-2.81408	-30267.71	-40046.48	-2.81408	10.478	0.00
0.00	-30268.01	-40046.58	-2.81437	-30268.01	-40046.58	-2.81437	10.615	0.00
0.00	-30268.30	-40046.67	-2.81465	-30268.30	-40046.67	-2.81465	11.029	0.00
0.00	-30268.61	-40046.77	-2.81538	-30268.61	-40046.77	-2.81538	10.173	0.00
0.00	-30268.98	-40046.89	-2.81587	-30268.98	-40046.89	-2.81587	10.967	0.00
0.00	-30269.29	-40046.99	-2.81616	-30269.29	-40046.99	-2.81616	10.646	0.00
0.00	-30269.57	-40047.08	-2.81628	-30269.57	-40047.08	-2.81628	10.892	0.00
0.00	-30269.85	-40047.17	-2.81648	-30269.85	-40047.17	-2.81648	10.651	0.00
0.00	-30270.15	-40047.27	-2.81693	-30270.15	-40047.27	-2.81693	10.937	0.00
0.00	-30270.45	-40047.37	-2.81746	-30270.45	-40047.37	-2.81746	11.480	0.00
0.00	-30270.79	-40047.48	-2.81780	-30270.79	-40047.48	-2.81780	10.478	0.00
0.00	-30271.12	-40047.58	-2.81797	-30271.12	-40047.58	-2.81797	11.206	0.00
0.00	-30271.44	-40047.69	-2.81836	-30271.44	-40047.69	-2.81836	11.213	0.00
0.00	-30271.75	-40047.79	-2.81825	-30271.75	-40047.79	-2.81825	11.049	0.00
0.00	-30272.14	-40047.92	-2.81818	-30272.14	-40047.92	-2.81818	10.407	0.00
0.00	-30272.47	-40048.02	-2.81817	-30272.47	-40048.02	-2.81817	10.912	0.00
0.00	-30272.75	-40048.12	-2.81851	-30272.75	-40048.12	-2.81851	11.159	0.00
0.00	-30273.09	-40048.22	-2.81870	-30273.09	-40048.22	-2.81870	11.573	0.00
0.00	-30273.42	-40048.33	-2.81875	-30273.42	-40048.33	-2.81875	11.205	0.00
0.00	-30273.77	-40048.45	-2.81873	-30273.77	-40048.45	-2.81873	11.555	0.00
0.00	-30274.10	-40048.55	-2.81881	-30274.10	-40048.55	-2.81881	11.082	0.00
0.00	-30274.49	-40048.68	-2.81860	-30274.49	-40048.68	-2.81860	11.544	0.00
0.00	-30274.81	-40048.79	-2.81824	-30274.81	-40048.79	-2.81824	12.083	0.00
0.00	-30275.15	-40048.90	-2.81804	-30275.15	-40048.90	-2.81804	11.889	0.00
0.00	-30275.57	-40049.04	-2.81785	-30275.57	-40049.04	-2.81785	11.194	0.00
0.00	-30275.93	-40049.16	-2.81739	-30275.93	-40049.16	-2.81739	11.551	0.00
0.00	-30276.24	-40049.26	-2.81722	-30276.24	-40049.26	-2.81722	11.408	0.00
0.00	-30276.60	-40049.38	-2.81727	-30276.60	-40049.38	-2.81727	11.723	0.00
0.00	-30276.94	-40049.49	-2.81738	-30276.94	-40049.49	-2.81738	11.513	0.00
0.00	-30277.30	-40049.61	-2.81749	-30277.30	-40049.61	-2.81749	11.852	0.00
0.00	-30277.63	-40049.71	-2.81762	-30277.63	-40049.71	-2.81762	11.385	0.00
0.00	-30278.00	-40049.83	-2.81756	-30278.00	-40049.83	-2.81756	11.866	0.00
0.00	-30278.37	-40049.95	-2.81776	-30278.37	-40049.95	-2.81776	12.631	0.00
0.00	-30278.69	-40050.06	-2.81798	-30278.69	-40050.06	-2.81798	11.849	0.00
0.00	-30279.11	-40050.19	-2.81821	-30279.11	-40050.19	-2.81821	11.386	0.00
0.00	-30279.44	-40050.30	-2.81820	-30279.44	-40050.30	-2.81820	11.906	0.00
0.00	-30279.74	-40050.39	-2.81827	-30279.74	-40050.39	-2.81827	11.787	0.00
0.00	-30280.09	-40050.51	-2.81829	-30280.09	-40050.51	-2.81829	11.892	0.00
0.00	-30280.42	-40050.61	-2.81844	-30280.42	-40050.61	-2.81844	12.463	0.00
0.00	-30280.76	-40050.72	-2.81846	-30280.76	-40050.72	-2.81846	12.581	0.00
0.00	-30281.08	-40050.83	-2.81867	-30281.08	-40050.83	-2.81867	11.968	0.00
0.00	-30281.42	-40050.94	-2.81886	-30281.42	-40050.94	-2.81886	12.212	0.00
0.00	-30281.75	-40051.05	-2.81911	-30281.75	-40051.05	-2.81911	12.621	0.00
0.00	-30282.10	-40051.16	-2.81935	-30282.10	-40051.16	-2.81935	12.056	0.00
0.00	-30282.52	-40051.29	-2.81949	-30282.52	-40051.29	-2.81949	11.858	0.00
0.00	-30282.79	-40051.38	-2.81943	-30282.79	-40051.38	-2.81943	12.163	0.00
0.00	-30283.08	-40051.48	-2.81920	-30283.08	-40051.48	-2.81920	12.523	0.00
0.00	-30283.42	-40051.59	-2.81865	-30283.42	-40051.59	-2.81865	12.553	0.00
0.00	-30283.74	-40051.69	-2.81817	-30283.74	-40051.69	-2.81817	12.152	0.00
0.00	-30284.09	-40051.81	-2.81784	-30284.09	-40051.81	-2.81784	12.497	0.00
0.00	-30284.42	-40051.92	-2.81760	-30284.42	-40051.92	-2.81760	12.264	0.00
0.00	-30284.77	-40052.03	-2.81732	-30284.77	-40052.03	-2.81732	12.244	0.00
0.00	-30285.10	-40052.14	-2.81708	-30285.10	-40052.14	-2.81708	12.647	0.00
0.00	-30285.46	-40052.26	-2.81665	-30285.46	-40052.26	-2.81665	12.687	0.00
0.00	-30285.86	-40052.40	-2.81616	-30285.86	-40052.40	-2.81616	12.591	0.00
0.00	-30286.18	-40052.50	-2.81575	-30286.18	-40052.50	-2.81575	12.621	0.00
0.00	-30286.52	-40052.61	-2.81589	-30286.52	-40052.61	-2.81589	12.137	0.00
0.00	-30286.85	-40052.72	-2.81614	-30286.85	-40052.72	-2.81614	12.556	0.00
0.00	-30287.19	-40052.83	-2.81644	-30287.19	-40052.83	-2.81644	12.558	0.00
0.00	-30287.54	-40052.94	-2.81662	-30287.54	-40052.94	-2.81662	12.694	0.00
0.00	-30287.89	-40053.06	-2.81683	-30287.89	-40053.06	-2.81683	12.393	0.00
0.00	-30288.27	-40053.18	-2.81698	-30288.27	-40053.18	-2.81698	12.628	0.00
0.00	-30288.60	-40053.29	-2.81735	-30288.60	-40053.29	-2.81735	12.798	0.00
0.00	-30288.98	-40053.41	-2.81778	-30288.98	-40053.41	-2.81778	12.152	0.00
0.00	-30289.38	-40053.54	-2.81843	-30289.38	-40053.54	-2.81843	12.512	0.00
0.00	-30289.68	-40053.63	-2.81886	-30289.68	-40053.63	-2.81886	12.831	0.00
0.00	-30289.99	-40053.73	-2.81928	-30289.99	-40053.73	-2.81928	12.500	0.00
0.00	-30290.38	-40053.86	-2.81966	-30290.38	-40053.86	-2.81966	12.981	0.00
0.00	-30290.68	-40053.95	-2.82029	-30290.68	-40053.95	-2.82029	12.314	0.00
0.00	-30291.04	-40054.07	-2.82077	-30291.04	-40054.07	-2.82077	12.702	0.00
0.00	-30291.38	-40054.18	-2.82123	-30291.38	-40054.18	-2.82123	12.703	0.00
0.00	-30291.75	-40054.30	-2.82152	-30291.75	-40054.30	-2.82152	12.516	0.00
0.00	-30292.11	-40054.41	-2.82179	-30292.11	-40054.41	-2.82179	13.016	0.00
0.00	-30292.50	-40054.54	-2.82191	-30292.50	-40054.54	-2.82191	12.804	0.00
0.00	-30292.89	-40054.67	-2.82224	-30292.89	-40054.67	-2.82224	12.417	0.00
0.00	-30293.24	-40054.78	-2.82254	-30293.24	-40054.78	-2.82254	13.334	0.00
0.00	-30293.55	-40054.88	-2.82258	-30293.55	-40054.88	-2.82258	12.743	0.00
0.00	-30293.92	-40055.00	-2.82197	-30293.92	-40055.00	-2.82197	13.118	0.00
0.00	-30294.27	-40055.12	-2.82138	-30294.27	-40055.12	-2.82138	13.373	0.00
0.00	-30294.69	-40055.26	-2.82118	-30294.69	-40055.26	-2.82118	13.068	0.00
0.00	-30295.04	-40055.37	-2.82113	-30295.04	-40055.37	-2.82113	13.133	0.00
0.00	-30295.42	-40055.49	-2.82120	-30295.42	-40055.49	-2.82120	12.903	0.00
0.00	-30295.78	-40055.61	-2.82137	-30295.78	-40055.61	-2.82137	13.043	0.00
0.00	-30296.18	-40055.74	-2.82114	-30296.18	-40055.74	-2.82114	13.548	0.00
0.00	-30296.58	-40055.87	-2.82096	-30296.58	-40055.87	-2.82096	13.201	0.00
0.00	-30296.92	-40055.98	-2.82089	-30296.92	-40055.98	-2.82089	13.345	0.00
0.00	-30297.27	-40056.09	-2.82099	-30297.27	-40056.09	-2.82099	12.693	0.00
0.00	-30297.64	-40056.21	-2.82110	-30297.64	-40056.21	-2.82110	14.229	0.00
0.00	-30297.99	-40056.32	-2.82146	-30297.99	-40056.32	-2.82146	13.285	0.00
0.00	-30298.37	-40056.45	-2.82188	-30298.37	-40056.45	-2.82188	13.477	0.00
0.00	-30298.86	-40056.60	-2.82249	-30298.86	-40056.60	-2.82249	13.363	0.00
0.00	-30299.09	-40056.67	-2.82278	-30299.09	-40056.67	-2.82278	13.681	0.00
0.00	-30299.47	-40056.79	-2.82298	-30299.47	-40056.79	-2.82298	13.415	0.00
0.00	-30299.86	-40056.92	-2.82315	-30299.86	-40056.92	-2.82315	13.308	0.00
0.00	-30300.27	-40057.05	-2.82324	-30300.27	-40057.05	-2.82324	13.608	0.00
0.00	-30300.61	-40057.15	-2.82307	-30300.61	-40057.15	-2.82307	14.162	0.00
0.00	-30300.95	-40057.26	-2.82337	-30300.95	-40057.26	-2.82337	13.572	0.00
0.00	-30301.33	-40057.38	-2.82391	-30301.33	-40057.38	-2.82391	14.195	0.00
0.00	-30301.68	-40057.49	-2.82450	-30301.68	-40057.49	-2.82450	13.707	0.00
0.00	-30302.05	-40057.61	-2.82473	-30302.05	-40057.61	-2.82473	13.856	0.00
0.00	-30302.40	-40057.72	-2.82491	-30302.40	-40057.72	-2.82491	14.071	0.00
0.00	-30302.81	-40057.85	-2.82483	-30302.81	-40057.85	-2.82483	13.907	0.00
0.00	-30303.15	-40057.95	-2.82489	-30303.15	-40057.95	-2.82489	13.855	0.00
0.00	-30303.56	-40058.09	-2.82543	-30303.56	-40058.09	-2.82543	13.829	0.00
0.00	-30303.96	-40058.21	-2.82601	-30303.96	-40058.21	-2.82601	13.418	0.00
0.00	-30304.27	-40058.31	-2.82650	-30304.27	-40058.31	-2.82650	15.335	0.00
0.00	-30304.59	-40058.41	-2.82706	-30304.59	-40058.41	-2.82706	13.770	0.00
0.00	-30304.98	-40058.53	-2.82752	-30304.98	-40058.53	-2.82752	14.367	0.00
0.00	-30305.35	-40058.64	-2.82817	-30305.35	-40058.64	-2.82817	14.431	0.00
0.00	-30305.70	-40058.75	-2.82894	-30305.70	-40058.75	-2.82894	13.778	0.00
0.00	-30306.08	-40058.87	-2.82949	-30306.08	-40058.87	-2.82949	14.458	0.00
0.00	-30306.43	-40058.98	-2.83023	-30306.43	-40058.98	-2.83023	14.133	0.00
0.00	-30306.79	-40059.09	-2.83065	-30306.79	-40059.09	-2.83065	14.790	0.00
0.00	-30307.24	-40059.24	-2.83085	-30307.24	-40059.24	-2.83085	14.419	0.00
0.00	-30307.62	-40059.35	-2.83094	-30307.62	-40059.35	-2.83094	14.959	0.00
0.00	-30307.93	-40059.45	-2.83119	-30307.93	-40059.45	-2.83119	15.923	0.00
0.00	-30308.28	-40059.56	-2.83124	-30308.28	-40059.56	-2.83124	14.959	0.00
0.00	-30308.62	-40059.67	-2.83131	-30308.62	-40059.67	-2.83131	14.299	0.00
0.00	-30308.99	-40059.78	-2.83135	-30308.99	-40059.78	-2.83135	14.479	0.00
0.00	-30309.35	-40059.89	-2.83187	-30309.35	-40059.89	-2.83187	15.447	0.00
0.00	-30309.72	-40060.01	-2.83228	-30309.72	-40060.01	-2.83228	14.748	0.00
0.00	-30310.08	-40060.12	-2.83254	-30310.08	-40060.12	-2.83254	14.405	0.00
0.00	-30310.42	-40060.23	-2.83269	-30310.42	-40060.23	-2.83269	15.158	0.00
0.00	-30310.85	-40060.36	-2.83291	-30310.85	-40060.36	-2.83291	14.447	0.00
0.00	-30311.22	-40060.48	-2.83313	-30311.22	-40060.48	-2.83313	15.422	0.00
0.00	-30311.90	-40060.69	-2.83342	-30311.90	-40060.69	-2.83342	14.538	0.00
0.00	-30311.82	-40060.66	-2.83338	-30311.82	-40060.66	-2.83338	14.378	0.00
0.00	-30312.24	-40060.79	-2.83320	-30312.24	-40060.79	-2.83320	14.818	0.00
0.00	-30312.59	-40060.90	-2.83303	-30312.59	-40060.90	-2.83303	15.103	0.00
0.00	-30312.94	-40061.01	-2.83294	-30312.94	-40061.01	-2.83294	15.072	0.00
0.00	-30313.31	-40061.13	-2.83288	-30313.31	-40061.13	-2.83288	14.864	0.00
0.00	-30313.70	-40061.25	-2.83260	-30313.70	-40061.25	-2.83260	15.306	0.00
0.00	-30314.01	-40061.35	-2.83271	-30314.01	-40061.35	-2.83271	15.231	0.00
0.00	-30314.44	-40061.48	-2.83299	-30314.44	-40061.48	-2.83299	14.790	0.00
0.00	-30314.81	-40061.60	-2.83304	-30314.81	-40061.60	-2.83304	15.666	0.00
0.00	-30315.12	-40061.69	-2.83281	-30315.12	-40061.69	-2.83281	15.052	0.00
0.00	-30315.53	-40061.82	-2.83235	-30315.53	-40061.82	-2.83235	15.388	0.00
0.00	-30315.86	-40061.93	-2.83200	-30315.86	-40061.93	-2.83200	15.657	0.00
0.00	-30316.24	-40062.05	-2.83181	-30316.24	-40062.05	-2.83181	15.667	0.00
0.00	-30316.60	-40062.16	-2.83195	-30316.60	-40062.16	-2.83195	14.784	0.00
0.00	-30316.99	-40062.28	-2.83191	-30316.99	-40062.28	-2.83191	15.623	0.00
0.00	-30317.36	-40062.39	-2.83174	-30317.36	-40062.39	-2.83174	15.997	0.00
0.00	-30317.75	-40062.51	-2.83170	-30317.75	-40062.51	-2.83170	15.764	0.00
0.00	-30318.21	-40062.66	-2.83195	-30318.21	-40062.66	-2.83195	15.886	0.00
0.00	-30318.58	-40062.77	-2.83198	-30318.58	-40062.77	-2.83198	15.775	0.00
0.00	-30318.91	-40062.88	-2.83193	-30318.91	-40062.88	-2.83193	16.087	0.00
0.00	-30319.29	-40062.99	-2.83189	-30319.29	-40062.99	-2.83189	15.747	0.00
0.00	-30319.66	-40063.11	-2.83194	-30319.66	-40063.11	-2.83194	15.871	0.00
0.00	-30320.09	-40063.24	-2.83195	-30320.09	-40063.24	-2.83195	15.645	0.00
0.00	-30320.44	-40063.35	-2.83205	-30320.44	-40063.35	-2.83205	15.740	0.00
0.00	-30320.82	-40063.47	-2.83193	-30320.82	-40063.47	-2.83193	16.270	0.00
0.00	-30321.18	-40063.58	-2.83184	-30321.18	-40063.58	-2.83184	16.142	0.00
0.00	-30321.57	-40063.70	-2.83182	-30321.57	-40063.70	-2.83182	16.321	0.00
0.00	-30322.02	-40063.83	-2.83200	-30322.02	-40063.83	-2.83200	15.907	0.00
0.00	-30322.39	-40063.95	-2.83217	-30322.39	-40063.95	-2.83217	16.860	0.00
0.00	-30322.72	-40064.05	-2.83254	-30322.72	-40064.05	-2.83254	16.062	0.00
0.00	-30323.09	-40064.16	-2.83263	-30323.09	-40064.16	-2.83263	16.088	0.00
0.00	-30323.44	-40064.27	-2.83268	-30323.44	-40064.27	-2.83268	16.015	0.00
0.00	-30323.87	-40064.40	-2.83285	-30323.87	-40064.40	-2.83285	16.470	0.00
0.00	-30324.19	-40064.50	-2.83316	-30324.19	-40064.50	-2.83316	15.804	0.00
0.00	-30324.58	-40064.62	-2.83297	-30324.58	-40064.62	-2.83297	16.610	0.00
0.00	-30324.94	-40064.73	-2.83262	-30324.94	-40064.73	-2.83262	15.799	0.00
0.00	-30325.32	-40064.85	-2.83217	-30325.32	-40064.85	-2.83217	17.200	0.00
0.00	-30325.74	-40064.98	-2.83185	-30325.74	-40064.98	-2.83185	16.070	0.00
0.00	-30326.07	-40065.08	-2.83163	-30326.07	-40065.08	-2.83163	16.228	0.00
0.00	-30326.40	-40065.18	-2.83171	-30326.40	-40065.18	-2.83171	16.260	0.00
0.00	-30326.77	-40065.30	-2.83170	-30326.77	-40065.30	-2.83170	16.365	0.00
0.00	-30327.13	-40065.41	-2.83167	-30327.13	-40065.41	-2.83167	16.578	0.00
0.00	-30327.51	-40065.53	-2.83130	-30327.51	-40065.53	-2.83130	16.743	0.00
0.00	-30327.86	-40065.63	-2.83092	-30327.86	-40065.63	-2.83092	16.025	0.00
0.00	-30328.25	-40065.76	-2.83041	-30328.25	-40065.76	-2.83041	17.218	0.00
0.00	-30328.59	-40065.86	-2.82988	-30328.59	-40065.86	-2.82988	16.876	0.00
0.00	-30328.97	-40065.98	-2.82947	-30328.97	-40065.98	-2.82947	17.090	0.00
0.00	-30329.38	-40066.11	-2.82924	-30329.38	-40066.11	-2.82924	16.321	0.00
0.00	-30329.68	-40066.21	-2.82867	-30329.68	-40066.21	-2.82867	16.910	0.00
0.00	-30330.00	-40066.31	-2.82823	-30330.00	-40066.31	-2.82823	16.811	0.00
0.00	-30330.36	-40066.42	-2.82811	-30330.36	-40066.42	-2.82811	17.137	0.00
0.00	-30330.71	-40066.53	-2.82808	-30330.71	-40066.53	-2.82808	17.170	0.00
0.00	-30331.07	-40066.65	-2.82773	-30331.07	-40066.65	-2.82773	16.791	0.00
0.00	-30331.42	-40066.76	-2.82747	-30331.42	-40066.76	-2.82747	16.884	0.00
0.00	-30331.79	-40066.87	-2.82723	-30331.79	-40066.87	-2.82723	17.234	0.00
0.00	-30332.21	-40067.01	-2.82683	-30332.21	-40067.01	-2.82683	17.080	0.00
0.00	-30332.51	-40067.10	-2.82661	-30332.51	-40067.10	-2.82661	17.405	0.00
0.00	-30332.91	-40067.23	-2.82667	-30332.91	-40067.23	-2.82667	17.274	0.00
0.00	-30333.21	-40067.32	-2.82649	-30333.21	-40067.32	-2.82649	17.432	0.00
0.00	-30333.56	-40067.43	-2.82629	-30333.56	-40067.43	-2.82629	17.422	0.00
0.00	-30333.93	-40067.55	-2.82612	-30333.93	-40067.55	-2.82612	17.564	0.00
0.00	-30334.28	-40067.66	-2.82599	-30334.28	-40067.66	-2.82599	17.403	0.00
0.00	-30334.67	-40067.78	-2.82586	-30334.67	-40067.78	-2.82586	17.769	0.00
0.00	-30335.02	-40067.89	-2.82575	-30335.02	-40067.89	-2.82575	17.432	0.00
0.00	-30335.40	-40068.02	-2.82545	-30335.40	-40068.02	-2.82545	17.929	0.00
0.00	-30335.75	-40068.13	-2.82514	-30335.75	-40068.13	-2.82514	17.597	0.00
0.00	-30336.15	-40068.25	-2.82472	-30336.15	-40068.25	-2.82472	17.747	0.00
0.00	-30336.59	-40068.40	-2.82447	-30336.59	-40068.40	-2.82447	17.493	0.00
0.00	-30336.88	-40068.49	-2.82407	-30336.88	-40068.49	-2.82407	17.445	0.00
0.00	-30337.21	-40068.60	-2.82340	-30337.21	-40068.60	-2.82340	17.802	0.00
0.00	-30337.61	-40068.72	-2.82283	-30337.61	-40068.72	-2.82283	17.834	0.00
0.00	-30337.94	-40068.83	-2.82247	-30337.94	-40068.83	-2.82247	17.974	0.00
0.00	-30338.28	-40068.94	-2.82201	-30338.28	-40068.94	-2.82201	18.289	0.00
0.00	-30338.63	-40069.05	-2.82156	-30338.63	-40069.05	-2.82156	18.094	0.00
0.00	-30339.01	-40069.18	-2.82126	-30339.01	-40069.18	-2.82126	18.621	0.00
0.00	-30339.36	-40069.29	-2.82104	-30339.36	-40069.29	-2.82104	18.807	0.00
0.00	-30339.73	-40069.41	-2.82087	-30339.73	-40069.41	-2.82087	18.747	0.00
0.00	-30340.12	-40069.53	-2.82118	-30340.12	-40069.53	-2.82118	18.033	0.00
0.00	-30340.44	-40069.63	-2.82140	-30340.44	-40069.63	-2.82140	18.087	0.00
0.00	-30340.82	-40069.76	-2.82105	-30340.82	-40069.76	-2.82105	18.485	0.00
0.00	-30341.16	-40069.87	-2.81984	-30341.16	-40069.87	-2.81984	18.090	0.00
0.00	-30341.48	-40069.97	-2.81973	-30341.48	-40069.97	-2.81973	18.273	0.00
0.00	-30341.81	-40070.08	-2.82030	-30341.81	-40070.08	-2.82030	17.383	0.00
0.00	-30342.18	-40070.19	-2.82050	-30342.18	-40070.19	-2.82050	18.518	0.00
0.00	-30342.53	-40070.31	-2.82064	-30342.53	-40070.31	-2.82064	18.380	0.00
0.00	-30342.92	-40070.43	-2.82071	-30342.92	-40070.43	-2.82071	18.078	0.00
0.00	-30343.32	-40070.56	-2.82080	-30343.32	-40070.56	-2.82080	18.428	0.00
0.00	-30343.73	-40070.70	-2.82036	-30343.73	-40070.70	-2.82036	18.817	0.00
0.00	-30344.04	-40070.80	-2.81975	-30344.04	-40070.80	-2.81975	17.883	0.00
0.00	-30344.40	-40070.91	-2.81945	-30344.40	-40070.91	-2.81945	18.600	0.00
0.00	-30344.80	-40071.04	-2.81945	-30344.80	-40071.04	-2.81945	18.387	0.00
0.00	-30345.17	-40071.16	-2.81919	-30345.17	-40071.16	-2.81919	19.754	0.00
0.00	-30345.53	-40071.28	-2.81886	-30345.53	-40071.28	-2.81886	18.804	0.00
0.00	-30345.93	-40071.41	-2.81819	-30345.93	-40071.41	-2.81819	19.104	0.00
0.00	-30346.30	-40071.53	-2.81753	-30346.30	-40071.53	-2.81753	18.507	0.00
0.00	-30346.70	-40071.67	-2.81719	-30346.70	-40071.67	-2.81719	19.321	0.00
0.00	-30347.14	-40071.81	-2.81706	-30347.14	-40071.81	-2.81706	19.100	0.00
0.00	-30347.57	-40071.95	-2.81660	-30347.57	-40071.95	-2.81660	18.518	0.00
0.00	-30347.92	-40072.07	-2.81621	-30347.92	-40072.07	-2.81621	18.705	0.00
0.00	-30348.31	-40072.19	-2.81589	-30348.31	-40072.19	-2.81589	19.494	0.00
0.00	-30348.68	-40072.32	-2.81566	-30348.68	-40072.32	-2.81566	18.614	0.00
0.00	-30349.08	-40072.45	-2.81527	-30349.08	-40072.45	-2.81527	19.371	0.00
0.00	-30349.49	-40072.58	-2.81490	-30349.49	-40072.58	-2.81490	19.023	0.00
0.00	-30349.86	-40072.71	-2.81450	-30349.86	-40072.71	-2.81450	22.954	0.00
0.00	-30350.25	-40072.83	-2.81444	-30350.25	-40072.83	-2.81444	18.491	0.00
0.00	-30350.62	-40072.96	-2.81446	-30350.62	-40072.96	-2.81446	19.965	0.00
0.00	-30351.09	-40073.11	-2.81415	-30351.09	-40073.11	-2.81415	19.328	0.00
0.00	-30351.50	-40073.25	-2.81346	-30351.50	-40073.25	-2.81346	19.627	0.00
0.00	-30351.82	-40073.35	-2.81315	-30351.82	-40073.35	-2.81315	19.343	0.00
0.00	-30352.20	-40073.48	-2.81312	-30352.20	-40073.48	-2.81312	19.480	0.00
0.00	-30352.58	-40073.60	-2.81315	-30352.58	-40073.60	-2.81315	20.012	0.00
0.00	-30352.96	-40073.73	-2.81328	-30352.96	-40073.73	-2.81328	20.205	0.00
0.00	-30353.34	-40073.85	-2.81367	-30353.34	-40073.85	-2.81367	20.014	0.00
0.00	-30353.73	-40073.98	-2.81388	-30353.73	-40073.98	-2.81388	19.861	0.00
0.00	-30354.20	-40074.13	-2.81426	-30354.20	-40074.13	-2.81426	20.275	0.00
0.00	-30354.47	-40074.22	-2.81452	-30354.47	-40074.22	-2.81452	19.635	0.00
0.00	-30354.93	-40074.37	-2.81455	-30354.93	-40074.37	-2.81455	19.705	0.00
0.00	-30355.33	-40074.50	-2.81424	-30355.33	-40074.50	-2.81424	20.627	0.00
0.00	-30355.66	-40074.61	-2.81422	-30355.66	-40074.61	-2.81422	19.698	0.00
0.00	-30356.04	-40074.73	-2.81432	-30356.04	-40074.73	-2.81432	20.392	0.00
0.00	-30356.40	-40074.85	-2.81433	-30356.40	-40074.85	-2.81433	19.991	0.00
0.00	-30356.78	-40074.98	-2.81427	-30356.78	-40074.98	-2.81427	20.118	0.00
0.00	-30357.14	-40075.10	-2.81444	-30357.14	-40075.10	-2.81444	19.558	0.00
0.00	-30357.52	-40075.22	-2.81436	-30357.52	-40075.22	-2.81436	19.718	0.00
0.00	-30357.87	-40075.34	-2.81396	-30357.87	-40075.34	-2.81396	20.091	0.00
0.00	-30358.28	-40075.48	-2.81336	-30358.28	-40075.48	-2.81336	20.472	0.00
0.00	-30358.67	-40075.61	-2.81311	-30358.67	-40075.61	-2.81311	19.769	0.00
0.00	-30359.04	-40075.73	-2.81310	-30359.04	-40075.73	-2.81310	20.352	0.00
0.00	-30359.36	-40075.84	-2.81334	-30359.36	-40075.84	-2.81334	20.024	0.00
0.00	-30359.72	-40075.96	-2.81334	-30359.72	-40075.96	-2.81334	20.102	0.00
0.00	-30360.09	-40076.08	-2.81276	-30360.09	-40076.08	-2.81276	20.174	0.00
0.00	-30360.44	-40076.20	-2.81220	-30360.44	-40076.20	-2.81220	20.338	0.00
0.00	-30360.79	-40076.32	-2.81201	-30360.79	-40076.32	-2.81201	20.164	0.00
0.00	-30361.21	-40076.46	-2.81218	-30361.21	-40076.46	-2.81218	20.757	0.00
0.00	-30361.50	-40076.56	-2.81237	-30361.50	-40076.56	-2.81237	19.964	0.00
0.00	-30361.88	-40076.68	-2.81252	-30361.88	-40076.68	-2.81252	20.497	0.00
0.00	-30362.29	-40076.82	-2.81311	-30362.29	-40076.82	-2.81311	20.222	0.00
0.00	-30362.69	-40076.95	-2.81394	-30362.69	-40076.95	-2.81394	20.864	0.00
0.00	-30362.96	-40077.04	-2.81505	-30362.96	-40077.04	-2.81505	20.478	0.00
0.00	-30363.31	-40077.15	-2.81596	-30363.31	-40077.15	-2.81596	20.160	0.00
0.00	-30363.65	-40077.26	-2.81663	-30363.65	-40077.26	-2.81663	20.499	0.00
0.00	-30364.01	-40077.38	-2.81722	-30364.01	-40077.38	-2.81722	20.880	0.00
0.00	-30364.35	-40077.49	-2.81797	-30364.35	-40077.49	-2.81797	20.896	0.00
0.00	-30364.71	-40077.61	-2.81875	-30364.71	-40077.61	-2.81875	20.885	0.00
0.00	-30365.06	-40077.72	-2.81996	-30365.06	-40077.72	-2.81996	20.707	0.00
0.00	-30365.42	-40077.84	-2.82101	-30365.42	-40077.84	-2.82101	21.160	0.00
0.00	-30365.82	-40077.97	-2.82214	-30365.82	-40077.97	-2.82214	20.552	0.00
0.00	-30366.16	-40078.07	-2.82314	-30366.16	-40078.07	-2.82314	20.747	0.00
0.00	-30366.49	-40078.18	-2.82423	-30366.49	-40078.18	-2.82423	21.254	0.00
0.00	-30366.81	-40078.28	-2.82476	-30366.81	-40078.28	-2.82476	21.593	0.00
0.00	-30367.15	-40078.39	-2.82498	-30367.15	-40078.39	-2.82498	20.912	0.00
0.00	-30367.51	-40078.50	-2.82531	-30367.51	-40078.50	-2.82531	20.767	0.00
0.00	-30367.84	-40078.60	-2.82595	-30367.84	-40078.60	-2.82595	20.409	0.00
0.00	-30368.19	-40078.71	-2.82636	-30368.19	-40078.71	-2.82636	21.447	0.00
0.00	-30368.52	-40078.81	-2.82699	-30368.52	-40078.81	-2.82699	20.738	0.00
0.00	-30368.87	-40078.93	-2.82772	-30368.87	-40078.93	-2.82772	21.228	0.00
0.00	-30369.28	-40079.05	-2.82870	-30369.28	-40079.05	-2.82870	20.917	0.00
0.00	-30369.59	-40079.15	-2.82951	-30369.59	-40079.15	-2.82951	21.149	0.00
0.00	-30369.90	-40079.25	-2.83024	-30369.90	-40079.25	-2.83024	21.030	0.00
0.00	-30370.24	-40079.35	-2.83103	-30370.24	-40079.35	-2.83103	21.858	0.00
0.00	-30370.60	-40079.47	-2.83217	-30370.60	-40079.47	-2.83217	20.811	0.00
0.00	-30370.92	-40079.57	-2.83332	-30370.92	-40079.57	-2.83332	22.243	0.00
0.00	-30371.24	-40079.67	-2.83451	-30371.24	-40079.67	-2.83451	21.202	0.00
0.00	-30371.57	-40079.77	-2.83575	-30371.57	-40079.77	-2.83575	21.869	0.00
0.00	-30371.90	-40079.87	-2.83707	-30371.90	-40079.87	-2.83707	21.381	0.00
0.00	-30372.25	-40079.98	-2.83824	-30372.25	-40079.98	-2.83824	21.363	0.00
0.00	-30372.62	-40080.09	-2.83933	-30372.62	-40080.09	-2.83933	21.940	0.00
0.00	-30372.91	-40080.18	-2.84065	-30372.91	-40080.18	-2.84065	21.750	0.00
0.00	-30373.22	-40080.27	-2.84246	-30373.22	-40080.27	-2.84246	21.736	0.00
0.00	-30373.54	-40080.37	-2.84448	-30373.54	-40080.37	-2.84448	21.922	0.00
0.00	-30373.85	-40080.46	-2.84684	-30373.85	-40080.46	-2.84684	22.009	0.00
0.00	-30374.21	-40080.57	-2.84947	-30374.21	-40080.57	-2.84947	21.052	0.00
0.00	-30374.50	-40080.66	-2.85213	-30374.50	-40080.66	-2.85213	22.083	0.00
0.00	-30374.83	-40080.75	-2.85532	-30374.83	-40080.75	-2.85532	22.040	0.00
0.00	-30375.16	-40080.85	-2.85832	-30375.16	-40080.85	-2.85832	21.661	0.00
0.00	-30375.49	-40080.94	-2.86124	-30375.49	-40080.94	-2.86124	21.987	0.00
0.00	-30375.86	-40081.05	-2.86476	-30375.86	-40081.05	-2.86476	21.549	0.00
0.00	-30376.15	-40081.12	-2.86904	-30376.15	-40081.12	-2.86904	22.196	0.00
0.00	-30376.43	-40081.20	-2.87358	-30376.43	-40081.20	-2.87358	22.025	0.00
0.00	-30376.77	-40081.29	-2.87790	-30376.77	-40081.29	-2.87790	22.176	0.00
0.00	-30377.08	-40081.37	-2.88251	-30377.08	-40081.37	-2.88251	22.521	0.00
0.00	-30377.40	-40081.45	-2.88766	-30377.40	-40081.45	-2.88766	22.195	0.00
0.00	-30377.76	-40081.54	-2.89281	-30377.76	-40081.54	-2.89281	21.829	0.00
0.00	-30378.07	-40081.61	-2.89783	-30378.07	-40081.61	-2.89783	22.341	0.00
0.00	-30378.38	-40081.68	-2.90381	-30378.38	-40081.68	-2.90381	21.937	0.00
0.00	-30378.72	-40081.76	-2.91052	-30378.72	-40081.76	-2.91052	22.025	0.00
0.00	-30379.07	-40081.84	-2.91735	-30379.07	-40081.84	-2.91735	22.011	0.00
0.00	-30379.36	-40081.89	-2.92465	-30379.36	-40081.89	-2.92465	21.855	0.00
0.00	-30379.66	-40081.95	-2.93293	-30379.66	-40081.95	-2.93293	22.056	0.00
0.00	-30379.98	-40082.02	-2.94150	-30379.98	-40082.02	-2.94150	22.997	0.00
0.00	-30380.29	-40082.07	-2.95057	-30380.29	-40082.07	-2.95057	21.665	0.00
0.00	-30380.61	-40082.13	-2.96006	-30380.61	-40082.13	-2.96006	22.123	0.00
0.00	-30380.92	-40082.18	-2.97027	-30380.92	-40082.18	-2.97027	22.261	0.00
0.00	-30381.24	-40082.23	-2.98063	-30381.24	-40082.23	-2.98063	22.749	0.00
0.00	-30381.64	-40082.28	-2.99285	-30381.64	-40082.28	-2.99285	22.216	0.00
0.00	-30381.87	-40082.31	-3.00248	-30381.87	-40082.31	-3.00248	22.331	0.00
0.00	-30382.23	-40082.36	-3.01426	-30382.23	-40082.36	-3.01426	22.444	0.00
0.00	-30382.51	-40082.39	-3.02671	-30382.51	-40082.39	-3.02671	22.538	0.00
0.00	-30382.80	-40082.41	-3.03990	-30382.80	-40082.41	-3.03990	22.527	0.00
0.00	-30383.10	-40082.44	-3.05359	-30383.10	-40082.44	-3.05359	22.236	0.00
0.00	-30383.39	-40082.46	-3.06811	-30383.39	-40082.46	-3.06811	22.740	0.00
0.00	-30383.72	-40082.48	-3.08266	-30383.72	-40082.48	-3.08266	22.774	0.00
0.00	-30384.01	-40082.49	-3.09733	-30384.01	-40082.49	-3.09733	22.248	0.00
0.00	-30384.33	-40082.50	-3.11249	-30384.33	-40082.50	-3.11249	22.158	0.00
0.00	-30384.63	-40082.50	-3.12793	-30384.63	-40082.50	-3.12793	22.561	0.00
0.00	-30384.98	-40082.50	3.13964	-30384.98	-40082.50	3.13964	22.940	0.00
0.00	-30385.31	-40082.49	3.12332	-30385.31	-40082.49	3.12332	22.547	0.00
0.00	-30385.57	-40082.48	3.10648	-30385.57	-40082.48	3.10648	22.454	0.00
0.00	-30385.84	-40082.47	3.08913	-30385.84	-40082.47	3.08913	23.273	0.00
0.00	-30386.11	-40082.45	3.07147	-30386.11	-40082.45	3.07147	22.721	0.00
0.00	-30386.40	-40082.43	3.05316	-30386.40	-40082.43	3.05316	23.446	0.00
0.00	-30386.70	-40082.40	3.03425	-30386.70	-40082.40	3.03425	23.276	0.00
0.00	-30386.98	-40082.36	3.01473	-30386.98	-40082.36	3.01473	22.952	0.00
0.00	-30387.28	-40082.32	2.99461	-30387.28	-40082.32	2.99461	23.262	0.00
0.00	-30387.56	-40082.28	2.97379	-30387.56	-40082.28	2.97379	23.168	0.00
0.00	-30387.91	-40082.21	2.95236	-30387.91	-40082.21	2.95236	23.473	0.00
0.00	-30388.19	-40082.16	2.93062	-30388.19	-40082.16	2.93062	23.006	0.00
0.00	-30388.44	-40082.10	2.90826	-30388.44	-40082.10	2.90826	22.836	0.00
0.00	-30388.72	-40082.03	2.88557	-30388.72	-40082.03	2.88557	22.481	0.00
0.00	-30388.98	-40081.96	2.86298	-30388.98	-40081.96	2.86298	23.289	0.00
0.00	-30389.24	-40081.88	2.84104	-30389.24	-40081.88	2.84104	23.847	0.00
0.00	-30389.53	-40081.79	2.81863	-30389.53	-40081.79	2.81863	23.773	0.00
0.00	-30389.79	-40081.69	2.79538	-30389.79	-40081.69	2.79538	23.215	0.00
0.00	-30390.06	-40081.59	2.77210	-30390.06	-40081.59	2.77210	22.931	0.00
0.00	-30390.31	-40081.49	2.74883	-30390.31	-40081.49	2.74883	23.632	0.00
0.00	-30390.62	-40081.36	2.72546	-30390.62	-40081.36	2.72546	23.079	0.00
0.00	-30390.89	-40081.23	2.70125	-30390.89	-40081.23	2.70125	23.201	0.00
0.00	-30391.11	-40081.13	2.67668	-30391.11	-40081.13	2.67668	23.678	0.00
0.00	-30391.39	-40080.98	2.65194	-30391.39	-40080.98	2.65194	23.608	0.00
0.00	-30391.62	-40080.85	2.62692	-30391.62	-40080.85	2.62692	23.689	0.00
0.00	-30391.87	-40080.70	2.60158	-30391.87	-40080.70	2.60158	23.972	0.00
0.00	-30392.11	-40080.55	2.57649	-30392.11	-40080.55	2.57649	23.753	0.00
0.00	-30392.37	-40080.38	2.55197	-30392.37	-40080.38	2.55197	22.826	0.00
0.00	-30392.63	-40080.21	2.52741	-30392.63	-40080.21	2.52741	23.382	0.00
0.00	-30392.85	-40080.04	2.50322	-30392.85	-40080.04	2.50322	23.280	0.00
0.00	-30393.14	-40079.83	2.47907	-30393.14	-40079.83	2.47907	23.324	0.00
0.00	-30393.36	-40079.64	2.45544	-30393.36	-40079.64	2.45544	23.903	0.00
0.00	-30393.58	-40079.46	2.43215	-30393.58	-40079.46	2.43215	24.349	0.00
0.00	-30393.78	-40079.27	2.40893	-30393.78	-40079.27	2.40893	25.001	0.00
0.00	-30394.01	-40079.06	2.38636	-30394.01	-40079.06	2.38636	24.886	0.00
0.00	-30394.24	-40078.84	2.36506	-30394.24	-40078.84	2.36506	24.455	0.00
0.00	-30394.45	-40078.62	2.34468	-30394.45	-40078.62	2.34468	24.280	0.00
0.00	-30394.67	-40078.40	2.32516	-30394.67	-40078.40	2.32516	24.261	0.00
0.00	-30394.89	-40078.16	2.30568	-30394.89	-40078.16	2.30568	24.468	0.00
0.00	-30395.09	-40077.93	2.28656	-30395.09	-40077.93	2.28656	24.559	0.00
0.00	-30395.34	-40077.63	2.26752	-30395.34	-40077.63	2.26752	24.813	0.00
0.00	-30395.52	-40077.40	2.24868	-30395.52	-40077.40	2.24868	24.448	0.00
0.00	-30395.70	-40077.17	2.23035	-30395.70	-40077.17	2.23035	25.266	0.00
0.00	-30395.88	-40076.92	2.21251	-30395.88	-40076.92	2.21251	26.986	0.00
0.00	-30396.07	-40076.65	2.19564	-30396.07	-40076.65	2.19564	25.123	0.00
0.00	-30396.25	-40076.38	2.17905	-30396.25	-40076.38	2.17905	24.749	0.00
0.00	-30396.47	-40076.06	2.16292	-30396.47	-40076.06	2.16292	25.444	0.00
0.00	-30396.62	-40075.82	2.14807	-30396.62	-40075.82	2.14807	26.405	0.00
0.00	-30396.80	-40075.53	2.13274	-30396.80	-40075.53	2.13274	25.068	0.00
0.00	-30396.96	-40075.25	2.11714	-30396.96	-40075.25	2.11714	24.974	0.00
0.00	-30397.17	-40074.89	2.10226	-30397.17	-40074.89	2.10226	25.577	0.00
0.00	-3652293.82	2675189.04	-1.21181	-3652293.82	2675189.04	-1.21181	25.146	0.00
0.00	-3504657.80	1122021.68	0.34265	-3504657.80	1122021.68	0.34265	25.756	0.00
0.00	-994014.13	875898.73	-1.24366	-994014.13	875898.73	-1.24366	25.566	0.00
0.00	-429776.74	68207.34	-1.16460	-429776.74	68207.34	-1.16460	25.685	0.00
0.00	-246752.13	-85120.27	-0.51525	-246752.13	-85120.27	-0.51525	25.568	0.00
0.00	-113526.53	-112348.67	1.31348	-113526.53	-112348.67	1.31348	25.231	0.00
0.00	-69274.36	-48603.49	-1.27753	-69274.36	-48603.49	-1.27753	25.429	0.00
0.00	-56393.16	-46657.45	3.03331	-56393.16	-46657.45	3.03331	25.560	0.00
0.00	-36170.47	-45270.90	-0.70103	-36170.47	-45270.90	-0.70103	25.666	0.00
0.00	-33804.27	-44037.71	1.04920	-33804.27	-44037.71	1.04920	24.968	0.00
0.00	-31411.46	-40701.51	-0.31621	-31411.46	-40701.51	-0.31621	25.675	0.00
0.00	-30715.36	-40524.96	2.60530	-30715.36	-40524.96	2.60530	25.505	0.00
0.00	-30587.92	-40390.13	-0.27213	-30587.92	-40390.13	-0.27213	26.132	0.00
0.00	-30496.94	-40327.80	-2.66453	-30496.94	-40327.80	-2.66453	26.460	0.00
0.00	-30383.43	-40203.35	2.39749	-30383.43	-40203.35	2.39749	25.906	0.00
0.00	-30418.76	-40126.42	1.02627	-30418.76	-40126.42	1.02627	25.874	0.00
0.00	-30399.48	-40081.61	1.00844	-30399.48	-40081.61	1.00844	25.934	0.00
0.00	-30396.60	-40073.02	1.16397	-30396.60	-40073.02	1.16397	25.309	0.00
0.00	-30396.86	-40070.18	1.35000	-30396.86	-40070.18	1.35000	25.686	0.00
0.00	-30397.40	-40068.98	1.50882	-30397.40	-40068.98	1.50882	26.890	0.00
0.00	-30397.96	-40068.22	1.64829	-30397.96	-40068.22	1.64829	25.607	0.00
0.00	-30398.46	-40067.60	1.76150	-30398.46	-40067.60	1.76150	25.521	0.00
0.00	-30398.97	-40067.12	1.87138	-30398.97	-40067.12	1.87138	26.015	0.00
0.00	-30399.40	-40066.71	1.95156	-30399.40	-40066.71	1.95156	25.651	0.00
0.00	-30399.79	-40066.35	2.01617	-30399.79	-40066.35	2.01617	26.074	0.00
0.00	-30400.17	-40066.00	2.06947	-30400.17	-40066.00	2.06947	26.225	0.00
0.00	-30400.51	-40065.62	2.10122	-30400.51	-40065.62	2.10122	26.485	0.00
0.00	-30400.79	-40065.29	2.12349	-30400.79	-40065.29	2.12349	26.076	0.00
0.00	-30401.00	-40065.05	2.13609	-30401.00	-40065.05	2.13609	26.047	0.00
0.00	-30401.22	-40064.73	2.14057	-30401.22	-40064.73	2.14057	25.678	0.00
0.00	-30401.41	-40064.42	2.14007	-30401.41	-40064.42	2.14007	25.976	0.00
0.00	-30401.56	-40064.16	2.13470	-30401.56	-40064.16	2.13470	26.353	0.00
0.00	-30401.74	-40063.82	2.12674	-30401.74	-40063.82	2.12674	27.169	0.00
0.00	-30401.89	-40063.48	2.11606	-30401.89	-40063.48	2.11606	25.971	0.00
0.00	-30402.05	-40063.13	2.10521	-30402.05	-40063.13	2.10521	25.832	0.00
0.00	-30402.18	-40062.80	2.09204	-30402.18	-40062.80	2.09204	26.667	0.00
0.00	-30402.33	-40062.44	2.07972	-30402.33	-40062.44	2.07972	27.183	0.00
0.00	-30402.45	-40062.11	2.06606	-30402.45	-40062.11	2.06606	26.823	0.00
0.00	-30402.58	-40061.74	2.05142	-30402.58	-40061.74	2.05142	26.832	0.00
0.00	-30402.72	-40061.34	2.03730	-30402.72	-40061.34	2.03730	26.934	0.00
0.00	-30402.84	-40060.97	2.02533	-30402.84	-40060.97	2.02533	26.817	0.00
0.00	-30402.93	-40060.67	2.01321	-30402.93	-40060.67	2.01321	26.005	0.00
0.00	-30403.05	-40060.33	2.00408	-30403.05	-40060.33	2.00408	27.491	0.00
0.00	-30403.14	-40060.03	1.99385	-30403.14	-40060.03	1.99385	26.788	0.00
0.00	-30403.23	-40059.73	1.98536	-30403.23	-40059.73	1.98536	27.916	0.00
0.00	-30403.31	-40059.45	1.97628	-30403.31	-40059.45	1.97628	26.651	0.00
0.00	-30403.42	-40059.11	1.96785	-30403.42	-40059.11	1.96785	27.237	0.00
0.00	-30403.50	-40058.82	1.95984	-30403.50	-40058.82	1.95984	27.303	0.00
0.00	-30403.60	-40058.52	1.95413	-30403.60	-40058.52	1.95413	28.121	0.00
0.00	-30403.69	-40058.19	1.94731	-30403.69	-40058.19	1.94731	27.536	0.00
0.00	-30403.79	-40057.90	1.94226	-30403.79	-40057.90	1.94226	26.784	0.00
0.00	-30403.87	-40057.60	1.93532	-30403.87	-40057.60	1.93532	27.259	0.00
0.00	-30403.98	-40057.26	1.92952	-30403.98	-40057.26	1.92952	27.607	0.00
0.00	-30404.07	-40056.96	1.92352	-30404.07	-40056.96	1.92352	27.134	0.00
0.00	-30404.17	-40056.62	1.91923	-30404.17	-40056.62	1.91923	27.002	0.00
0.00	-30404.25	-40056.35	1.91531	-30404.25	-40056.35	1.91531	27.093	0.00
0.00	-30404.34	-40056.05	1.91215	-30404.34	-40056.05	1.91215	28.480	0.00
0.00	-30404.44	-40055.73	1.90922	-30404.44	-40055.73	1.90922	28.193	0.00
0.00	-30404.55	-40055.38	1.90713	-30404.55	-40055.38	1.90713	28.132	0.00
0.00	-30404.65	-40055.06	1.90508	-30404.65	-40055.06	1.90508	28.526	0.00
0.00	-30404.76	-40054.74	1.90330	-30404.76	-40054.74	1.90330	28.460	0.00
0.00	-30404.84	-40054.49	1.90124	-30404.84	-40054.49	1.90124	27.789	0.00
0.00	-30404.91	-40054.25	1.89967	-30404.91	-40054.25	1.89967	28.111	0.00
0.00	-30405.01	-40053.95	1.89843	-30405.01	-40053.95	1.89843	27.492	0.00
0.00	-30405.12	-40053.61	1.89736	-30405.12	-40053.61	1.89736	27.906	0.00
0.00	-30405.25	-40053.21	1.89637	-30405.25	-40053.21	1.89637	28.194	0.00
0.00	-30405.32	-40053.00	1.89573	-30405.32	-40053.00	1.89573	28.112	0.00
0.00	-30405.42	-40052.68	1.89491	-30405.42	-40052.68	1.89491	28.236	0.00
0.00	-30405.52	-40052.39	1.89389	-30405.52	-40052.39	1.89389	29.283	0.00
0.00	-30405.62	-40052.06	1.89284	-30405.62	-40052.06	1.89284	28.306	0.00
0.00	-30405.74	-40051.72	1.89213	-30405.74	-40051.72	1.89213	28.138	0.00
0.00	-30405.84	-40051.41	1.89122	-30405.84	-40051.41	1.89122	28.033	0.00
0.00	-30405.96	-40051.03	1.89036	-30405.96	-40051.03	1.89036	28.084	0.00
0.00	-30406.07	-40050.71	1.88925	-30406.07	-40050.71	1.88925	28.530	0.00
0.00	-30406.16	-40050.40	1.88798	-30406.16	-40050.40	1.88798	28.983	0.00
0.00	-30406.26	-40050.11	1.88680	-30406.26	-40050.11	1.88680	28.803	0.00
0.00	-30406.38	-40049.73	1.88586	-30406.38	-40049.73	1.88586	29.216	0.00
0.00	-30406.46	-40049.47	1.88493	-30406.46	-40049.47	1.88493	28.302	0.00
0.00	-30406.57	-40049.14	1.88393	-30406.57	-40049.14	1.88393	28.802	0.00
0.00	-30406.70	-40048.72	1.88281	-30406.70	-40048.72	1.88281	28.441	0.00
0.00	-30406.81	-40048.37	1.88184	-30406.81	-40048.37	1.88184	28.786	0.00
0.00	-30406.94	-40047.98	1.88116	-30406.94	-40047.98	1.88116	29.569	0.00
0.00	-30407.05	-40047.63	1.88070	-30407.05	-40047.63	1.88070	29.449	0.00
0.00	-30407.14	-40047.35	1.88003	-30407.14	-40047.35	1.88003	28.553	0.00
0.00	-30407.25	-40047.00	1.87916	-30407.25	-40047.00	1.87916	28.704	0.00
0.00	-30407.36	-40046.64	1.87828	-30407.36	-40046.64	1.87828	28.953	0.00
0.00	-30407.48	-40046.27	1.87745	-30407.48	-40046.27	1.87745	29.919	0.00
0.00	-30407.60	-40045.88	1.87651	-30407.60	-40045.88	1.87651	28.634	0.00
0.00	-30407.74	-40045.39	1.87496	-30407.74	-40045.39	1.87496	29.189	0.00
0.00	-30407.80	-40045.19	1.87356	-30407.80	-40045.19	1.87356	29.425	0.00
0.00	-30407.92	-40044.76	1.87153	-30407.92	-40044.76	1.87153	29.219	0.00
0.00	-30408.02	-40044.42	1.86954	-30408.02	-40044.42	1.86954	28.795	0.00
0.00	-30408.13	-40044.05	1.86713	-30408.13	-40044.05	1.86713	29.965	0.00
0.00	-30408.21	-40043.72	1.86500	-30408.21	-40043.72	1.86500	28.548	0.00
0.00	-30408.32	-40043.35	1.86274	-30408.32	-40043.35	1.86274	29.568	0.00
