0.00	-30445.68	-39861.17	0.35000	-30445.68	-39861.17	0.35000	2.926	0.00
0.00	-30445.13	-39860.98	0.35000	-30445.13	-39860.98	0.35000	2.837	0.00
0.00	-30444.55	-39860.82	0.29029	-30444.55	-39860.82	0.29029	2.904	0.00
0.00	-30444.33	-39860.74	0.30008	-30444.33	-39860.74	0.30008	2.847	0.00
0.00	-30443.94	-39860.62	0.30064	-30443.94	-39860.62	0.30064	2.490	0.00
0.00	-30443.61	-39860.52	0.30070	-30443.61	-39860.52	0.30070	2.695	0.00
0.00	-30443.26	-39860.41	0.30053	-30443.26	-39860.41	0.30053	2.507	0.00
0.00	-30442.90	-39860.30	0.30050	-30442.90	-39860.30	0.30050	2.960	0.00
0.00	-30442.51	-39860.18	0.30048	-30442.51	-39860.18	0.30048	2.710	0.00
0.00	-30442.14	-39860.07	0.30038	-30442.14	-39860.07	0.30038	2.733	0.00
0.00	-30441.77	-39859.95	0.30026	-30441.77	-39859.95	0.30026	2.533	0.00
0.00	-30441.39	-39859.83	0.30023	-30441.39	-39859.83	0.30023	2.396	0.00
0.00	-30440.96	-39859.70	0.30038	-30440.96	-39859.70	0.30038	2.548	0.00
0.00	-30440.56	-39859.57	0.30060	-30440.56	-39859.57	0.30060	2.513	0.00
0.00	-30440.03	-39859.41	0.30080	-30440.03	-39859.41	0.30080	2.714	0.00
0.00	-30439.93	-39859.38	0.30086	-30439.93	-39859.38	0.30086	2.363	0.00
0.00	-30439.54	-39859.26	0.30104	-30439.54	-39859.26	0.30104	2.417	0.00
0.00	-30439.21	-39859.15	0.30113	-30439.21	-39859.15	0.30113	2.415	0.00
0.00	-30438.87	-39859.05	0.30112	-30438.87	-39859.05	0.30112	2.640	0.00
0.00	-30438.51	-39858.94	0.30100	-30438.51	-39858.94	0.30100	2.607	0.00
0.00	-30438.12	-39858.82	0.30079	-30438.12	-39858.82	0.30079	2.669	0.00
0.00	-30437.75	-39858.70	0.30058	-30437.75	-39858.70	0.30058	2.591	0.00
0.00	-30437.37	-39858.59	0.30044	-30437.37	-39858.59	0.30044	2.671	0.00
0.00	-30437.04	-39858.48	0.30036	-30437.04	-39858.48	0.30036	2.547	0.00
0.00	-30436.67	-39858.37	0.30040	-30436.67	-39858.37	0.30040	2.895	0.00
0.00	-30436.26	-39858.24	0.30056	-30436.26	-39858.24	0.30056	2.478	0.00
0.00	-30435.91	-39858.13	0.30077	-30435.91	-39858.13	0.30077	2.474	0.00
0.00	-30435.57	-39858.02	0.30103	-30435.57	-39858.02	0.30103	2.444	0.00
0.00	-30435.22	-39857.91	0.30127	-30435.22	-39857.91	0.30127	2.456	0.00
0.00	-30434.87	-39857.80	0.30150	-30434.87	-39857.80	0.30150	2.578	0.00
0.00	-30434.50	-39857.69	0.30179	-30434.50	-39857.69	0.30179	3.016	0.00
0.00	-30434.15	-39857.58	0.30207	-30434.15	-39857.58	0.30207	2.604	0.00
0.00	-30433.77	-39857.46	0.30224	-30433.77	-39857.46	0.30224	3.525	0.00
0.00	-30433.41	-39857.35	0.30229	-30433.41	-39857.35	0.30229	2.525	0.00
0.00	-30433.06	-39857.24	0.30232	-30433.06	-39857.24	0.30232	2.493	0.00
0.00	-30432.69	-39857.12	0.30239	-30432.69	-39857.12	0.30239	2.378	0.00
0.00	-30432.27	-39856.99	0.30250	-30432.27	-39856.99	0.30250	2.308	0.00
0.00	-30431.82	-39856.85	0.30269	-30431.82	-39856.85	0.30269	2.588	0.00
0.00	-30431.67	-39856.80	0.30279	-30431.67	-39856.80	0.30279	3.198	0.00
0.00	-30431.31	-39856.69	0.30286	-30431.31	-39856.69	0.30286	3.538	0.00
0.00	-30430.96	-39856.58	0.30287	-30430.96	-39856.58	0.30287	2.203	0.00
0.00	-30430.61	-39856.47	0.30274	-30430.61	-39856.47	0.30274	2.434	0.00
0.00	-30430.23	-39856.35	0.30245	-30430.23	-39856.35	0.30245	2.635	0.00
0.00	-30429.80	-39856.22	0.30211	-30429.80	-39856.22	0.30211	2.391	0.00
0.00	-30429.54	-39856.14	0.30184	-30429.54	-39856.14	0.30184	2.456	0.00
0.00	-30429.07	-39856.00	0.30164	-30429.07	-39856.00	0.30164	2.763	0.00
0.00	-30428.63	-39855.86	0.30145	-30428.63	-39855.86	0.30145	2.611	0.00
0.00	-30428.17	-39855.72	0.30106	-30428.17	-39855.72	0.30106	2.548	0.00
0.00	-30427.91	-39855.64	0.30051	-30427.91	-39855.64	0.30051	2.686	0.00
0.00	-30427.63	-39855.56	0.29995	-30427.63	-39855.56	0.29995	2.206	0.00
0.00	-30427.25	-39855.44	0.29931	-30427.25	-39855.44	0.29931	2.375	0.00
0.00	-30426.87	-39855.32	0.29882	-30426.87	-39855.32	0.29882	2.469	0.00
0.00	-30426.50	-39855.21	0.29824	-30426.50	-39855.21	0.29824	2.339	0.00
0.00	-30426.14	-39855.11	0.29779	-30426.14	-39855.11	0.29779	2.380	0.00
0.00	-30425.68	-39854.97	0.29737	-30425.68	-39854.97	0.29737	2.556	0.00
0.00	-30425.33	-39854.86	0.29705	-30425.33	-39854.86	0.29705	2.648	0.00
0.00	-30424.92	-39854.74	0.29678	-30424.92	-39854.74	0.29678	2.560	0.00
0.00	-30424.51	-39854.61	0.29663	-30424.51	-39854.61	0.29663	2.560	0.00
0.00	-30424.10	-39854.49	0.29666	-30424.10	-39854.49	0.29666	2.533	0.00
0.00	-30423.81	-39854.40	0.29681	-30423.81	-39854.40	0.29681	2.293	0.00
0.00	-30423.46	-39854.29	0.29716	-30423.46	-39854.29	0.29716	2.418	0.00
0.00	-30423.11	-39854.18	0.29759	-30423.11	-39854.18	0.29759	2.315	0.00
0.00	-30422.77	-39854.07	0.29792	-30422.77	-39854.07	0.29792	2.473	0.00
0.00	-30422.42	-39853.97	0.29814	-30422.42	-39853.97	0.29814	2.325	0.00
0.00	-30421.99	-39853.83	0.29830	-30421.99	-39853.83	0.29830	2.565	0.00
0.00	-30421.68	-39853.74	0.29849	-30421.68	-39853.74	0.29849	2.520	0.00
0.00	-30421.26	-39853.61	0.29881	-30421.26	-39853.61	0.29881	2.355	0.00
0.00	-30420.83	-39853.47	0.29917	-30420.83	-39853.47	0.29917	2.367	0.00
0.00	-30420.47	-39853.36	0.29966	-30420.47	-39853.36	0.29966	2.602	0.00
0.00	-30420.19	-39853.27	0.30021	-30420.19	-39853.27	0.30021	2.505	0.00
0.00	-30419.86	-39853.17	0.30052	-30419.86	-39853.17	0.30052	2.431	0.00
0.00	-30419.50	-39853.05	0.30063	-30419.50	-39853.05	0.30063	2.353	0.00
0.00	-30419.21	-39852.96	0.30061	-30419.21	-39852.96	0.30061	2.490	0.00
0.00	-30418.86	-39852.86	0.30049	-30418.86	-39852.86	0.30049	2.425	0.00
0.00	-30418.44	-39852.73	0.30042	-30418.44	-39852.73	0.30042	2.379	0.00
0.00	-30418.14	-39852.63	0.30039	-30418.14	-39852.63	0.30039	2.341	0.00
0.00	-30417.77	-39852.52	0.30040	-30417.77	-39852.52	0.30040	2.331	0.00
0.00	-30417.43	-39852.41	0.30044	-30417.43	-39852.41	0.30044	2.412	0.00
0.00	-30417.08	-39852.31	0.30036	-30417.08	-39852.31	0.30036	2.599	0.00
0.00	-30416.68	-39852.18	0.30027	-30416.68	-39852.18	0.30027	2.465	0.00
0.00	-30416.35	-39852.08	0.30015	-30416.35	-39852.08	0.30015	2.600	0.00
0.00	-30416.05	-39851.99	0.29999	-30416.05	-39851.99	0.29999	2.280	0.00
0.00	-30415.70	-39851.88	0.29978	-30415.70	-39851.88	0.29978	2.247	0.00
0.00	-30415.23	-39851.74	0.29942	-30415.23	-39851.74	0.29942	2.733	0.00
0.00	-30415.09	-39851.69	0.29919	-30415.09	-39851.69	0.29919	2.312	0.00
0.00	-30414.68	-39851.57	0.29890	-30414.68	-39851.57	0.29890	2.353	0.00
0.00	-30414.36	-39851.47	0.29860	-30414.36	-39851.47	0.29860	2.593	0.00
0.00	-30414.05	-39851.38	0.29814	-30414.05	-39851.38	0.29814	2.302	0.00
0.00	-30413.76	-39851.29	0.29754	-30413.76	-39851.29	0.29754	2.202	0.00
0.00	-30413.44	-39851.20	0.29696	-30413.44	-39851.20	0.29696	2.322	0.00
0.00	-30413.10	-39851.09	0.29639	-30413.10	-39851.09	0.29639	2.321	0.00
0.00	-30412.80	-39851.00	0.29591	-30412.80	-39851.00	0.29591	2.412	0.00
0.00	-30412.41	-39850.89	0.29548	-30412.41	-39850.89	0.29548	2.377	0.00
0.00	-30412.09	-39850.79	0.29509	-30412.09	-39850.79	0.29509	2.348	0.00
0.00	-30411.76	-39850.69	0.29468	-30411.76	-39850.69	0.29468	2.189	0.00
0.00	-30411.34	-39850.57	0.29435	-30411.34	-39850.57	0.29435	2.256	0.00
0.00	-30411.07	-39850.49	0.29391	-30411.07	-39850.49	0.29391	2.195	0.00
0.00	-30410.75	-39850.39	0.29344	-30410.75	-39850.39	0.29344	2.200	0.00
0.00	-30410.41	-39850.29	0.29299	-30410.41	-39850.29	0.29299	2.299	0.00
0.00	-30410.06	-39850.19	0.29263	-30410.06	-39850.19	0.29263	2.353	0.00
0.00	-30409.70	-39850.08	0.29233	-30409.70	-39850.08	0.29233	2.334	0.00
0.00	-30409.35	-39849.98	0.29207	-30409.35	-39849.98	0.29207	2.694	0.00
0.00	-30409.00	-39849.87	0.29191	-30409.00	-39849.87	0.29191	2.514	0.00
0.00	-30408.63	-39849.76	0.29177	-30408.63	-39849.76	0.29177	2.226	0.00
0.00	-30408.25	-39849.65	0.29169	-30408.25	-39849.65	0.29169	2.243	0.00
0.00	-30407.88	-39849.54	0.29167	-30407.88	-39849.54	0.29167	2.358	0.00
0.00	-30407.48	-39849.42	0.29169	-30407.48	-39849.42	0.29169	2.572	0.00
0.00	-30407.16	-39849.32	0.29170	-30407.16	-39849.32	0.29170	2.489	0.00
0.00	-30406.80	-39849.21	0.29171	-30406.80	-39849.21	0.29171	2.301	0.00
0.00	-30406.43	-39849.10	0.29176	-30406.43	-39849.10	0.29176	2.306	0.00
0.00	-30406.05	-39848.99	0.29184	-30406.05	-39848.99	0.29184	2.377	0.00
0.00	-30405.67	-39848.87	0.29195	-30405.67	-39848.87	0.29195	2.384	0.00
0.00	-30405.28	-39848.75	0.29212	-30405.28	-39848.75	0.29212	2.401	0.00
0.00	-30404.85	-39848.62	0.29226	-30404.85	-39848.62	0.29226	2.331	0.00
0.00	-30404.40	-39848.49	0.29249	-30404.40	-39848.49	0.29249	2.547	0.00
0.00	-30403.97	-39848.36	0.29271	-30403.97	-39848.36	0.29271	2.508	0.00
0.00	-30403.66	-39848.26	0.29285	-30403.66	-39848.26	0.29285	2.259	0.00
0.00	-30403.26	-39848.14	0.29299	-30403.26	-39848.14	0.29299	2.285	0.00
0.00	-30402.91	-39848.03	0.29321	-30402.91	-39848.03	0.29321	2.368	0.00
0.00	-30402.52	-39847.92	0.29344	-30402.52	-39847.92	0.29344	2.344	0.00
0.00	-30402.12	-39847.79	0.29373	-30402.12	-39847.79	0.29373	2.279	0.00
0.00	-30401.72	-39847.67	0.29405	-30401.72	-39847.67	0.29405	2.356	0.00
0.00	-30401.33	-39847.55	0.29426	-30401.33	-39847.55	0.29426	2.468	0.00
0.00	-30400.90	-39847.42	0.29468	-30400.90	-39847.42	0.29468	2.251	0.00
0.00	-30400.48	-39847.29	0.29509	-30400.48	-39847.29	0.29509	2.314	0.00
0.00	-30400.02	-39847.15	0.29558	-30400.02	-39847.15	0.29558	2.487	0.00
0.00	-30399.61	-39847.02	0.29598	-30399.61	-39847.02	0.29598	2.490	0.00
0.00	-30399.23	-39846.90	0.29641	-30399.23	-39846.90	0.29641	2.339	0.00
0.00	-30398.87	-39846.79	0.29685	-30398.87	-39846.79	0.29685	2.341	0.00
0.00	-30398.44	-39846.66	0.29733	-30398.44	-39846.66	0.29733	2.418	0.00
0.00	-30398.07	-39846.54	0.29764	-30398.07	-39846.54	0.29764	2.427	0.00
0.00	-30397.71	-39846.43	0.29808	-30397.71	-39846.43	0.29808	2.295	0.00
0.00	-30397.33	-39846.31	0.29847	-30397.33	-39846.31	0.29847	2.418	0.00
0.00	-30396.90	-39846.18	0.29869	-30396.90	-39846.18	0.29869	2.507	0.00
0.00	-30396.52	-39846.06	0.29880	-30396.52	-39846.06	0.29880	2.399	0.00
0.00	-30396.10	-39845.93	0.29881	-30396.10	-39845.93	0.29881	2.216	0.00
0.00	-30395.69	-39845.80	0.29882	-30395.69	-39845.80	0.29882	2.455	0.00
0.00	-30395.23	-39845.66	0.29896	-30395.23	-39845.66	0.29896	2.433	0.00
0.00	-30394.86	-39845.55	0.29915	-30394.86	-39845.55	0.29915	2.396	0.00
0.00	-30394.49	-39845.43	0.29932	-30394.49	-39845.43	0.29932	2.369	0.00
0.00	-30394.15	-39845.33	0.29950	-30394.15	-39845.33	0.29950	2.387	0.00
0.00	-30393.70	-39845.19	0.29968	-30393.70	-39845.19	0.29968	2.373	0.00
0.00	-30393.40	-39845.09	0.29984	-30393.40	-39845.09	0.29984	2.284	0.00
0.00	-30392.99	-39844.97	0.30006	-30392.99	-39844.97	0.30006	2.444	0.00
0.00	-30392.62	-39844.85	0.30034	-30392.62	-39844.85	0.30034	2.419	0.00
0.00	-30392.22	-39844.73	0.30069	-30392.22	-39844.73	0.30069	2.520	0.00
0.00	-30391.83	-39844.60	0.30108	-30391.83	-39844.60	0.30108	2.887	0.00
0.00	-30391.40	-39844.47	0.30153	-30391.40	-39844.47	0.30153	2.822	0.00
0.00	-30391.10	-39844.37	0.30212	-30391.10	-39844.37	0.30212	2.723	0.00
0.00	-30390.73	-39844.25	0.30266	-30390.73	-39844.25	0.30266	2.867	0.00
0.00	-30390.38	-39844.14	0.30320	-30390.38	-39844.14	0.30320	2.665	0.00
0.00	-30390.02	-39844.03	0.30361	-30390.02	-39844.03	0.30361	3.049	0.00
0.00	-30389.68	-39843.92	0.30404	-30389.68	-39843.92	0.30404	3.118	0.00
0.00	-30389.30	-39843.80	0.30426	-30389.30	-39843.80	0.30426	3.133	0.00
0.00	-30388.94	-39843.69	0.30444	-30388.94	-39843.69	0.30444	3.024	0.00
0.00	-30388.59	-39843.57	0.30454	-30388.59	-39843.57	0.30454	3.103	0.00
0.00	-30388.21	-39843.45	0.30462	-30388.21	-39843.45	0.30462	2.897	0.00
0.00	-30387.87	-39843.35	0.30477	-30387.87	-39843.35	0.30477	4.134	0.00
0.00	-30387.46	-39843.22	0.30494	-30387.46	-39843.22	0.30494	3.637	0.00
0.00	-30387.04	-39843.08	0.30520	-30387.04	-39843.08	0.30520	3.495	0.00
0.00	-30386.66	-39842.96	0.30544	-30386.66	-39842.96	0.30544	3.359	0.00
0.00	-30386.31	-39842.85	0.30561	-30386.31	-39842.85	0.30561	3.743	0.00
0.00	-30385.93	-39842.73	0.30568	-30385.93	-39842.73	0.30568	3.991	0.00
0.00	-30385.51	-39842.60	0.30564	-30385.51	-39842.60	0.30564	3.979	0.00
0.00	-30385.26	-39842.52	0.30559	-30385.26	-39842.52	0.30559	3.825	0.00
0.00	-30384.87	-39842.40	0.30557	-30384.87	-39842.40	0.30557	4.200	0.00
0.00	-30384.49	-39842.28	0.30555	-30384.49	-39842.28	0.30555	4.315	0.00
0.00	-30384.13	-39842.16	0.30556	-30384.13	-39842.16	0.30556	4.224	0.00
0.00	-30383.74	-39842.04	0.30558	-30383.74	-39842.04	0.30558	3.978	0.00
0.00	-30383.28	-39841.89	0.30570	-30383.28	-39841.89	0.30570	4.564	0.00
0.00	-30382.85	-39841.76	0.30590	-30382.85	-39841.76	0.30590	4.563	0.00
0.00	-30382.46	-39841.63	0.30620	-30382.46	-39841.63	0.30620	4.615	0.00
0.00	-30382.16	-39841.54	0.30641	-30382.16	-39841.54	0.30641	4.701	0.00
0.00	-30381.71	-39841.39	0.30652	-30381.71	-39841.39	0.30652	4.737	0.00
0.00	-30381.27	-39841.26	0.30661	-30381.27	-39841.26	0.30661	4.518	0.00
0.00	-30380.97	-39841.16	0.30665	-30380.97	-39841.16	0.30665	3.561	0.00
0.00	-30380.67	-39841.06	0.30668	-30380.67	-39841.06	0.30668	4.723	0.00
0.00	-30380.24	-39840.93	0.30677	-30380.24	-39840.93	0.30677	4.815	0.00
0.00	-30379.78	-39840.78	0.30690	-30379.78	-39840.78	0.30690	4.245	0.00
0.00	-30379.31	-39840.63	0.30707	-30379.31	-39840.63	0.30707	5.641	0.00
0.00	-30378.97	-39840.52	0.30716	-30378.97	-39840.52	0.30716	5.269	0.00
0.00	-30378.61	-39840.41	0.30722	-30378.61	-39840.41	0.30722	4.801	0.00
0.00	-30378.20	-39840.28	0.30732	-30378.20	-39840.28	0.30732	5.548	0.00
0.00	-30377.74	-39840.13	0.30752	-30377.74	-39840.13	0.30752	5.648	0.00
0.00	-30377.31	-39839.99	0.30766	-30377.31	-39839.99	0.30766	5.524	0.00
0.00	-30376.88	-39839.86	0.30781	-30376.88	-39839.86	0.30781	5.762	0.00
0.00	-30376.45	-39839.72	0.30796	-30376.45	-39839.72	0.30796	5.921	0.00
0.00	-30376.21	-39839.64	0.30808	-30376.21	-39839.64	0.30808	5.572	0.00
0.00	-30375.78	-39839.51	0.30826	-30375.78	-39839.51	0.30826	5.648	0.00
0.00	-30375.38	-39839.38	0.30847	-30375.38	-39839.38	0.30847	6.184	0.00
0.00	-30374.98	-39839.25	0.30869	-30374.98	-39839.25	0.30869	4.834	0.00
0.00	-30374.57	-39839.12	0.30888	-30374.57	-39839.12	0.30888	4.549	0.00
0.00	-30374.15	-39838.98	0.30906	-30374.15	-39838.98	0.30906	5.917	0.00
0.00	-30373.66	-39838.83	0.30925	-30373.66	-39838.83	0.30925	17.611	0.00
0.00	-30373.25	-39838.69	0.30937	-30373.25	-39838.69	0.30937	5.654	0.00
0.00	-30372.73	-39838.52	0.30960	-30372.73	-39838.52	0.30960	5.956	0.00
0.00	-30372.50	-39838.45	0.30970	-30372.50	-39838.45	0.30970	6.045	0.00
0.00	-30372.22	-39838.36	0.30970	-30372.22	-39838.36	0.30970	5.878	0.00
0.00	-30371.72	-39838.20	0.30965	-30371.72	-39838.20	0.30965	12.045	0.00
0.00	-30371.36	-39838.09	0.30957	-30371.36	-39838.09	0.30957	5.531	0.00
0.00	-30370.97	-39837.96	0.30948	-30370.97	-39837.96	0.30948	5.517	0.00
0.00	-30370.56	-39837.83	0.30940	-30370.56	-39837.83	0.30940	6.063	0.00
0.00	-30370.17	-39837.71	0.30933	-30370.17	-39837.71	0.30933	5.628	0.00
0.00	-30369.73	-39837.57	0.30929	-30369.73	-39837.57	0.30929	6.207	0.00
0.00	-30369.38	-39837.45	0.30922	-30369.38	-39837.45	0.30922	7.091	0.00
0.00	-30369.01	-39837.34	0.30912	-30369.01	-39837.34	0.30912	5.482	0.00
0.00	-30368.60	-39837.21	0.30901	-30368.60	-39837.21	0.30901	6.322	0.00
0.00	-30368.22	-39837.09	0.30887	-30368.22	-39837.09	0.30887	5.662	0.00
0.00	-30367.78	-39836.95	0.30870	-30367.78	-39836.95	0.30870	6.063	0.00
0.00	-30367.37	-39836.82	0.30849	-30367.37	-39836.82	0.30849	6.013	0.00
0.00	-30367.02	-39836.71	0.30833	-30367.02	-39836.71	0.30833	5.902	0.00
0.00	-30366.64	-39836.59	0.30826	-30366.64	-39836.59	0.30826	6.105	0.00
0.00	-30366.23	-39836.46	0.30823	-30366.23	-39836.46	0.30823	6.075	0.00
0.00	-30365.82	-39836.32	0.30820	-30365.82	-39836.32	0.30820	6.373	0.00
0.00	-30365.43	-39836.20	0.30811	-30365.43	-39836.20	0.30811	7.761	0.00
0.00	-30364.93	-39836.04	0.30779	-30364.93	-39836.04	0.30779	6.147	0.00
0.00	-30364.71	-39835.98	0.30736	-30364.71	-39835.98	0.30736	6.603	0.00
0.00	-30364.26	-39835.84	0.30671	-30364.26	-39835.84	0.30671	6.934	0.00
0.00	-30363.86	-39835.71	0.30595	-30363.86	-39835.71	0.30595	6.604	0.00
0.00	-30363.46	-39835.59	0.30514	-30363.46	-39835.59	0.30514	6.470	0.00
0.00	-30363.04	-39835.46	0.30440	-30363.04	-39835.46	0.30440	6.219	0.00
0.00	-30362.53	-39835.31	0.30362	-30362.53	-39835.31	0.30362	11.526	0.00
0.00	-30362.25	-39835.22	0.30305	-30362.25	-39835.22	0.30305	6.444	0.00
0.00	-30361.72	-39835.06	0.30270	-30361.72	-39835.06	0.30270	6.337	0.00
0.00	-30361.28	-39834.92	0.30250	-30361.28	-39834.92	0.30250	6.745	0.00
0.00	-30360.86	-39834.79	0.30246	-30360.86	-39834.79	0.30246	7.245	0.00
0.00	-30360.52	-39834.68	0.30251	-30360.52	-39834.68	0.30251	7.061	0.00
0.00	-30360.13	-39834.56	0.30272	-30360.13	-39834.56	0.30272	6.779	0.00
0.00	-30359.72	-39834.43	0.30302	-30359.72	-39834.43	0.30302	6.755	0.00
0.00	-30359.30	-39834.30	0.30341	-30359.30	-39834.30	0.30341	7.226	0.00
0.00	-30358.72	-39834.11	0.30397	-30358.72	-39834.11	0.30397	7.036	0.00
0.00	-30358.52	-39834.05	0.30437	-30358.52	-39834.05	0.30437	7.524	0.00
0.00	-30357.96	-39833.87	0.30472	-30357.96	-39833.87	0.30472	8.078	0.00
0.00	-30357.50	-39833.72	0.30503	-30357.50	-39833.72	0.30503	8.514	0.00
0.00	-30357.12	-39833.60	0.30522	-30357.12	-39833.60	0.30522	13.730	0.00
0.00	-30356.70	-39833.47	0.30537	-30356.70	-39833.47	0.30537	9.919	0.00
0.00	-30356.28	-39833.34	0.30555	-30356.28	-39833.34	0.30555	12.661	0.00
0.00	-30355.84	-39833.20	0.30570	-30355.84	-39833.20	0.30570	10.026	0.00
0.00	-30355.40	-39833.06	0.30581	-30355.40	-39833.06	0.30581	10.818	0.00
0.00	-30354.93	-39832.91	0.30588	-30354.93	-39832.91	0.30588	7.730	0.00
0.00	-30354.49	-39832.77	0.30587	-30354.49	-39832.77	0.30587	10.174	0.00
0.00	-30354.06	-39832.64	0.30580	-30354.06	-39832.64	0.30580	8.173	0.00
0.00	-30353.35	-39832.41	0.30571	-30353.35	-39832.41	0.30571	10.023	0.00
0.00	-30353.10	-39832.33	0.30566	-30353.10	-39832.33	0.30566	10.152	0.00
0.00	-30352.56	-39832.16	0.30564	-30352.56	-39832.16	0.30564	10.927	0.00
0.00	-30352.11	-39832.02	0.30561	-30352.11	-39832.02	0.30561	10.655	0.00
0.00	-30351.65	-39831.88	0.30565	-30351.65	-39831.88	0.30565	11.189	0.00
0.00	-30351.28	-39831.76	0.30571	-30351.28	-39831.76	0.30571	9.368	0.00
0.00	-30350.85	-39831.62	0.30571	-30350.85	-39831.62	0.30571	10.707	0.00
0.00	-30350.39	-39831.48	0.30562	-30350.39	-39831.48	0.30562	10.489	0.00
0.00	-30349.93	-39831.33	0.30549	-30349.93	-39831.33	0.30549	10.130	0.00
0.00	-30349.48	-39831.19	0.30528	-30349.48	-39831.19	0.30528	10.657	0.00
0.00	-30348.90	-39831.01	0.30498	-30348.90	-39831.01	0.30498	10.785	0.00
0.00	-30348.42	-39830.86	0.30463	-30348.42	-39830.86	0.30463	10.124	0.00
0.00	-30347.76	-39830.66	0.30418	-30347.76	-39830.66	0.30418	11.355	0.00
0.00	-30347.46	-39830.56	0.30373	-30347.46	-39830.56	0.30373	10.154	0.00
0.00	-30346.92	-39830.40	0.30340	-30346.92	-39830.40	0.30340	10.629	0.00
0.00	-30346.52	-39830.28	0.30296	-30346.52	-39830.28	0.30296	11.365	0.00
0.00	-30346.07	-39830.14	0.30260	-30346.07	-39830.14	0.30260	11.528	0.00
0.00	-30345.60	-39829.99	0.30231	-30345.60	-39829.99	0.30231	11.223	0.00
0.00	-30345.08	-39829.83	0.30222	-30345.08	-39829.83	0.30222	11.364	0.00
0.00	-30344.68	-39829.70	0.30228	-30344.68	-39829.70	0.30228	11.461	0.00
0.00	-30344.22	-39829.56	0.30252	-30344.22	-39829.56	0.30252	12.396	0.00
0.00	-30343.79	-39829.42	0.30282	-30343.79	-39829.42	0.30282	11.824	0.00
0.00	-30343.23	-39829.25	0.30316	-30343.23	-39829.25	0.30316	12.671	0.00
0.00	-30342.89	-39829.14	0.30339	-30342.89	-39829.14	0.30339	12.893	0.00
0.00	-30342.40	-39828.98	0.30350	-30342.40	-39828.98	0.30350	12.647	0.00
0.00	-30341.92	-39828.84	0.30345	-30341.92	-39828.84	0.30345	13.443	0.00
0.00	-30341.43	-39828.68	0.30338	-30341.43	-39828.68	0.30338	14.101	0.00
0.00	-30341.05	-39828.57	0.30314	-30341.05	-39828.57	0.30314	13.971	0.00
0.00	-30340.60	-39828.43	0.30274	-30340.60	-39828.43	0.30274	13.430	0.00
0.00	-30340.17	-39828.29	0.30238	-30340.17	-39828.29	0.30238	14.239	0.00
0.00	-30339.70	-39828.15	0.30163	-30339.70	-39828.15	0.30163	14.528	0.00
0.00	-30339.26	-39828.02	0.30086	-30339.26	-39828.02	0.30086	13.799	0.00
0.00	-30338.82	-39827.89	0.30001	-30338.82	-39827.89	0.30001	14.161	0.00
0.00	-30338.33	-39827.74	0.29938	-30338.33	-39827.74	0.29938	14.145	0.00
0.00	-30337.82	-39827.58	0.29887	-30337.82	-39827.58	0.29887	13.602	0.00
0.00	-30337.39	-39827.45	0.29847	-30337.39	-39827.45	0.29847	14.106	0.00
0.00	-30336.94	-39827.31	0.29814	-30336.94	-39827.31	0.29814	13.590	0.00
0.00	-30336.44	-39827.16	0.29792	-30336.44	-39827.16	0.29792	14.139	0.00
0.00	-30335.99	-39827.02	0.29778	-30335.99	-39827.02	0.29778	15.225	0.00
0.00	-30335.69	-39826.93	0.29747	-30335.69	-39826.93	0.29747	14.893	0.00
0.00	-30335.24	-39826.80	0.29706	-30335.24	-39826.80	0.29706	14.856	0.00
0.00	-30334.81	-39826.67	0.29665	-30334.81	-39826.67	0.29665	15.438	0.00
0.00	-30334.39	-39826.54	0.29637	-30334.39	-39826.54	0.29637	15.041	0.00
0.00	-30333.94	-39826.41	0.29621	-30333.94	-39826.41	0.29621	15.202	0.00
0.00	-30333.51	-39826.28	0.29624	-30333.51	-39826.28	0.29624	15.814	0.00
0.00	-30333.07	-39826.14	0.29634	-30333.07	-39826.14	0.29634	14.882	0.00
0.00	-30332.51	-39825.97	0.29645	-30332.51	-39825.97	0.29645	15.327	0.00
0.00	-30332.17	-39825.86	0.29652	-30332.17	-39825.86	0.29652	15.465	0.00
0.00	-30331.68	-39825.71	0.29670	-30331.68	-39825.71	0.29670	15.580	0.00
0.00	-30331.32	-39825.60	0.29697	-30331.32	-39825.60	0.29697	15.457	0.00
0.00	-30330.87	-39825.46	0.29736	-30330.87	-39825.46	0.29736	16.970	0.00
0.00	-30330.48	-39825.34	0.29793	-30330.48	-39825.34	0.29793	17.428	0.00
0.00	-30330.06	-39825.21	0.29851	-30330.06	-39825.21	0.29851	17.275	0.00
0.00	-30329.66	-39825.08	0.29936	-30329.66	-39825.08	0.29936	16.271	0.00
0.00	-30329.24	-39824.95	0.30017	-30329.24	-39824.95	0.30017	16.668	0.00
0.00	-30328.78	-39824.80	0.30049	-30328.78	-39824.80	0.30049	17.358	0.00
0.00	-30328.32	-39824.66	0.30148	-30328.32	-39824.66	0.30148	18.078	0.00
0.00	-30327.89	-39824.52	0.30234	-30327.89	-39824.52	0.30234	16.504	0.00
0.00	-30327.30	-39824.33	0.30319	-30327.30	-39824.33	0.30319	18.331	0.00
0.00	-30327.05	-39824.25	0.30385	-30327.05	-39824.25	0.30385	18.081	0.00
0.00	-30326.59	-39824.10	0.30434	-30326.59	-39824.10	0.30434	16.559	0.00
0.00	-30326.16	-39823.96	0.30475	-30326.16	-39823.96	0.30475	17.882	0.00
0.00	-30325.78	-39823.84	0.30499	-30325.78	-39823.84	0.30499	17.971	0.00
0.00	-30325.45	-39823.74	0.30505	-30325.45	-39823.74	0.30505	18.767	0.00
0.00	-30325.07	-39823.62	0.30501	-30325.07	-39823.62	0.30501	18.316	0.00
0.00	-30324.67	-39823.49	0.30493	-30324.67	-39823.49	0.30493	18.086	0.00
0.00	-30324.26	-39823.37	0.30478	-30324.26	-39823.37	0.30478	18.052	0.00
0.00	-30323.82	-39823.23	0.30450	-30323.82	-39823.23	0.30450	20.191	0.00
0.00	-30323.40	-39823.10	0.30396	-30323.40	-39823.10	0.30396	18.200	0.00
0.00	-30322.93	-39822.96	0.30330	-30322.93	-39822.96	0.30330	19.120	0.00
0.00	-30322.43	-39822.80	0.30243	-30322.43	-39822.80	0.30243	19.305	0.00
0.00	-30322.12	-39822.71	0.30166	-30322.12	-39822.71	0.30166	19.010	0.00
0.00	-30321.71	-39822.59	0.30099	-30321.71	-39822.59	0.30099	20.212	0.00
0.00	-30321.31	-39822.47	0.30028	-30321.31	-39822.47	0.30028	19.113	0.00
0.00	-30320.91	-39822.35	0.29970	-30320.91	-39822.35	0.29970	20.848	0.00
0.00	-30320.55	-39822.23	0.29920	-30320.55	-39822.23	0.29920	19.902	0.00
0.00	-30320.14	-39822.11	0.29897	-30320.14	-39822.11	0.29897	20.619	0.00
0.00	-30319.72	-39821.98	0.29893	-30319.72	-39821.98	0.29893	19.539	0.00
0.00	-30319.33	-39821.86	0.29913	-30319.33	-39821.86	0.29913	19.964	0.00
0.00	-30318.85	-39821.71	0.29964	-30318.85	-39821.71	0.29964	21.075	0.00
0.00	-30318.42	-39821.57	0.30050	-30318.42	-39821.57	0.30050	21.142	0.00
0.00	-30317.99	-39821.44	0.30050	-30317.99	-39821.44	0.30050	20.304	0.00
0.00	-30317.65	-39821.33	0.30172	-30317.65	-39821.33	0.30172	21.449	0.00
0.00	-30317.20	-39821.18	0.30299	-30317.20	-39821.18	0.30299	22.021	0.00
0.00	-30316.79	-39821.05	0.30408	-30316.79	-39821.05	0.30408	21.120	0.00
0.00	-30316.37	-39820.91	0.30493	-30316.37	-39820.91	0.30493	20.561	0.00
0.00	-30315.97	-39820.78	0.30568	-30315.97	-39820.78	0.30568	21.871	0.00
0.00	-30315.54	-39820.64	0.30615	-30315.54	-39820.64	0.30615	22.300	0.00
0.00	-30315.16	-39820.52	0.30672	-30315.16	-39820.52	0.30672	22.780	0.00
0.00	-30314.77	-39820.39	0.30729	-30314.77	-39820.39	0.30729	21.138	0.00
0.00	-30314.24	-39820.22	0.30799	-30314.24	-39820.22	0.30799	21.558	0.00
0.00	-30313.75	-39820.06	0.30866	-30313.75	-39820.06	0.30866	23.537	0.00
0.00	-30313.19	-39819.88	0.30957	-30313.19	-39819.88	0.30957	22.631	0.00
0.00	-30313.04	-39819.83	0.31034	-30313.04	-39819.83	0.31034	21.840	0.00
0.00	-30312.63	-39819.69	0.31109	-30312.63	-39819.69	0.31109	21.927	0.00
0.00	-30312.13	-39819.53	0.31177	-30312.13	-39819.53	0.31177	23.055	0.00
0.00	-30311.72	-39819.39	0.31259	-30311.72	-39819.39	0.31259	24.778	0.00
0.00	-30311.39	-39819.28	0.31341	-30311.39	-39819.28	0.31341	22.783	0.00
0.00	-30311.01	-39819.16	0.31425	-30311.01	-39819.16	0.31425	23.727	0.00
0.00	-30310.60	-39819.02	0.31514	-30310.60	-39819.02	0.31514	25.210	0.00
0.00	-30310.14	-39818.86	0.31592	-30310.14	-39818.86	0.31592	24.423	0.00
0.00	-30309.74	-39818.73	0.31662	-30309.74	-39818.73	0.31662	23.581	0.00
0.00	-30309.30	-39818.58	0.31712	-30309.30	-39818.58	0.31712	24.617	0.00
0.00	-30308.85	-39818.43	0.31747	-30308.85	-39818.43	0.31747	24.230	0.00
0.00	-30308.42	-39818.29	0.31741	-30308.42	-39818.29	0.31741	23.963	0.00
0.00	-30308.07	-39818.18	0.31719	-30308.07	-39818.18	0.31719	23.415	0.00
0.00	-30307.64	-39818.04	0.31663	-30307.64	-39818.04	0.31663	25.803	0.00
0.00	-30307.17	-39817.89	0.31604	-30307.17	-39817.89	0.31604	24.733	0.00
0.00	-30306.75	-39817.75	0.31551	-30306.75	-39817.75	0.31551	28.069	0.00
0.00	-30306.39	-39817.64	0.31476	-30306.39	-39817.64	0.31476	26.415	0.00
0.00	-30305.98	-39817.51	0.31400	-30305.98	-39817.51	0.31400	26.296	0.00
0.00	-30305.62	-39817.40	0.31314	-30305.62	-39817.40	0.31314	26.295	0.00
0.00	-30305.15	-39817.25	0.31235	-30305.15	-39817.25	0.31235	26.727	0.00
0.00	-30304.79	-39817.14	0.31162	-30304.79	-39817.14	0.31162	25.397	0.00
0.00	-30304.38	-39817.01	0.31086	-30304.38	-39817.01	0.31086	26.182	0.00
0.00	-30303.90	-39816.86	0.31028	-30303.90	-39816.86	0.31028	25.917	0.00
0.00	-30303.50	-39816.73	0.30996	-30303.50	-39816.73	0.30996	26.820	0.00
0.00	-30303.12	-39816.61	0.31000	-30303.12	-39816.61	0.31000	25.607	0.00
0.00	-30302.76	-39816.49	0.31030	-30302.76	-39816.49	0.31030	26.496	0.00
0.00	-30302.30	-39816.34	0.31098	-30302.30	-39816.34	0.31098	26.832	0.00
0.00	-30301.82	-39816.18	0.31185	-30301.82	-39816.18	0.31185	26.244	0.00
0.00	-30301.41	-39816.05	0.31259	-30301.41	-39816.05	0.31259	26.102	0.00
0.00	-30301.10	-39815.94	0.31346	-30301.10	-39815.94	0.31346	27.237	0.00
0.00	-30300.73	-39815.82	0.31440	-30300.73	-39815.82	0.31440	28.147	0.00
0.00	-30300.30	-39815.67	0.31533	-30300.30	-39815.67	0.31533	28.263	0.00
0.00	-30299.91	-39815.54	0.31628	-30299.91	-39815.54	0.31628	26.221	0.00
0.00	-30299.38	-39815.36	0.31728	-30299.38	-39815.36	0.31728	28.032	0.00
0.00	-30299.07	-39815.26	0.31826	-30299.07	-39815.26	0.31826	27.679	0.00
0.00	-30298.58	-39815.09	0.31913	-30298.58	-39815.09	0.31913	28.845	0.00
0.00	-30298.23	-39814.97	0.31983	-30298.23	-39814.97	0.31983	27.260	0.00
0.00	-30297.85	-39814.84	0.32029	-30297.85	-39814.84	0.32029	28.680	0.00
0.00	-30297.49	-39814.72	0.32062	-30297.49	-39814.72	0.32062	28.273	0.00
0.00	-30297.10	-39814.59	0.32072	-30297.10	-39814.59	0.32072	29.784	0.00
0.00	-30296.63	-39814.44	0.32066	-30296.63	-39814.44	0.32066	27.584	0.00
0.00	-30296.21	-39814.30	0.32050	-30296.21	-39814.30	0.32050	36.286	0.00
0.00	-30295.85	-39814.18	0.32018	-30295.85	-39814.18	0.32018	29.682	0.00
0.00	-30295.38	-39814.03	0.31975	-30295.38	-39814.03	0.31975	29.164	0.00
0.00	-30295.00	-39813.90	0.31928	-30295.00	-39813.90	0.31928	28.858	0.00
0.00	-30294.41	-39813.71	0.31885	-30294.41	-39813.71	0.31885	30.808	0.00
0.00	-30294.22	-39813.65	0.31847	-30294.22	-39813.65	0.31847	30.297	0.00
0.00	-30293.82	-39813.52	0.31808	-30293.82	-39813.52	0.31808	30.263	0.00
0.00	-30293.44	-39813.40	0.31767	-30293.44	-39813.40	0.31767	28.857	0.00
0.00	-30293.03	-39813.26	0.31734	-30293.03	-39813.26	0.31734	29.637	0.00
0.00	-30292.54	-39813.10	0.31714	-30292.54	-39813.10	0.31714	29.984	0.00
0.00	-30292.10	-39812.96	0.31707	-30292.10	-39812.96	0.31707	30.482	0.00
0.00	-30291.75	-39812.84	0.31709	-30291.75	-39812.84	0.31709	29.650	0.00
0.00	-30291.41	-39812.73	0.31719	-30291.41	-39812.73	0.31719	29.485	0.00
0.00	-30291.01	-39812.60	0.31737	-30291.01	-39812.60	0.31737	32.174	0.00
0.00	-30290.67	-39812.49	0.31756	-30290.67	-39812.49	0.31756	31.239	0.00
0.00	-30290.22	-39812.34	0.31774	-30290.22	-39812.34	0.31774	29.808	0.00
0.00	-30289.79	-39812.20	0.31787	-30289.79	-39812.20	0.31787	30.132	0.00
0.00	-30289.45	-39812.08	0.31786	-30289.45	-39812.08	0.31786	32.047	0.00
0.00	-30289.06	-39811.96	0.31771	-30289.06	-39811.96	0.31771	32.128	0.00
0.00	-30288.68	-39811.83	0.31743	-30288.68	-39811.83	0.31743	31.287	0.00
0.00	-30288.26	-39811.70	0.31712	-30288.26	-39811.70	0.31712	31.923	0.00
0.00	-30287.79	-39811.54	0.31688	-30287.79	-39811.54	0.31688	32.211	0.00
0.00	-30287.34	-39811.40	0.31674	-30287.34	-39811.40	0.31674	33.728	0.00
0.00	-30287.02	-39811.29	0.31669	-30287.02	-39811.29	0.31669	31.891	0.00
0.00	-30286.69	-39811.18	0.31672	-30286.69	-39811.18	0.31672	32.987	0.00
0.00	-30286.27	-39811.05	0.31686	-30286.27	-39811.05	0.31686	33.819	0.00
0.00	-30285.87	-39810.91	0.31704	-30285.87	-39810.91	0.31704	33.397	0.00
0.00	-30285.41	-39810.76	0.31717	-30285.41	-39810.76	0.31717	32.487	0.00
0.00	-30284.98	-39810.62	0.31726	-30284.98	-39810.62	0.31726	32.739	0.00
0.00	-30284.61	-39810.50	0.31730	-30284.61	-39810.50	0.31730	32.859	0.00
0.00	-30284.13	-39810.34	0.31737	-30284.13	-39810.34	0.31737	32.798	0.00
0.00	-30283.67	-39810.19	0.31749	-30283.67	-39810.19	0.31749	33.487	0.00
0.00	-30283.27	-39810.06	0.31762	-30283.27	-39810.06	0.31762	36.071	0.00
0.00	-30282.86	-39809.92	0.31770	-30282.86	-39809.92	0.31770	34.093	0.00
0.00	-30282.51	-39809.81	0.31777	-30282.51	-39809.81	0.31777	33.331	0.00
0.00	-30282.03	-39809.65	0.31784	-30282.03	-39809.65	0.31784	33.389	0.00
0.00	-30281.68	-39809.53	0.31785	-30281.68	-39809.53	0.31785	40.843	0.00
0.00	-30281.28	-39809.40	0.31767	-30281.28	-39809.40	0.31767	35.134	0.00
0.00	-30280.68	-39809.21	0.31720	-30280.68	-39809.21	0.31720	35.531	0.00
0.00	-30280.51	-39809.16	0.31667	-30280.51	-39809.16	0.31667	33.853	0.00
0.00	-30280.04	-39809.00	0.31610	-30280.04	-39809.00	0.31610	34.753	0.00
0.00	-30279.60	-39808.86	0.31536	-30279.60	-39808.86	0.31536	35.983	0.00
0.00	-30279.18	-39808.73	0.31463	-30279.18	-39808.73	0.31463	40.467	0.00
0.00	-30278.76	-39808.60	0.31396	-30278.76	-39808.60	0.31396	36.727	0.00
0.00	-30278.32	-39808.46	0.31339	-30278.32	-39808.46	0.31339	35.838	0.00
0.00	-30277.80	-39808.29	0.31300	-30277.80	-39808.29	0.31300	36.998	0.00
0.00	-30277.46	-39808.18	0.31272	-30277.46	-39808.18	0.31272	36.741	0.00
0.00	-30277.08	-39808.06	0.31253	-30277.08	-39808.06	0.31253	35.697	0.00
0.00	-30276.67	-39807.93	0.31239	-30276.67	-39807.93	0.31239	35.061	0.00
0.00	-30276.24	-39807.79	0.31217	-30276.24	-39807.79	0.31217	37.870	0.00
0.00	-30275.80	-39807.65	0.31189	-30275.80	-39807.65	0.31189	40.297	0.00
0.00	-30275.28	-39807.48	0.31143	-30275.28	-39807.48	0.31143	35.748	0.00
0.00	-30275.05	-39807.41	0.31107	-30275.05	-39807.41	0.31107	35.988	0.00
0.00	-30274.59	-39807.26	0.31072	-30274.59	-39807.26	0.31072	37.526	0.00
0.00	-30274.10	-39807.11	0.31029	-30274.10	-39807.11	0.31029	38.916	0.00
0.00	-30273.68	-39806.98	0.30973	-30273.68	-39806.98	0.30973	35.350	0.00
0.00	-30273.30	-39806.86	0.30906	-30273.30	-39806.86	0.30906	36.643	0.00
0.00	-30272.90	-39806.73	0.30840	-30272.90	-39806.73	0.30840	37.216	0.00
0.00	-30272.46	-39806.60	0.30745	-30272.46	-39806.60	0.30745	37.496	0.00
0.00	-30272.09	-39806.49	0.30661	-30272.09	-39806.49	0.30661	35.585	0.00
0.00	-30271.73	-39806.37	0.30581	-30271.73	-39806.37	0.30581	37.174	0.00
0.00	-30271.20	-39806.21	0.30486	-30271.20	-39806.21	0.30486	38.296	0.00
0.00	-30270.96	-39806.14	0.30405	-30270.96	-39806.14	0.30405	37.385	0.00
0.00	-30270.43	-39805.98	0.30345	-30270.43	-39805.98	0.30345	38.358	0.00
0.00	-30270.04	-39805.86	0.30298	-30270.04	-39805.86	0.30298	38.175	0.00
0.00	-30269.63	-39805.73	0.30258	-30269.63	-39805.73	0.30258	39.125	0.00
0.00	-30269.18	-39805.59	0.30235	-30269.18	-39805.59	0.30235	38.422	0.00
0.00	-30268.81	-39805.48	0.30220	-30268.81	-39805.48	0.30220	37.070	0.00
0.00	-30268.41	-39805.35	0.30213	-30268.41	-39805.35	0.30213	38.571	0.00
0.00	-30267.97	-39805.22	0.30202	-30267.97	-39805.22	0.30202	38.185	0.00
0.00	-30267.57	-39805.09	0.30196	-30267.57	-39805.09	0.30196	37.996	0.00
0.00	-30267.18	-39804.97	0.30191	-30267.18	-39804.97	0.30191	37.641	0.00
0.00	-30266.74	-39804.84	0.30196	-30266.74	-39804.84	0.30196	39.517	0.00
0.00	-30266.18	-39804.66	0.30219	-30266.18	-39804.66	0.30219	38.385	0.00
0.00	-30265.74	-39804.52	0.30253	-30265.74	-39804.52	0.30253	39.364	0.00
0.00	-30265.35	-39804.40	0.30280	-30265.35	-39804.40	0.30280	38.296	0.00
0.00	-30264.91	-39804.26	0.30320	-30264.91	-39804.26	0.30320	40.627	0.00
0.00	-30264.48	-39804.12	0.30364	-30264.48	-39804.12	0.30364	39.470	0.00
0.00	-30264.12	-39804.00	0.30397	-30264.12	-39804.00	0.30397	39.539	0.00
0.00	-30263.71	-39803.88	0.30430	-30263.71	-39803.88	0.30430	39.055	0.00
0.00	-30263.32	-39803.75	0.30474	-30263.32	-39803.75	0.30474	41.007	0.00
0.00	-30262.89	-39803.61	0.30510	-30262.89	-39803.61	0.30510	40.427	0.00
0.00	-30262.47	-39803.48	0.30545	-30262.47	-39803.48	0.30545	39.580	0.00
0.00	-30262.04	-39803.34	0.30575	-30262.04	-39803.34	0.30575	39.843	0.00
0.00	-30261.42	-39803.15	0.30624	-30261.42	-39803.15	0.30624	41.186	0.00
0.00	-30261.07	-39803.03	0.30678	-30261.07	-39803.03	0.30678	41.853	0.00
0.00	-30260.78	-39802.94	0.30726	-30260.78	-39802.94	0.30726	40.758	0.00
0.00	-30260.25	-39802.77	0.30777	-30260.25	-39802.77	0.30777	39.615	0.00
0.00	-30259.83	-39802.63	0.30818	-30259.83	-39802.63	0.30818	41.839	0.00
0.00	-30259.37	-39802.48	0.30860	-30259.37	-39802.48	0.30860	40.743	0.00
0.00	-30258.97	-39802.35	0.30905	-30258.97	-39802.35	0.30905	40.945	0.00
0.00	-30258.64	-39802.25	0.30945	-30258.64	-39802.25	0.30945	40.076	0.00
0.00	-30258.28	-39802.13	0.31006	-30258.28	-39802.13	0.31006	41.783	0.00
0.00	-30257.90	-39802.00	0.31059	-30257.90	-39802.00	0.31059	42.487	0.00
0.00	-30257.44	-39801.85	0.31123	-30257.44	-39801.85	0.31123	42.678	0.00
0.00	-30257.01	-39801.71	0.31193	-30257.01	-39801.71	0.31193	41.591	0.00
0.00	-30256.37	-39801.50	0.31282	-30256.37	-39801.50	0.31282	43.405	0.00
0.00	-30256.18	-39801.43	0.31343	-30256.18	-39801.43	0.31343	40.122	0.00
0.00	-30255.70	-39801.28	0.31415	-30255.70	-39801.28	0.31415	42.563	0.00
0.00	-30255.34	-39801.16	0.31481	-30255.34	-39801.16	0.31481	41.455	0.00
0.00	-30255.02	-39801.05	0.31549	-30255.02	-39801.05	0.31549	42.212	0.00
0.00	-30254.64	-39800.92	0.31607	-30254.64	-39800.92	0.31607	42.114	0.00
0.00	-30254.26	-39800.80	0.31673	-30254.26	-39800.80	0.31673	43.276	0.00
0.00	-30253.89	-39800.67	0.31746	-30253.89	-39800.67	0.31746	42.179	0.00
0.00	-30253.45	-39800.52	0.31838	-30253.45	-39800.52	0.31838	43.304	0.00
0.00	-30253.01	-39800.37	0.31932	-30253.01	-39800.37	0.31932	43.361	0.00
0.00	-30252.59	-39800.23	0.32040	-30252.59	-39800.23	0.32040	42.883	0.00
0.00	-30252.16	-39800.08	0.32144	-30252.16	-39800.08	0.32144	42.943	0.00
0.00	-30251.67	-39799.91	0.32255	-30251.67	-39799.91	0.32255	43.234	0.00
0.00	-30251.47	-39799.84	0.32330	-30251.47	-39799.84	0.32330	44.454	0.00
0.00	-30251.05	-39799.70	0.32400	-30251.05	-39799.70	0.32400	44.074	0.00
0.00	-30250.68	-39799.57	0.32466	-30250.68	-39799.57	0.32466	43.975	0.00
0.00	-30250.32	-39799.44	0.32537	-30250.32	-39799.44	0.32537	43.702	0.00
0.00	-30249.96	-39799.32	0.32611	-30249.96	-39799.32	0.32611	44.720	0.00
0.00	-30249.53	-39799.17	0.32684	-30249.53	-39799.17	0.32684	44.525	0.00
0.00	-30249.08	-39799.01	0.32762	-30249.08	-39799.01	0.32762	43.719	0.00
0.00	-30248.70	-39798.88	0.32832	-30248.70	-39798.88	0.32832	44.968	0.00
0.00	-30248.39	-39798.77	0.32887	-30248.39	-39798.77	0.32887	44.429	0.00
0.00	-30247.97	-39798.63	0.32941	-30247.97	-39798.63	0.32941	44.536	0.00
0.00	-30247.44	-39798.44	0.33007	-30247.44	-39798.44	0.33007	44.475	0.00
0.00	-30247.24	-39798.37	0.33049	-30247.24	-39798.37	0.33049	44.824	0.00
0.00	-30246.87	-39798.25	0.33071	-30246.87	-39798.25	0.33071	44.495	0.00
0.00	-30246.53	-39798.13	0.33075	-30246.53	-39798.13	0.33075	45.489	0.00
0.00	-30246.21	-39798.02	0.33070	-30246.21	-39798.02	0.33070	43.905	0.00
0.00	-30245.77	-39797.87	0.33060	-30245.77	-39797.87	0.33060	45.126	0.00
0.00	-30245.41	-39797.74	0.33051	-30245.41	-39797.74	0.33051	47.087	0.00
0.00	-30245.06	-39797.62	0.33044	-30245.06	-39797.62	0.33044	46.143	0.00
0.00	-30244.73	-39797.51	0.33044	-30244.73	-39797.51	0.33044	45.203	0.00
0.00	-30244.35	-39797.38	0.33048	-30244.35	-39797.38	0.33048	46.369	0.00
0.00	-30243.96	-39797.25	0.33053	-30243.96	-39797.25	0.33053	45.980	0.00
0.00	-30243.55	-39797.11	0.33062	-30243.55	-39797.11	0.33062	46.689	0.00
0.00	-30243.15	-39796.97	0.33063	-30243.15	-39796.97	0.33063	46.081	0.00
0.00	-30242.83	-39796.86	0.33063	-30242.83	-39796.86	0.33063	46.652	0.00
0.00	-30242.49	-39796.74	0.33065	-30242.49	-39796.74	0.33065	47.163	0.00
0.00	-30242.09	-39796.60	0.33075	-30242.09	-39796.60	0.33075	47.307	0.00
0.00	-30241.72	-39796.48	0.33091	-30241.72	-39796.48	0.33091	47.081	0.00
0.00	-30241.35	-39796.35	0.33110	-30241.35	-39796.35	0.33110	48.179	0.00
0.00	-30240.96	-39796.21	0.33122	-30240.96	-39796.21	0.33122	47.254	0.00
0.00	-30240.55	-39796.07	0.33126	-30240.55	-39796.07	0.33126	49.090	0.00
0.00	-30240.11	-39795.92	0.33124	-30240.11	-39795.92	0.33124	47.497	0.00
0.00	-30239.72	-39795.79	0.33117	-30239.72	-39795.79	0.33117	47.339	0.00
0.00	-30239.36	-39795.66	0.33106	-30239.36	-39795.66	0.33106	47.988	0.00
0.00	-30238.93	-39795.52	0.33081	-30238.93	-39795.52	0.33081	49.300	0.00
0.00	-30238.73	-39795.45	0.33038	-30238.73	-39795.45	0.33038	48.886	0.00
0.00	-30238.28	-39795.30	0.32978	-30238.28	-39795.30	0.32978	49.104	0.00
0.00	-30237.93	-39795.18	0.32907	-30237.93	-39795.18	0.32907	48.369	0.00
0.00	-30237.58	-39795.07	0.32817	-30237.58	-39795.07	0.32817	49.028	0.00
0.00	-30237.20	-39794.94	0.32740	-30237.20	-39794.94	0.32740	47.766	0.00
0.00	-30236.78	-39794.80	0.32653	-30236.78	-39794.80	0.32653	48.396	0.00
0.00	-30236.37	-39794.67	0.32582	-30236.37	-39794.67	0.32582	49.991	0.00
0.00	-30236.02	-39794.55	0.32520	-30236.02	-39794.55	0.32520	49.118	0.00
0.00	-30235.60	-39794.41	0.32458	-30235.60	-39794.41	0.32458	48.743	0.00
0.00	-30235.19	-39794.28	0.32391	-30235.19	-39794.28	0.32391	50.726	0.00
0.00	-30234.79	-39794.15	0.32341	-30234.79	-39794.15	0.32341	51.162	0.00
0.00	-30234.38	-39794.01	0.32276	-30234.38	-39794.01	0.32276	50.725	0.00
0.00	-30234.03	-39793.90	0.32232	-30234.03	-39793.90	0.32232	50.932	0.00
0.00	-30233.69	-39793.79	0.32200	-30233.69	-39793.79	0.32200	51.048	0.00
0.00	-30233.33	-39793.67	0.32192	-30233.33	-39793.67	0.32192	50.426	0.00
0.00	-30232.96	-39793.54	0.32208	-30232.96	-39793.54	0.32208	51.423	0.00
0.00	-30232.58	-39793.41	0.32248	-30232.58	-39793.41	0.32248	49.055	0.00
0.00	-30232.19	-39793.28	0.32313	-30232.19	-39793.28	0.32313	50.581	0.00
0.00	-30231.74	-39793.13	0.32391	-30231.74	-39793.13	0.32391	50.546	0.00
0.00	-30231.31	-39792.98	0.32470	-30231.31	-39792.98	0.32470	49.818	0.00
0.00	-30230.99	-39792.87	0.32518	-30230.99	-39792.87	0.32518	52.145	0.00
0.00	-30230.61	-39792.74	0.32577	-30230.61	-39792.74	0.32577	53.222	0.00
0.00	-30230.11	-39792.56	0.32650	-30230.11	-39792.56	0.32650	51.570	0.00
0.00	-30229.88	-39792.48	0.32703	-30229.88	-39792.48	0.32703	52.827	0.00
0.00	-30229.47	-39792.34	0.32751	-30229.47	-39792.34	0.32751	48.703	0.00
0.00	-30229.05	-39792.20	0.32785	-30229.05	-39792.20	0.32785	51.903	0.00
0.00	-30228.68	-39792.07	0.32815	-30228.68	-39792.07	0.32815	52.959	0.00
0.00	-30228.30	-39791.94	0.32843	-30228.30	-39791.94	0.32843	52.928	0.00
0.00	-30227.90	-39791.80	0.32865	-30227.90	-39791.80	0.32865	53.301	0.00
0.00	-30227.50	-39791.67	0.32884	-30227.50	-39791.67	0.32884	54.215	0.00
0.00	-30227.12	-39791.54	0.32902	-30227.12	-39791.54	0.32902	53.073	0.00
0.00	-30226.75	-39791.41	0.32913	-30226.75	-39791.41	0.32913	53.105	0.00
0.00	-30226.30	-39791.26	0.32923	-30226.30	-39791.26	0.32923	52.543	0.00
0.00	-30225.90	-39791.12	0.32910	-30225.90	-39791.12	0.32910	52.724	0.00
0.00	-30225.57	-39791.01	0.32897	-30225.57	-39791.01	0.32897	53.112	0.00
0.00	-30225.20	-39790.88	0.32892	-30225.20	-39790.88	0.32892	54.010	0.00
0.00	-30224.85	-39790.76	0.32904	-30224.85	-39790.76	0.32904	52.304	0.00
0.00	-30224.47	-39790.63	0.32943	-30224.47	-39790.63	0.32943	53.155	0.00
0.00	-30224.08	-39790.49	0.33008	-30224.08	-39790.49	0.33008	53.524	0.00
0.00	-30223.72	-39790.37	0.33108	-30223.72	-39790.37	0.33108	55.902	0.00
0.00	-30223.38	-39790.24	0.33218	-30223.38	-39790.24	0.33218	55.618	0.00
0.00	-30222.98	-39790.10	0.33341	-30222.98	-39790.10	0.33341	54.863	0.00
0.00	-30222.59	-39789.96	0.33471	-30222.59	-39789.96	0.33471	54.937	0.00
0.00	-30222.25	-39789.83	0.33616	-30222.25	-39789.83	0.33616	56.280	0.00
0.00	-30221.83	-39789.68	0.33756	-30221.83	-39789.68	0.33756	52.649	0.00
0.00	-30221.32	-39789.49	0.33941	-30221.32	-39789.49	0.33941	54.393	0.00
0.00	-30221.19	-39789.44	0.34077	-30221.19	-39789.44	0.34077	55.495	0.00
0.00	-30220.80	-39789.29	0.34214	-30220.80	-39789.29	0.34214	56.528	0.00
0.00	-30220.45	-39789.16	0.34341	-30220.45	-39789.16	0.34341	55.315	0.00
0.00	-30220.09	-39789.03	0.34509	-30220.09	-39789.03	0.34509	54.303	0.00
0.00	-30219.71	-39788.88	0.34647	-30219.71	-39788.88	0.34647	56.689	0.00
0.00	-30219.32	-39788.74	0.34783	-30219.32	-39788.74	0.34783	55.818	0.00
0.00	-30219.00	-39788.62	0.34901	-30219.00	-39788.62	0.34901	52.874	0.00
0.00	-30218.58	-39788.46	0.35025	-30218.58	-39788.46	0.35025	56.029	0.00
0.00	-30218.27	-39788.34	0.35140	-30218.27	-39788.34	0.35140	56.638	0.00
0.00	-30217.92	-39788.20	0.35257	-30217.92	-39788.20	0.35257	55.920	0.00
0.00	-30217.60	-39788.08	0.35380	-30217.60	-39788.08	0.35380	56.510	0.00
0.00	-30217.15	-39787.91	0.35551	-30217.15	-39787.91	0.35551	56.311	0.00
0.00	-30216.95	-39787.82	0.35710	-30216.95	-39787.82	0.35710	58.256	0.00
0.00	-30216.58	-39787.68	0.35852	-30216.58	-39787.68	0.35852	57.208	0.00
0.00	-30216.22	-39787.54	0.36011	-30216.22	-39787.54	0.36011	56.818	0.00
0.00	-30215.87	-39787.40	0.36149	-30215.87	-39787.40	0.36149	57.219	0.00
0.00	-30215.53	-39787.27	0.36289	-30215.53	-39787.27	0.36289	57.420	0.00
0.00	-30215.16	-39787.12	0.36398	-30215.16	-39787.12	0.36398	58.201	0.00
0.00	-30214.82	-39786.99	0.36493	-30214.82	-39786.99	0.36493	56.087	0.00
0.00	-30214.49	-39786.86	0.36573	-30214.49	-39786.86	0.36573	58.244	0.00
0.00	-30214.16	-39786.73	0.36659	-30214.16	-39786.73	0.36659	56.054	0.00
0.00	-30213.80	-39786.58	0.36758	-30213.80	-39786.58	0.36758	60.525	0.00
0.00	-30213.50	-39786.46	0.36866	-30213.50	-39786.46	0.36866	58.226	0.00
0.00	-30213.16	-39786.32	0.37000	-30213.16	-39786.32	0.37000	58.195	0.00
0.00	-30212.78	-39786.17	0.37155	-30212.78	-39786.17	0.37155	59.449	0.00
0.00	-30212.39	-39786.01	0.37318	-30212.39	-39786.01	0.37318	58.214	0.00
0.00	-30212.08	-39785.88	0.37491	-30212.08	-39785.88	0.37491	58.965	0.00
0.00	-30211.81	-39785.77	0.37640	-30211.81	-39785.77	0.37640	59.113	0.00
0.00	-30211.50	-39785.64	0.37803	-30211.50	-39785.64	0.37803	58.485	0.00
0.00	-30211.14	-39785.49	0.37960	-30211.14	-39785.49	0.37960	60.130	0.00
0.00	-30210.79	-39785.34	0.38160	-30210.79	-39785.34	0.38160	59.368	0.00
0.00	-30210.44	-39785.19	0.38341	-30210.44	-39785.19	0.38341	59.863	0.00
0.00	-30210.19	-39785.08	0.38529	-30210.19	-39785.08	0.38529	60.026	0.00
0.00	-30209.86	-39784.94	0.38669	-30209.86	-39784.94	0.38669	60.332	0.00
0.00	-30209.54	-39784.81	0.38816	-30209.54	-39784.81	0.38816	60.751	0.00
0.00	-30209.18	-39784.65	0.38944	-30209.18	-39784.65	0.38944	60.693	0.00
0.00	-30208.95	-39784.56	0.39025	-30208.95	-39784.56	0.39025	60.507	0.00
0.00	-30208.59	-39784.40	0.39051	-30208.59	-39784.40	0.39051	61.457	0.00
0.00	-30208.28	-39784.28	0.39048	-30208.28	-39784.28	0.39048	61.800	0.00
0.00	-30207.94	-39784.14	0.38995	-30207.94	-39784.14	0.38995	61.673	0.00
0.00	-30207.56	-39783.99	0.38915	-30207.56	-39783.99	0.38915	61.799	0.00
0.00	-30207.26	-39783.87	0.38805	-30207.26	-39783.87	0.38805	61.913	0.00
0.00	-30206.97	-39783.76	0.38636	-30206.97	-39783.76	0.38636	61.032	0.00
0.00	-30206.69	-39783.65	0.38460	-30206.69	-39783.65	0.38460	62.471	0.00
0.00	-30206.36	-39783.53	0.38230	-30206.36	-39783.53	0.38230	62.620	0.00
0.00	-30206.03	-39783.41	0.37947	-30206.03	-39783.41	0.37947	62.660	0.00
0.00	-30205.74	-39783.31	0.37661	-30205.74	-39783.31	0.37661	62.007	0.00
0.00	-30205.40	-39783.19	0.37343	-30205.40	-39783.19	0.37343	62.598	0.00
0.00	-30205.10	-39783.08	0.36981	-30205.10	-39783.08	0.36981	63.399	0.00
0.00	-30204.79	-39782.98	0.36626	-30204.79	-39782.98	0.36626	62.949	0.00
0.00	-30204.46	-39782.86	0.36300	-30204.46	-39782.86	0.36300	62.616	0.00
0.00	-30204.13	-39782.75	0.35963	-30204.13	-39782.75	0.35963	63.888	0.00
0.00	-30203.83	-39782.66	0.35595	-30203.83	-39782.66	0.35595	63.865	0.00
0.00	-30203.56	-39782.57	0.35248	-30203.56	-39782.57	0.35248	64.248	0.00
0.00	-30203.23	-39782.47	0.34909	-30203.23	-39782.47	0.34909	64.164	0.00
0.00	-30202.93	-39782.37	0.34582	-30202.93	-39782.37	0.34582	67.006	0.00
0.00	-30202.61	-39782.27	0.34289	-30202.61	-39782.27	0.34289	64.357	0.00
0.00	-30202.22	-39782.14	0.33958	-30202.22	-39782.14	0.33958	63.833	0.00
0.00	-30202.01	-39782.08	0.33659	-30202.01	-39782.08	0.33659	64.767	0.00
0.00	-30201.66	-39781.97	0.33355	-30201.66	-39781.97	0.33355	64.211	0.00
0.00	-30201.36	-39781.88	0.33024	-30201.36	-39781.88	0.33024	64.374	0.00
0.00	-30201.04	-39781.78	0.32730	-30201.04	-39781.78	0.32730	64.942	0.00
0.00	-30200.73	-39781.69	0.32438	-30200.73	-39781.69	0.32438	64.615	0.00
0.00	-30200.42	-39781.60	0.32118	-30200.42	-39781.60	0.32118	65.279	0.00
0.00	-30200.13	-39781.52	0.31814	-30200.13	-39781.52	0.31814	65.525	0.00
0.00	-30199.78	-39781.41	0.31514	-30199.78	-39781.41	0.31514	66.268	0.00
0.00	-30199.49	-39781.33	0.31256	-30199.49	-39781.33	0.31256	64.170	0.00
0.00	-30199.21	-39781.25	0.30972	-30199.21	-39781.25	0.30972	64.493	0.00
0.00	-30198.79	-39781.13	0.30636	-30198.79	-39781.13	0.30636	65.348	0.00
0.00	-30198.50	-39781.05	0.30328	-30198.50	-39781.05	0.30328	64.638	0.00
0.00	-30198.34	-39781.01	0.30110	-30198.34	-39781.01	0.30110	65.767	0.00
0.00	-30197.99	-39780.91	0.29862	-30197.99	-39780.91	0.29862	65.618	0.00
0.00	-30197.66	-39780.82	0.29606	-30197.66	-39780.82	0.29606	66.493	0.00
0.00	-30197.35	-39780.74	0.29345	-30197.35	-39780.74	0.29345	63.773	0.00
0.00	-30197.00	-39780.64	0.29073	-30197.00	-39780.64	0.29073	67.189	0.00
0.00	-30196.64	-39780.54	0.28792	-30196.64	-39780.54	0.28792	69.157	0.00
0.00	-30196.28	-39780.45	0.28511	-30196.28	-39780.45	0.28511	66.052	0.00
0.00	-30196.02	-39780.38	0.28238	-30196.02	-39780.38	0.28238	67.815	0.00
0.00	-30195.70	-39780.30	0.27992	-30195.70	-39780.30	0.27992	65.821	0.00
0.00	-30195.41	-39780.23	0.27741	-30195.41	-39780.23	0.27741	67.924	0.00
0.00	-30195.08	-39780.15	0.27463	-30195.08	-39780.15	0.27463	67.058	0.00
0.00	-30194.75	-39780.06	0.27225	-30194.75	-39780.06	0.27225	66.356	0.00
0.00	-30194.38	-39779.97	0.26937	-30194.38	-39779.97	0.26937	66.641	0.00
0.00	-30194.03	-39779.89	0.26730	-30194.03	-39779.89	0.26730	68.422	0.00
0.00	-30193.72	-39779.81	0.26506	-30193.72	-39779.81	0.26506	67.985	0.00
0.00	-30193.46	-39779.75	0.26303	-30193.46	-39779.75	0.26303	67.805	0.00
0.00	-30193.15	-39779.67	0.26109	-30193.15	-39779.67	0.26109	67.886	0.00
0.00	-30192.88	-39779.61	0.25925	-30192.88	-39779.61	0.25925	68.487	0.00
0.00	-30192.60	-39779.54	0.25719	-30192.60	-39779.54	0.25719	68.175	0.00
0.00	-30192.28	-39779.47	0.25493	-30192.28	-39779.47	0.25493	69.155	0.00
0.00	-30191.97	-39779.40	0.25237	-30191.97	-39779.40	0.25237	67.335	0.00
0.00	-30191.67	-39779.32	0.25102	-30191.67	-39779.32	0.25102	68.655	0.00
0.00	-30191.24	-39779.23	0.24683	-30191.24	-39779.23	0.24683	69.321	0.00
0.00	-30191.04	-39779.20	0.24340	-30191.04	-39779.20	0.24340	69.971	0.00
0.00	-30190.68	-39779.12	0.23988	-30190.68	-39779.12	0.23988	67.990	0.00
0.00	-30190.35	-39779.06	0.23625	-30190.35	-39779.06	0.23625	69.703	0.00
0.00	-30190.03	-39778.99	0.23201	-30190.03	-39778.99	0.23201	69.647	0.00
0.00	-30189.66	-39778.92	0.22830	-30189.66	-39778.92	0.22830	70.225	0.00
0.00	-30189.37	-39778.87	0.22478	-30189.37	-39778.87	0.22478	69.957	0.00
0.00	-30189.12	-39778.83	0.22105	-30189.12	-39778.83	0.22105	68.079	0.00
0.00	-30188.82	-39778.77	0.21789	-30188.82	-39778.77	0.21789	70.496	0.00
0.00	-30188.53	-39778.72	0.21463	-30188.53	-39778.72	0.21463	69.894	0.00
0.00	-30188.22	-39778.67	0.21167	-30188.22	-39778.67	0.21167	70.177	0.00
0.00	-30187.89	-39778.60	0.20917	-30187.89	-39778.60	0.20917	70.710	0.00
0.00	-30187.58	-39778.55	0.20700	-30187.58	-39778.55	0.20700	69.523	0.00
0.00	-30187.26	-39778.49	0.20461	-30187.26	-39778.49	0.20461	71.774	0.00
0.00	-30186.93	-39778.43	0.20214	-30186.93	-39778.43	0.20214	70.116	0.00
0.00	-30186.59	-39778.37	0.19993	-30186.59	-39778.37	0.19993	71.670	0.00
0.00	-30186.31	-39778.32	0.19814	-30186.31	-39778.32	0.19814	71.812	0.00
0.00	-30185.98	-39778.26	0.19641	-30185.98	-39778.26	0.19641	69.898	0.00
0.00	-30185.73	-39778.22	0.19463	-30185.73	-39778.22	0.19463	70.635	0.00
0.00	-30185.48	-39778.17	0.19302	-30185.48	-39778.17	0.19302	72.115	0.00
0.00	-30185.18	-39778.12	0.19170	-30185.18	-39778.12	0.19170	71.324	0.00
0.00	-30184.91	-39778.08	0.19024	-30184.91	-39778.08	0.19024	72.490	0.00
0.00	-30184.56	-39778.01	0.18894	-30184.56	-39778.01	0.18894	71.304	0.00
0.00	-30184.26	-39777.96	0.18752	-30184.26	-39777.96	0.18752	72.664	0.00
0.00	-30183.99	-39777.91	0.18625	-30183.99	-39777.91	0.18625	72.191	0.00
0.00	-30183.69	-39777.86	0.18494	-30183.69	-39777.86	0.18494	73.133	0.00
0.00	-30183.35	-39777.80	0.18397	-30183.35	-39777.80	0.18397	74.129	0.00
0.00	-30183.04	-39777.75	0.18273	-30183.04	-39777.75	0.18273	78.344	0.00
0.00	-30182.78	-39777.71	0.18144	-30182.78	-39777.71	0.18144	77.119	0.00
0.00	-30182.50	-39777.66	0.18008	-30182.50	-39777.66	0.18008	74.243	0.00
0.00	-30182.20	-39777.61	0.17900	-30182.20	-39777.61	0.17900	76.370	0.00
0.00	-30181.89	-39777.56	0.17781	-30181.89	-39777.56	0.17781	73.716	0.00
0.00	-30181.58	-39777.51	0.17647	-30181.58	-39777.51	0.17647	73.788	0.00
0.00	-30181.32	-39777.47	0.17513	-30181.32	-39777.47	0.17513	73.706	0.00
0.00	-30181.00	-39777.41	0.17395	-30181.00	-39777.41	0.17395	72.481	0.00
0.00	-30180.75	-39777.38	0.17226	-30180.75	-39777.38	0.17226	72.846	0.00
0.00	-30180.46	-39777.33	0.17062	-30180.46	-39777.33	0.17062	73.659	0.00
0.00	-30180.16	-39777.29	0.16857	-30180.16	-39777.29	0.16857	77.564	0.00
0.00	-30179.85	-39777.24	0.16644	-30179.85	-39777.24	0.16644	73.309	0.00
0.00	-30179.57	-39777.21	0.16374	-30179.57	-39777.21	0.16374	73.994	0.00
0.00	-30179.29	-39777.17	0.16103	-30179.29	-39777.17	0.16103	74.131	0.00
0.00	-30178.94	-39777.13	0.15773	-30178.94	-39777.13	0.15773	74.739	0.00
0.00	-30178.65	-39777.10	0.15376	-30178.65	-39777.10	0.15376	72.802	0.00
0.00	-30178.41	-39777.07	0.14979	-30178.41	-39777.07	0.14979	73.901	0.00
0.00	-30178.12	-39777.05	0.14600	-30178.12	-39777.05	0.14600	76.382	0.00
0.00	-30177.76	-39777.01	0.14054	-30177.76	-39777.01	0.14054	75.350	0.00
0.00	-30177.52	-39777.00	0.13522	-30177.52	-39777.00	0.13522	74.685	0.00
0.00	-30177.31	-39776.99	0.13064	-30177.31	-39776.99	0.13064	76.283	0.00
0.00	-30176.99	-39776.96	0.12585	-30176.99	-39776.96	0.12585	74.615	0.00
0.00	-30176.71	-39776.95	0.11893	-30176.71	-39776.95	0.11893	74.848	0.00
0.00	-30176.37	-39776.94	0.11094	-30176.37	-39776.94	0.11094	74.641	0.00
0.00	-30176.09	-39776.94	0.10229	-30176.09	-39776.94	0.10229	75.945	0.00
0.00	-30175.80	-39776.94	0.09466	-30175.80	-39776.94	0.09466	75.048	0.00
0.00	-30175.57	-39776.96	0.08431	-30175.57	-39776.96	0.08431	76.642	0.00
0.00	-30175.30	-39776.98	0.07331	-30175.30	-39776.98	0.07331	75.517	0.00
0.00	-30175.02	-39776.99	0.06267	-30175.02	-39776.99	0.06267	76.833	0.00
0.00	-30174.74	-39777.02	0.05118	-30174.74	-39777.02	0.05118	74.908	0.00
0.00	-30174.45	-39777.05	0.03770	-30174.45	-39777.05	0.03770	75.475	0.00
0.00	-30174.18	-39777.09	0.02626	-30174.18	-39777.09	0.02626	76.090	0.00
0.00	-30173.91	-39777.13	0.01091	-30173.91	-39777.13	0.01091	76.708	0.00
0.00	-30173.57	-39777.19	-0.00495	-30173.57	-39777.19	-0.00495	76.760	0.00
0.00	-30173.33	-39777.25	-0.02020	-30173.33	-39777.25	-0.02020	76.834	0.00
0.00	-30173.00	-39777.31	-0.03479	-30173.00	-39777.31	-0.03479	74.565	0.00
0.00	-30172.75	-39777.37	-0.05089	-30172.75	-39777.37	-0.05089	76.785	0.00
0.00	-30172.52	-39777.44	-0.06668	-30172.52	-39777.44	-0.06668	76.347	0.00
0.00	-30172.22	-39777.52	-0.08164	-30172.22	-39777.52	-0.08164	75.105	0.00
0.00	-30171.96	-39777.59	-0.09535	-30171.96	-39777.59	-0.09535	74.138	0.00
0.00	-30171.74	-39777.67	-0.11296	-30171.74	-39777.67	-0.11296	77.458	0.00
0.00	-30171.45	-39777.77	-0.12887	-30171.45	-39777.77	-0.12887	78.005	0.00
0.00	-30171.20	-39777.87	-0.14736	-30171.20	-39777.87	-0.14736	78.624	0.00
0.00	-30170.93	-39777.96	-0.16206	-30170.93	-39777.96	-0.16206	74.260	0.00
0.00	-30170.67	-39778.07	-0.18132	-30170.67	-39778.07	-0.18132	77.698	0.00
0.00	-30170.41	-39778.19	-0.20026	-30170.41	-39778.19	-0.20026	78.331	0.00
0.00	-30170.17	-39778.31	-0.21861	-30170.17	-39778.31	-0.21861	77.803	0.00
0.00	-30169.91	-39778.43	-0.23507	-30169.91	-39778.43	-0.23507	76.391	0.00
0.00	-30169.66	-39778.56	-0.25346	-30169.66	-39778.56	-0.25346	77.506	0.00
0.00	-30169.41	-39778.69	-0.27160	-30169.41	-39778.69	-0.27160	77.896	0.00
0.00	-30169.14	-39778.83	-0.28818	-30169.14	-39778.83	-0.28818	76.025	0.00
0.00	-30168.84	-39778.99	-0.30730	-30168.84	-39778.99	-0.30730	76.383	0.00
0.00	-30168.58	-39779.15	-0.32706	-30168.58	-39779.15	-0.32706	76.596	0.00
0.00	-30168.40	-39779.28	-0.34580	-30168.40	-39779.28	-0.34580	79.016	0.00
0.00	-30168.13	-39779.45	-0.36356	-30168.13	-39779.45	-0.36356	79.741	0.00
0.00	-30167.92	-39779.60	-0.38312	-30167.92	-39779.60	-0.38312	77.794	0.00
0.00	-30167.72	-39779.76	-0.40236	-30167.72	-39779.76	-0.40236	79.796	0.00
0.00	-30167.49	-39779.92	-0.41988	-30167.49	-39779.92	-0.41988	78.572	0.00
0.00	-30167.28	-39780.09	-0.43788	-30167.28	-39780.09	-0.43788	80.914	0.00
0.00	-30167.08	-39780.27	-0.45803	-30167.08	-39780.27	-0.45803	79.078	0.00
0.00	-30166.87	-39780.44	-0.47629	-30166.87	-39780.44	-0.47629	80.814	0.00
0.00	-30166.65	-39780.64	-0.49675	-30166.65	-39780.64	-0.49675	78.190	0.00
0.00	-30166.41	-39780.85	-0.51646	-30166.41	-39780.85	-0.51646	80.953	0.00
0.00	-30166.19	-39781.07	-0.53899	-30166.19	-39781.07	-0.53899	78.239	0.00
0.00	-30166.01	-39781.27	-0.56091	-30166.01	-39781.27	-0.56091	79.633	0.00
0.00	-30165.86	-39781.45	-0.58191	-30165.86	-39781.45	-0.58191	79.832	0.00
0.00	-30165.65	-39781.68	-0.60178	-30165.65	-39781.68	-0.60178	80.318	0.00
0.00	-30165.44	-39781.93	-0.62499	-30165.44	-39781.93	-0.62499	80.625	0.00
0.00	-30165.31	-39782.12	-0.64711	-30165.31	-39782.12	-0.64711	80.355	0.00
0.00	-30165.14	-39782.33	-0.66516	-30165.14	-39782.33	-0.66516	79.582	0.00
0.00	-30164.99	-39782.56	-0.68913	-30164.99	-39782.56	-0.68913	82.094	0.00
0.00	-30164.77	-39782.87	-0.71581	-30164.77	-39782.87	-0.71581	79.565	0.00
0.00	-30164.64	-39783.10	-0.73861	-30164.64	-39783.10	-0.73861	80.985	0.00
0.00	-30164.44	-39783.38	-0.75932	-30164.44	-39783.38	-0.75932	80.391	0.00
0.00	-30164.26	-39783.65	-0.78115	-30164.26	-39783.65	-0.78115	81.439	0.00
0.00	-30164.15	-39783.91	-0.80840	-30164.15	-39783.91	-0.80840	80.579	0.00
0.00	-30164.00	-39784.21	-0.83496	-30164.00	-39784.21	-0.83496	80.959	0.00
0.00	-30163.86	-39784.49	-0.85818	-30163.86	-39784.49	-0.85818	81.492	0.00
0.00	-30163.75	-39784.78	-0.88385	-30163.75	-39784.78	-0.88385	81.278	0.00
0.00	-30163.63	-39785.07	-0.90871	-30163.63	-39785.07	-0.90871	80.610	0.00
0.00	-30163.50	-39785.38	-0.93328	-30163.50	-39785.38	-0.93328	81.492	0.00
0.00	-30163.40	-39785.68	-0.95695	-30163.40	-39785.68	-0.95695	83.289	0.00
0.00	-30163.27	-39786.02	-0.98039	-30163.27	-39786.02	-0.98039	83.960	0.00
0.00	-30163.13	-39786.37	-1.00087	-30163.13	-39786.37	-1.00087	82.193	0.00
0.00	-30163.03	-39786.69	-1.02374	-30163.03	-39786.69	-1.02374	82.141	0.00
0.00	-30162.91	-39787.02	-1.04117	-30162.91	-39787.02	-1.04117	83.236	0.00
0.00	-30162.81	-39787.36	-1.06260	-30162.81	-39787.36	-1.06260	82.058	0.00
0.00	-30162.66	-39787.75	-1.07896	-30162.66	-39787.75	-1.07896	83.305	0.00
0.00	-30162.57	-39788.09	-1.09842	-30162.57	-39788.09	-1.09842	86.513	0.00
0.00	-30162.46	-39788.46	-1.11602	-30162.46	-39788.46	-1.11602	82.565	0.00
0.00	-30162.36	-39788.81	-1.13184	-30162.36	-39788.81	-1.13184	81.897	0.00
0.00	-30162.23	-39789.21	-1.14503	-30162.23	-39789.21	-1.14503	82.341	0.00
0.00	-30162.16	-39789.51	-1.15833	-30162.16	-39789.51	-1.15833	83.221	0.00
0.00	-30162.07	-39789.83	-1.17026	-30162.07	-39789.83	-1.17026	83.934	0.00
0.00	-30161.94	-39790.24	-1.18100	-30161.94	-39790.24	-1.18100	82.704	0.00
0.00	-30161.83	-39790.60	-1.18894	-30161.83	-39790.60	-1.18894	82.879	0.00
0.00	-30161.73	-39790.95	-1.19810	-30161.73	-39790.95	-1.19810	83.456	0.00
0.00	-30161.61	-39791.34	-1.20520	-30161.61	-39791.34	-1.20520	83.229	0.00
0.00	-30161.53	-39791.62	-1.21209	-30161.53	-39791.62	-1.21209	83.406	0.00
0.00	-30161.43	-39791.95	-1.21748	-30161.43	-39791.95	-1.21748	84.034	0.00
0.00	-30161.34	-39792.27	-1.22281	-30161.34	-39792.27	-1.22281	84.346	0.00
0.00	-30161.23	-39792.62	-1.22739	-30161.23	-39792.62	-1.22739	85.051	0.00
0.00	-30161.13	-39792.96	-1.23123	-30161.13	-39792.96	-1.23123	85.299	0.00
0.00	-30161.02	-39793.29	-1.23389	-30161.02	-39793.29	-1.23389	84.363	0.00
0.00	-30160.91	-39793.64	-1.23676	-30160.91	-39793.64	-1.23676	84.944	0.00
0.00	-30160.78	-39794.04	-1.23881	-30160.78	-39794.04	-1.23881	86.248	0.00
0.00	-30160.67	-39794.39	-1.24062	-30160.67	-39794.39	-1.24062	83.951	0.00
0.00	-30160.57	-39794.71	-1.24206	-30160.57	-39794.71	-1.24206	83.005	0.00
0.00	-30160.46	-39795.04	-1.24295	-30160.46	-39795.04	-1.24295	84.153	0.00
0.00	-30160.35	-39795.38	-1.24359	-30160.35	-39795.38	-1.24359	85.249	0.00
0.00	-30160.26	-39795.64	-1.24420	-30160.26	-39795.64	-1.24420	84.017	0.00
0.00	-30160.16	-39795.94	-1.24455	-30160.16	-39795.94	-1.24455	83.954	0.00
0.00	-30160.05	-39796.25	-1.24471	-30160.05	-39796.25	-1.24471	86.379	0.00
0.00	-30159.95	-39796.57	-1.24472	-30159.95	-39796.57	-1.24472	85.256	0.00
0.00	-30159.83	-39796.93	-1.24459	-30159.83	-39796.93	-1.24459	83.783	0.00
0.00	-30159.72	-39797.25	-1.24438	-30159.72	-39797.25	-1.24438	85.191	0.00
0.00	-30159.61	-39797.56	-1.24415	-30159.61	-39797.56	-1.24415	87.482	0.00
0.00	-30159.49	-39797.90	-1.24387	-30159.49	-39797.90	-1.24387	86.819	0.00
0.00	-30159.35	-39798.30	-1.24339	-30159.35	-39798.30	-1.24339	87.690	0.00
0.00	-30159.28	-39798.52	-1.24296	-30159.28	-39798.52	-1.24296	88.293	0.00
0.00	-30159.17	-39798.84	-1.24248	-30159.17	-39798.84	-1.24248	89.522	0.00
0.00	-30159.06	-39799.14	-1.24201	-30159.06	-39799.14	-1.24201	87.080	0.00
0.00	-30158.96	-39799.45	-1.24153	-30158.96	-39799.45	-1.24153	87.130	0.00
0.00	-30158.84	-39799.78	-1.24125	-30158.84	-39799.78	-1.24125	88.058	0.00
0.00	-30158.73	-39800.11	-1.24096	-30158.73	-39800.11	-1.24096	87.523	0.00
0.00	-30158.61	-39800.44	-1.24070	-30158.61	-39800.44	-1.24070	87.696	0.00
0.00	-30158.50	-39800.77	-1.24047	-30158.50	-39800.77	-1.24047	86.001	0.00
0.00	-30158.40	-39801.07	-1.24030	-30158.40	-39801.07	-1.24030	87.799	0.00
0.00	-30158.28	-39801.40	-1.24014	-30158.28	-39801.40	-1.24014	88.273	0.00
0.00	-30158.17	-39801.72	-1.24004	-30158.17	-39801.72	-1.24004	89.560	0.00
0.00	-30158.05	-39802.09	-1.24005	-30158.05	-39802.09	-1.24005	88.875	0.00
0.00	-30157.94	-39802.41	-1.24017	-30157.94	-39802.41	-1.24017	92.831	0.00
0.00	-30157.84	-39802.68	-1.24036	-30157.84	-39802.68	-1.24036	88.342	0.00
0.00	-30157.72	-39803.05	-1.24062	-30157.72	-39803.05	-1.24062	95.221	0.00
0.00	-30157.58	-39803.45	-1.24082	-30157.58	-39803.45	-1.24082	88.279	0.00
0.00	-30157.47	-39803.78	-1.24100	-30157.47	-39803.78	-1.24100	92.128	0.00
0.00	-30157.36	-39804.10	-1.24132	-30157.36	-39804.10	-1.24132	90.246	0.00
0.00	-30157.25	-39804.44	-1.24164	-30157.25	-39804.44	-1.24164	90.405	0.00
0.00	-30157.12	-39804.83	-1.24196	-30157.12	-39804.83	-1.24196	88.408	0.00
0.00	-30157.00	-39805.17	-1.24223	-30157.00	-39805.17	-1.24223	89.073	0.00
0.00	-30156.89	-39805.51	-1.24248	-30156.89	-39805.51	-1.24248	88.534	0.00
0.00	-30156.76	-39805.88	-1.24268	-30156.76	-39805.88	-1.24268	89.085	0.00
0.00	-30156.66	-39806.19	-1.24280	-30156.66	-39806.19	-1.24280	89.983	0.00
0.00	-30156.55	-39806.50	-1.24284	-30156.55	-39806.50	-1.24284	88.121	0.00
0.00	-30156.39	-39806.97	-1.24275	-30156.39	-39806.97	-1.24275	90.636	0.00
0.00	-30156.31	-39807.21	-1.24271	-30156.31	-39807.21	-1.24271	93.505	0.00
0.00	-30156.17	-39807.60	-1.24271	-30156.17	-39807.60	-1.24271	92.200	0.00
0.00	-30156.05	-39807.98	-1.24294	-30156.05	-39807.98	-1.24294	93.095	0.00
0.00	-30155.94	-39808.31	-1.24324	-30155.94	-39808.31	-1.24324	92.888	0.00
0.00	-30155.83	-39808.62	-1.24364	-30155.83	-39808.62	-1.24364	92.957	0.00
0.00	-30155.69	-39809.04	-1.24398	-30155.69	-39809.04	-1.24398	92.357	0.00
0.00	-30155.57	-39809.40	-1.24428	-30155.57	-39809.40	-1.24428	91.746	0.00
0.00	-30155.44	-39809.80	-1.24452	-30155.44	-39809.80	-1.24452	92.723	0.00
0.00	-30155.36	-39810.03	-1.24465	-30155.36	-39810.03	-1.24465	94.012	0.00
0.00	-30155.26	-39810.31	-1.24486	-30155.26	-39810.31	-1.24486	92.587	0.00
0.00	-30155.13	-39810.70	-1.24518	-30155.13	-39810.70	-1.24518	97.547	0.00
0.00	-30155.00	-39811.09	-1.24569	-30155.00	-39811.09	-1.24569	93.564	0.00
0.00	-30154.91	-39811.37	-1.24645	-30154.91	-39811.37	-1.24645	94.528	0.00
0.00	-30154.81	-39811.68	-1.24737	-30154.81	-39811.68	-1.24737	100.241	0.00
0.00	-30154.70	-39812.05	-1.24838	-30154.70	-39812.05	-1.24838	99.388	0.00
0.00	-30154.58	-39812.40	-1.24921	-30154.58	-39812.40	-1.24921	96.986	0.00
0.00	-30154.47	-39812.75	-1.25004	-30154.47	-39812.75	-1.25004	95.489	0.00
0.00	-30154.37	-39813.04	-1.25077	-30154.37	-39813.04	-1.25077	92.062	0.00
0.00	-30154.24	-39813.44	-1.25146	-30154.24	-39813.44	-1.25146	93.452	0.00
0.00	-30154.14	-39813.78	-1.25232	-30154.14	-39813.78	-1.25232	94.216	0.00
0.00	-30154.06	-39814.02	-1.25313	-30154.06	-39814.02	-1.25313	91.809	0.00
0.00	-30153.96	-39814.35	-1.25409	-30153.96	-39814.35	-1.25409	103.652	0.00
0.00	-30153.85	-39814.70	-1.25496	-30153.85	-39814.70	-1.25496	92.251	0.00
0.00	-30153.74	-39815.04	-1.25611	-30153.74	-39815.04	-1.25611	95.364	0.00
0.00	-30153.62	-39815.43	-1.25723	-30153.62	-39815.43	-1.25723	95.030	0.00
0.00	-30153.51	-39815.78	-1.25822	-30153.51	-39815.78	-1.25822	94.546	0.00
0.00	-30153.42	-39816.06	-1.25925	-30153.42	-39816.06	-1.25925	93.666	0.00
0.00	-30153.34	-39816.34	-1.26041	-30153.34	-39816.34	-1.26041	94.134	0.00
0.00	-30153.23	-39816.67	-1.26163	-30153.23	-39816.67	-1.26163	94.671	0.00
0.00	-30153.13	-39817.02	-1.26289	-30153.13	-39817.02	-1.26289	93.348	0.00
0.00	-30153.01	-39817.40	-1.26404	-30153.01	-39817.40	-1.26404	91.944	0.00
0.00	-30152.92	-39817.70	-1.26517	-30152.92	-39817.70	-1.26517	93.530	0.00
0.00	-30152.82	-39818.04	-1.26626	-30152.82	-39818.04	-1.26626	93.962	0.00
0.00	-30152.72	-39818.38	-1.26721	-30152.72	-39818.38	-1.26721	96.085	0.00
0.00	-30152.61	-39818.73	-1.26839	-30152.61	-39818.73	-1.26839	95.695	0.00
0.00	-30152.51	-39819.09	-1.26978	-30152.51	-39819.09	-1.26978	94.929	0.00
0.00	-30152.40	-39819.46	-1.27107	-30152.40	-39819.46	-1.27107	99.391	0.00
0.00	-30152.31	-39819.76	-1.27251	-30152.31	-39819.76	-1.27251	95.813	0.00
0.00	-30152.20	-39820.16	-1.27396	-30152.20	-39820.16	-1.27396	97.046	0.00
0.00	-30152.08	-39820.56	-1.27528	-30152.08	-39820.56	-1.27528	96.901	0.00
0.00	-30151.97	-39820.93	-1.27638	-30151.97	-39820.93	-1.27638	95.894	0.00
0.00	-30151.88	-39821.25	-1.27753	-30151.88	-39821.25	-1.27753	94.945	0.00
0.00	-30151.77	-39821.61	-1.27867	-30151.77	-39821.61	-1.27867	96.881	0.00
0.00	-30151.67	-39821.96	-1.27981	-30151.67	-39821.96	-1.27981	97.076	0.00
0.00	-30151.59	-39822.26	-1.28079	-30151.59	-39822.26	-1.28079	97.774	0.00
0.00	-30151.51	-39822.55	-1.28196	-30151.51	-39822.55	-1.28196	95.538	0.00
0.00	-30151.41	-39822.91	-1.28325	-30151.41	-39822.91	-1.28325	100.974	0.00
