0.00	-46321.61	-33925.64	0.35000	64369.88	-61881.32	0.00000	68.968	0.00
0.00	-46321.61	-33925.54	0.35000	-46321.61	-33925.54	0.35000	67.314	0.00
0.00	-46321.53	-33925.44	0.34943	-46321.53	-33925.44	0.34943	2.877	0.00
0.00	-46321.45	-33925.42	0.34936	-46324.35	-33924.23	0.34936	20.756	0.14
0.00	-46321.51	-33925.25	1.18405	-46321.05	-33924.16	1.18405	40.644	0.42
0.00	-46321.55	-33925.15	1.40950	-46321.55	-33925.15	1.40950	1.536	0.42
0.00	-46321.56	-33925.07	1.47957	-46321.56	-33925.07	1.47957	1.732	0.42
0.00	-46321.58	-33924.93	1.58118	-46321.32	-33924.70	1.69629	50.156	0.95
0.00	-46321.59	-33924.80	1.60628	-46321.20	-33924.75	1.03422	50.138	0.74
0.00	-46321.60	-33924.66	1.60252	-46321.58	-33924.33	2.93283	36.138	0.30
0.00	-46321.59	-33924.59	1.59508	-46321.13	-33924.19	0.99092	14.767	0.11
0.00	-46321.59	-33924.50	1.58846	-46321.37	-33924.73	1.58846	48.414	0.83
0.00	-46321.59	-33924.40	1.58293	-46321.59	-33924.40	1.58293	1.597	0.83
0.00	-46321.59	-33924.30	1.57835	-46321.59	-33924.30	1.57835	1.755	0.83
0.00	-46321.59	-33924.19	1.57697	-46321.32	-33924.02	1.30075	50.437	0.86
0.00	-46321.58	-33924.09	1.57171	-46321.10	-33923.78	0.64348	44.686	0.48
0.00	-46321.58	-33923.95	1.56950	-46321.22	-33923.69	1.26595	29.758	0.30
0.00	-46321.58	-33923.89	1.56720	-46321.22	-33923.36	1.56115	42.547	0.44
0.00	-46321.58	-33923.75	1.56589	-46321.25	-33923.19	1.64054	51.258	0.94
0.00	-46321.58	-33923.68	1.56349	-46321.18	-33923.25	1.44524	51.327	0.79
0.00	-46321.57	-33923.51	1.56159	-46321.32	-33923.03	1.72996	51.031	0.86
0.00	-46321.57	-33923.46	1.56012	-46321.28	-33923.07	1.63478	50.671	0.79
0.00	-46321.57	-33923.27	1.55897	-46321.28	-33923.00	1.61148	48.925	0.82
0.00	-46321.56	-33923.18	1.55799	-46321.30	-33922.94	1.62889	29.090	0.86
0.00	-46321.56	-33923.13	1.55747	-46321.29	-33922.91	1.61459	51.281	0.75
0.00	-46321.56	-33922.99	1.55656	-46321.27	-33922.83	1.58512	52.740	0.93
0.00	-46321.56	-33922.88	1.55581	-46321.22	-33922.71	1.53549	56.416	0.90
0.00	-46321.56	-33922.72	1.55505	-46321.26	-33922.59	1.57711	42.209	0.94
0.00	-46321.55	-33922.59	1.55448	-46321.26	-33922.48	1.57660	51.193	0.91
0.00	-46321.55	-33922.48	1.55389	-46321.22	-33922.40	1.53910	51.192	0.84
0.00	-46321.55	-33922.35	1.55331	-46321.27	-33922.25	1.58313	53.622	0.93
0.00	-46321.54	-33922.22	1.55277	-46321.27	-33922.13	1.58015	58.104	0.93
0.00	-46321.54	-33922.07	1.55219	-46321.26	-33921.98	1.57648	29.238	0.93
0.00	-46321.54	-33922.07	1.55219	-46321.27	-33921.99	1.57873	29.337	0.93
0.00	-46321.54	-33921.79	1.55141	-46321.27	-33921.72	1.57753	52.460	0.98
0.00	-46321.53	-33921.71	1.55082	-46321.29	-33921.61	1.59041	49.952	0.97
0.00	-46321.53	-33921.62	1.55025	-46321.29	-33921.53	1.58747	58.203	0.93
0.00	-46321.53	-33921.37	1.54985	-46321.29	-33921.35	1.58650	19.945	0.94
0.00	-46321.53	-33921.34	1.54977	-46321.33	-33921.29	1.60623	56.409	0.88
0.00	-46321.52	-33921.16	1.54960	-46321.36	-33921.19	1.61751	51.318	0.87
0.00	-46321.52	-33921.01	1.54944	-46321.38	-33921.09	1.62465	51.137	0.91
0.00	-46321.52	-33920.88	1.54925	-46321.38	-33921.03	1.62312	59.335	0.85
0.00	-46321.51	-33920.68	1.54908	-46321.38	-33920.90	1.61656	60.052	0.67
0.00	-46321.51	-33920.52	1.54895	-46321.39	-33920.81	1.61996	61.612	0.91
0.00	-46321.51	-33920.32	1.54903	-46321.41	-33920.66	1.62406	50.480	0.90
0.00	-46321.50	-33920.20	1.54910	-46321.43	-33920.49	1.62738	52.172	0.87
0.00	-46321.50	-33920.00	1.54927	-46321.46	-33920.29	1.63483	52.991	0.85
0.00	-46321.50	-33919.92	1.54949	-46321.47	-33920.24	1.63564	52.055	0.82
0.00	-46321.49	-33919.65	1.54977	-46321.48	-33920.07	1.63691	61.307	0.87
0.00	-46321.49	-33919.47	1.55023	-46321.50	-33919.92	1.64061	48.905	0.78
0.00	-46321.49	-33919.34	1.55065	-46321.51	-33919.80	1.63873	65.588	0.86
0.00	-46321.48	-33919.10	1.55121	-46321.52	-33919.65	1.63909	50.008	0.77
0.00	-46321.48	-33919.03	1.55183	-46321.49	-33919.57	1.63062	60.318	0.89
0.00	-46321.48	-33918.71	1.55259	-46321.49	-33919.27	1.62668	64.528	0.79
0.00	-46321.48	-33918.53	1.55344	-46321.50	-33919.11	1.62681	50.215	0.84
0.00	-46321.48	-33918.39	1.55414	-46321.50	-33918.94	1.62512	46.892	0.81
0.00	-46321.47	-33918.24	1.55482	-46321.48	-33918.79	1.61836	50.591	0.83
0.00	-46321.47	-33918.12	1.55553	-46321.51	-33918.66	1.62441	60.579	0.83
0.00	-46321.47	-33917.82	1.55639	-46321.49	-33918.43	1.61839	44.660	0.77
0.00	-46321.47	-33917.69	1.55717	-46321.51	-33918.29	1.61987	49.286	0.88
0.00	-46321.47	-33917.54	1.55798	-46321.51	-33918.17	1.61983	59.275	0.77
0.00	-46321.47	-33917.36	1.55895	-46321.49	-33917.93	1.61474	54.919	0.81
0.00	-46321.47	-33917.09	1.55989	-46321.51	-33917.73	1.61604	60.732	0.84
0.00	-46321.47	-33916.87	1.56082	-46321.51	-33917.58	1.61659	47.395	0.91
0.00	-46321.47	-33916.76	1.56154	-46321.52	-33917.43	1.61603	47.773	0.93
0.00	-46321.47	-33916.58	1.56200	-46321.51	-33917.25	1.61346	56.097	0.90
0.00	-46321.47	-33916.49	1.56295	-46321.51	-33917.14	1.61289	49.815	0.83
0.00	-46321.47	-33916.23	1.56373	-46321.52	-33916.90	1.61295	57.753	0.88
0.00	-46321.47	-33916.05	1.56456	-46321.51	-33916.73	1.61097	40.175	0.85
0.00	-46321.47	-33915.94	1.56503	-46321.50	-33916.62	1.60873	41.844	0.83
0.00	-46321.47	-33915.79	1.56550	-46321.49	-33916.46	1.60645	57.558	0.81
0.00	-46321.47	-33915.59	1.56595	-46321.48	-33916.25	1.60308	62.951	0.89
0.00	-46321.47	-33915.37	1.56640	-46321.48	-33916.03	1.60104	47.374	0.85
0.00	-46321.47	-33915.23	1.56667	-46321.48	-33915.85	1.60027	47.330	0.89
0.00	-46321.47	-33915.08	1.56692	-46321.47	-33915.70	1.59826	17.755	0.87
0.00	-46321.47	-33915.03	1.56701	-46321.47	-33915.63	1.59839	20.167	0.86
0.00	-46321.47	-33914.98	1.56712	-46321.46	-33915.55	1.59683	47.945	0.83
0.00	-46321.47	-33914.77	1.56723	-46321.46	-33915.36	1.59464	48.392	0.88
0.00	-46321.47	-33914.61	1.56744	-46321.45	-33915.17	1.59291	41.751	0.82
0.00	-46321.47	-33914.49	1.56755	-46321.44	-33915.03	1.59073	47.284	0.88
0.00	-46321.48	-33914.33	1.56760	-46321.45	-33914.86	1.59119	20.448	0.88
0.00	-46321.48	-33914.12	1.56747	-46321.45	-33914.65	1.59034	105.903	0.91
0.00	-46321.48	-33913.71	1.56762	-46321.46	-33914.31	1.58992	47.485	0.97
0.00	-46321.48	-33913.58	1.56770	-46321.45	-33914.13	1.58879	32.786	0.92
0.00	-46321.48	-33913.52	1.56770	-46321.45	-33914.04	1.58833	47.831	0.88
0.00	-46321.48	-33913.37	1.56776	-46321.45	-33913.85	1.58703	48.382	0.95
0.00	-46321.48	-33913.23	1.56784	-46321.44	-33913.67	1.58532	51.795	0.92
0.00	-46321.48	-33913.05	1.56796	-46321.45	-33913.49	1.58526	16.837	0.89
0.00	-46321.48	-33913.01	1.56799	-46321.45	-33913.45	1.58486	48.717	0.92
0.00	-46321.48	-33912.85	1.56806	-46321.45	-33913.27	1.58409	47.788	0.96
0.00	-46321.49	-33912.75	1.56819	-46321.45	-33913.13	1.58405	53.402	0.97
0.00	-46321.49	-33912.47	1.56829	-46321.45	-33912.89	1.58357	40.090	0.91
0.00	-46321.49	-33912.35	1.56855	-46321.45	-33912.69	1.58341	48.574	0.98
0.00	-46321.49	-33912.22	1.56885	-46321.46	-33912.55	1.58376	28.658	0.93
0.00	-46321.49	-33912.13	1.56901	-46321.46	-33912.43	1.58383	15.423	0.94
0.00	-46321.49	-33912.00	1.56925	-46321.47	-33912.31	1.58394	48.002	0.91
0.00	-46321.50	-33911.83	1.56953	-46321.47	-33912.18	1.58365	47.398	0.90
0.00	-46321.50	-33911.66	1.56935	-46321.47	-33912.02	1.58347	48.589	0.94
0.00	-46321.50	-33911.52	1.56970	-46321.48	-33911.84	1.58328	23.345	0.90
0.00	-46321.50	-33911.35	1.56981	-46321.48	-33911.67	1.58289	17.387	0.93
0.00	-46321.50	-33911.20	1.57019	-46321.48	-33911.52	1.58255	17.653	0.89
0.00	-46321.50	-33911.00	1.57036	-46321.49	-33911.33	1.58264	17.873	0.98
0.00	-46321.51	-33910.81	1.57081	-46321.49	-33911.17	1.58250	39.528	0.96
0.00	-46321.51	-33910.61	1.57070	-46321.49	-33910.99	1.58228	20.609	0.86
0.00	-46321.51	-33910.50	1.57112	-46321.49	-33910.88	1.58233	24.602	0.93
0.00	-46321.51	-33910.31	1.57154	-46321.50	-33910.72	1.58238	47.007	0.82
0.00	-46321.52	-33910.20	1.57198	-46321.50	-33910.56	1.58209	39.666	0.93
0.00	-46321.52	-33910.00	1.57233	-46321.50	-33910.34	1.58178	24.588	0.91
0.00	-46321.52	-33909.86	1.57265	-46321.51	-33910.19	1.58167	10.285	0.90
0.00	-46321.52	-33909.70	1.57269	-46321.51	-33910.02	1.58159	18.784	0.93
0.00	-46321.53	-33909.54	1.57322	-46321.51	-33909.87	1.58130	23.619	0.91
0.00	-46321.53	-33909.39	1.57354	-46321.51	-33909.69	1.58105	32.334	0.97
0.00	-46321.54	-33909.23	1.57397	-46321.52	-33909.52	1.58130	17.035	0.92
0.00	-46321.54	-33909.07	1.57380	-46321.52	-33909.34	1.58078	16.903	0.92
0.00	-46321.54	-33908.92	1.57426	-46321.53	-33909.17	1.58094	25.271	0.97
0.00	-46321.54	-33908.75	1.57440	-46321.53	-33908.99	1.58104	36.953	0.96
0.00	-46321.55	-33908.59	1.57480	-46321.53	-33908.83	1.58087	13.909	0.92
0.00	-46321.55	-33908.42	1.57509	-46321.54	-33908.69	1.58066	46.516	0.91
0.00	-46321.55	-33908.25	1.57552	-46321.54	-33908.51	1.58050	48.699	0.96
0.00	-46321.56	-33908.09	1.57564	-46321.54	-33908.33	1.58017	35.578	0.95
0.00	-46321.56	-33907.94	1.57598	-46321.54	-33908.17	1.58025	24.745	0.92
0.00	-46321.56	-33907.74	1.57606	-46321.55	-33907.99	1.58062	21.880	0.95
0.00	-46321.57	-33907.54	1.57628	-46321.55	-33907.82	1.58036	46.611	0.97
0.00	-46321.57	-33907.35	1.57638	-46321.55	-33907.64	1.57988	42.564	0.96
0.00	-46321.57	-33907.20	1.57661	-46321.57	-33907.46	1.58105	44.671	0.89
0.00	-46321.57	-33907.04	1.57672	-46321.57	-33907.28	1.58133	15.706	0.95
0.00	-46321.58	-33906.89	1.57696	-46321.57	-33907.12	1.58073	46.187	0.95
0.00	-46321.58	-33906.69	1.57715	-46321.58	-33906.89	1.58081	32.773	0.97
0.00	-46321.58	-33906.54	1.57732	-46321.59	-33906.72	1.58138	37.284	0.93
0.00	-46321.59	-33906.38	1.57746	-46321.59	-33906.56	1.58086	39.341	0.94
0.00	-46321.59	-33906.21	1.57763	-46321.60	-33906.36	1.58165	45.881	0.87
0.00	-46321.59	-33906.05	1.57771	-46321.60	-33906.18	1.58149	41.390	0.97
0.00	-46321.59	-33905.89	1.57782	-46321.60	-33906.03	1.58126	32.247	0.95
0.00	-46321.60	-33905.72	1.57795	-46321.59	-33905.84	1.57987	45.150	0.83
0.00	-46321.60	-33905.55	1.57799	-46321.60	-33905.68	1.58012	26.055	0.94
0.00	-46321.60	-33905.38	1.57801	-46321.60	-33905.50	1.57960	44.028	0.97
0.00	-46321.61	-33905.21	1.57802	-46321.61	-33905.32	1.58007	13.929	0.98
0.00	-46321.61	-33905.04	1.57805	-46321.62	-33905.09	1.58068	43.951	0.93
0.00	-46321.61	-33904.87	1.57809	-46321.62	-33904.95	1.58028	43.840	0.89
0.00	-46321.62	-33904.37	1.57747	-46321.63	-33904.50	1.58037	42.962	0.93
0.00	-46321.62	-33904.29	1.57739	-46321.64	-33904.35	1.58079	33.187	0.97
0.00	-46321.62	-33904.28	1.57745	-46321.65	-33904.25	1.58135	48.125	0.82
0.00	-46321.62	-33904.05	1.57761	-46321.65	-33904.06	1.58087	44.877	0.95
0.00	-46321.63	-33903.84	1.57781	-46321.65	-33903.88	1.58090	47.177	0.97
0.00	-46321.63	-33903.69	1.57800	-46321.66	-33903.73	1.58074	24.010	0.99
0.00	-46321.63	-33903.59	1.57810	-46321.67	-33903.60	1.58220	43.062	0.76
0.00	-46321.63	-33903.41	1.57815	-46321.68	-33903.41	1.58221	42.710	0.94
0.00	-46321.64	-33903.26	1.57822	-46321.67	-33903.26	1.58130	41.328	0.96
0.00	-46321.64	-33903.09	1.57830	-46321.67	-33903.09	1.58094	9.978	0.95
0.00	-46321.64	-33902.99	1.57831	-46321.69	-33902.95	1.58189	13.965	0.92
0.00	-46321.64	-33902.85	1.57841	-46321.68	-33902.82	1.58132	11.798	0.97
0.00	-46321.65	-33902.63	1.57825	-46321.68	-33902.64	1.58078	40.563	0.93
0.00	-46321.65	-33902.50	1.57846	-46321.68	-33902.49	1.57997	40.428	0.92
0.00	-46321.65	-33902.27	1.57840	-46321.68	-33902.29	1.57941	38.557	0.96
0.00	-46321.66	-33902.00	1.57876	-46321.68	-33902.03	1.57885	34.986	0.97
0.00	-46321.66	-33901.90	1.57896	-46321.69	-33901.88	1.57963	58.950	0.90
0.00	-46321.67	-33901.68	1.57917	-46321.70	-33901.64	1.57934	41.383	0.93
0.00	-46321.67	-33901.52	1.57928	-46321.69	-33901.48	1.57840	30.852	0.97
0.00	-46321.67	-33901.43	1.57940	-46321.69	-33901.37	1.57799	34.001	0.96
0.00	-46321.67	-33901.24	1.57957	-46321.69	-33901.19	1.57751	41.005	1.01
0.00	-46321.68	-33901.06	1.57965	-46321.69	-33901.01	1.57694	32.885	0.95
0.00	-46321.68	-33900.85	1.57971	-46321.70	-33900.80	1.57770	40.548	0.86
0.00	-46321.69	-33900.65	1.57972	-46321.70	-33900.62	1.57710	40.898	0.97
0.00	-46321.69	-33900.46	1.57959	-46321.71	-33900.45	1.57665	26.783	0.96
0.00	-46321.69	-33900.31	1.57973	-46321.71	-33900.27	1.57627	35.689	0.93
0.00	-46321.70	-33900.16	1.57987	-46321.72	-33900.08	1.57684	20.599	0.94
0.00	-46321.70	-33900.00	1.58001	-46321.71	-33899.90	1.57600	39.564	0.97
0.00	-46321.71	-33899.83	1.58005	-46321.72	-33899.72	1.57576	31.192	0.96
0.00	-46321.71	-33899.66	1.58002	-46321.73	-33899.55	1.57653	37.563	0.88
0.00	-46321.71	-33899.49	1.58001	-46321.72	-33899.38	1.57541	38.813	0.89
0.00	-46321.72	-33899.31	1.58009	-46321.73	-33899.16	1.57533	39.741	0.86
0.00	-46321.72	-33899.10	1.58022	-46321.72	-33898.93	1.57450	39.568	0.94
0.00	-46321.72	-33898.97	1.58025	-46321.72	-33898.79	1.57379	20.998	0.91
0.00	-46321.73	-33898.76	1.58031	-46321.72	-33898.59	1.57288	22.174	0.95
0.00	-46321.73	-33898.59	1.58024	-46321.72	-33898.43	1.57201	28.343	0.90
0.00	-46321.74	-33898.42	1.58014	-46321.72	-33898.27	1.57147	12.713	0.95
0.00	-46321.74	-33898.25	1.58015	-46321.72	-33898.08	1.57105	13.196	0.93
0.00	-46321.74	-33898.08	1.58022	-46321.72	-33897.90	1.57084	18.028	0.94
0.00	-46321.75	-33897.90	1.58039	-46321.71	-33897.73	1.56985	26.290	0.95
0.00	-46321.75	-33897.73	1.58043	-46321.71	-33897.54	1.56929	18.229	0.93
0.00	-46321.75	-33897.54	1.58058	-46321.71	-33897.36	1.56854	28.962	0.94
0.00	-46321.76	-33897.33	1.58073	-46321.70	-33897.19	1.56775	37.382	0.94
0.00	-46321.76	-33897.13	1.58087	-46321.70	-33897.01	1.56693	30.880	0.94
0.00	-46321.77	-33896.96	1.58102	-46321.70	-33896.84	1.56637	27.591	0.94
0.00	-46321.77	-33896.81	1.58119	-46321.70	-33896.67	1.56657	42.886	0.90
0.00	-46321.78	-33896.65	1.58133	-46321.69	-33896.49	1.56525	43.174	0.84
0.00	-46321.78	-33896.49	1.58142	-46321.70	-33896.29	1.56522	38.904	0.91
0.00	-46321.78	-33896.33	1.58153	-46321.69	-33896.11	1.56441	43.959	0.86
0.00	-46321.79	-33896.16	1.58160	-46321.70	-33895.92	1.56459	37.831	0.94
0.00	-46321.79	-33895.99	1.58163	-46321.70	-33895.73	1.56448	40.416	0.81
0.00	-46321.80	-33895.82	1.58168	-46321.69	-33895.54	1.56374	40.643	0.88
0.00	-46321.80	-33895.65	1.58175	-46321.69	-33895.38	1.56341	37.110	0.89
0.00	-46321.81	-33895.47	1.58182	-46321.70	-33895.21	1.56374	29.633	0.87
0.00	-46321.81	-33895.30	1.58187	-46321.70	-33895.05	1.56381	37.835	0.90
0.00	-46321.81	-33895.13	1.58187	-46321.70	-33894.88	1.56327	37.291	0.85
0.00	-46321.82	-33894.92	1.58188	-46321.72	-33894.63	1.56441	36.541	0.78
0.00	-46321.82	-33894.76	1.58183	-46321.72	-33894.48	1.56430	31.984	0.95
0.00	-46321.82	-33894.59	1.58174	-46321.72	-33894.31	1.56436	10.340	0.86
0.00	-46321.83	-33894.42	1.58167	-46321.73	-33894.11	1.56483	38.279	0.85
0.00	-46321.83	-33894.25	1.58157	-46321.73	-33893.93	1.56479	25.772	0.90
0.00	-46321.84	-33894.06	1.58153	-46321.74	-33893.76	1.56499	30.898	0.89
0.00	-46321.84	-33893.85	1.58154	-46321.74	-33893.62	1.56489	37.338	0.92
0.00	-46321.85	-33893.64	1.58165	-46321.75	-33893.44	1.56549	22.784	0.98
0.00	-46321.85	-33893.48	1.58173	-46321.75	-33893.26	1.56543	37.442	0.90
0.00	-46321.85	-33893.32	1.58178	-46321.76	-33893.09	1.56533	37.513	0.90
0.00	-46321.86	-33893.15	1.58182	-46321.76	-33892.90	1.56537	37.869	0.91
0.00	-46321.86	-33892.99	1.58189	-46321.76	-33892.71	1.56542	37.959	0.88
0.00	-46321.87	-33892.82	1.58197	-46321.76	-33892.52	1.56504	12.762	0.87
0.00	-46321.87	-33892.64	1.58203	-46321.76	-33892.34	1.56494	19.993	0.88
0.00	-46321.87	-33892.47	1.58205	-46321.77	-33892.17	1.56486	18.672	0.90
0.00	-46321.88	-33892.29	1.58202	-46321.77	-33892.01	1.56437	37.652	0.88
0.00	-46321.88	-33892.12	1.58199	-46321.78	-33891.84	1.56499	38.346	0.91
0.00	-46321.89	-33891.94	1.58198	-46321.77	-33891.63	1.56397	39.675	0.78
0.00	-46321.89	-33891.76	1.58198	-46321.77	-33891.47	1.56348	31.041	0.93
0.00	-46321.89	-33891.58	1.58199	-46321.77	-33891.27	1.56306	38.823	0.88
0.00	-46321.90	-33891.40	1.58200	-46321.77	-33891.07	1.56336	39.307	0.88
0.00	-46321.90	-33891.22	1.58198	-46321.77	-33890.91	1.56346	38.687	0.92
0.00	-46321.91	-33891.04	1.58198	-46321.78	-33890.75	1.56320	30.452	0.93
0.00	-46321.91	-33890.82	1.58201	-46321.78	-33890.58	1.56298	37.293	0.89
0.00	-46321.91	-33890.66	1.58200	-46321.78	-33890.40	1.56345	38.491	0.93
0.00	-46321.92	-33890.45	1.58198	-46321.79	-33890.22	1.56359	31.990	0.92
0.00	-46321.92	-33890.24	1.58190	-46321.79	-33890.04	1.56324	32.309	0.87
0.00	-46321.92	-33890.04	1.58183	-46321.79	-33889.85	1.56383	38.554	0.89
0.00	-46321.93	-33889.87	1.58175	-46321.80	-33889.66	1.56418	36.481	0.92
0.00	-46321.93	-33889.70	1.58170	-46321.81	-33889.48	1.56449	37.720	0.87
0.00	-46321.94	-33889.53	1.58162	-46321.81	-33889.31	1.56446	26.049	0.91
0.00	-46321.94	-33889.35	1.58154	-46321.81	-33889.12	1.56432	18.911	0.89
0.00	-46321.94	-33889.17	1.58147	-46321.82	-33888.94	1.56420	36.863	0.90
0.00	-46321.95	-33888.99	1.58140	-46321.82	-33888.75	1.56432	26.787	0.97
0.00	-46321.95	-33888.81	1.58127	-46321.83	-33888.54	1.56474	38.575	0.86
0.00	-46321.95	-33888.62	1.58116	-46321.83	-33888.34	1.56490	19.563	0.88
0.00	-46321.96	-33888.44	1.58110	-46321.84	-33888.17	1.56504	36.644	0.90
0.00	-46321.96	-33888.25	1.58104	-46321.84	-33888.02	1.56515	36.886	0.90
0.00	-46321.97	-33888.07	1.58101	-46321.85	-33887.86	1.56550	33.281	0.89
0.00	-46321.97	-33887.88	1.58095	-46321.85	-33887.66	1.56544	24.750	0.85
0.00	-46321.97	-33887.69	1.58081	-46321.85	-33887.47	1.56506	32.321	0.84
0.00	-46321.98	-33887.45	1.58069	-46321.86	-33887.28	1.56499	23.725	0.91
0.00	-46321.98	-33887.23	1.58059	-46321.86	-33887.11	1.56529	37.410	0.94
0.00	-46321.98	-33887.02	1.58054	-46321.87	-33886.90	1.56544	23.981	0.87
0.00	-46321.99	-33886.83	1.58045	-46321.87	-33886.73	1.56498	29.776	0.90
0.00	-46321.99	-33886.63	1.58039	-46321.87	-33886.53	1.56503	35.936	0.86
0.00	-46322.00	-33886.44	1.58041	-46321.88	-33886.32	1.56520	36.919	0.91
0.00	-46322.00	-33886.21	1.58043	-46321.88	-33886.10	1.56506	26.046	0.88
0.00	-46322.00	-33886.06	1.58033	-46321.88	-33885.92	1.56484	34.408	0.89
0.00	-46322.01	-33885.90	1.58024	-46321.88	-33885.72	1.56481	37.247	0.94
0.00	-46322.01	-33885.73	1.58018	-46321.89	-33885.55	1.56484	26.794	0.88
0.00	-46322.01	-33885.55	1.58010	-46321.89	-33885.34	1.56492	14.523	0.92
0.00	-46322.02	-33885.37	1.58007	-46321.90	-33885.18	1.56514	35.908	0.91
0.00	-46322.02	-33885.13	1.58006	-46321.90	-33884.99	1.56489	23.020	0.94
0.00	-46322.02	-33884.90	1.58005	-46321.90	-33884.78	1.56447	90.807	0.89
0.00	-46322.03	-33884.49	1.58016	-46321.90	-33884.44	1.56428	37.685	0.79
0.00	-46322.04	-33884.37	1.58024	-46321.91	-33884.20	1.56513	37.525	0.79
0.00	-46322.04	-33884.24	1.58026	-46321.91	-33884.04	1.56502	37.228	0.93
0.00	-46322.04	-33884.11	1.58029	-46321.92	-33883.88	1.56537	27.591	0.92
0.00	-46322.04	-33884.00	1.58039	-46321.93	-33883.77	1.56607	22.047	0.90
0.00	-46322.05	-33883.80	1.58055	-46321.93	-33883.58	1.56603	14.540	0.85
0.00	-46322.05	-33883.60	1.58068	-46321.93	-33883.39	1.56578	25.204	0.93
0.00	-46322.06	-33883.40	1.58086	-46321.94	-33883.25	1.56615	35.927	0.87
0.00	-46322.06	-33883.20	1.58099	-46321.94	-33883.04	1.56615	28.569	0.88
0.00	-46322.07	-33883.00	1.58111	-46321.95	-33882.85	1.56611	35.905	0.95
0.00	-46322.07	-33882.76	1.58126	-46321.95	-33882.64	1.56627	20.350	0.93
0.00	-46322.08	-33882.52	1.58144	-46321.96	-33882.42	1.56645	34.668	0.81
0.00	-46322.08	-33882.31	1.58162	-46321.96	-33882.22	1.56682	35.040	0.86
0.00	-46322.09	-33882.13	1.58180	-46321.96	-33882.02	1.56643	29.288	0.89
0.00	-46322.09	-33881.95	1.58198	-46321.97	-33881.81	1.56655	30.171	0.88
0.00	-46322.10	-33881.73	1.58211	-46321.97	-33881.58	1.56675	34.508	0.91
0.00	-46322.10	-33881.55	1.58211	-46321.98	-33881.36	1.56713	29.946	0.85
0.00	-46322.11	-33881.36	1.58216	-46321.98	-33881.15	1.56667	14.763	0.91
0.00	-46322.11	-33881.17	1.58222	-46321.98	-33880.99	1.56644	34.878	0.95
0.00	-46322.12	-33880.97	1.58228	-46321.99	-33880.81	1.56704	36.612	0.80
0.00	-46322.12	-33880.78	1.58235	-46321.99	-33880.60	1.56666	35.147	0.85
0.00	-46322.12	-33880.58	1.58244	-46321.99	-33880.33	1.56625	36.254	0.89
0.00	-46322.13	-33880.38	1.58266	-46321.99	-33880.11	1.56642	35.852	0.93
0.00	-46322.13	-33880.18	1.58288	-46322.01	-33879.92	1.56747	34.458	0.81
0.00	-46322.14	-33879.98	1.58307	-46322.02	-33879.76	1.56796	34.855	0.89
0.00	-46322.14	-33879.78	1.58321	-46322.02	-33879.55	1.56790	35.520	0.89
0.00	-46322.15	-33879.58	1.58335	-46322.02	-33879.36	1.56768	37.383	0.86
0.00	-46322.15	-33879.38	1.58348	-46322.02	-33879.15	1.56777	36.655	0.92
0.00	-46322.16	-33879.18	1.58358	-46322.03	-33878.94	1.56790	23.172	0.85
0.00	-46322.16	-33878.99	1.58368	-46322.03	-33878.74	1.56763	33.955	0.84
0.00	-46322.17	-33878.75	1.58378	-46322.03	-33878.56	1.56759	34.999	0.89
0.00	-46322.17	-33878.52	1.58388	-46322.04	-33878.34	1.56803	24.123	0.88
0.00	-46322.18	-33878.32	1.58401	-46322.04	-33878.13	1.56822	25.980	0.88
0.00	-46322.18	-33878.15	1.58414	-46322.04	-33877.93	1.56796	24.665	0.93
0.00	-46322.19	-33877.97	1.58425	-46322.05	-33877.75	1.56825	34.727	0.79
0.00	-46322.19	-33877.80	1.58430	-46322.05	-33877.54	1.56793	36.567	0.92
0.00	-46322.20	-33877.61	1.58434	-46322.06	-33877.35	1.56794	26.380	0.87
0.00	-46322.20	-33877.43	1.58439	-46322.05	-33877.11	1.56735	35.534	0.84
0.00	-46322.21	-33877.20	1.58446	-46322.06	-33876.88	1.56761	37.722	0.93
0.00	-46322.21	-33877.02	1.58454	-46322.07	-33876.67	1.56849	37.698	0.94
0.00	-46322.22	-33876.82	1.58462	-46322.07	-33876.48	1.56831	22.525	0.90
0.00	-46322.22	-33876.64	1.58473	-46322.08	-33876.30	1.56869	36.491	0.95
0.00	-46322.23	-33876.44	1.58488	-46322.08	-33876.11	1.56808	36.036	0.83
0.00	-46322.23	-33876.24	1.58502	-46322.08	-33875.92	1.56800	23.377	0.85
0.00	-46322.24	-33876.05	1.58514	-46322.08	-33875.71	1.56788	35.911	0.92
0.00	-46322.24	-33875.85	1.58525	-46322.09	-33875.52	1.56844	30.448	0.87
0.00	-46322.25	-33875.65	1.58536	-46322.10	-33875.30	1.56880	29.269	0.93
0.00	-46322.25	-33875.44	1.58551	-46322.10	-33875.10	1.56905	31.130	0.91
0.00	-46322.26	-33875.24	1.58560	-46322.11	-33874.91	1.56902	34.769	0.89
0.00	-46322.26	-33875.02	1.58567	-46322.10	-33874.70	1.56813	35.163	0.81
0.00	-46322.27	-33874.79	1.58575	-46322.11	-33874.50	1.56818	24.176	0.90
0.00	-46322.28	-33874.55	1.58588	-46322.11	-33874.26	1.56813	35.060	0.87
0.00	-46322.28	-33874.36	1.58605	-46322.12	-33874.11	1.56899	34.252	0.83
0.00	-46322.29	-33874.18	1.58620	-46322.13	-33873.91	1.56916	14.315	0.95
0.00	-46322.29	-33874.00	1.58629	-46322.14	-33873.72	1.56950	23.778	0.90
0.00	-46322.30	-33873.81	1.58633	-46322.15	-33873.55	1.57010	34.531	0.87
0.00	-46322.30	-33873.62	1.58641	-46322.15	-33873.32	1.56989	34.880	0.88
0.00	-46322.31	-33873.42	1.58650	-46322.16	-33873.12	1.57032	18.672	0.88
0.00	-46322.31	-33873.22	1.58655	-46322.16	-33872.92	1.57048	28.343	0.91
0.00	-46322.32	-33873.02	1.58657	-46322.17	-33872.72	1.57034	36.990	0.92
0.00	-46322.32	-33872.78	1.58654	-46322.17	-33872.47	1.57039	20.123	0.92
0.00	-46322.33	-33872.59	1.58643	-46322.17	-33872.30	1.57030	35.870	0.91
0.00	-46322.33	-33872.40	1.58639	-46322.17	-33872.10	1.56963	37.486	0.79
0.00	-46322.34	-33872.21	1.58642	-46322.17	-33871.89	1.56945	36.342	0.87
0.00	-46322.34	-33872.01	1.58648	-46322.18	-33871.73	1.56954	35.461	0.86
0.00	-46322.35	-33871.82	1.58658	-46322.19	-33871.53	1.57031	32.052	0.91
0.00	-46322.35	-33871.62	1.58670	-46322.19	-33871.33	1.57025	27.998	0.93
0.00	-46322.36	-33871.42	1.58684	-46322.19	-33871.12	1.57015	33.264	0.93
0.00	-46322.36	-33871.22	1.58698	-46322.20	-33870.92	1.57071	36.385	0.92
0.00	-46322.37	-33870.99	1.58713	-46322.21	-33870.75	1.57143	35.255	0.84
0.00	-46322.37	-33870.75	1.58725	-46322.22	-33870.54	1.57209	36.798	0.90
0.00	-46322.38	-33870.53	1.58728	-46322.23	-33870.35	1.57264	24.759	0.91
0.00	-46322.38	-33870.34	1.58727	-46322.24	-33870.15	1.57310	29.779	0.97
0.00	-46322.39	-33870.17	1.58727	-46322.24	-33869.96	1.57282	25.939	0.87
0.00	-46322.39	-33869.99	1.58728	-46322.24	-33869.77	1.57265	20.822	0.92
0.00	-46322.40	-33869.80	1.58731	-46322.25	-33869.57	1.57270	37.600	0.93
0.00	-46322.40	-33869.61	1.58739	-46322.25	-33869.38	1.57269	27.507	0.93
0.00	-46322.41	-33869.41	1.58748	-46322.25	-33869.18	1.57299	36.523	0.89
0.00	-46322.41	-33869.22	1.58749	-46322.27	-33868.97	1.57416	38.245	0.90
0.00	-46322.41	-33869.03	1.58741	-46322.27	-33868.78	1.57390	26.320	0.89
0.00	-46322.42	-33868.84	1.58719	-46322.27	-33868.58	1.57354	28.916	0.92
0.00	-46322.42	-33868.64	1.58690	-46322.28	-33868.38	1.57373	25.202	0.95
0.00	-46322.43	-33868.45	1.58666	-46322.28	-33868.19	1.57324	25.918	0.85
0.00	-46322.43	-33868.21	1.58652	-46322.28	-33867.95	1.57306	27.661	0.98
0.00	-46322.43	-33868.03	1.58644	-46322.28	-33867.76	1.57266	29.566	0.86
0.00	-46322.44	-33867.84	1.58636	-46322.29	-33867.55	1.57320	36.495	0.86
0.00	-46322.44	-33867.65	1.58623	-46322.30	-33867.37	1.57319	31.050	0.88
0.00	-46322.45	-33867.46	1.58606	-46322.30	-33867.17	1.57301	22.895	0.85
0.00	-46322.45	-33867.27	1.58592	-46322.30	-33866.99	1.57285	12.537	0.92
0.00	-46322.46	-33867.04	1.58591	-46322.30	-33866.78	1.57277	9.221	0.85
0.00	-46322.46	-33866.81	1.58593	-46322.31	-33866.58	1.57291	39.327	0.92
0.00	-46322.47	-33866.58	1.58600	-46322.31	-33866.43	1.57301	39.821	0.78
0.00	-46322.47	-33866.41	1.58602	-46322.32	-33866.21	1.57288	32.043	0.87
0.00	-46322.48	-33866.23	1.58603	-46322.33	-33866.02	1.57326	29.473	0.93
0.00	-46322.48	-33866.04	1.58610	-46322.33	-33865.82	1.57338	38.097	0.93
0.00	-46322.49	-33865.86	1.58628	-46322.34	-33865.63	1.57413	29.667	0.87
0.00	-46322.49	-33865.66	1.58647	-46322.35	-33865.44	1.57440	38.734	0.94
0.00	-46322.50	-33865.47	1.58654	-46322.35	-33865.28	1.57446	38.901	0.84
0.00	-46322.50	-33865.28	1.58653	-46322.36	-33865.07	1.57420	23.759	0.89
0.00	-46322.51	-33865.08	1.58656	-46322.36	-33864.90	1.57425	39.552	0.91
0.00	-46322.51	-33864.88	1.58656	-46322.36	-33864.70	1.57413	22.549	0.91
0.00	-46322.52	-33864.69	1.58658	-46322.37	-33864.52	1.57391	39.150	0.91
0.00	-46322.52	-33864.49	1.58666	-46322.37	-33864.31	1.57381	22.036	0.92
0.00	-46322.53	-33864.29	1.58677	-46322.37	-33864.10	1.57372	29.598	0.88
0.00	-46322.53	-33864.09	1.58688	-46322.38	-33863.90	1.57388	15.817	0.91
0.00	-46322.54	-33863.86	1.58692	-46322.38	-33863.66	1.57369	19.425	0.90
0.00	-46322.54	-33863.67	1.58680	-46322.39	-33863.46	1.57390	40.614	0.91
0.00	-46322.55	-33863.48	1.58675	-46322.39	-33863.26	1.57332	24.569	0.80
0.00	-46322.55	-33863.30	1.58677	-46322.40	-33863.11	1.57469	39.042	0.89
0.00	-46322.56	-33863.07	1.58686	-46322.41	-33862.95	1.57519	39.252	0.93
0.00	-46322.56	-33862.83	1.58695	-46322.43	-33862.77	1.57602	40.234	0.88
0.00	-46322.57	-33862.62	1.58700	-46322.43	-33862.58	1.57583	16.922	0.92
0.00	-46322.57	-33862.44	1.58705	-46322.44	-33862.37	1.57617	33.609	0.93
0.00	-46322.58	-33862.26	1.58713	-46322.44	-33862.17	1.57605	19.618	0.89
0.00	-46322.58	-33862.08	1.58715	-46322.45	-33861.95	1.57664	25.534	0.95
0.00	-46322.59	-33861.89	1.58722	-46322.46	-33861.73	1.57698	37.601	0.91
0.00	-46322.59	-33861.69	1.58735	-46322.47	-33861.54	1.57710	12.765	0.94
0.00	-46322.60	-33861.50	1.58750	-46322.47	-33861.39	1.57702	39.780	0.88
0.00	-46322.60	-33861.30	1.58763	-46322.48	-33861.18	1.57745	21.891	0.89
0.00	-46322.61	-33861.10	1.58781	-46322.49	-33860.98	1.57817	39.797	0.93
0.00	-46322.61	-33860.90	1.58805	-46322.49	-33860.77	1.57781	32.878	0.88
0.00	-46322.62	-33860.71	1.58832	-46322.50	-33860.60	1.57899	39.832	0.88
0.00	-46322.63	-33860.51	1.58852	-46322.51	-33860.41	1.57906	15.443	0.93
0.00	-46322.63	-33860.31	1.58863	-46322.51	-33860.21	1.57903	22.387	0.95
0.00	-46322.64	-33860.12	1.58867	-46322.52	-33860.01	1.57915	17.280	0.92
0.00	-46322.64	-33859.92	1.58869	-46322.53	-33859.79	1.57913	36.977	0.93
0.00	-46322.65	-33859.72	1.58873	-46322.53	-33859.60	1.57937	14.005	0.96
0.00	-46322.65	-33859.52	1.58875	-46322.54	-33859.41	1.57938	39.596	0.96
0.00	-46322.66	-33859.33	1.58872	-46322.54	-33859.18	1.57919	40.661	0.89
0.00	-46322.66	-33859.05	1.58875	-46322.55	-33858.94	1.57892	23.513	0.92
0.00	-46322.67	-33858.82	1.58878	-46322.55	-33858.74	1.57900	26.757	0.95
0.00	-46322.68	-33858.61	1.58885	-46322.56	-33858.54	1.57890	35.073	0.97
0.00	-46322.68	-33858.43	1.58896	-46322.56	-33858.33	1.57892	27.900	0.93
0.00	-46322.69	-33858.26	1.58897	-46322.57	-33858.13	1.57903	27.033	0.95
0.00	-46322.69	-33858.07	1.58882	-46322.57	-33857.93	1.57898	30.405	0.94
0.00	-46322.70	-33857.88	1.58857	-46322.58	-33857.73	1.57888	25.995	0.91
0.00	-46322.70	-33857.69	1.58827	-46322.59	-33857.54	1.57854	28.102	0.94
0.00	-46322.71	-33857.49	1.58792	-46322.59	-33857.33	1.57813	24.205	0.99
0.00	-46322.71	-33857.29	1.58759	-46322.60	-33857.13	1.57780	14.557	0.91
0.00	-46322.72	-33857.08	1.58733	-46322.61	-33856.93	1.57740	25.948	0.96
0.00	-46322.73	-33856.87	1.58702	-46322.61	-33856.72	1.57684	23.265	0.97
0.00	-46322.73	-33856.67	1.58666	-46322.62	-33856.52	1.57614	37.554	0.96
0.00	-46322.74	-33856.47	1.58619	-46322.62	-33856.31	1.57562	12.590	0.93
0.00	-46322.75	-33856.27	1.58573	-46322.62	-33856.08	1.57468	31.507	0.93
0.00	-46322.75	-33856.06	1.58529	-46322.63	-33855.91	1.57393	41.333	0.94
0.00	-46322.76	-33855.87	1.58484	-46322.63	-33855.70	1.57352	24.769	0.97
0.00	-46322.76	-33855.67	1.58444	-46322.65	-33855.53	1.57388	41.080	0.92
0.00	-46322.77	-33855.46	1.58403	-46322.65	-33855.33	1.57303	19.752	0.95
0.00	-46322.77	-33855.26	1.58358	-46322.65	-33855.15	1.57235	38.816	0.88
0.00	-46322.78	-33855.02	1.58315	-46322.65	-33854.94	1.57145	11.176	0.94
0.00	-46322.78	-33854.79	1.58268	-46322.65	-33854.72	1.57001	95.857	0.84
0.00	-46322.80	-33854.33	1.58151	-46322.65	-33854.35	1.56769	36.977	0.86
0.00	-46322.80	-33854.26	1.58100	-46322.65	-33854.19	1.56655	41.379	0.83
0.00	-46322.80	-33854.08	1.58032	-46322.65	-33853.99	1.56595	28.327	0.90
0.00	-46322.80	-33853.98	1.57980	-46322.65	-33853.86	1.56511	17.381	0.86
0.00	-46322.81	-33853.83	1.57910	-46322.66	-33853.68	1.56503	36.930	0.95
0.00	-46322.81	-33853.63	1.57810	-46322.66	-33853.46	1.56399	24.776	0.98
0.00	-46322.81	-33853.43	1.57710	-46322.67	-33853.26	1.56346	40.237	0.94
0.00	-46322.82	-33853.23	1.57604	-46322.68	-33853.06	1.56272	15.220	0.96
0.00	-46322.82	-33853.04	1.57489	-46322.69	-33852.85	1.56217	29.574	0.95
0.00	-46322.82	-33852.84	1.57372	-46322.70	-33852.65	1.56163	40.590	0.94
0.00	-46322.83	-33852.63	1.57253	-46322.70	-33852.43	1.56086	39.847	0.93
0.00	-46322.83	-33852.43	1.57128	-46322.70	-33852.21	1.55864	41.637	0.66
0.00	-46322.83	-33852.23	1.57000	-46322.69	-33852.01	1.55657	17.621	0.84
0.00	-46322.84	-33852.03	1.56869	-46322.69	-33851.81	1.55453	18.275	0.91
0.00	-46322.84	-33851.83	1.56736	-46322.68	-33851.58	1.55256	41.396	0.81
0.00	-46322.84	-33851.63	1.56594	-46322.68	-33851.39	1.55049	34.645	0.88
0.00	-46322.84	-33851.44	1.56460	-46322.67	-33851.20	1.54824	11.636	0.83
0.00	-46322.84	-33851.23	1.56319	-46322.67	-33851.02	1.54625	34.420	0.84
0.00	-46322.84	-33850.99	1.56173	-46322.66	-33850.83	1.54422	33.691	0.83
0.00	-46322.84	-33850.76	1.56034	-46322.67	-33850.62	1.54349	43.193	0.97
0.00	-46322.84	-33850.57	1.55889	-46322.66	-33850.43	1.54144	45.216	0.84
0.00	-46322.84	-33850.40	1.55749	-46322.65	-33850.23	1.53943	25.074	0.81
0.00	-46322.84	-33850.22	1.55607	-46322.65	-33850.04	1.53764	10.293	0.77
0.00	-46322.84	-33850.04	1.55457	-46322.64	-33849.85	1.53586	29.899	0.86
0.00	-46322.84	-33849.82	1.55301	-46322.63	-33849.59	1.53415	24.708	0.85
0.00	-46322.84	-33849.63	1.55139	-46322.63	-33849.40	1.53228	24.792	0.85
0.00	-46322.83	-33849.45	1.54981	-46322.62	-33849.23	1.53052	36.806	0.84
0.00	-46322.83	-33849.25	1.54826	-46322.61	-33849.03	1.52865	31.774	0.79
0.00	-46322.83	-33849.06	1.54679	-46322.61	-33848.85	1.52699	32.160	0.89
0.00	-46322.83	-33848.87	1.54534	-46322.60	-33848.66	1.52536	38.516	0.79
0.00	-46322.82	-33848.67	1.54393	-46322.59	-33848.46	1.52379	39.981	0.84
0.00	-46322.82	-33848.48	1.54250	-46322.58	-33848.27	1.52208	15.763	0.86
0.00	-46322.78	-33847.27	1.53139	-46322.56	-33847.44	1.51271	45.103	0.84
0.00	-46322.79	-33847.64	1.53001	-46322.55	-33847.15	1.51240	48.760	0.88
0.00	-46322.78	-33847.29	1.52916	-46322.55	-33846.86	1.51222	44.340	0.90
0.00	-46322.77	-33846.99	1.52834	-46322.55	-33846.68	1.51110	23.177	0.91
0.00	-46322.77	-33846.86	1.52789	-46322.54	-33846.59	1.51033	51.210	0.85
0.00	-46322.76	-33846.52	1.52722	-46322.53	-33846.35	1.50863	26.395	0.90
0.00	-46322.76	-33846.38	1.52683	-46322.52	-33846.24	1.50790	25.129	0.84
0.00	-46322.75	-33846.25	1.52636	-46322.52	-33846.10	1.50707	19.775	0.90
0.00	-46322.75	-33846.02	1.52584	-46322.51	-33845.88	1.50649	44.379	0.87
0.00	-46322.74	-33845.80	1.52540	-46322.50	-33845.70	1.50512	45.660	0.94
0.00	-46322.73	-33845.55	1.52495	-46322.49	-33845.45	1.50451	38.159	0.91
0.00	-46322.73	-33845.40	1.52438	-46322.48	-33845.28	1.50342	44.041	0.91
0.00	-46322.72	-33845.16	1.52361	-46322.47	-33845.05	1.50262	45.559	0.91
0.00	-46322.71	-33844.98	1.52316	-46322.46	-33844.83	1.50166	45.653	0.87
0.00	-46322.71	-33844.80	1.52263	-46322.44	-33844.63	1.50047	47.449	0.86
0.00	-46322.70	-33844.61	1.52214	-46322.43	-33844.43	1.49908	35.447	0.84
0.00	-46322.70	-33844.42	1.52173	-46322.42	-33844.23	1.49858	46.015	0.98
0.00	-46322.69	-33844.23	1.52141	-46322.42	-33844.08	1.49839	46.141	0.87
0.00	-46322.68	-33844.05	1.52098	-46322.41	-33843.91	1.49786	45.694	0.85
0.00	-46322.68	-33843.85	1.52088	-46322.40	-33843.73	1.49724	26.866	0.87
0.00	-46322.67	-33843.68	1.52068	-46322.39	-33843.55	1.49699	35.564	0.90
0.00	-46322.66	-33843.44	1.52062	-46322.39	-33843.33	1.49827	42.668	0.92
0.00	-46322.65	-33843.22	1.52054	-46322.38	-33843.17	1.49795	15.808	0.85
0.00	-46322.65	-33843.00	1.52054	-46322.37	-33842.99	1.49759	24.060	0.91
0.00	-46322.64	-33842.84	1.52062	-46322.36	-33842.79	1.49754	26.020	0.92
0.00	-46322.63	-33842.67	1.52073	-46322.35	-33842.59	1.49727	14.533	0.87
0.00	-46322.63	-33842.50	1.52083	-46322.34	-33842.43	1.49729	49.069	0.90
0.00	-46322.62	-33842.28	1.52119	-46322.33	-33842.20	1.49737	37.737	0.88
0.00	-46322.61	-33842.15	1.52153	-46322.32	-33842.08	1.49728	50.568	0.89
0.00	-46322.60	-33841.92	1.52198	-46322.32	-33841.82	1.49991	50.672	0.91
0.00	-46322.60	-33841.73	1.52251	-46322.32	-33841.63	1.50100	10.473	0.95
0.00	-46322.59	-33841.59	1.52298	-46322.31	-33841.49	1.50145	31.341	0.85
0.00	-46322.58	-33841.40	1.52350	-46322.30	-33841.29	1.50220	34.034	0.94
0.00	-46322.58	-33841.21	1.52402	-46322.29	-33841.10	1.50304	36.109	0.97
0.00	-46322.57	-33840.98	1.52449	-46322.28	-33840.90	1.50361	39.634	0.90
0.00	-46322.56	-33840.80	1.52497	-46322.28	-33840.71	1.50473	15.934	0.97
0.00	-46322.55	-33840.63	1.52544	-46322.27	-33840.51	1.50537	17.246	0.86
0.00	-46322.55	-33840.45	1.52587	-46322.25	-33840.32	1.50564	51.970	0.92
0.00	-46322.54	-33840.26	1.52638	-46322.24	-33840.11	1.50617	23.849	0.94
0.00	-46322.53	-33840.08	1.52676	-46322.23	-33839.92	1.50648	38.536	0.92
0.00	-46322.52	-33839.91	1.52709	-46322.22	-33839.76	1.50723	55.368	0.89
0.00	-46322.51	-33839.64	1.52744	-46322.22	-33839.52	1.50902	54.851	0.96
0.00	-46322.50	-33839.38	1.52781	-46322.22	-33839.29	1.51072	55.015	0.93
0.00	-46322.50	-33839.19	1.52815	-46322.22	-33839.13	1.51127	54.139	0.86
0.00	-46322.49	-33838.99	1.52849	-46322.21	-33838.93	1.51157	31.622	0.90
0.00	-46322.48	-33838.87	1.52864	-46322.21	-33838.79	1.51298	48.672	0.97
0.00	-46322.48	-33838.70	1.52884	-46322.22	-33838.62	1.51502	54.057	0.97
0.00	-46322.47	-33838.49	1.52910	-46322.22	-33838.42	1.51642	54.524	0.96
0.00	-46322.46	-33838.27	1.52943	-46322.21	-33838.18	1.51654	25.879	0.90
0.00	-46322.46	-33838.18	1.52963	-46322.21	-33838.08	1.51768	55.172	0.94
0.00	-46322.45	-33837.95	1.53016	-46322.21	-33837.85	1.51891	20.161	0.89
0.00	-46322.45	-33837.89	1.53043	-46322.21	-33837.78	1.52021	28.355	0.94
0.00	-46322.44	-33837.70	1.53111	-46322.21	-33837.61	1.52164	42.772	0.93
0.00	-46322.43	-33837.52	1.53190	-46322.21	-33837.43	1.52315	40.843	0.93
0.00	-46322.42	-33837.13	1.53328	-46322.20	-33837.05	1.52560	55.050	0.93
0.00	-46322.41	-33836.96	1.53451	-46322.20	-33836.84	1.52728	38.498	0.89
0.00	-46322.41	-33836.84	1.53545	-46322.20	-33836.69	1.52892	45.908	0.93
0.00	-46322.41	-33836.65	1.53675	-46322.20	-33836.54	1.53066	36.221	0.92
0.00	-46322.40	-33836.51	1.53794	-46322.20	-33836.39	1.53252	20.813	0.90
0.00	-46322.40	-33836.41	1.53872	-46322.21	-33836.27	1.53386	26.694	0.96
0.00	-46322.40	-33836.27	1.54003	-46322.21	-33836.12	1.53593	46.642	0.96
0.00	-46322.39	-33836.06	1.54187	-46322.21	-33835.96	1.53834	15.462	0.96
0.00	-46322.39	-33835.84	1.54384	-46322.21	-33835.79	1.54120	54.103	0.94
0.00	-46322.38	-33835.61	1.54628	-46322.21	-33835.59	1.54292	42.221	0.87
0.00	-46322.38	-33835.49	1.54849	-46322.21	-33835.45	1.54567	18.320	0.90
0.00	-46322.38	-33835.32	1.55089	-46322.20	-33835.28	1.54791	19.526	0.93
0.00	-46322.38	-33835.15	1.55383	-46322.20	-33835.10	1.55096	23.325	0.95
0.00	-46322.37	-33834.99	1.55687	-46322.20	-33834.94	1.55326	46.169	0.89
0.00	-46322.37	-33834.81	1.56015	-46322.19	-33834.77	1.55613	27.858	0.97
0.00	-46322.37	-33834.64	1.56355	-46322.19	-33834.58	1.55926	37.503	0.95
0.00	-46322.37	-33834.47	1.56708	-46322.19	-33834.45	1.56261	51.407	0.92
0.00	-46322.37	-33834.26	1.57140	-46322.19	-33834.24	1.56677	51.212	0.86
0.00	-46322.38	-33834.09	1.57604	-46322.20	-33834.08	1.57166	17.371	0.95
0.00	-46322.38	-33833.96	1.57975	-46322.20	-33833.96	1.57513	49.535	0.89
0.00	-46322.38	-33833.75	1.58502	-46322.20	-33833.76	1.58012	20.599	0.58
0.00	-46322.39	-33833.62	1.58990	-46322.19	-33833.63	1.58383	41.452	0.92
0.00	-46322.39	-33833.45	1.59534	-46322.19	-33833.47	1.58812	35.259	0.82
0.00	-46322.40	-33833.29	1.60109	-46322.20	-33833.31	1.59453	41.231	0.93
0.00	-46322.40	-33833.09	1.60705	-46322.21	-33833.12	1.60109	24.512	0.93
0.00	-46322.41	-33832.97	1.61338	-46322.21	-33832.98	1.60730	41.472	0.92
0.00	-46322.42	-33832.77	1.62021	-46322.23	-33832.78	1.61442	18.785	0.96
0.00	-46322.43	-33832.59	1.62721	-46322.24	-33832.63	1.62214	27.927	0.90
0.00	-46322.44	-33832.41	1.63441	-46322.26	-33832.45	1.63032	43.969	0.97
0.00	-46322.45	-33832.26	1.64186	-46322.28	-33832.30	1.63891	43.907	0.92
0.00	-46322.46	-33832.12	1.64918	-46322.30	-33832.15	1.64683	49.074	0.96
0.00	-46322.48	-33831.98	1.65715	-46322.32	-33831.99	1.65549	40.308	0.97
0.00	-46322.49	-33831.85	1.66447	-46322.34	-33831.83	1.66367	42.019	0.98
0.00	-46322.50	-33831.71	1.67228	-46322.36	-33831.68	1.67200	15.502	0.88
0.00	-46322.52	-33831.57	1.68022	-46322.37	-33831.55	1.67918	45.539	0.85
0.00	-46322.54	-33831.43	1.68834	-46322.40	-33831.39	1.68784	29.921	0.95
0.00	-46322.55	-33831.29	1.69645	-46322.41	-33831.25	1.69510	31.767	0.93
0.00	-46322.57	-33831.15	1.70467	-46322.44	-33831.12	1.70424	30.817	0.91
0.00	-46322.59	-33831.02	1.71316	-46322.45	-33831.02	1.71208	46.682	0.86
0.00	-46322.62	-33830.88	1.72184	-46322.48	-33830.87	1.72142	35.064	0.96
0.00	-46322.64	-33830.75	1.73057	-46322.50	-33830.74	1.73002	36.267	0.93
0.00	-46322.66	-33830.61	1.73968	-46322.53	-33830.60	1.73972	15.259	0.91
0.00	-46322.68	-33830.48	1.74892	-46322.56	-33830.45	1.74965	23.716	0.94
0.00	-46322.71	-33830.35	1.75835	-46322.60	-33830.31	1.75974	37.879	0.87
0.00	-46322.74	-33830.21	1.76800	-46322.62	-33830.19	1.76936	43.702	0.88
0.00	-46322.76	-33830.08	1.77782	-46322.64	-33830.07	1.77834	37.079	0.82
0.00	-46322.80	-33829.94	1.78771	-46322.67	-33829.95	1.78848	45.182	0.92
0.00	-46322.83	-33829.78	1.79770	-46322.71	-33829.81	1.79917	16.695	0.96
0.00	-46322.87	-33829.60	1.80792	-46322.76	-33829.65	1.80985	25.444	0.93
0.00	-46322.90	-33829.51	1.81817	-46322.79	-33829.53	1.82090	44.300	0.98
0.00	-46322.94	-33829.37	1.82909	-46322.85	-33829.35	1.83249	31.879	0.95
0.00	-46322.97	-33829.25	1.84022	-46322.89	-33829.20	1.84402	23.697	0.92
0.00	-46323.00	-33829.13	1.85163	-46322.93	-33829.08	1.85588	28.108	0.92
0.00	-46323.04	-33829.01	1.86313	-46322.98	-33828.93	1.86762	28.425	0.98
0.00	-46323.08	-33828.88	1.87487	-46323.02	-33828.80	1.87988	26.805	0.88
0.00	-46323.12	-33828.76	1.88709	-46323.07	-33828.68	1.89225	28.686	0.90
0.00	-46323.16	-33828.63	1.89938	-46323.09	-33828.58	1.90347	39.539	0.83
0.00	-46323.21	-33828.51	1.91208	-46323.15	-33828.46	1.91657	40.711	0.91
0.00	-46323.26	-33828.36	1.92484	-46323.19	-33828.37	1.92981	39.322	0.89
0.00	-46323.32	-33828.21	1.93784	-46323.23	-33828.26	1.94265	28.471	0.94
0.00	-46323.37	-33828.08	1.95078	-46323.28	-33828.13	1.95569	17.787	1.00
0.00	-46323.42	-33827.96	1.96384	-46323.34	-33828.00	1.96816	26.404	0.90
0.00	-46323.47	-33827.85	1.97663	-46323.38	-33827.89	1.98057	12.119	0.97
0.00	-46323.52	-33827.75	1.98940	-46323.43	-33827.78	1.99303	21.817	0.96
0.00	-46323.57	-33827.63	2.00241	-46323.48	-33827.67	2.00581	14.158	0.91
0.00	-46323.62	-33827.53	2.01431	-46323.53	-33827.57	2.01731	8.662	0.96
0.00	-46323.69	-33827.40	2.02900	-46323.59	-33827.46	2.03179	11.960	0.94
0.00	-46323.76	-33827.26	2.04259	-46323.65	-33827.34	2.04508	19.349	0.96
0.00	-46323.83	-33827.13	2.05614	-46323.71	-33827.22	2.05852	17.286	0.93
0.00	-46323.88	-33827.02	2.06987	-46323.78	-33827.11	2.07193	18.729	0.90
0.00	-46323.94	-33826.92	2.08328	-46323.84	-33827.00	2.08505	7.470	0.51
0.00	-46324.00	-33826.82	2.09699	-46323.90	-33826.89	2.09833	10.803	0.88
0.00	-46324.07	-33826.71	2.11036	-46323.95	-33826.79	2.11063	36.427	0.78
0.00	-46324.15	-33826.58	2.12402	-46324.04	-33826.65	2.12401	9.689	0.90
0.00	-46324.21	-33826.48	2.13779	-46324.11	-33826.54	2.13785	21.431	0.91
0.00	-46324.28	-33826.38	2.15158	-46324.18	-33826.44	2.15160	23.276	0.86
0.00	-46324.35	-33826.27	2.16556	-46324.25	-33826.34	2.16527	16.613	0.85
0.00	-46324.43	-33826.16	2.17918	-46324.33	-33826.23	2.17922	28.794	0.93
0.00	-46324.50	-33826.06	2.19301	-46324.41	-33826.11	2.19281	31.053	0.88
0.00	-46324.58	-33825.95	2.20670	-46324.48	-33826.01	2.20637	20.719	0.93
0.00	-46324.66	-33825.84	2.22039	-46324.58	-33825.90	2.22057	33.198	0.85
0.00	-46324.75	-33825.73	2.23424	-46324.67	-33825.78	2.23486	20.799	0.95
0.00	-46324.83	-33825.63	2.24778	-46324.76	-33825.68	2.24911	26.669	0.81
0.00	-46324.92	-33825.52	2.26161	-46324.85	-33825.57	2.26310	24.723	0.88
0.00	-46325.01	-33825.42	2.27489	-46324.93	-33825.47	2.27543	30.895	0.69
0.00	-46325.10	-33825.32	2.28824	-46325.03	-33825.34	2.28808	30.544	0.71
0.00	-46325.21	-33825.19	2.30141	-46325.13	-33825.23	2.30131	27.049	0.90
0.00	-46325.32	-33825.07	2.31457	-46325.24	-33825.12	2.31447	17.527	0.87
0.00	-46325.43	-33824.96	2.32774	-46325.35	-33825.01	2.32802	10.926	0.82
0.00	-46325.54	-33824.84	2.34081	-46325.44	-33824.91	2.34114	15.275	0.91
0.00	-46325.65	-33824.73	2.35394	-46325.54	-33824.82	2.35518	93.459	0.86
0.00	-46325.86	-33824.52	2.37890	-46325.73	-33824.65	2.37981	12.519	0.90
0.00	-46325.85	-33824.53	2.38279	-46325.76	-33824.62	2.38384	16.674	0.88
0.00	-46325.90	-33824.48	2.39269	-46325.84	-33824.54	2.39375	20.929	0.89
0.00	-46326.00	-33824.40	2.40530	-46325.96	-33824.43	2.40667	22.763	0.84
0.00	-46326.10	-33824.30	2.41774	-46326.08	-33824.34	2.41944	30.445	0.92
0.00	-46326.23	-33824.19	2.43005	-46326.22	-33824.22	2.43223	26.775	0.81
0.00	-46326.34	-33824.11	2.44236	-46326.33	-33824.13	2.44428	14.481	0.87
0.00	-46326.45	-33824.02	2.45439	-46326.45	-33824.03	2.45662	19.691	0.86
0.00	-46326.56	-33823.93	2.46634	-46326.57	-33823.94	2.46843	16.385	0.58
0.00	-46326.67	-33823.84	2.47802	-46326.69	-33823.84	2.48024	13.138	0.83
0.00	-46326.79	-33823.75	2.48949	-46326.81	-33823.75	2.49113	16.569	0.84
0.00	-46326.91	-33823.66	2.50080	-46326.93	-33823.66	2.50221	19.657	0.85
0.00	-46327.03	-33823.57	2.51192	-46327.03	-33823.60	2.51404	29.653	0.83
0.00	-46327.15	-33823.49	2.52305	-46327.15	-33823.52	2.52502	20.217	0.91
0.00	-46327.26	-33823.41	2.53397	-46327.29	-33823.43	2.53634	26.984	0.85
0.00	-46327.41	-33823.31	2.54477	-46327.41	-33823.35	2.54689	12.094	0.83
0.00	-46327.57	-33823.21	2.55551	-46327.53	-33823.26	2.55705	14.843	0.82
0.00	-46327.71	-33823.12	2.56571	-46327.67	-33823.18	2.56707	17.853	0.86
0.00	-46327.82	-33823.05	2.57592	-46327.79	-33823.10	2.57693	20.230	0.85
0.00	-46327.94	-33822.98	2.58595	-46327.91	-33823.03	2.58654	9.490	0.90
0.00	-46328.06	-33822.90	2.59598	-46328.03	-33822.95	2.59576	11.982	0.85
0.00	-46328.19	-33822.83	2.60594	-46328.17	-33822.87	2.60562	27.732	0.92
0.00	-46328.31	-33822.76	2.61581	-46328.30	-33822.80	2.61483	21.664	0.87
0.00	-46328.44	-33822.69	2.62578	-46328.44	-33822.71	2.62482	26.877	0.86
0.00	-46328.57	-33822.62	2.63553	-46328.58	-33822.64	2.63460	19.552	0.87
0.00	-46328.70	-33822.55	2.64529	-46328.71	-33822.57	2.64388	8.373	0.67
0.00	-46328.83	-33822.48	2.65485	-46328.83	-33822.51	2.65342	14.834	0.90
0.00	-46328.99	-33822.40	2.66449	-46328.99	-33822.43	2.66257	13.260	0.92
0.00	-46329.12	-33822.34	2.67395	-46329.12	-33822.37	2.67171	16.911	0.85
0.00	-46329.25	-33822.27	2.68348	-46329.24	-33822.31	2.68102	18.317	0.85
0.00	-46329.39	-33822.21	2.69304	-46329.38	-33822.24	2.69007	7.336	0.79
0.00	-46329.52	-33822.15	2.70263	-46329.51	-33822.18	2.69931	24.612	0.92
0.00	-46329.66	-33822.09	2.71237	-46329.65	-33822.11	2.70861	14.760	0.88
0.00	-46329.80	-33822.03	2.72216	-46329.77	-33822.06	2.71771	24.231	0.83
0.00	-46329.93	-33821.97	2.73216	-46329.91	-33822.00	2.72754	8.572	0.89
0.00	-46330.10	-33821.90	2.74207	-46330.04	-33821.95	2.73682	26.725	0.83
0.00	-46330.27	-33821.83	2.75188	-46330.19	-33821.89	2.74639	23.815	0.83
0.00	-46330.42	-33821.77	2.76160	-46330.33	-33821.83	2.75595	21.697	0.91
0.00	-46330.55	-33821.73	2.77126	-46330.49	-33821.77	2.76593	25.879	0.74
0.00	-46330.68	-33821.68	2.78127	-46330.64	-33821.72	2.77554	14.433	0.85
0.00	-46330.82	-33821.63	2.79138	-46330.79	-33821.67	2.78541	11.995	0.84
0.00	-46330.97	-33821.57	2.80163	-46330.93	-33821.62	2.79554	27.377	0.88
0.00	-46331.12	-33821.52	2.81186	-46331.07	-33821.57	2.80524	26.666	0.89
0.00	-46331.28	-33821.48	2.82185	-46331.23	-33821.52	2.81495	14.566	0.87
0.00	-46331.43	-33821.43	2.83201	-46331.39	-33821.46	2.82490	21.370	0.87
0.00	-46331.59	-33821.38	2.84174	-46331.56	-33821.41	2.83396	14.968	0.83
0.00	-46331.74	-33821.33	2.85148	-46331.71	-33821.36	2.84344	24.725	0.92
0.00	-46331.90	-33821.29	2.86104	-46331.85	-33821.32	2.85229	25.014	0.88
0.00	-46332.06	-33821.25	2.87063	-46332.01	-33821.27	2.86148	18.576	0.92
0.00	-46332.23	-33821.20	2.88017	-46332.20	-33821.21	2.87069	14.885	0.86
0.00	-46332.39	-33821.16	2.88942	-46332.39	-33821.17	2.88046	28.938	0.79
0.00	-46332.58	-33821.11	2.89828	-46332.60	-33821.12	2.88994	29.026	0.77
0.00	-46332.74	-33821.08	2.90653	-46332.79	-33821.08	2.89821	26.099	0.82
0.00	-46332.90	-33821.04	2.91420	-46332.95	-33821.03	2.90534	28.743	0.80
0.00	-46333.07	-33821.00	2.92176	-46333.13	-33821.00	2.91296	19.316	0.88
0.00	-46333.27	-33820.96	2.92915	-46333.29	-33820.96	2.92010	10.795	0.86
0.00	-46333.46	-33820.92	2.93638	-46333.43	-33820.93	2.92625	29.107	0.87
0.00	-46333.63	-33820.89	2.94342	-46333.59	-33820.90	2.93343	28.765	0.98
0.00	-46333.78	-33820.86	2.95012	-46333.76	-33820.87	2.94024	18.634	0.83
0.00	-46333.93	-33820.84	2.95653	-46333.92	-33820.84	2.94597	9.882	0.94
0.00	-46334.09	-33820.81	2.96275	-46334.03	-33820.81	2.95105	30.060	0.80
0.00	-46334.26	-33820.78	2.96885	-46334.20	-33820.79	2.95701	29.681	0.86
0.00	-46334.42	-33820.76	2.97478	-46334.37	-33820.75	2.96224	18.437	0.90
0.00	-46334.59	-33820.74	2.98055	-46334.55	-33820.72	2.96732	19.510	0.87
0.00	-46334.75	-33820.71	2.98555	-46334.73	-33820.69	2.97208	26.098	0.90
0.00	-46334.92	-33820.69	2.99100	-46334.89	-33820.67	2.97703	27.478	0.91
0.00	-46335.09	-33820.67	2.99584	-46335.05	-33820.65	2.98152	23.283	0.87
0.00	-46335.26	-33820.65	3.00041	-46335.24	-33820.62	2.98516	85.230	0.88
0.00	-46335.61	-33820.61	3.00781	-46335.55	-33820.57	2.99120	16.280	0.91
0.00	-46335.63	-33820.60	3.00942	-46335.64	-33820.56	2.99261	24.486	0.85
0.00	-46335.76	-33820.59	3.01263	-46335.78	-33820.54	2.99541	32.299	0.89
0.00	-46335.93	-33820.57	3.01612	-46335.96	-33820.52	2.99878	22.257	0.88
0.00	-46336.10	-33820.56	3.01946	-46336.15	-33820.50	3.00186	33.243	0.91
0.00	-46336.30	-33820.53	3.02268	-46336.37	-33820.48	3.00479	32.123	0.86
0.00	-46336.48	-33820.52	3.02553	-46336.54	-33820.46	3.00746	16.718	0.88
0.00	-46336.67	-33820.50	3.02836	-46336.71	-33820.44	3.01010	22.232	0.86
0.00	-46336.86	-33820.48	3.03106	-46336.89	-33820.42	3.01246	33.864	0.86
0.00	-46337.02	-33820.47	3.03367	-46337.07	-33820.40	3.01517	30.427	0.97
0.00	-46337.17	-33820.45	3.03616	-46337.25	-33820.39	3.01707	20.375	0.87
0.00	-46337.32	-33820.44	3.03867	-46337.42	-33820.37	3.01924	34.448	0.86
0.00	-46337.48	-33820.43	3.04123	-46337.60	-33820.35	3.02116	35.090	0.86
0.00	-46337.64	-33820.42	3.04384	-46337.77	-33820.33	3.02326	28.896	0.85
0.00	-46337.80	-33820.41	3.04646	-46337.95	-33820.32	3.02551	27.838	0.86
0.00	-46337.97	-33820.39	3.04906	-46338.12	-33820.30	3.02764	23.477	0.88
0.00	-46338.14	-33820.38	3.05178	-46338.28	-33820.28	3.02946	31.256	0.87
0.00	-46338.31	-33820.37	3.05433	-46338.45	-33820.27	3.03127	30.395	0.86
0.00	-46338.48	-33820.36	3.05686	-46338.62	-33820.25	3.03290	23.552	0.85
0.00	-46338.65	-33820.35	3.05931	-46338.79	-33820.24	3.03491	37.010	0.89
0.00	-46338.82	-33820.34	3.06186	-46338.94	-33820.23	3.03701	34.879	0.91
0.00	-46338.99	-33820.33	3.06446	-46339.09	-33820.21	3.03896	36.030	0.89
0.00	-46339.17	-33820.32	3.06698	-46339.25	-33820.20	3.04031	38.582	0.87
0.00	-46339.34	-33820.32	3.06944	-46339.45	-33820.18	3.04254	38.556	0.88
0.00	-46339.52	-33820.31	3.07179	-46339.65	-33820.17	3.04472	40.622	0.85
0.00	-46339.68	-33820.30	3.07404	-46339.84	-33820.16	3.04670	29.546	0.88
0.00	-46339.88	-33820.29	3.07627	-46340.02	-33820.15	3.04874	31.633	0.91
0.00	-46340.09	-33820.28	3.07846	-46340.20	-33820.13	3.05030	29.767	0.87
0.00	-46340.29	-33820.27	3.08054	-46340.34	-33820.13	3.05245	38.094	0.85
0.00	-46340.49	-33820.26	3.08253	-46340.55	-33820.11	3.05427	37.351	0.91
0.00	-46340.65	-33820.26	3.08433	-46340.74	-33820.10	3.05580	10.836	0.75
0.00	-46340.80	-33820.25	3.08612	-46340.90	-33820.09	3.05735	39.119	0.87
0.00	-46340.97	-33820.24	3.08794	-46341.09	-33820.08	3.05914	33.527	0.84
0.00	-46341.15	-33820.24	3.08977	-46341.26	-33820.07	3.06073	32.280	0.82
0.00	-46341.32	-33820.23	3.09156	-46341.46	-33820.06	3.06228	32.459	0.80
0.00	-46341.50	-33820.23	3.09326	-46341.67	-33820.05	3.06344	39.093	0.78
0.00	-46341.68	-33820.22	3.09478	-46341.80	-33820.05	3.06555	38.334	0.89
0.00	-46341.86	-33820.22	3.09608	-46341.99	-33820.03	3.06618	38.066	0.78
0.00	-46342.05	-33820.21	3.09719	-46342.15	-33820.03	3.06715	38.518	0.93
0.00	-46342.23	-33820.20	3.09814	-46342.33	-33820.02	3.06806	31.561	0.84
0.00	-46342.42	-33820.20	3.09904	-46342.52	-33820.01	3.06902	26.308	0.88
0.00	-46342.62	-33820.19	3.10017	-46342.70	-33820.00	3.06960	39.430	0.82
0.00	-46342.82	-33820.19	3.10136	-46342.89	-33819.99	3.07059	35.961	0.89
0.00	-46343.01	-33820.19	3.10251	-46343.06	-33819.98	3.07079	40.357	0.81
0.00	-46343.20	-33820.18	3.10364	-46343.26	-33819.98	3.07230	39.179	0.92
0.00	-46343.38	-33820.18	3.10473	-46343.45	-33819.97	3.07374	23.125	0.86
0.00	-46343.62	-33820.17	3.10573	-46343.65	-33819.97	3.07460	39.598	0.89
0.00	-46343.83	-33820.17	3.10655	-46343.86	-33819.96	3.07575	24.479	0.87
0.00	-46344.04	-33820.16	3.10742	-46344.07	-33819.95	3.07695	37.084	0.94
0.00	-46344.22	-33820.16	3.10827	-46344.29	-33819.95	3.07846	37.968	0.84
0.00	-46344.40	-33820.15	3.10925	-46344.50	-33819.95	3.07990	38.911	0.85
0.00	-46344.62	-33820.15	3.11011	-46344.72	-33819.94	3.08140	36.506	0.90
0.00	-46344.81	-33820.15	3.11077	-46344.91	-33819.94	3.08265	37.605	0.84
0.00	-46345.05	-33820.14	3.11139	-46345.10	-33819.94	3.08362	38.506	0.89
0.00	-46345.26	-33820.14	3.11202	-46345.30	-33819.94	3.08487	37.187	0.86
0.00	-46345.44	-33820.13	3.11266	-46345.49	-33819.93	3.08600	40.452	0.84
0.00	-46345.65	-33820.13	3.11335	-46345.69	-33819.93	3.08669	26.386	0.83
0.00	-46345.84	-33820.12	3.11400	-46345.90	-33819.92	3.08762	39.442	0.86
0.00	-46346.03	-33820.12	3.11456	-46346.12	-33819.92	3.08869	34.848	0.84
0.00	-46346.22	-33820.12	3.11507	-46346.34	-33819.91	3.08952	22.923	0.88
0.00	-46346.43	-33820.11	3.11548	-46346.55	-33819.91	3.09058	40.365	0.84
0.00	-46346.64	-33820.11	3.11583	-46346.76	-33819.91	3.09157	36.246	0.86
0.00	-46346.87	-33820.10	3.11618	-46346.97	-33819.90	3.09225	25.248	0.90
0.00	-46347.11	-33820.10	3.11652	-46347.18	-33819.90	3.09311	17.084	0.86
0.00	-46347.32	-33820.10	3.11677	-46347.39	-33819.90	3.09366	41.679	0.90
0.00	-46347.50	-33820.09	3.11708	-46347.63	-33819.90	3.09473	39.330	0.87
0.00	-46347.73	-33820.09	3.11735	-46347.85	-33819.90	3.09544	35.504	0.87
0.00	-46347.96	-33820.09	3.11755	-46348.06	-33819.90	3.09641	32.575	0.90
0.00	-46348.18	-33820.08	3.11771	-46348.26	-33819.89	3.09683	20.687	0.90
0.00	-46350.40	-33820.03	3.11635	-46349.49	-33819.85	3.09613	41.818	0.77
0.00	-46349.10	-33820.06	3.11643	-46349.42	-33819.86	3.09711	50.823	0.84
0.00	-46349.31	-33820.06	3.11669	-46349.58	-33819.86	3.09741	36.588	0.86
0.00	-46349.83	-33820.05	3.11685	-46349.97	-33819.86	3.09828	35.112	0.92
0.00	-46350.09	-33820.04	3.11714	-46350.16	-33819.85	3.09885	30.533	0.93
0.00	-46350.33	-33820.04	3.11750	-46350.30	-33819.86	3.10017	29.423	0.91
0.00	-46350.54	-33820.04	3.11757	-46350.54	-33819.86	3.10083	33.322	0.95
0.00	-46350.79	-33820.03	3.11808	-46350.67	-33819.86	3.10151	32.126	0.93
0.00	-46351.01	-33820.03	3.11871	-46350.85	-33819.87	3.10301	30.800	0.94
0.00	-46351.22	-33820.03	3.11895	-46351.07	-33819.87	3.10456	44.925	0.96
0.00	-46351.74	-33820.02	3.12001	-46351.48	-33819.86	3.10497	23.805	0.94
0.00	-46351.82	-33820.02	3.12026	-46351.61	-33819.87	3.10621	23.403	0.93
0.00	-46351.94	-33820.02	3.12066	-46351.73	-33819.88	3.10747	43.844	0.85
0.00	-46352.23	-33820.02	3.12118	-46351.99	-33819.88	3.10807	29.093	0.93
0.00	-46352.46	-33820.02	3.12185	-46352.22	-33819.88	3.10969	39.778	0.92
0.00	-46352.72	-33820.01	3.12219	-46352.44	-33819.89	3.11043	46.967	0.90
0.00	-46352.94	-33820.01	3.12279	-46352.67	-33819.88	3.11106	29.963	0.93
0.00	-46353.16	-33820.01	3.12286	-46352.88	-33819.89	3.11191	35.094	0.91
0.00	-46353.35	-33820.01	3.12332	-46353.11	-33819.89	3.11264	21.591	0.93
0.00	-46353.57	-33820.00	3.12349	-46353.32	-33819.89	3.11364	29.626	0.92
0.00	-46353.76	-33820.00	3.12381	-46353.56	-33819.89	3.11438	30.020	0.90
0.00	-46353.98	-33820.00	3.12381	-46353.76	-33819.90	3.11507	33.340	0.92
0.00	-46354.18	-33820.00	3.12397	-46353.99	-33819.90	3.11598	45.938	0.91
0.00	-46354.46	-33820.00	3.12393	-46354.26	-33819.90	3.11671	32.298	0.96
0.00	-46354.61	-33819.99	3.12411	-46354.45	-33819.90	3.11759	43.167	0.96
0.00	-46354.88	-33819.99	3.12415	-46354.71	-33819.90	3.11747	18.582	0.58
0.00	-46355.03	-33819.99	3.12416	-46354.90	-33819.90	3.11826	33.759	0.95
0.00	-46355.28	-33819.98	3.12393	-46355.16	-33819.90	3.11850	8.350	0.54
0.00	-46355.64	-33819.98	3.12376	-46355.45	-33819.90	3.11893	16.046	0.88
0.00	-46355.73	-33819.98	3.12368	-46355.58	-33819.90	3.11922	13.131	0.51
0.00	-46355.97	-33819.97	3.12351	-46355.80	-33819.90	3.12007	29.656	0.93
0.00	-46356.20	-33819.97	3.12323	-46356.03	-33819.90	3.11969	11.041	0.52
0.00	-46356.43	-33819.97	3.12306	-46356.24	-33819.90	3.12066	41.907	0.94
0.00	-46356.62	-33819.96	3.12286	-46356.47	-33819.90	3.12092	18.356	0.96
0.00	-46356.77	-33819.96	3.12283	-46356.67	-33819.91	3.12168	23.744	0.90
0.00	-46356.96	-33819.96	3.12274	-46356.88	-33819.90	3.12144	11.128	0.59
0.00	-46357.18	-33819.95	3.12275	-46357.11	-33819.90	3.12179	35.596	0.94
0.00	-46357.39	-33819.95	3.12259	-46357.36	-33819.91	3.12268	14.507	0.93
0.00	-46357.58	-33819.95	3.12254	-46357.56	-33819.91	3.12329	32.947	0.94
0.00	-46357.79	-33819.94	3.12222	-46357.76	-33819.91	3.12332	16.139	0.94
0.00	-46357.97	-33819.94	3.12196	-46357.97	-33819.92	3.12375	44.866	0.93
0.00	-46358.25	-33819.94	3.12158	-46358.19	-33819.92	3.12389	16.271	0.99
0.00	-46358.49	-33819.93	3.12133	-46358.40	-33819.92	3.12402	46.089	0.85
0.00	-46358.74	-33819.93	3.12093	-46358.61	-33819.93	3.12455	25.832	0.92
0.00	-46358.97	-33819.93	3.12091	-46358.82	-33819.93	3.12495	29.432	0.92
0.00	-46359.21	-33819.92	3.12065	-46359.05	-33819.94	3.12564	33.360	0.93
0.00	-46359.39	-33819.92	3.12053	-46359.24	-33819.94	3.12596	33.577	0.94
0.00	-46359.67	-33819.92	3.12030	-46359.49	-33819.94	3.12588	25.087	0.93
0.00	-46359.83	-33819.92	3.12017	-46359.68	-33819.95	3.12628	33.265	0.93
0.00	-46360.11	-33819.91	3.11982	-46359.94	-33819.95	3.12671	39.486	0.89
0.00	-46360.30	-33819.91	3.11966	-46360.15	-33819.96	3.12681	21.672	0.94
0.00	-46360.50	-33819.91	3.11938	-46360.37	-33819.96	3.12672	35.464	0.95
0.00	-46360.68	-33819.90	3.11938	-46360.58	-33819.96	3.12676	36.794	0.99
0.00	-46360.88	-33819.90	3.11919	-46360.78	-33819.96	3.12675	11.572	0.92
0.00	-46361.07	-33819.90	3.11946	-46361.00	-33819.97	3.12742	46.698	0.97
0.00	-46361.29	-33819.90	3.11921	-46361.21	-33819.97	3.12786	35.080	0.91
0.00	-46361.50	-33819.90	3.11971	-46361.42	-33819.97	3.12804	32.269	0.95
0.00	-46361.71	-33819.89	3.11981	-46361.64	-33819.97	3.12831	25.472	0.95
0.00	-46361.91	-33819.89	3.12028	-46361.87	-33819.98	3.12862	27.618	0.95
0.00	-46362.15	-33819.89	3.12049	-46362.09	-33819.97	3.12850	27.789	0.93
0.00	-46362.36	-33819.89	3.12098	-46362.30	-33819.98	3.12879	34.429	0.91
0.00	-46362.62	-33819.89	3.12091	-46362.50	-33819.98	3.12888	31.771	0.88
0.00	-46362.86	-33819.89	3.12146	-46362.73	-33819.98	3.12863	20.033	0.96
0.00	-46363.11	-33819.89	3.12168	-46362.94	-33819.98	3.12876	22.861	0.99
0.00	-46363.29	-33819.89	3.12225	-46363.13	-33819.98	3.12879	39.282	0.92
0.00	-46363.49	-33819.89	3.12223	-46363.33	-33819.98	3.12877	22.429	0.89
0.00	-46363.66	-33819.89	3.12274	-46363.50	-33819.98	3.12869	36.501	0.90
0.00	-46363.91	-33819.89	3.12273	-46363.73	-33819.98	3.12861	23.477	0.97
0.00	-46364.15	-33819.89	3.12322	-46363.93	-33819.99	3.12874	40.593	0.89
0.00	-46364.44	-33819.88	3.12333	-46364.20	-33819.99	3.12884	43.257	0.89
0.00	-46364.56	-33819.88	3.12364	-46364.36	-33819.99	3.12914	34.376	0.89
0.00	-46364.80	-33819.88	3.12379	-46364.61	-33819.99	3.12928	23.985	0.93
0.00	-46365.19	-33819.88	3.12444	-46364.99	-33819.99	3.12896	11.287	0.91
0.00	-46365.21	-33819.88	3.12451	-46365.00	-33819.99	3.12904	36.354	0.88
0.00	-46365.44	-33819.88	3.12485	-46365.22	-33819.99	3.12906	83.054	0.94
0.00	-46365.86	-33819.88	3.12519	-46365.55	-33819.99	3.12886	9.049	0.65
0.00	-46365.91	-33819.88	3.12523	-46365.64	-33820.00	3.12923	41.218	0.90
0.00	-46366.13	-33819.88	3.12521	-46365.85	-33820.00	3.12941	14.100	0.87
0.00	-46366.32	-33819.88	3.12549	-46366.07	-33820.00	3.12961	19.924	0.90
0.00	-46366.54	-33819.88	3.12529	-46366.28	-33820.01	3.12984	25.112	0.93
0.00	-46366.71	-33819.88	3.12566	-46366.47	-33820.01	3.12971	32.718	0.91
0.00	-46366.92	-33819.88	3.12563	-46366.65	-33820.01	3.12958	50.602	0.88
0.00	-46367.11	-33819.88	3.12613	-46366.90	-33820.01	3.12939	50.257	0.94
0.00	-46367.35	-33819.88	3.12633	-46367.17	-33820.00	3.12935	12.482	0.91
0.00	-46367.49	-33819.88	3.12675	-46367.34	-33820.01	3.12991	49.358	0.89
0.00	-46367.72	-33819.88	3.12662	-46367.56	-33820.01	3.12995	27.964	0.95
0.00	-46367.94	-33819.88	3.12716	-46367.78	-33820.01	3.12990	28.549	0.89
0.00	-46368.17	-33819.88	3.12717	-46367.97	-33820.01	3.12969	20.561	0.89
0.00	-46368.39	-33819.88	3.12762	-46368.19	-33820.00	3.12858	11.432	0.92
0.00	-46368.63	-33819.87	3.12765	-46368.42	-33819.99	3.12743	36.212	0.92
0.00	-46368.79	-33819.88	3.12805	-46368.65	-33819.99	3.12739	51.497	0.93
0.00	-46369.04	-33819.87	3.12782	-46368.90	-33819.98	3.12706	10.092	0.60
0.00	-46369.15	-33819.87	3.12805	-46369.09	-33819.98	3.12712	17.745	0.96
0.00	-46369.41	-33819.87	3.12813	-46369.35	-33819.98	3.12688	11.430	0.54
0.00	-46369.83	-33819.87	3.12865	-46369.71	-33819.97	3.12612	28.738	0.94
0.00	-46369.93	-33819.87	3.12876	-46369.83	-33819.96	3.12526	22.233	0.95
0.00	-46370.19	-33819.87	3.12901	-46370.10	-33819.95	3.12421	53.813	0.94
0.00	-46370.42	-33819.87	3.12922	-46370.30	-33819.94	3.12347	17.133	0.94
0.00	-46370.48	-33819.87	3.12933	-46370.41	-33819.94	3.12299	9.205	0.92
0.00	-46370.70	-33819.87	3.12930	-46370.61	-33819.93	3.12236	44.781	0.93
0.00	-46370.91	-33819.87	3.12945	-46370.80	-33819.92	3.12159	54.777	0.91
0.00	-46371.18	-33819.87	3.12933	-46371.05	-33819.91	3.12085	25.761	0.92
0.00	-46371.34	-33819.87	3.12945	-46371.24	-33819.91	3.12064	46.106	0.98
0.00	-46371.57	-33819.87	3.12943	-46371.46	-33819.91	3.12027	16.539	0.92
0.00	-46371.76	-33819.87	3.12966	-46371.70	-33819.90	3.11973	45.827	0.94
0.00	-46371.98	-33819.87	3.12963	-46371.91	-33819.89	3.11946	19.291	0.93
0.00	-46372.18	-33819.87	3.13003	-46372.12	-33819.89	3.11945	42.397	0.94
0.00	-46372.40	-33819.87	3.13005	-46372.32	-33819.89	3.11928	38.729	0.99
0.00	-46372.59	-33819.87	3.13044	-46372.55	-33819.88	3.11911	55.917	0.95
0.00	-46372.86	-33819.87	3.13043	-46372.79	-33819.88	3.11878	45.148	0.95
0.00	-46372.97	-33819.87	3.13060	-46372.95	-33819.87	3.11850	18.047	0.51
0.00	-46373.21	-33819.87	3.13070	-46373.16	-33819.87	3.11870	34.556	0.89
0.00	-46373.41	-33819.87	3.13101	-46373.39	-33819.87	3.11860	53.052	0.96
0.00	-46373.69	-33819.87	3.13097	-46373.64	-33819.87	3.11844	24.280	0.94
0.00	-46373.84	-33819.87	3.13121	-46373.78	-33819.86	3.11816	56.100	0.94
0.00	-46374.15	-33819.87	3.13105	-46374.11	-33819.86	3.11814	15.467	0.94
0.00	-46374.23	-33819.87	3.13119	-46374.24	-33819.85	3.11757	56.487	0.99
0.00	-46374.57	-33819.87	3.13136	-46374.53	-33819.85	3.11740	33.165	0.93
0.00	-46374.66	-33819.87	3.13152	-46374.66	-33819.85	3.11758	52.520	0.92
0.00	-46374.99	-33819.87	3.13171	-46374.95	-33819.85	3.11756	60.282	0.98
0.00	-46375.23	-33819.87	3.13195	-46375.18	-33819.84	3.11749	48.134	0.93
0.00	-46375.43	-33819.87	3.13207	-46375.38	-33819.85	3.11765	56.762	0.93
0.00	-46375.71	-33819.87	3.13234	-46375.65	-33819.84	3.11738	10.480	0.52
0.00	-46375.75	-33819.87	3.13233	-46375.73	-33819.85	3.11791	45.822	0.96
0.00	-46375.97	-33819.87	3.13248	-46375.93	-33819.84	3.11760	42.499	0.91
0.00	-46376.18	-33819.87	3.13243	-46376.14	-33819.84	3.11789	30.434	0.96
0.00	-46376.39	-33819.87	3.13263	-46376.38	-33819.84	3.11843	56.613	0.91
0.00	-46376.64	-33819.87	3.13219	-46376.64	-33819.85	3.11888	54.266	0.92
0.00	-46376.76	-33819.87	3.13241	-46376.80	-33819.84	3.11851	62.987	0.95
0.00	-46377.16	-33819.87	3.13260	-46377.17	-33819.84	3.11837	50.724	0.95
0.00	-46377.32	-33819.87	3.13257	-46377.35	-33819.84	3.11836	59.435	0.93
0.00	-46377.59	-33819.87	3.13262	-46377.62	-33819.84	3.11849	63.731	0.90
0.00	-46377.93	-33819.87	3.13240	-46377.94	-33819.84	3.11839	35.845	0.89
0.00	-46378.02	-33819.87	3.13235	-46378.08	-33819.84	3.11826	51.695	0.91
0.00	-46378.35	-33819.87	3.13228	-46378.35	-33819.83	3.11826	37.416	0.91
0.00	-46378.45	-33819.87	3.13228	-46378.48	-33819.84	3.11854	73.314	0.90
0.00	-46378.85	-33819.87	3.13234	-46378.79	-33819.83	3.11861	57.547	0.92
0.00	-46379.12	-33819.87	3.13239	-46379.07	-33819.83	3.11859	61.191	0.91
0.00	-46379.32	-33819.87	3.13234	-46379.29	-33819.83	3.11884	46.483	0.93
0.00	-46379.59	-33819.87	3.13218	-46379.50	-33819.84	3.11909	74.506	0.93
0.00	-46379.93	-33819.87	3.13223	-46379.82	-33819.84	3.11919	32.463	0.90
0.00	-46380.03	-33819.87	3.13220	-46379.95	-33819.84	3.11985	41.813	0.94
0.00	-46380.14	-33819.87	3.13219	-46380.08	-33819.84	3.12001	32.955	0.60
0.00	-46380.41	-33819.87	3.13209	-46380.33	-33819.85	3.12062	32.957	0.90
0.00	-46380.52	-33819.87	3.13212	-46380.47	-33819.85	3.12104	64.809	0.90
0.00	-46380.85	-33819.87	3.13194	-46380.75	-33819.85	3.12134	36.984	0.90
0.00	-46380.95	-33819.87	3.13205	-46380.87	-33819.86	3.12195	27.096	0.86
0.00	-46381.12	-33819.87	3.13193	-46381.03	-33819.86	3.12269	38.603	0.92
0.00	-46381.28	-33819.87	3.13204	-46381.20	-33819.87	3.12325	40.913	0.90
0.00	-46381.38	-33819.87	3.13210	-46381.31	-33819.88	3.12380	36.892	0.91
0.00	-46381.63	-33819.87	3.13201	-46381.57	-33819.88	3.12443	27.289	0.90
0.00	-46381.80	-33819.87	3.13214	-46381.71	-33819.88	3.12489	51.695	0.86
0.00	-46382.07	-33819.87	3.13196	-46381.96	-33819.89	3.12524	22.259	0.89
0.00	-46382.23	-33819.87	3.13212	-46382.13	-33819.89	3.12545	64.167	0.93
0.00	-46382.56	-33819.87	3.13198	-46382.39	-33819.89	3.12552	51.563	0.88
0.00	-46382.67	-33819.87	3.13226	-46382.53	-33819.90	3.12588	64.241	0.85
0.00	-46383.12	-33819.87	3.13252	-46382.92	-33819.90	3.12623	45.832	0.92
0.00	-46383.28	-33819.87	3.13279	-46383.10	-33819.90	3.12660	32.265	0.87
0.00	-46383.41	-33819.87	3.13289	-46383.26	-33819.91	3.12718	39.826	0.88
0.00	-46383.49	-33819.88	3.13300	-46383.34	-33819.91	3.12750	26.650	0.88
0.00	-46383.78	-33819.87	3.13264	-46383.61	-33819.91	3.12767	63.125	0.88
0.00	-46384.04	-33819.87	3.13283	-46383.88	-33819.91	3.12783	35.240	0.92
