0.00	-50041.97	-62353.28	0.00000	-50041.97	-62353.28	0.00000	2.031	0.00
0.00	-50041.41	-62353.21	0.00169	-50041.41	-62353.21	0.00169	2.076	0.00
0.00	-50040.96	-62352.86	0.45560	-50040.96	-62352.86	0.45560	2.322	0.00
0.00	-50040.69	-62352.78	0.40395	-50040.69	-62352.78	0.40395	2.049	0.00
0.00	-50040.29	-62352.63	0.38843	-50040.29	-62352.63	0.38843	1.805	0.00
0.00	-50039.99	-62352.52	0.38119	-50039.99	-62352.52	0.38119	1.848	0.00
0.00	-50039.64	-62352.39	0.37774	-50039.64	-62352.39	0.37774	1.777	0.00
0.00	-50039.29	-62352.26	0.37616	-50039.29	-62352.26	0.37616	1.698	0.00
0.00	-50038.90	-62352.11	0.37557	-50038.90	-62352.11	0.37557	1.905	0.00
0.00	-50038.61	-62352.00	0.37538	-50038.61	-62352.00	0.37538	2.052	0.00
0.00	-50038.24	-62351.86	0.37555	-50038.24	-62351.86	0.37555	2.113	0.00
0.00	-50037.92	-62351.74	0.37586	-50037.92	-62351.74	0.37586	1.744	0.00
0.00	-50037.58	-62351.61	0.37607	-50037.58	-62351.61	0.37607	2.033	0.00
0.00	-50037.24	-62351.48	0.37625	-50037.24	-62351.48	0.37625	1.780	0.00
0.00	-50036.88	-62351.35	0.37658	-50036.88	-62351.35	0.37658	2.148	0.00
0.00	-50036.53	-62351.21	0.37732	-50036.53	-62351.21	0.37732	1.854	0.00
0.00	-50036.20	-62351.09	0.37823	-50036.20	-62351.09	0.37823	1.802	0.00
0.00	-50035.86	-62350.95	0.37905	-50035.86	-62350.95	0.37905	1.846	0.00
0.00	-50035.52	-62350.82	0.37979	-50035.52	-62350.82	0.37979	1.671	0.00
0.00	-50035.16	-62350.68	0.38052	-50035.16	-62350.68	0.38052	2.127	0.00
0.00	-50034.81	-62350.55	0.38112	-50034.81	-62350.55	0.38112	1.840	0.00
0.00	-50034.50	-62350.43	0.38206	-50034.50	-62350.43	0.38206	1.838	0.00
0.00	-50034.17	-62350.30	0.38314	-50034.17	-62350.30	0.38314	1.914	0.00
0.00	-50033.78	-62350.15	0.38433	-50033.78	-62350.15	0.38433	1.906	0.00
0.00	-50033.49	-62350.04	0.38527	-50033.49	-62350.04	0.38527	1.811	0.00
0.00	-50033.15	-62349.90	0.38600	-50033.15	-62349.90	0.38600	1.827	0.00
0.00	-50032.79	-62349.76	0.38630	-50032.79	-62349.76	0.38630	1.845	0.00
0.00	-50032.45	-62349.63	0.38640	-50032.45	-62349.63	0.38640	1.981	0.00
0.00	-50032.12	-62349.50	0.38638	-50032.12	-62349.50	0.38638	2.062	0.00
0.00	-50031.79	-62349.37	0.38621	-50031.79	-62349.37	0.38621	1.860	0.00
0.00	-50031.42	-62349.22	0.38592	-50031.42	-62349.22	0.38592	1.888	0.00
0.00	-50031.10	-62349.09	0.38545	-50031.10	-62349.09	0.38545	1.884	0.00
0.00	-50030.76	-62348.96	0.38501	-50030.76	-62348.96	0.38501	1.891	0.00
0.00	-50030.42	-62348.83	0.38471	-50030.42	-62348.83	0.38471	2.001	0.00
0.00	-50030.08	-62348.70	0.38440	-50030.08	-62348.70	0.38440	1.906	0.00
0.00	-50029.56	-62348.49	0.38397	-50029.56	-62348.49	0.38397	1.923	0.00
0.00	-50029.46	-62348.46	0.38370	-50029.46	-62348.46	0.38370	1.807	0.00
0.00	-50029.07	-62348.30	0.38331	-50029.07	-62348.30	0.38331	1.973	0.00
0.00	-50028.72	-62348.17	0.38267	-50028.72	-62348.17	0.38267	1.971	0.00
0.00	-50028.37	-62348.03	0.38217	-50028.37	-62348.03	0.38217	1.919	0.00
0.00	-50027.85	-62347.83	0.38169	-50027.85	-62347.83	0.38169	1.901	0.00
0.00	-50027.64	-62347.75	0.38146	-50027.64	-62347.75	0.38146	2.153	0.00
0.00	-50027.33	-62347.63	0.38090	-50027.33	-62347.63	0.38090	1.918	0.00
0.00	-50026.97	-62347.49	0.38022	-50026.97	-62347.49	0.38022	1.956	0.00
0.00	-50026.69	-62347.38	0.37982	-50026.69	-62347.38	0.37982	1.910	0.00
0.00	-50026.29	-62347.23	0.37949	-50026.29	-62347.23	0.37949	1.932	0.00
0.00	-50025.99	-62347.12	0.37922	-50025.99	-62347.12	0.37922	1.898	0.00
0.00	-50025.58	-62346.95	0.38017	-50025.58	-62346.95	0.38017	2.210	0.00
0.00	-50025.32	-62346.86	0.37914	-50025.32	-62346.86	0.37914	1.992	0.00
0.00	-50024.93	-62346.71	0.37818	-50024.93	-62346.71	0.37818	2.381	0.00
0.00	-50024.58	-62346.58	0.37744	-50024.58	-62346.58	0.37744	2.140	0.00
0.00	-50024.20	-62346.43	0.37705	-50024.20	-62346.43	0.37705	2.080	0.00
0.00	-50023.86	-62346.31	0.37666	-50023.86	-62346.31	0.37666	2.478	0.00
0.00	-50023.52	-62346.17	0.37616	-50023.52	-62346.17	0.37616	2.421	0.00
0.00	-50023.17	-62346.04	0.37575	-50023.17	-62346.04	0.37575	2.248	0.00
0.00	-50022.74	-62345.88	0.37577	-50022.74	-62345.88	0.37577	2.261	0.00
0.00	-50022.48	-62345.78	0.37565	-50022.48	-62345.78	0.37565	2.202	0.00
0.00	-50022.09	-62345.63	0.37546	-50022.09	-62345.63	0.37546	2.883	0.00
0.00	-50021.71	-62345.49	0.37522	-50021.71	-62345.49	0.37522	2.713	0.00
0.00	-50021.39	-62345.37	0.37503	-50021.39	-62345.37	0.37503	2.540	0.00
0.00	-50021.00	-62345.22	0.37480	-50021.00	-62345.22	0.37480	3.108	0.00
0.00	-50020.69	-62345.11	0.37462	-50020.69	-62345.11	0.37462	2.886	0.00
0.00	-50020.33	-62344.97	0.37476	-50020.33	-62344.97	0.37476	2.617	0.00
0.00	-50019.85	-62344.79	0.37534	-50019.85	-62344.79	0.37534	3.001	0.00
0.00	-50019.65	-62344.71	0.37562	-50019.65	-62344.71	0.37562	2.918	0.00
0.00	-50019.30	-62344.58	0.37596	-50019.30	-62344.58	0.37596	3.151	0.00
0.00	-50018.92	-62344.43	0.37628	-50018.92	-62344.43	0.37628	3.047	0.00
0.00	-50018.57	-62344.30	0.37665	-50018.57	-62344.30	0.37665	2.538	0.00
0.00	-50018.16	-62344.14	0.37742	-50018.16	-62344.14	0.37742	2.652	0.00
0.00	-50017.76	-62343.99	0.37760	-50017.76	-62343.99	0.37760	3.452	0.00
0.00	-50017.48	-62343.88	0.37749	-50017.48	-62343.88	0.37749	3.353	0.00
0.00	-50017.12	-62343.75	0.37744	-50017.12	-62343.75	0.37744	2.846	0.00
0.00	-50016.77	-62343.62	0.37753	-50016.77	-62343.62	0.37753	3.583	0.00
0.00	-50016.40	-62343.47	0.37752	-50016.40	-62343.47	0.37752	3.762	0.00
0.00	-50016.04	-62343.34	0.37756	-50016.04	-62343.34	0.37756	3.735	0.00
0.00	-50015.68	-62343.20	0.37757	-50015.68	-62343.20	0.37757	3.201	0.00
0.00	-50015.30	-62343.06	0.37764	-50015.30	-62343.06	0.37764	3.791	0.00
0.00	-50014.95	-62342.92	0.37742	-50014.95	-62342.92	0.37742	3.366	0.00
0.00	-50014.61	-62342.79	0.37704	-50014.61	-62342.79	0.37704	4.183	0.00
0.00	-50014.22	-62342.65	0.37682	-50014.22	-62342.65	0.37682	3.246	0.00
0.00	-50013.78	-62342.48	0.37675	-50013.78	-62342.48	0.37675	4.271	0.00
0.00	-50013.54	-62342.39	0.37664	-50013.54	-62342.39	0.37664	4.238	0.00
0.00	-50013.17	-62342.25	0.37649	-50013.17	-62342.25	0.37649	3.795	0.00
0.00	-50012.80	-62342.11	0.37634	-50012.80	-62342.11	0.37634	3.141	0.00
0.00	-50012.42	-62341.97	0.37612	-50012.42	-62341.97	0.37612	3.357	0.00
0.00	-50011.88	-62341.76	0.37591	-50011.88	-62341.76	0.37591	4.871	0.00
0.00	-50011.77	-62341.72	0.37552	-50011.77	-62341.72	0.37552	3.954	0.00
0.00	-50011.27	-62341.53	0.37497	-50011.27	-62341.53	0.37497	4.675	0.00
0.00	-50011.02	-62341.44	0.37448	-50011.02	-62341.44	0.37448	4.486	0.00
0.00	-50010.64	-62341.30	0.37396	-50010.64	-62341.30	0.37396	4.371	0.00
0.00	-50010.27	-62341.16	0.37339	-50010.27	-62341.16	0.37339	4.555	0.00
0.00	-50009.87	-62341.01	0.37282	-50009.87	-62341.01	0.37282	4.811	0.00
0.00	-50009.57	-62340.89	0.37235	-50009.57	-62340.89	0.37235	4.420	0.00
0.00	-50009.15	-62340.74	0.37188	-50009.15	-62340.74	0.37188	4.838	0.00
0.00	-50008.79	-62340.60	0.37108	-50008.79	-62340.60	0.37108	4.997	0.00
0.00	-50008.45	-62340.48	0.37025	-50008.45	-62340.48	0.37025	5.022	0.00
0.00	-50008.07	-62340.34	0.36941	-50008.07	-62340.34	0.36941	4.860	0.00
0.00	-50007.72	-62340.21	0.36856	-50007.72	-62340.21	0.36856	5.301	0.00
0.00	-50007.24	-62340.03	0.36777	-50007.24	-62340.03	0.36777	4.929	0.00
0.00	-50007.03	-62339.96	0.36739	-50007.03	-62339.96	0.36739	4.478	0.00
0.00	-50006.64	-62339.81	0.36715	-50006.64	-62339.81	0.36715	3.945	0.00
0.00	-50006.28	-62339.67	0.36678	-50006.28	-62339.67	0.36678	5.217	0.00
0.00	-50005.92	-62339.54	0.36644	-50005.92	-62339.54	0.36644	4.931	0.00
0.00	-50005.53	-62339.40	0.36633	-50005.53	-62339.40	0.36633	5.055	0.00
0.00	-50005.09	-62339.23	0.36605	-50005.09	-62339.23	0.36605	5.549	0.00
0.00	-50004.84	-62339.14	0.36553	-50004.84	-62339.14	0.36553	6.022	0.00
0.00	-50004.47	-62339.00	0.36517	-50004.47	-62339.00	0.36517	5.467	0.00
0.00	-50004.10	-62338.87	0.36521	-50004.10	-62338.87	0.36521	4.832	0.00
0.00	-50003.76	-62338.74	0.36516	-50003.76	-62338.74	0.36516	5.252	0.00
0.00	-50003.38	-62338.60	0.36513	-50003.38	-62338.60	0.36513	4.841	0.00
0.00	-50003.01	-62338.47	0.36506	-50003.01	-62338.47	0.36506	4.968	0.00
0.00	-50002.63	-62338.33	0.36531	-50002.63	-62338.33	0.36531	4.903	0.00
0.00	-50002.16	-62338.15	0.36551	-50002.16	-62338.15	0.36551	5.755	0.00
0.00	-50001.95	-62338.08	0.36549	-50001.95	-62338.08	0.36549	5.132	0.00
0.00	-50001.61	-62337.95	0.36543	-50001.61	-62337.95	0.36543	5.010	0.00
0.00	-50001.20	-62337.80	0.36544	-50001.20	-62337.80	0.36544	5.140	0.00
0.00	-50000.85	-62337.67	0.36566	-50000.85	-62337.67	0.36566	5.379	0.00
0.00	-50000.39	-62337.50	0.36576	-50000.39	-62337.50	0.36576	5.533	0.00
0.00	-50000.17	-62337.42	0.36574	-50000.17	-62337.42	0.36574	5.096	0.00
0.00	-49999.74	-62337.26	0.36582	-49999.74	-62337.26	0.36582	5.467	0.00
0.00	-49999.43	-62337.15	0.36577	-49999.43	-62337.15	0.36577	5.528	0.00
0.00	-49999.06	-62337.01	0.36554	-49999.06	-62337.01	0.36554	5.685	0.00
0.00	-49998.68	-62336.87	0.36531	-49998.68	-62336.87	0.36531	5.397	0.00
0.00	-49998.16	-62336.68	0.36539	-49998.16	-62336.68	0.36539	5.579	0.00
0.00	-49998.07	-62336.65	0.36544	-49998.07	-62336.65	0.36544	5.245	0.00
0.00	-49997.64	-62336.49	0.36535	-49997.64	-62336.49	0.36535	5.402	0.00
0.00	-49997.30	-62336.37	0.36534	-49997.30	-62336.37	0.36534	5.357	0.00
0.00	-49996.90	-62336.22	0.36568	-49996.90	-62336.22	0.36568	5.454	0.00
0.00	-49996.61	-62336.11	0.36580	-49996.61	-62336.11	0.36580	5.233	0.00
0.00	-49996.23	-62335.97	0.36582	-49996.23	-62335.97	0.36582	5.823	0.00
0.00	-49995.84	-62335.83	0.36573	-49995.84	-62335.83	0.36573	5.421	0.00
0.00	-49995.48	-62335.70	0.36553	-49995.48	-62335.70	0.36553	5.742	0.00
0.00	-49995.13	-62335.57	0.36523	-49995.13	-62335.57	0.36523	5.835	0.00
0.00	-49994.79	-62335.45	0.36495	-49994.79	-62335.45	0.36495	5.461	0.00
0.00	-49994.44	-62335.32	0.36498	-49994.44	-62335.32	0.36498	5.411	0.00
0.00	-49994.09	-62335.19	0.36507	-49994.09	-62335.19	0.36507	5.766	0.00
0.00	-49993.74	-62335.06	0.36505	-49993.74	-62335.06	0.36505	5.905	0.00
0.00	-49993.24	-62334.88	0.36498	-49993.24	-62334.88	0.36498	6.049	0.00
0.00	-49993.10	-62334.83	0.36500	-49993.10	-62334.83	0.36500	5.738	0.00
0.00	-49992.75	-62334.70	0.36535	-49992.75	-62334.70	0.36535	5.828	0.00
0.00	-49992.42	-62334.57	0.36569	-49992.42	-62334.57	0.36569	6.408	0.00
0.00	-49992.00	-62334.42	0.36596	-49992.00	-62334.42	0.36596	5.783	0.00
0.00	-49991.51	-62334.23	0.36658	-49991.51	-62334.23	0.36658	5.706	0.00
0.00	-49991.33	-62334.17	0.36665	-49991.33	-62334.17	0.36665	5.790	0.00
0.00	-49990.98	-62334.04	0.36665	-49990.98	-62334.04	0.36665	6.504	0.00
0.00	-49990.63	-62333.91	0.36684	-49990.63	-62333.91	0.36684	5.387	0.00
0.00	-49990.22	-62333.76	0.36728	-49990.22	-62333.76	0.36728	6.075	0.00
0.00	-49989.97	-62333.67	0.36744	-49989.97	-62333.67	0.36744	6.191	0.00
0.00	-49989.63	-62333.54	0.36749	-49989.63	-62333.54	0.36749	5.732	0.00
0.00	-49989.24	-62333.39	0.36776	-49989.24	-62333.39	0.36776	7.609	0.00
0.00	-49988.96	-62333.29	0.36808	-49988.96	-62333.29	0.36808	5.929	0.00
0.00	-49988.60	-62333.16	0.36839	-49988.60	-62333.16	0.36839	5.752	0.00
0.00	-49988.22	-62333.01	0.36887	-49988.22	-62333.01	0.36887	6.119	0.00
0.00	-49987.93	-62332.90	0.36910	-49987.93	-62332.90	0.36910	5.855	0.00
0.00	-49987.53	-62332.76	0.36929	-49987.53	-62332.76	0.36929	6.743	0.00
0.00	-49987.22	-62332.64	0.36947	-49987.22	-62332.64	0.36947	6.001	0.00
0.00	-49986.95	-62332.54	0.36967	-49986.95	-62332.54	0.36967	6.082	0.00
0.00	-49986.61	-62332.41	0.36989	-49986.61	-62332.41	0.36989	5.885	0.00
0.00	-49986.22	-62332.27	0.37026	-49986.22	-62332.27	0.37026	6.317	0.00
0.00	-49985.97	-62332.17	0.37062	-49985.97	-62332.17	0.37062	5.885	0.00
0.00	-49985.63	-62332.05	0.37078	-49985.63	-62332.05	0.37078	6.017	0.00
0.00	-49985.26	-62331.91	0.37081	-49985.26	-62331.91	0.37081	6.125	0.00
0.00	-49984.94	-62331.79	0.37036	-49984.94	-62331.79	0.37036	5.958	0.00
0.00	-49984.64	-62331.68	0.36962	-49984.64	-62331.68	0.36962	6.231	0.00
0.00	-49984.36	-62331.57	0.36859	-49984.36	-62331.57	0.36859	6.458	0.00
0.00	-49983.98	-62331.43	0.36718	-49983.98	-62331.43	0.36718	6.585	0.00
0.00	-49983.67	-62331.32	0.36523	-49983.67	-62331.32	0.36523	6.338	0.00
0.00	-49983.34	-62331.20	0.36330	-49983.34	-62331.20	0.36330	6.160	0.00
0.00	-49983.03	-62331.09	0.36129	-49983.03	-62331.09	0.36129	7.036	0.00
0.00	-49982.72	-62330.98	0.35943	-49982.72	-62330.98	0.35943	6.474	0.00
0.00	-49982.40	-62330.86	0.35742	-49982.40	-62330.86	0.35742	5.974	0.00
0.00	-49981.96	-62330.71	0.35485	-49981.96	-62330.71	0.35485	6.650	0.00
0.00	-49981.81	-62330.66	0.35303	-49981.81	-62330.66	0.35303	6.353	0.00
0.00	-49981.45	-62330.53	0.35108	-49981.45	-62330.53	0.35108	6.362	0.00
0.00	-49981.11	-62330.41	0.34862	-49981.11	-62330.41	0.34862	6.560	0.00
0.00	-49980.70	-62330.27	0.34570	-49980.70	-62330.27	0.34570	6.446	0.00
0.00	-49980.54	-62330.22	0.34403	-49980.54	-62330.22	0.34403	6.587	0.00
0.00	-49980.18	-62330.09	0.34157	-49980.18	-62330.09	0.34157	6.674	0.00
0.00	-49979.89	-62330.00	0.33925	-49979.89	-62330.00	0.33925	6.595	0.00
0.00	-49979.57	-62329.89	0.33711	-49979.57	-62329.89	0.33711	7.017	0.00
0.00	-49979.26	-62329.79	0.33502	-49979.26	-62329.79	0.33502	6.311	0.00
0.00	-49978.92	-62329.68	0.33312	-49978.92	-62329.68	0.33312	6.523	0.00
0.00	-49978.63	-62329.58	0.33113	-49978.63	-62329.58	0.33113	7.022	0.00
0.00	-49978.33	-62329.49	0.32899	-49978.33	-62329.49	0.32899	6.424	0.00
0.00	-49978.05	-62329.40	0.32713	-49978.05	-62329.40	0.32713	6.619	0.00
0.00	-49977.70	-62329.28	0.32577	-49977.70	-62329.28	0.32577	6.975	0.00
0.00	-49977.41	-62329.19	0.32476	-49977.41	-62329.19	0.32476	6.735	0.00
0.00	-49977.09	-62329.09	0.32369	-49977.09	-62329.09	0.32369	6.794	0.00
0.00	-49976.81	-62329.00	0.32282	-49976.81	-62329.00	0.32282	6.724	0.00
0.00	-49976.54	-62328.92	0.32213	-49976.54	-62328.92	0.32213	6.942	0.00
0.00	-49976.16	-62328.80	0.32216	-49976.16	-62328.80	0.32216	6.777	0.00
0.00	-49975.90	-62328.72	0.32223	-49975.90	-62328.72	0.32223	7.055	0.00
0.00	-49975.61	-62328.63	0.32275	-49975.61	-62328.63	0.32275	6.910	0.00
0.00	-49975.32	-62328.54	0.32364	-49975.32	-62328.54	0.32364	6.338	0.00
0.00	-49974.99	-62328.43	0.32516	-49974.99	-62328.43	0.32516	7.543	0.00
0.00	-49974.73	-62328.35	0.32653	-49974.73	-62328.35	0.32653	7.143	0.00
0.00	-49974.44	-62328.26	0.32835	-49974.44	-62328.26	0.32835	7.257	0.00
0.00	-49974.12	-62328.15	0.33089	-49974.12	-62328.15	0.33089	7.299	0.00
0.00	-49973.78	-62328.04	0.33364	-49973.78	-62328.04	0.33364	7.358	0.00
0.00	-49973.54	-62327.97	0.33612	-49973.54	-62327.97	0.33612	7.706	0.00
0.00	-49973.26	-62327.87	0.33892	-49973.26	-62327.87	0.33892	7.813	0.00
0.00	-49972.97	-62327.78	0.34186	-49972.97	-62327.78	0.34186	7.003	0.00
0.00	-49972.69	-62327.68	0.34480	-49972.69	-62327.68	0.34480	6.948	0.00
0.00	-49972.43	-62327.60	0.34787	-49972.43	-62327.60	0.34787	7.235	0.00
0.00	-49972.14	-62327.50	0.35107	-49972.14	-62327.50	0.35107	7.885	0.00
0.00	-49971.85	-62327.40	0.35424	-49971.85	-62327.40	0.35424	6.987	0.00
0.00	-49971.56	-62327.30	0.35759	-49971.56	-62327.30	0.35759	7.122	0.00
0.00	-49971.29	-62327.20	0.36078	-49971.29	-62327.20	0.36078	7.574	0.00
0.00	-49970.95	-62327.08	0.36456	-49970.95	-62327.08	0.36456	7.254	0.00
0.00	-49970.77	-62327.01	0.36764	-49970.77	-62327.01	0.36764	7.173	0.00
0.00	-49970.45	-62326.90	0.37117	-49970.45	-62326.90	0.37117	7.306	0.00
0.00	-49970.09	-62326.76	0.37572	-49970.09	-62326.76	0.37572	7.740	0.00
0.00	-49969.94	-62326.71	0.37842	-49969.94	-62326.71	0.37842	6.882	0.00
0.00	-49969.64	-62326.59	0.38228	-49969.64	-62326.59	0.38228	7.672	0.00
0.00	-49969.36	-62326.48	0.38494	-49969.36	-62326.48	0.38494	7.652	0.00
0.00	-49969.09	-62326.38	0.38735	-49969.09	-62326.38	0.38735	7.096	0.00
0.00	-49968.71	-62326.23	0.39002	-49968.71	-62326.23	0.39002	7.258	0.00
0.00	-49968.58	-62326.18	0.39159	-49968.58	-62326.18	0.39159	7.471	0.00
0.00	-49968.30	-62326.06	0.39343	-49968.30	-62326.06	0.39343	7.513	0.00
0.00	-49967.96	-62325.93	0.39573	-49967.96	-62325.93	0.39573	8.377	0.00
0.00	-49967.73	-62325.83	0.39764	-49967.73	-62325.83	0.39764	7.145	0.00
0.00	-49967.48	-62325.73	0.39928	-49967.48	-62325.73	0.39928	7.454	0.00
0.00	-49967.18	-62325.60	0.40032	-49967.18	-62325.60	0.40032	7.404	0.00
0.00	-49966.83	-62325.46	0.40122	-49966.83	-62325.46	0.40122	7.751	0.00
0.00	-49966.60	-62325.36	0.40197	-49966.60	-62325.36	0.40197	7.399	0.00
0.00	-49966.31	-62325.24	0.40275	-49966.31	-62325.24	0.40275	7.265	0.00
0.00	-49965.97	-62325.10	0.40369	-49965.97	-62325.10	0.40369	7.591	0.00
0.00	-49965.70	-62324.98	0.40491	-49965.70	-62324.98	0.40491	7.409	0.00
0.00	-49965.48	-62324.89	0.40591	-49965.48	-62324.89	0.40591	7.236	0.00
0.00	-49965.10	-62324.73	0.40634	-49965.10	-62324.73	0.40634	7.835	0.00
0.00	-49964.83	-62324.62	0.40612	-49964.83	-62324.62	0.40612	7.886	0.00
0.00	-49964.57	-62324.51	0.40613	-49964.57	-62324.51	0.40613	8.113	0.00
0.00	-49964.26	-62324.38	0.40594	-49964.26	-62324.38	0.40594	8.118	0.00
0.00	-49963.91	-62324.23	0.40554	-49963.91	-62324.23	0.40554	8.100	0.00
0.00	-49963.62	-62324.11	0.40543	-49963.62	-62324.11	0.40543	8.079	0.00
0.00	-49963.34	-62323.99	0.40529	-49963.34	-62323.99	0.40529	7.615	0.00
0.00	-49962.97	-62323.84	0.40489	-49962.97	-62323.84	0.40489	8.673	0.00
0.00	-49962.66	-62323.71	0.40431	-49962.66	-62323.71	0.40431	7.731	0.00
0.00	-49962.31	-62323.56	0.40364	-49962.31	-62323.56	0.40364	7.775	0.00
0.00	-49962.05	-62323.46	0.40288	-49962.05	-62323.46	0.40288	8.285	0.00
0.00	-49961.70	-62323.31	0.40216	-49961.70	-62323.31	0.40216	8.039	0.00
0.00	-49961.39	-62323.19	0.40126	-49961.39	-62323.19	0.40126	8.169	0.00
0.00	-49961.05	-62323.05	0.40006	-49961.05	-62323.05	0.40006	8.156	0.00
0.00	-49960.57	-62322.85	0.39876	-49960.57	-62322.85	0.39876	7.583	0.00
0.00	-49960.44	-62322.81	0.39815	-49960.44	-62322.81	0.39815	8.669	0.00
0.00	-49960.05	-62322.65	0.39717	-49960.05	-62322.65	0.39717	8.470	0.00
0.00	-49959.66	-62322.49	0.39601	-49959.66	-62322.49	0.39601	8.406	0.00
0.00	-49959.32	-62322.35	0.39493	-49959.32	-62322.35	0.39493	8.326	0.00
0.00	-49958.95	-62322.21	0.39359	-49958.95	-62322.21	0.39359	8.301	0.00
0.00	-49958.37	-62321.98	0.39183	-49958.37	-62321.98	0.39183	8.593	0.00
0.00	-49958.39	-62321.99	0.39091	-49958.39	-62321.99	0.39091	7.794	0.00
0.00	-49957.96	-62321.82	0.38964	-49957.96	-62321.82	0.38964	7.996	0.00
0.00	-49957.55	-62321.66	0.38871	-49957.55	-62321.66	0.38871	8.306	0.00
0.00	-49957.11	-62321.49	0.38773	-49957.11	-62321.49	0.38773	8.813	0.00
0.00	-49956.82	-62321.38	0.38713	-49956.82	-62321.38	0.38713	8.311	0.00
0.00	-49956.41	-62321.22	0.38681	-49956.41	-62321.22	0.38681	8.347	0.00
0.00	-49956.02	-62321.07	0.38660	-49956.02	-62321.07	0.38660	8.162	0.00
0.00	-49955.61	-62320.91	0.38630	-49955.61	-62320.91	0.38630	8.451	0.00
0.00	-49955.27	-62320.78	0.38610	-49955.27	-62320.78	0.38610	7.980	0.00
0.00	-49954.93	-62320.64	0.38581	-49954.93	-62320.64	0.38581	8.301	0.00
0.00	-49954.48	-62320.47	0.38570	-49954.48	-62320.47	0.38570	7.631	0.00
0.00	-49954.13	-62320.34	0.38574	-49954.13	-62320.34	0.38574	9.228	0.00
0.00	-49953.71	-62320.17	0.38583	-49953.71	-62320.17	0.38583	8.316	0.00
0.00	-49953.41	-62320.05	0.38593	-49953.41	-62320.05	0.38593	8.407	0.00
0.00	-49953.04	-62319.91	0.38583	-49953.04	-62319.91	0.38583	8.263	0.00
0.00	-49952.53	-62319.71	0.38592	-49952.53	-62319.71	0.38592	8.565	0.00
0.00	-49952.33	-62319.63	0.38606	-49952.33	-62319.63	0.38606	9.001	0.00
0.00	-49951.89	-62319.46	0.38601	-49951.89	-62319.46	0.38601	8.428	0.00
0.00	-49951.53	-62319.32	0.38602	-49951.53	-62319.32	0.38602	8.078	0.00
0.00	-49951.21	-62319.20	0.38616	-49951.21	-62319.20	0.38616	8.525	0.00
0.00	-49950.75	-62319.02	0.38633	-49950.75	-62319.02	0.38633	8.184	0.00
0.00	-49950.47	-62318.91	0.38647	-49950.47	-62318.91	0.38647	8.340	0.00
0.00	-49950.04	-62318.75	0.38672	-49950.04	-62318.75	0.38672	8.764	0.00
0.00	-49949.68	-62318.61	0.38674	-49949.68	-62318.61	0.38674	8.751	0.00
0.00	-49949.34	-62318.47	0.38661	-49949.34	-62318.47	0.38661	8.541	0.00
0.00	-49948.97	-62318.33	0.38667	-49948.97	-62318.33	0.38667	8.680	0.00
0.00	-49948.57	-62318.17	0.38699	-49948.57	-62318.17	0.38699	9.313	0.00
0.00	-49948.24	-62318.04	0.38720	-49948.24	-62318.04	0.38720	8.643	0.00
0.00	-49947.86	-62317.89	0.38748	-49947.86	-62317.89	0.38748	8.318	0.00
0.00	-49947.41	-62317.71	0.38779	-49947.41	-62317.71	0.38779	9.691	0.00
0.00	-49947.09	-62317.59	0.38776	-49947.09	-62317.59	0.38776	8.348	0.00
0.00	-49946.66	-62317.42	0.38746	-49946.66	-62317.42	0.38746	9.236	0.00
0.00	-49946.36	-62317.31	0.38660	-49946.36	-62317.31	0.38660	9.263	0.00
0.00	-49946.00	-62317.16	0.38584	-49946.00	-62317.16	0.38584	8.659	0.00
0.00	-49945.54	-62316.98	0.38515	-49945.54	-62316.98	0.38515	8.735	0.00
0.00	-49945.18	-62316.84	0.38454	-49945.18	-62316.84	0.38454	9.237	0.00
0.00	-49944.81	-62316.70	0.38390	-49944.81	-62316.70	0.38390	9.056	0.00
0.00	-49944.44	-62316.55	0.38325	-49944.44	-62316.55	0.38325	10.106	0.00
0.00	-49943.92	-62316.35	0.38293	-49943.92	-62316.35	0.38293	9.693	0.00
0.00	-49943.68	-62316.26	0.38285	-49943.68	-62316.26	0.38285	9.081	0.00
0.00	-49943.28	-62316.10	0.38260	-49943.28	-62316.10	0.38260	8.998	0.00
0.00	-49942.87	-62315.94	0.38201	-49942.87	-62315.94	0.38201	9.069	0.00
0.00	-49942.48	-62315.79	0.38151	-49942.48	-62315.79	0.38151	8.796	0.00
0.00	-49941.92	-62315.57	0.38150	-49941.92	-62315.57	0.38150	9.109	0.00
0.00	-49941.76	-62315.51	0.38116	-49941.76	-62315.51	0.38116	8.857	0.00
0.00	-49941.26	-62315.32	0.38064	-49941.26	-62315.32	0.38064	9.134	0.00
0.00	-49940.89	-62315.17	0.37996	-49940.89	-62315.17	0.37996	9.021	0.00
0.00	-49940.44	-62315.00	0.37948	-49940.44	-62315.00	0.37948	9.111	0.00
0.00	-49940.08	-62314.86	0.37796	-49940.08	-62314.86	0.37796	9.685	0.00
0.00	-49939.68	-62314.71	0.37599	-49939.68	-62314.71	0.37599	10.081	0.00
0.00	-49939.32	-62314.58	0.37389	-49939.32	-62314.58	0.37389	8.776	0.00
0.00	-49938.89	-62314.41	0.37202	-49938.89	-62314.41	0.37202	9.471	0.00
0.00	-49938.49	-62314.26	0.37043	-49938.49	-62314.26	0.37043	9.820	0.00
0.00	-49938.09	-62314.11	0.36887	-49938.09	-62314.11	0.36887	9.745	0.00
0.00	-49937.70	-62313.97	0.36729	-49937.70	-62313.97	0.36729	9.580	0.00
0.00	-49937.23	-62313.80	0.36532	-49937.23	-62313.80	0.36532	9.476	0.00
0.00	-49936.85	-62313.65	0.36325	-49936.85	-62313.65	0.36325	10.760	0.00
0.00	-49936.48	-62313.52	0.36109	-49936.48	-62313.52	0.36109	9.970	0.00
0.00	-49935.92	-62313.32	0.35865	-49935.92	-62313.32	0.35865	9.418	0.00
0.00	-49935.73	-62313.25	0.35748	-49935.73	-62313.25	0.35748	9.223	0.00
0.00	-49935.28	-62313.09	0.35607	-49935.28	-62313.09	0.35607	9.589	0.00
0.00	-49934.89	-62312.95	0.35462	-49934.89	-62312.95	0.35462	10.354	0.00
0.00	-49934.48	-62312.80	0.35363	-49934.48	-62312.80	0.35363	9.691	0.00
0.00	-49934.11	-62312.67	0.35293	-49934.11	-62312.67	0.35293	10.111	0.00
0.00	-49933.71	-62312.53	0.35210	-49933.71	-62312.53	0.35210	9.475	0.00
0.00	-49933.00	-62312.28	0.35067	-49933.00	-62312.28	0.35067	9.361	0.00
0.00	-49932.87	-62312.23	0.34968	-49932.87	-62312.23	0.34968	10.274	0.00
0.00	-49932.60	-62312.14	0.34870	-49932.60	-62312.14	0.34870	9.518	0.00
0.00	-49932.11	-62311.97	0.34766	-49932.11	-62311.97	0.34766	10.171	0.00
0.00	-49931.72	-62311.83	0.34676	-49931.72	-62311.83	0.34676	10.791	0.00
0.00	-49931.33	-62311.70	0.34583	-49931.33	-62311.70	0.34583	9.988	0.00
0.00	-49930.97	-62311.58	0.34479	-49930.97	-62311.58	0.34479	9.682	0.00
0.00	-49930.54	-62311.43	0.34405	-49930.54	-62311.43	0.34405	9.412	0.00
0.00	-49930.21	-62311.31	0.34316	-49930.21	-62311.31	0.34316	9.347	0.00
0.00	-49929.79	-62311.17	0.34258	-49929.79	-62311.17	0.34258	9.868	0.00
0.00	-49929.41	-62311.04	0.34169	-49929.41	-62311.04	0.34169	9.929	0.00
0.00	-49929.03	-62310.91	0.34076	-49929.03	-62310.91	0.34076	9.763	0.00
0.00	-49928.66	-62310.79	0.34007	-49928.66	-62310.79	0.34007	10.174	0.00
0.00	-49928.28	-62310.66	0.33954	-49928.28	-62310.66	0.33954	9.752	0.00
0.00	-49927.87	-62310.52	0.33900	-49927.87	-62310.52	0.33900	9.710	0.00
0.00	-49927.46	-62310.38	0.33841	-49927.46	-62310.38	0.33841	9.667	0.00
0.00	-49927.13	-62310.27	0.33778	-49927.13	-62310.27	0.33778	10.220	0.00
0.00	-49926.71	-62310.13	0.33756	-49926.71	-62310.13	0.33756	10.058	0.00
0.00	-49926.37	-62310.01	0.33759	-49926.37	-62310.01	0.33759	10.454	0.00
0.00	-49926.02	-62309.89	0.33790	-49926.02	-62309.89	0.33790	10.649	0.00
0.00	-49925.64	-62309.76	0.33814	-49925.64	-62309.76	0.33814	10.030	0.00
0.00	-49925.28	-62309.64	0.33813	-49925.28	-62309.64	0.33813	10.671	0.00
0.00	-49924.76	-62309.47	0.33804	-49924.76	-62309.47	0.33804	11.164	0.00
0.00	-49924.57	-62309.40	0.33823	-49924.57	-62309.40	0.33823	9.796	0.00
0.00	-49924.09	-62309.24	0.33893	-49924.09	-62309.24	0.33893	10.706	0.00
0.00	-49923.76	-62309.13	0.33980	-49923.76	-62309.13	0.33980	10.713	0.00
0.00	-49923.40	-62309.01	0.34107	-49923.40	-62309.01	0.34107	10.217	0.00
0.00	-49922.99	-62308.87	0.34274	-49922.99	-62308.87	0.34274	10.044	0.00
0.00	-49922.50	-62308.70	0.34524	-49922.50	-62308.70	0.34524	10.160	0.00
0.00	-49922.31	-62308.64	0.34643	-49922.31	-62308.64	0.34643	9.892	0.00
0.00	-49921.80	-62308.46	0.34819	-49921.80	-62308.46	0.34819	10.602	0.00
0.00	-49921.51	-62308.36	0.34957	-49921.51	-62308.36	0.34957	10.737	0.00
0.00	-49920.94	-62308.16	0.35212	-49920.94	-62308.16	0.35212	10.186	0.00
0.00	-49920.90	-62308.15	0.35328	-49920.90	-62308.15	0.35328	10.242	0.00
0.00	-49920.40	-62307.97	0.35505	-49920.40	-62307.97	0.35505	10.571	0.00
0.00	-49920.06	-62307.85	0.35693	-49920.06	-62307.85	0.35693	10.623	0.00
0.00	-49919.60	-62307.69	0.35919	-49919.60	-62307.69	0.35919	10.287	0.00
0.00	-49919.13	-62307.52	0.36172	-49919.13	-62307.52	0.36172	10.940	0.00
0.00	-49918.91	-62307.44	0.36310	-49918.91	-62307.44	0.36310	10.354	0.00
0.00	-49918.55	-62307.31	0.36470	-49918.55	-62307.31	0.36470	11.002	0.00
0.00	-49918.11	-62307.15	0.36640	-49918.11	-62307.15	0.36640	10.472	0.00
0.00	-49917.63	-62306.97	0.36922	-49917.63	-62306.97	0.36922	11.162	0.00
0.00	-49917.43	-62306.89	0.37098	-49917.43	-62306.89	0.37098	10.798	0.00
0.00	-49917.00	-62306.73	0.37345	-49917.00	-62306.73	0.37345	10.105	0.00
0.00	-49916.63	-62306.59	0.37605	-49916.63	-62306.59	0.37605	10.671	0.00
0.00	-49916.24	-62306.44	0.37827	-49916.24	-62306.44	0.37827	11.224	0.00
0.00	-49915.85	-62306.29	0.38015	-49915.85	-62306.29	0.38015	11.142	0.00
0.00	-49915.45	-62306.14	0.38198	-49915.45	-62306.14	0.38198	10.332	0.00
0.00	-49915.09	-62306.00	0.38441	-49915.09	-62306.00	0.38441	11.025	0.00
0.00	-49914.69	-62305.84	0.38722	-49914.69	-62305.84	0.38722	10.877	0.00
0.00	-49914.30	-62305.68	0.39069	-49914.30	-62305.68	0.39069	12.016	0.00
0.00	-49913.98	-62305.55	0.39285	-49913.98	-62305.55	0.39285	12.026	0.00
0.00	-49913.56	-62305.39	0.39465	-49913.56	-62305.39	0.39465	11.266	0.00
0.00	-49913.17	-62305.23	0.39634	-49913.17	-62305.23	0.39634	11.243	0.00
0.00	-49912.76	-62305.06	0.39874	-49912.76	-62305.06	0.39874	10.692	0.00
0.00	-49912.42	-62304.93	0.40161	-49912.42	-62304.93	0.40161	11.128	0.00
0.00	-49911.98	-62304.74	0.40424	-49911.98	-62304.74	0.40424	12.115	0.00
0.00	-49911.68	-62304.62	0.40692	-49911.68	-62304.62	0.40692	11.355	0.00
0.00	-49911.23	-62304.43	0.40973	-49911.23	-62304.43	0.40973	11.720	0.00
0.00	-49910.92	-62304.30	0.41241	-49910.92	-62304.30	0.41241	11.561	0.00
0.00	-49910.52	-62304.13	0.41501	-49910.52	-62304.13	0.41501	11.041	0.00
0.00	-49910.15	-62303.97	0.41754	-49910.15	-62303.97	0.41754	10.862	0.00
0.00	-49909.69	-62303.77	0.42005	-49909.69	-62303.77	0.42005	10.958	0.00
0.00	-49909.35	-62303.63	0.42228	-49909.35	-62303.63	0.42228	11.507	0.00
0.00	-49909.05	-62303.50	0.42426	-49909.05	-62303.50	0.42426	11.278	0.00
0.00	-49908.68	-62303.33	0.42639	-49908.68	-62303.33	0.42639	11.551	0.00
0.00	-49908.31	-62303.17	0.42839	-49908.31	-62303.17	0.42839	11.652	0.00
0.00	-49907.95	-62303.01	0.43009	-49907.95	-62303.01	0.43009	11.306	0.00
0.00	-49907.54	-62302.83	0.43161	-49907.54	-62302.83	0.43161	11.754	0.00
0.00	-49907.25	-62302.71	0.43270	-49907.25	-62302.71	0.43270	11.834	0.00
0.00	-49906.88	-62302.54	0.43371	-49906.88	-62302.54	0.43371	11.107	0.00
0.00	-49906.52	-62302.38	0.43479	-49906.52	-62302.38	0.43479	11.360	0.00
0.00	-49906.05	-62302.17	0.43613	-49906.05	-62302.17	0.43613	11.675	0.00
0.00	-49905.78	-62302.05	0.43686	-49905.78	-62302.05	0.43686	11.019	0.00
0.00	-49905.44	-62301.90	0.43708	-49905.44	-62301.90	0.43708	11.229	0.00
0.00	-49905.12	-62301.76	0.43696	-49905.12	-62301.76	0.43696	11.598	0.00
0.00	-49904.65	-62301.54	0.43654	-49904.65	-62301.54	0.43654	11.637	0.00
0.00	-49904.41	-62301.43	0.43605	-49904.41	-62301.43	0.43605	11.270	0.00
0.00	-49904.04	-62301.27	0.43582	-49904.04	-62301.27	0.43582	11.865	0.00
0.00	-49903.69	-62301.12	0.43587	-49903.69	-62301.12	0.43587	12.143	0.00
0.00	-49903.16	-62300.87	0.43573	-49903.16	-62300.87	0.43573	12.414	0.00
0.00	-49903.05	-62300.83	0.43545	-49903.05	-62300.83	0.43545	11.642	0.00
0.00	-49902.66	-62300.65	0.43490	-49902.66	-62300.65	0.43490	12.026	0.00
0.00	-49902.29	-62300.49	0.43371	-49902.29	-62300.49	0.43371	11.529	0.00
0.00	-49901.98	-62300.35	0.43216	-49901.98	-62300.35	0.43216	11.555	0.00
0.00	-49901.57	-62300.17	0.43087	-49901.57	-62300.17	0.43087	12.558	0.00
0.00	-49901.26	-62300.03	0.42941	-49901.26	-62300.03	0.42941	12.458	0.00
0.00	-49900.93	-62299.89	0.42783	-49900.93	-62299.89	0.42783	11.720	0.00
0.00	-49900.59	-62299.74	0.42577	-49900.59	-62299.74	0.42577	11.682	0.00
0.00	-49900.17	-62299.55	0.42303	-49900.17	-62299.55	0.42303	11.554	0.00
0.00	-49899.81	-62299.40	0.41923	-49899.81	-62299.40	0.41923	12.479	0.00
0.00	-49899.59	-62299.31	0.41606	-49899.59	-62299.31	0.41606	11.806	0.00
0.00	-49899.24	-62299.16	0.41245	-49899.24	-62299.16	0.41245	11.805	0.00
0.00	-49898.88	-62299.01	0.40874	-49898.88	-62299.01	0.40874	11.805	0.00
0.00	-49898.50	-62298.85	0.40452	-49898.50	-62298.85	0.40452	12.438	0.00
0.00	-49898.24	-62298.75	0.40076	-49898.24	-62298.75	0.40076	11.832	0.00
0.00	-49897.75	-62298.55	0.39637	-49897.75	-62298.55	0.39637	12.206	0.00
0.00	-49897.55	-62298.47	0.39286	-49897.55	-62298.47	0.39286	12.466	0.00
0.00	-49897.19	-62298.33	0.38898	-49897.19	-62298.33	0.38898	12.131	0.00
0.00	-49896.88	-62298.21	0.38542	-49896.88	-62298.21	0.38542	11.743	0.00
0.00	-49896.47	-62298.05	0.38234	-49896.47	-62298.05	0.38234	12.088	0.00
0.00	-49896.18	-62297.94	0.37906	-49896.18	-62297.94	0.37906	12.144	0.00
0.00	-49895.85	-62297.81	0.37546	-49895.85	-62297.81	0.37546	12.556	0.00
0.00	-49895.49	-62297.67	0.37218	-49895.49	-62297.67	0.37218	12.992	0.00
0.00	-49895.20	-62297.56	0.36904	-49895.20	-62297.56	0.36904	12.649	0.00
0.00	-49894.86	-62297.44	0.36599	-49894.86	-62297.44	0.36599	12.688	0.00
0.00	-49894.53	-62297.32	0.36330	-49894.53	-62297.32	0.36330	12.715	0.00
0.00	-49894.17	-62297.18	0.36144	-49894.17	-62297.18	0.36144	12.019	0.00
0.00	-49893.84	-62297.06	0.35975	-49893.84	-62297.06	0.35975	13.105	0.00
0.00	-49893.52	-62296.95	0.35755	-49893.52	-62296.95	0.35755	13.146	0.00
0.00	-49893.15	-62296.81	0.35550	-49893.15	-62296.81	0.35550	11.977	0.00
0.00	-49892.84	-62296.70	0.35417	-49892.84	-62296.70	0.35417	12.951	0.00
0.00	-49892.46	-62296.56	0.35318	-49892.46	-62296.56	0.35318	13.122	0.00
0.00	-49892.15	-62296.45	0.35245	-49892.15	-62296.45	0.35245	12.250	0.00
0.00	-49891.85	-62296.34	0.35209	-49891.85	-62296.34	0.35209	13.520	0.00
0.00	-49891.55	-62296.24	0.35232	-49891.55	-62296.24	0.35232	12.677	0.00
0.00	-49891.18	-62296.11	0.35280	-49891.18	-62296.11	0.35280	13.370	0.00
0.00	-49890.85	-62295.99	0.35304	-49890.85	-62295.99	0.35304	12.214	0.00
0.00	-49890.57	-62295.89	0.35312	-49890.57	-62295.89	0.35312	12.384	0.00
0.00	-49890.23	-62295.77	0.35320	-49890.23	-62295.77	0.35320	12.730	0.00
0.00	-49889.91	-62295.66	0.35336	-49889.91	-62295.66	0.35336	12.161	0.00
0.00	-49889.54	-62295.53	0.35395	-49889.54	-62295.53	0.35395	12.802	0.00
0.00	-49889.25	-62295.43	0.35414	-49889.25	-62295.43	0.35414	13.182	0.00
0.00	-49888.94	-62295.32	0.35425	-49888.94	-62295.32	0.35425	12.807	0.00
0.00	-49888.63	-62295.21	0.35427	-49888.63	-62295.21	0.35427	13.260	0.00
0.00	-49888.21	-62295.06	0.35433	-49888.21	-62295.06	0.35433	13.265	0.00
0.00	-49888.02	-62295.00	0.35445	-49888.02	-62295.00	0.35445	13.894	0.00
0.00	-49887.69	-62294.88	0.35456	-49887.69	-62294.88	0.35456	15.285	0.00
0.00	-49887.38	-62294.77	0.35448	-49887.38	-62294.77	0.35448	13.936	0.00
0.00	-49887.02	-62294.65	0.35433	-49887.02	-62294.65	0.35433	13.756	0.00
0.00	-49886.76	-62294.56	0.35431	-49886.76	-62294.56	0.35431	13.806	0.00
0.00	-49886.44	-62294.45	0.35439	-49886.44	-62294.45	0.35439	13.526	0.00
0.00	-49886.09	-62294.32	0.35451	-49886.09	-62294.32	0.35451	13.908	0.00
0.00	-49885.81	-62294.23	0.35460	-49885.81	-62294.23	0.35460	13.609	0.00
0.00	-49885.51	-62294.12	0.35470	-49885.51	-62294.12	0.35470	13.902	0.00
0.00	-49885.04	-62293.95	0.35474	-49885.04	-62293.95	0.35474	13.171	0.00
0.00	-49884.96	-62293.93	0.35474	-49884.96	-62293.93	0.35474	13.596	0.00
0.00	-49884.62	-62293.81	0.35505	-49884.62	-62293.81	0.35505	12.809	0.00
0.00	-49884.31	-62293.70	0.35532	-49884.31	-62293.70	0.35532	13.556	0.00
0.00	-49884.00	-62293.59	0.35536	-49884.00	-62293.59	0.35536	13.134	0.00
0.00	-49883.58	-62293.44	0.35524	-49883.58	-62293.44	0.35524	13.915	0.00
0.00	-49883.45	-62293.40	0.35501	-49883.45	-62293.40	0.35501	14.068	0.00
0.00	-49883.12	-62293.28	0.35396	-49883.12	-62293.28	0.35396	12.866	0.00
0.00	-49882.81	-62293.17	0.35275	-49882.81	-62293.17	0.35275	12.860	0.00
0.00	-49882.47	-62293.05	0.35167	-49882.47	-62293.05	0.35167	13.796	0.00
0.00	-49882.21	-62292.96	0.35003	-49882.21	-62292.96	0.35003	13.976	0.00
0.00	-49881.95	-62292.87	0.34775	-49881.95	-62292.87	0.34775	12.590	0.00
0.00	-49881.62	-62292.76	0.34482	-49881.62	-62292.76	0.34482	13.875	0.00
0.00	-49881.36	-62292.67	0.34037	-49881.36	-62292.67	0.34037	13.002	0.00
0.00	-49881.06	-62292.57	0.33531	-49881.06	-62292.57	0.33531	12.743	0.00
0.00	-49880.78	-62292.48	0.32902	-49880.78	-62292.48	0.32902	12.792	0.00
0.00	-49880.52	-62292.39	0.32206	-49880.52	-62292.39	0.32206	13.266	0.00
0.00	-49880.23	-62292.31	0.31351	-49880.23	-62292.31	0.31351	13.467	0.00
0.00	-49880.00	-62292.24	0.30394	-49880.00	-62292.24	0.30394	13.539	0.00
0.00	-49879.73	-62292.16	0.29343	-49879.73	-62292.16	0.29343	13.478	0.00
0.00	-49879.45	-62292.08	0.28181	-49879.45	-62292.08	0.28181	13.584	0.00
0.00	-49879.25	-62292.03	0.27025	-49879.25	-62292.03	0.27025	13.345	0.00
0.00	-49878.99	-62291.96	0.25773	-49878.99	-62291.96	0.25773	13.525	0.00
0.00	-49878.76	-62291.90	0.24531	-49878.76	-62291.90	0.24531	13.912	0.00
0.00	-49878.53	-62291.85	0.23279	-49878.53	-62291.85	0.23279	14.064	0.00
0.00	-49878.32	-62291.80	0.21949	-49878.32	-62291.80	0.21949	13.852	0.00
0.00	-49878.10	-62291.76	0.20491	-49878.10	-62291.76	0.20491	13.564	0.00
0.00	-49877.89	-62291.72	0.18956	-49877.89	-62291.72	0.18956	14.330	0.00
0.00	-49877.68	-62291.68	0.17314	-49877.68	-62291.68	0.17314	13.564	0.00
0.00	-49877.40	-62291.64	0.15358	-49877.40	-62291.64	0.15358	13.176	0.00
0.00	-49877.31	-62291.63	0.14053	-49877.31	-62291.63	0.14053	13.543	0.00
0.00	-49877.10	-62291.60	0.12352	-49877.10	-62291.60	0.12352	13.302	0.00
0.00	-49876.89	-62291.58	0.10525	-49876.89	-62291.58	0.10525	14.420	0.00
0.00	-49876.67	-62291.56	0.08649	-49876.67	-62291.56	0.08649	14.344	0.00
0.00	-49876.49	-62291.55	0.06753	-49876.49	-62291.55	0.06753	14.099	0.00
0.00	-49876.31	-62291.54	0.04785	-49876.31	-62291.54	0.04785	14.122	0.00
0.00	-49876.13	-62291.54	0.02726	-49876.13	-62291.54	0.02726	13.571	0.00
0.00	-49875.96	-62291.54	0.00582	-49875.96	-62291.54	0.00582	13.486	0.00
0.00	-49875.79	-62291.54	-0.01606	-49875.79	-62291.54	-0.01606	13.432	0.00
0.00	-49875.61	-62291.55	-0.03826	-49875.61	-62291.55	-0.03826	14.088	0.00
0.00	-49875.44	-62291.56	-0.06120	-49875.44	-62291.56	-0.06120	13.696	0.00
0.00	-49875.28	-62291.58	-0.08442	-49875.28	-62291.58	-0.08442	14.643	0.00
0.00	-49875.11	-62291.60	-0.10790	-49875.11	-62291.60	-0.10790	14.851	0.00
0.00	-49874.94	-62291.62	-0.13172	-49874.94	-62291.62	-0.13172	14.033	0.00
0.00	-49874.78	-62291.64	-0.15608	-49874.78	-62291.64	-0.15608	14.695	0.00
0.00	-49874.62	-62291.67	-0.18058	-49874.62	-62291.67	-0.18058	13.812	0.00
0.00	-49874.45	-62291.71	-0.20469	-49874.45	-62291.71	-0.20469	14.044	0.00
0.00	-49874.28	-62291.75	-0.22805	-49874.28	-62291.75	-0.22805	14.160	0.00
0.00	-49874.15	-62291.78	-0.25183	-49874.15	-62291.78	-0.25183	13.812	0.00
0.00	-49873.99	-62291.82	-0.27575	-49873.99	-62291.82	-0.27575	14.387	0.00
0.00	-49873.84	-62291.87	-0.30115	-49873.84	-62291.87	-0.30115	13.436	0.00
0.00	-49873.67	-62291.93	-0.32568	-49873.67	-62291.93	-0.32568	14.487	0.00
0.00	-49873.54	-62291.98	-0.35011	-49873.54	-62291.98	-0.35011	13.888	0.00
0.00	-49873.38	-62292.04	-0.37558	-49873.38	-62292.04	-0.37558	14.807	0.00
0.00	-49873.21	-62292.12	-0.40482	-49873.21	-62292.12	-0.40482	15.322	0.00
0.00	-49873.10	-62292.17	-0.43062	-49873.10	-62292.17	-0.43062	15.259	0.00
0.00	-49872.90	-62292.26	-0.46105	-49872.90	-62292.26	-0.46105	14.609	0.00
0.00	-49872.75	-62292.35	-0.48981	-49872.75	-62292.35	-0.48981	15.019	0.00
0.00	-49872.52	-62292.48	-0.53067	-49872.52	-62292.48	-0.53067	13.996	0.00
0.00	-49872.43	-62292.54	-0.55534	-49872.43	-62292.54	-0.55534	13.685	0.00
0.00	-49872.27	-62292.64	-0.58537	-49872.27	-62292.64	-0.58537	567.203	0.00
0.00	-49870.92	-62293.73	-0.78325	-49870.92	-62293.73	-0.78325	1.648	0.00
0.00	-49870.92	-62293.73	-0.78325	-49870.92	-62293.73	-0.78325	1.617	0.00
0.00	-49871.36	-62293.38	-0.79846	-49871.36	-62293.38	-0.79846	1.615	0.00
0.00	-49871.16	-62293.60	-0.83382	-49871.16	-62293.60	-0.83382	1.600	0.00
0.00	-49871.02	-62293.78	-0.87144	-49871.02	-62293.78	-0.87144	1.677	0.00
0.00	-49870.86	-62293.98	-0.90873	-49870.86	-62293.98	-0.90873	1.691	0.00
0.00	-49870.74	-62294.15	-0.94510	-49870.74	-62294.15	-0.94510	1.796	0.00
0.00	-49870.61	-62294.36	-0.98301	-49870.61	-62294.36	-0.98301	1.698	0.00
0.00	-49870.52	-62294.51	-1.01542	-49870.52	-62294.51	-1.01542	1.729	0.00
0.00	-49870.41	-62294.71	-1.05093	-49870.41	-62294.71	-1.05093	1.720	0.00
0.00	-49870.31	-62294.90	-1.08426	-49870.31	-62294.90	-1.08426	1.656	0.00
0.00	-49870.20	-62295.12	-1.11746	-49870.20	-62295.12	-1.11746	1.818	0.00
0.00	-49870.10	-62295.35	-1.15170	-49870.10	-62295.35	-1.15170	1.748	0.00
0.00	-49870.03	-62295.52	-1.18176	-49870.03	-62295.52	-1.18176	1.933	0.00
0.00	-49869.95	-62295.74	-1.21352	-49869.95	-62295.74	-1.21352	1.800	0.00
0.00	-49869.88	-62295.96	-1.24490	-49869.88	-62295.96	-1.24490	1.886	0.00
0.00	-49869.81	-62296.18	-1.27526	-49869.81	-62296.18	-1.27526	2.419	0.00
0.00	-49869.76	-62296.37	-1.30449	-49869.76	-62296.37	-1.30449	2.029	0.00
0.00	-49869.71	-62296.60	-1.33325	-49869.71	-62296.60	-1.33325	2.101	0.00
0.00	-49869.65	-62296.86	-1.36145	-49869.65	-62296.86	-1.36145	2.071	0.00
0.00	-49869.62	-62297.06	-1.38931	-49869.62	-62297.06	-1.38931	2.149	0.00
0.00	-49869.58	-62297.29	-1.41646	-49869.58	-62297.29	-1.41646	2.104	0.00
0.00	-49869.56	-62297.51	-1.44284	-49869.56	-62297.51	-1.44284	2.456	0.00
0.00	-49869.53	-62297.74	-1.46833	-49869.53	-62297.74	-1.46833	2.012	0.00
0.00	-49869.52	-62297.97	-1.49324	-49869.52	-62297.97	-1.49324	2.397	0.00
0.00	-49869.50	-62298.32	-1.52366	-49869.50	-62298.32	-1.52366	2.846	0.00
0.00	-49869.51	-62298.42	-1.54009	-49869.51	-62298.42	-1.54009	2.537	0.00
0.00	-49869.51	-62298.67	-1.56240	-49869.51	-62298.67	-1.56240	2.284	0.00
0.00	-49869.51	-62298.95	-1.58418	-49869.51	-62298.95	-1.58418	2.429	0.00
0.00	-49869.52	-62299.18	-1.60478	-49869.52	-62299.18	-1.60478	2.684	0.00
0.00	-49869.54	-62299.42	-1.62579	-49869.54	-62299.42	-1.62579	2.483	0.00
0.00	-49869.56	-62299.66	-1.64337	-49869.56	-62299.66	-1.64337	2.336	0.00
0.00	-49869.61	-62300.17	-1.67438	-49869.61	-62300.17	-1.67438	2.614	0.00
0.00	-49869.60	-62300.01	-1.67860	-49869.60	-62300.01	-1.67860	2.561	0.00
0.00	-49869.72	-62300.91	-1.72486	-49869.72	-62300.91	-1.72486	3.028	0.00
0.00	-49869.77	-62301.06	-1.75936	-49869.77	-62301.06	-1.75936	2.649	0.00
0.00	-49869.77	-62301.07	-1.76000	-49869.77	-62301.07	-1.76000	2.866	0.00
0.00	-49869.74	-62300.87	-1.76114	-49869.74	-62300.87	-1.76114	2.251	0.00
0.00	-49869.76	-62300.96	-1.76362	-49869.76	-62300.96	-1.76362	2.596	0.00
0.00	-49869.82	-62301.27	-1.77251	-49869.82	-62301.27	-1.77251	3.515	0.00
0.00	-49869.82	-62301.27	-1.77284	-49869.82	-62301.27	-1.77284	2.582	0.00
0.00	-49869.94	-62301.83	-1.78268	-49869.94	-62301.83	-1.78268	2.756	0.00
0.00	-49870.04	-62302.23	-1.79216	-49870.04	-62302.23	-1.79216	3.076	0.00
0.00	-49870.13	-62302.63	-1.79989	-49870.13	-62302.63	-1.79989	2.827	0.00
0.00	-49870.20	-62302.91	-1.80615	-49870.20	-62302.91	-1.80615	2.137	0.00
0.00	-49870.27	-62303.18	-1.81166	-49870.27	-62303.18	-1.81166	2.893	0.00
0.00	-49870.34	-62303.45	-1.81616	-49870.34	-62303.45	-1.81616	2.903	0.00
0.00	-49870.42	-62303.75	-1.81964	-49870.42	-62303.75	-1.81964	3.131	0.00
0.00	-49870.49	-62304.01	-1.82183	-49870.49	-62304.01	-1.82183	3.687	0.00
0.00	-49870.58	-62304.34	-1.82360	-49870.58	-62304.34	-1.82360	2.980	0.00
