0.00	-30209.77	-40028.04	0.35000	-30209.77	-40028.04	0.35000	2.293	0.00
0.00	-30209.65	-40027.99	0.34980	-30209.65	-40027.99	0.34980	2.548	0.00
0.00	-30209.62	-40027.95	0.40816	-30209.62	-40027.95	0.40816	2.624	0.00
0.00	-30209.86	-40028.01	0.45084	-30209.86	-40028.01	0.45084	2.016	0.00
0.00	-30209.79	-40027.94	0.47360	-30209.79	-40027.94	0.47360	2.650	0.00
0.00	-30210.25	-40028.08	0.53372	-30210.25	-40028.08	0.53372	2.059	0.00
0.00	-30210.32	-40028.06	0.55775	-30210.32	-40028.06	0.55775	2.000	0.00
0.00	-30210.76	-40028.21	0.61459	-30210.76	-40028.21	0.61459	2.022	0.00
0.00	-30210.72	-40028.14	0.62928	-30210.72	-40028.14	0.62928	2.024	0.00
0.00	-30211.25	-40028.35	0.69019	-30211.25	-40028.35	0.69019	1.930	0.00
0.00	-30211.23	-40028.28	0.70421	-30211.23	-40028.28	0.70421	1.931	0.00
0.00	-30211.74	-40028.50	0.76404	-30211.74	-40028.50	0.76404	2.065	0.00
0.00	-30211.86	-40028.50	0.78902	-30211.86	-40028.50	0.78902	1.891	0.00
0.00	-30212.27	-40028.68	0.84317	-30212.27	-40028.68	0.84317	2.218	0.00
0.00	-30212.34	-40028.63	0.86683	-30212.34	-40028.63	0.86683	2.521	0.00
0.00	-30212.74	-40028.84	0.91375	-30212.74	-40028.84	0.91375	2.245	0.00
0.00	-30212.71	-40028.72	0.92712	-30212.71	-40028.72	0.92712	2.248	0.00
0.00	-30213.18	-40029.01	0.97979	-30213.18	-40029.01	0.97979	1.961	0.00
0.00	-30213.17	-40028.88	0.99390	-30213.17	-40028.88	0.99390	1.965	0.00
0.00	-30213.65	-40029.19	1.04848	-30213.65	-40029.19	1.04848	2.213	0.00
0.00	-30213.86	-40029.20	1.08740	-30213.86	-40029.20	1.08740	1.999	0.00
0.00	-30214.35	-40029.30	1.16934	-30214.35	-40029.30	1.16934	2.430	0.00
0.00	-30214.54	-40029.52	1.18787	-30214.54	-40029.52	1.18787	2.015	0.00
0.00	-30214.87	-40029.49	1.25345	-30214.87	-40029.49	1.25345	2.074	0.00
0.00	-30215.02	-40029.68	1.26978	-30215.02	-40029.68	1.26978	2.064	0.00
0.00	-30215.23	-40029.73	1.30877	-30215.23	-40029.73	1.30877	1.976	0.00
0.00	-30215.31	-40029.66	1.32654	-30215.31	-40029.66	1.32654	2.087	0.00
0.00	-30215.59	-40029.83	1.37103	-30215.59	-40029.83	1.37103	2.059	0.00
0.00	-30215.69	-40029.79	1.39185	-30215.69	-40029.79	1.39185	2.044	0.00
0.00	-30216.00	-40029.97	1.44138	-30216.00	-40029.97	1.44138	1.997	0.00
0.00	-30216.04	-40029.83	1.45200	-30216.04	-40029.83	1.45200	1.992	0.00
0.00	-30216.35	-40030.06	1.50367	-30216.35	-40030.06	1.50367	2.013	0.00
0.00	-30216.48	-40030.01	1.52556	-30216.48	-40030.01	1.52556	2.011	0.00
0.00	-30216.79	-40030.18	1.57820	-30216.79	-40030.18	1.57820	1.964	0.00
0.00	-30216.92	-40030.11	1.60060	-30216.92	-40030.11	1.60060	2.062	0.00
0.00	-30217.23	-40030.27	1.65399	-30217.23	-40030.27	1.65399	1.992	0.00
0.00	-30217.37	-40030.19	1.67679	-30217.37	-40030.19	1.67679	1.995	0.00
0.00	-30217.68	-40030.34	1.73079	-30217.68	-40030.34	1.73079	1.906	0.00
0.00	-30217.73	-40030.02	1.73127	-30217.73	-40030.02	1.73127	2.080	0.00
0.00	-30218.00	-40030.35	1.78186	-30218.00	-40030.35	1.78186	2.042	0.00
0.00	-30218.13	-40030.16	1.79549	-30218.13	-40030.16	1.79549	2.031	0.00
0.00	-30218.42	-40030.42	1.85003	-30218.42	-40030.42	1.85003	1.970	0.00
0.00	-30218.70	-40030.38	1.89049	-30218.70	-40030.38	1.89049	2.033	0.00
0.00	-30219.32	-40030.48	1.98498	-30219.32	-40030.48	1.98498	2.116	0.00
0.00	-30219.44	-40030.58	2.00717	-30219.44	-40030.58	2.00717	2.028	0.00
0.00	-30219.79	-40030.61	2.05787	-30219.79	-40030.61	2.05787	2.014	0.00
0.00	-30220.01	-40030.50	2.08048	-30220.01	-40030.50	2.08048	1.902	0.00
0.00	-30220.36	-40030.60	2.13483	-30220.36	-40030.60	2.13483	1.931	0.00
0.00	-30220.59	-40030.51	2.15804	-30220.59	-40030.51	2.15804	1.977	0.00
0.00	-30220.94	-40030.63	2.21208	-30220.94	-40030.63	2.21208	2.678	0.00
0.00	-30221.17	-40030.56	2.23369	-30221.17	-40030.56	2.23369	1.942	0.00
0.00	-30221.50	-40030.69	2.28582	-30221.50	-40030.69	2.28582	2.489	0.00
0.00	-30221.71	-40030.56	2.29714	-30221.71	-40030.56	2.29714	2.012	0.00
0.00	-30222.03	-40030.72	2.35180	-30222.03	-40030.72	2.35180	1.864	0.00
0.00	-30222.29	-40030.67	2.37453	-30222.29	-40030.67	2.37453	1.884	0.00
0.00	-30222.65	-40030.81	2.42878	-30222.65	-40030.81	2.42878	1.941	0.00
0.00	-30222.93	-40030.76	2.45112	-30222.93	-40030.76	2.45112	1.915	0.00
0.00	-30223.29	-40030.91	2.50464	-30223.29	-40030.91	2.50464	1.867	0.00
0.00	-30223.54	-40030.81	2.51597	-30223.54	-40030.81	2.51597	1.968	0.00
0.00	-30223.90	-40030.99	2.57069	-30223.90	-40030.99	2.57069	1.858	0.00
0.00	-30224.20	-40030.97	2.59312	-30224.20	-40030.97	2.59312	1.939	0.00
0.00	-30224.57	-40031.14	2.64633	-30224.57	-40031.14	2.64633	1.729	0.00
0.00	-30226.15	-40030.39	2.66045	-30226.15	-40030.39	2.66045	1.960	0.00
0.00	-30226.31	-40030.31	2.66073	-30226.31	-40030.31	2.66073	1.874	0.00
0.00	-30226.46	-40030.23	2.66093	-30226.46	-40030.23	2.66093	1.945	0.00
0.00	-30226.46	-40030.23	2.66093	-30226.46	-40030.23	2.66093	1.719	0.00
0.00	-30225.85	-40030.74	2.68771	-30225.85	-40030.74	2.68771	1.911	0.00
0.00	-30225.85	-40030.74	2.68771	-30225.85	-40030.74	2.68771	2.914	0.00
0.00	-30225.85	-40030.74	2.68771	-30225.85	-40030.74	2.68771	1.837	0.00
0.00	-30226.06	-40030.84	2.71757	-30226.06	-40030.84	2.71757	1.906	0.00
0.00	-30226.13	-40031.00	2.74670	-30226.13	-40031.00	2.74670	1.978	0.00
0.00	-30226.78	-40031.50	2.86645	-30226.78	-40031.50	2.86645	2.121	0.00
0.00	-30227.15	-40031.53	2.88952	-30227.15	-40031.53	2.88952	1.934	0.00
0.00	-30227.84	-40031.95	2.99173	-30227.84	-40031.95	2.99173	1.940	0.00
0.00	-30228.28	-40032.08	3.02756	-30228.28	-40032.08	3.02756	1.951	0.00
0.00	-30228.82	-40032.46	3.10388	-30228.82	-40032.46	3.10388	1.949	0.00
0.00	-30229.19	-40032.59	3.13101	-30229.19	-40032.59	3.13101	1.893	0.00
0.00	-30229.61	-40032.92	-3.09300	-30229.61	-40032.92	-3.09300	1.939	0.00
0.00	-30229.94	-40033.05	-3.07146	-30229.94	-40033.05	-3.07146	2.020	0.00
0.00	-30230.28	-40033.34	-3.02384	-30230.28	-40033.34	-3.02384	2.002	0.00
0.00	-30230.58	-40033.47	-3.00625	-30230.58	-40033.47	-3.00625	1.925	0.00
0.00	-30230.87	-40033.72	-2.96742	-30230.87	-40033.72	-2.96742	1.780	0.00
0.00	-30231.15	-40033.81	-2.95988	-30231.15	-40033.81	-2.95988	1.892	0.00
0.00	-30231.41	-40034.04	-2.92636	-30231.41	-40034.04	-2.92636	2.432	0.00
0.00	-30231.69	-40034.17	-2.91423	-30231.69	-40034.17	-2.91423	1.849	0.00
0.00	-30231.92	-40034.37	-2.88751	-30231.92	-40034.37	-2.88751	1.900	0.00
0.00	-30232.25	-40034.51	-2.87779	-30232.25	-40034.51	-2.87779	1.853	0.00
0.00	-30232.45	-40034.66	-2.85968	-30232.45	-40034.66	-2.85968	1.850	0.00
0.00	-30232.77	-40034.80	-2.85147	-30232.77	-40034.80	-2.85147	1.824	0.00
0.00	-30233.00	-40034.96	-2.83642	-30233.00	-40034.96	-2.83642	1.745	0.00
0.00	-30233.26	-40035.09	-2.82659	-30233.26	-40035.09	-2.82659	1.971	0.00
0.00	-30233.66	-40035.33	-2.80856	-30233.66	-40035.33	-2.80856	1.780	0.00
0.00	-30233.69	-40035.38	-2.80221	-30233.69	-40035.38	-2.80221	1.985	0.00
0.00	-30233.96	-40035.53	-2.79352	-30233.96	-40035.53	-2.79352	1.982	0.00
0.00	-30234.22	-40035.64	-2.79045	-30234.22	-40035.64	-2.79045	2.020	0.00
0.00	-30234.47	-40035.77	-2.78371	-30234.47	-40035.77	-2.78371	1.924	0.00
0.00	-30234.72	-40035.88	-2.78136	-30234.72	-40035.88	-2.78136	1.997	0.00
0.00	-30234.96	-40036.00	-2.77634	-30234.96	-40036.00	-2.77634	1.966	0.00
0.00	-30235.21	-40036.11	-2.77394	-30235.21	-40036.11	-2.77394	1.935	0.00
0.00	-30235.46	-40036.22	-2.77070	-30235.46	-40036.22	-2.77070	2.226	0.00
0.00	-30235.70	-40036.33	-2.76912	-30235.70	-40036.33	-2.76912	1.883	0.00
0.00	-30235.95	-40036.44	-2.76707	-30235.95	-40036.44	-2.76707	1.872	0.00
0.00	-30236.20	-40036.54	-2.76660	-30236.20	-40036.54	-2.76660	1.825	0.00
0.00	-30236.43	-40036.63	-2.76543	-30236.43	-40036.63	-2.76543	1.908	0.00
0.00	-30236.71	-40036.75	-2.76508	-30236.71	-40036.75	-2.76508	1.826	0.00
0.00	-30236.95	-40036.84	-2.76475	-30236.95	-40036.84	-2.76475	1.937	0.00
0.00	-30237.24	-40036.96	-2.76478	-30237.24	-40036.96	-2.76478	1.832	0.00
0.00	-30237.55	-40037.07	-2.76544	-30237.55	-40037.07	-2.76544	1.926	0.00
0.00	-30238.14	-40037.31	-2.76509	-30238.14	-40037.31	-2.76509	1.873	0.00
0.00	-30238.31	-40037.38	-2.76493	-30238.31	-40037.38	-2.76493	1.823	0.00
0.00	-30238.35	-40037.39	-2.76489	-30238.35	-40037.39	-2.76489	1.945	0.00
0.00	-30238.44	-40037.41	-2.76659	-30238.44	-40037.41	-2.76659	1.936	0.00
0.00	-30238.78	-40037.54	-2.76751	-30238.78	-40037.54	-2.76751	1.936	0.00
0.00	-30239.05	-40037.63	-2.77033	-30239.05	-40037.63	-2.77033	1.919	0.00
0.00	-30239.33	-40037.72	-2.77214	-30239.33	-40037.72	-2.77214	2.040	0.00
0.00	-30239.58	-40037.80	-2.77499	-30239.58	-40037.80	-2.77499	2.085	0.00
0.00	-30239.85	-40037.90	-2.77574	-30239.85	-40037.90	-2.77574	1.912	0.00
0.00	-30240.10	-40037.98	-2.77888	-30240.10	-40037.98	-2.77888	1.827	0.00
0.00	-30240.38	-40038.08	-2.78024	-30240.38	-40038.08	-2.78024	1.827	0.00
0.00	-30240.63	-40038.15	-2.78320	-30240.63	-40038.15	-2.78320	1.894	0.00
0.00	-30240.90	-40038.25	-2.78441	-30240.90	-40038.25	-2.78441	2.036	0.00
0.00	-30241.15	-40038.32	-2.78729	-30241.15	-40038.32	-2.78729	2.083	0.00
0.00	-30241.52	-40038.46	-2.78753	-30241.52	-40038.46	-2.78753	1.930	0.00
0.00	-30241.61	-40038.48	-2.78968	-30241.61	-40038.48	-2.78968	2.391	0.00
0.00	-30241.90	-40038.58	-2.79124	-30241.90	-40038.58	-2.79124	2.406	0.00
0.00	-30242.16	-40038.65	-2.79450	-30242.16	-40038.65	-2.79450	1.839	0.00
0.00	-30242.47	-40038.75	-2.79592	-30242.47	-40038.75	-2.79592	1.905	0.00
0.00	-30242.79	-40038.85	-2.79891	-30242.79	-40038.85	-2.79891	1.857	0.00
0.00	-30243.06	-40038.95	-2.79959	-30243.06	-40038.95	-2.79959	1.914	0.00
0.00	-30243.25	-40039.00	-2.80228	-30243.25	-40039.00	-2.80228	1.866	0.00
0.00	-30243.56	-40039.10	-2.80244	-30243.56	-40039.10	-2.80244	2.031	0.00
0.00	-30243.72	-40039.14	-2.80470	-30243.72	-40039.14	-2.80470	1.902	0.00
0.00	-30244.05	-40039.25	-2.80584	-30244.05	-40039.25	-2.80584	2.018	0.00
0.00	-30244.24	-40039.31	-2.80789	-30244.24	-40039.31	-2.80789	1.979	0.00
0.00	-30244.57	-40039.42	-2.80894	-30244.57	-40039.42	-2.80894	1.907	0.00
0.00	-30244.76	-40039.47	-2.81089	-30244.76	-40039.47	-2.81089	1.921	0.00
0.00	-30245.09	-40039.58	-2.81201	-30245.09	-40039.58	-2.81201	1.949	0.00
0.00	-30245.34	-40039.65	-2.81417	-30245.34	-40039.65	-2.81417	1.905	0.00
0.00	-30245.61	-40039.74	-2.81510	-30245.61	-40039.74	-2.81510	1.935	0.00
0.00	-30245.85	-40039.81	-2.81679	-30245.85	-40039.81	-2.81679	1.946	0.00
0.00	-30246.12	-40039.90	-2.81750	-30246.12	-40039.90	-2.81750	2.106	0.00
0.00	-30246.36	-40039.97	-2.81892	-30246.36	-40039.97	-2.81892	1.857	0.00
0.00	-30246.62	-40040.06	-2.81938	-30246.62	-40040.06	-2.81938	1.867	0.00
0.00	-30246.86	-40040.13	-2.82087	-30246.86	-40040.13	-2.82087	1.917	0.00
0.00	-30247.13	-40040.21	-2.82169	-30247.13	-40040.21	-2.82169	1.892	0.00
0.00	-30247.61	-40040.37	-2.82363	-30247.61	-40040.37	-2.82363	2.049	0.00
0.00	-30247.70	-40040.39	-2.82406	-30247.70	-40040.39	-2.82406	1.898	0.00
0.00	-30248.00	-40040.48	-2.82498	-30248.00	-40040.48	-2.82498	1.962	0.00
0.00	-30248.25	-40040.57	-2.82527	-30248.25	-40040.57	-2.82527	1.913	0.00
0.00	-30248.45	-40040.63	-2.82599	-30248.45	-40040.63	-2.82599	1.930	0.00
0.00	-30248.73	-40040.72	-2.82610	-30248.73	-40040.72	-2.82610	1.915	0.00
0.00	-30248.89	-40040.77	-2.82685	-30248.89	-40040.77	-2.82685	1.963	0.00
0.00	-30249.17	-40040.86	-2.82723	-30249.17	-40040.86	-2.82723	1.915	0.00
0.00	-30249.41	-40040.93	-2.82786	-30249.41	-40040.93	-2.82786	1.903	0.00
0.00	-30249.73	-40041.04	-2.82817	-30249.73	-40041.04	-2.82817	2.213	0.00
0.00	-30249.91	-40041.09	-2.82864	-30249.91	-40041.09	-2.82864	2.039	0.00
0.00	-30250.23	-40041.19	-2.82895	-30250.23	-40041.19	-2.82895	2.441	0.00
0.00	-30250.41	-40041.25	-2.82941	-30250.41	-40041.25	-2.82941	2.028	0.00
0.00	-30250.73	-40041.35	-2.82970	-30250.73	-40041.35	-2.82970	1.988	0.00
0.00	-30250.96	-40041.42	-2.83012	-30250.96	-40041.42	-2.83012	1.944	0.00
0.00	-30251.23	-40041.51	-2.83044	-30251.23	-40041.51	-2.83044	1.981	0.00
0.00	-30251.41	-40041.57	-2.83081	-30251.41	-40041.57	-2.83081	1.982	0.00
0.00	-30251.74	-40041.67	-2.83116	-30251.74	-40041.67	-2.83116	1.995	0.00
0.00	-30251.97	-40041.74	-2.83174	-30251.97	-40041.74	-2.83174	1.974	0.00
0.00	-30252.22	-40041.82	-2.83213	-30252.22	-40041.82	-2.83213	1.998	0.00
0.00	-30252.41	-40041.88	-2.83258	-30252.41	-40041.88	-2.83258	1.978	0.00
0.00	-30252.80	-40042.00	-2.83301	-30252.80	-40042.00	-2.83301	1.947	0.00
0.00	-30253.07	-40042.09	-2.83345	-30253.07	-40042.09	-2.83345	1.964	0.00
0.00	-30253.31	-40042.17	-2.83360	-30253.31	-40042.17	-2.83360	1.923	0.00
0.00	-30253.49	-40042.22	-2.83395	-30253.49	-40042.22	-2.83395	2.014	0.00
0.00	-30253.74	-40042.30	-2.83420	-30253.74	-40042.30	-2.83420	1.941	0.00
0.00	-30253.95	-40042.36	-2.83468	-30253.95	-40042.36	-2.83468	2.012	0.00
0.00	-30254.26	-40042.46	-2.83488	-30254.26	-40042.46	-2.83488	1.985	0.00
0.00	-30254.37	-40042.50	-2.83524	-30254.37	-40042.50	-2.83524	1.909	0.00
0.00	-30254.65	-40042.58	-2.83553	-30254.65	-40042.58	-2.83553	2.036	0.00
0.00	-30254.89	-40042.66	-2.83586	-30254.89	-40042.66	-2.83586	2.040	0.00
0.00	-30255.21	-40042.76	-2.83604	-30255.21	-40042.76	-2.83604	2.327	0.00
0.00	-30255.39	-40042.81	-2.83638	-30255.39	-40042.81	-2.83638	2.089	0.00
0.00	-30255.71	-40042.91	-2.83672	-30255.71	-40042.91	-2.83672	1.990	0.00
0.00	-30255.88	-40042.97	-2.83714	-30255.88	-40042.97	-2.83714	1.971	0.00
0.00	-30256.20	-40043.07	-2.83747	-30256.20	-40043.07	-2.83747	2.011	0.00
0.00	-30256.37	-40043.12	-2.83777	-30256.37	-40043.12	-2.83777	2.037	0.00
0.00	-30256.71	-40043.23	-2.83800	-30256.71	-40043.23	-2.83800	2.086	0.00
0.00	-30256.94	-40043.30	-2.83824	-30256.94	-40043.30	-2.83824	2.065	0.00
0.00	-30257.19	-40043.38	-2.83844	-30257.19	-40043.38	-2.83844	2.071	0.00
0.00	-30257.46	-40043.46	-2.83864	-30257.46	-40043.46	-2.83864	2.056	0.00
0.00	-30257.75	-40043.55	-2.83886	-30257.75	-40043.55	-2.83886	1.937	0.00
0.00	-30258.02	-40043.64	-2.83905	-30258.02	-40043.64	-2.83905	2.095	0.00
0.00	-30258.25	-40043.71	-2.83922	-30258.25	-40043.71	-2.83922	2.056	0.00
0.00	-30258.44	-40043.77	-2.83929	-30258.44	-40043.77	-2.83929	2.152	0.00
0.00	-30258.68	-40043.84	-2.83934	-30258.68	-40043.84	-2.83934	1.947	0.00
0.00	-30258.88	-40043.91	-2.83915	-30258.88	-40043.91	-2.83915	1.951	0.00
0.00	-30259.13	-40043.99	-2.83908	-30259.13	-40043.99	-2.83908	1.933	0.00
0.00	-30259.33	-40044.05	-2.83884	-30259.33	-40044.05	-2.83884	2.002	0.00
0.00	-30259.58	-40044.13	-2.83873	-30259.58	-40044.13	-2.83873	2.000	0.00
0.00	-30259.82	-40044.20	-2.83834	-30259.82	-40044.20	-2.83834	2.018	0.00
0.00	-30260.07	-40044.28	-2.83808	-30260.07	-40044.28	-2.83808	2.027	0.00
0.00	-30260.31	-40044.36	-2.83762	-30260.31	-40044.36	-2.83762	1.983	0.00
0.00	-30260.55	-40044.44	-2.83736	-30260.55	-40044.44	-2.83736	1.933	0.00
0.00	-30260.78	-40044.51	-2.83697	-30260.78	-40044.51	-2.83697	2.022	0.00
0.00	-30261.08	-40044.61	-2.83682	-30261.08	-40044.61	-2.83682	2.175	0.00
0.00	-30261.26	-40044.66	-2.83670	-30261.26	-40044.66	-2.83670	2.007	0.00
0.00	-30261.56	-40044.76	-2.83672	-30261.56	-40044.76	-2.83672	2.014	0.00
0.00	-30261.74	-40044.82	-2.83666	-30261.74	-40044.82	-2.83666	1.979	0.00
0.00	-30262.03	-40044.91	-2.83662	-30262.03	-40044.91	-2.83662	1.923	0.00
0.00	-30262.31	-40045.00	-2.83634	-30262.31	-40045.00	-2.83634	2.015	0.00
0.00	-30262.61	-40045.09	-2.83603	-30262.61	-40045.09	-2.83603	2.003	0.00
0.00	-30262.81	-40045.16	-2.83563	-30262.81	-40045.16	-2.83563	2.233	0.00
0.00	-30263.08	-40045.25	-2.83527	-30263.08	-40045.25	-2.83527	1.995	0.00
0.00	-30263.28	-40045.31	-2.83487	-30263.28	-40045.31	-2.83487	2.053	0.00
0.00	-30263.50	-40045.38	-2.83480	-30263.50	-40045.38	-2.83480	1.976	0.00
0.00	-30263.70	-40045.45	-2.83467	-30263.70	-40045.45	-2.83467	1.982	0.00
0.00	-30263.96	-40045.53	-2.83483	-30263.96	-40045.53	-2.83483	1.979	0.00
0.00	-30264.12	-40045.58	-2.83468	-30264.12	-40045.58	-2.83468	3.239	0.00
0.00	-30264.37	-40045.66	-2.83462	-30264.37	-40045.66	-2.83462	2.022	0.00
0.00	-30264.61	-40045.74	-2.83450	-30264.61	-40045.74	-2.83450	2.012	0.00
0.00	-30264.85	-40045.81	-2.83449	-30264.85	-40045.81	-2.83449	1.930	0.00
0.00	-30265.09	-40045.89	-2.83435	-30265.09	-40045.89	-2.83435	2.085	0.00
0.00	-30265.35	-40045.97	-2.83425	-30265.35	-40045.97	-2.83425	2.124	0.00
0.00	-30265.59	-40046.05	-2.83394	-30265.59	-40046.05	-2.83394	2.022	0.00
0.00	-30265.85	-40046.13	-2.83370	-30265.85	-40046.13	-2.83370	1.938	0.00
0.00	-30266.08	-40046.21	-2.83349	-30266.08	-40046.21	-2.83349	2.021	0.00
0.00	-30266.38	-40046.30	-2.83349	-30266.38	-40046.30	-2.83349	2.035	0.00
0.00	-30266.54	-40046.35	-2.83358	-30266.54	-40046.35	-2.83358	2.028	0.00
0.00	-30266.80	-40046.44	-2.83361	-30266.80	-40046.44	-2.83361	2.023	0.00
0.00	-30266.99	-40046.50	-2.83363	-30266.99	-40046.50	-2.83363	1.990	0.00
0.00	-30267.30	-40046.59	-2.83361	-30267.30	-40046.59	-2.83361	1.935	0.00
0.00	-30267.47	-40046.65	-2.83358	-30267.47	-40046.65	-2.83358	1.913	0.00
0.00	-30267.78	-40046.75	-2.83350	-30267.78	-40046.75	-2.83350	2.079	0.00
0.00	-30267.97	-40046.81	-2.83347	-30267.97	-40046.81	-2.83347	1.912	0.00
0.00	-30268.21	-40046.88	-2.83349	-30268.21	-40046.88	-2.83349	2.099	0.00
0.00	-30268.42	-40046.95	-2.83382	-30268.42	-40046.95	-2.83382	2.002	0.00
0.00	-30268.66	-40047.02	-2.83411	-30268.66	-40047.02	-2.83411	2.907	0.00
0.00	-30268.87	-40047.09	-2.83455	-30268.87	-40047.09	-2.83455	1.945	0.00
0.00	-30269.11	-40047.16	-2.83463	-30269.11	-40047.16	-2.83463	2.121	0.00
0.00	-30269.34	-40047.23	-2.83483	-30269.34	-40047.23	-2.83483	1.948	0.00
0.00	-30269.57	-40047.31	-2.83491	-30269.57	-40047.31	-2.83491	1.973	0.00
0.00	-30269.78	-40047.37	-2.83526	-30269.78	-40047.37	-2.83526	1.966	0.00
0.00	-30270.01	-40047.44	-2.83542	-30270.01	-40047.44	-2.83542	2.004	0.00
0.00	-30270.22	-40047.50	-2.83585	-30270.22	-40047.50	-2.83585	1.852	0.00
0.00	-30270.46	-40047.58	-2.83600	-30270.46	-40047.58	-2.83600	2.024	0.00
0.00	-30270.66	-40047.64	-2.83638	-30270.66	-40047.64	-2.83638	2.025	0.00
0.00	-30270.90	-40047.72	-2.83653	-30270.90	-40047.72	-2.83653	1.980	0.00
0.00	-30271.11	-40047.78	-2.83702	-30271.11	-40047.78	-2.83702	2.022	0.00
0.00	-30271.33	-40047.85	-2.83723	-30271.33	-40047.85	-2.83723	1.983	0.00
0.00	-30271.56	-40047.92	-2.83755	-30271.56	-40047.92	-2.83755	2.204	0.00
0.00	-30271.85	-40048.01	-2.83763	-30271.85	-40048.01	-2.83763	2.022	0.00
0.00	-30272.00	-40048.05	-2.83783	-30272.00	-40048.05	-2.83783	2.040	0.00
0.00	-30272.28	-40048.14	-2.83793	-30272.28	-40048.14	-2.83793	2.047	0.00
0.00	-30272.42	-40048.18	-2.83824	-30272.42	-40048.18	-2.83824	2.012	0.00
0.00	-30272.70	-40048.27	-2.83848	-30272.70	-40048.27	-2.83848	2.043	0.00
0.00	-30273.06	-40048.38	-2.83905	-30273.06	-40048.38	-2.83905	2.057	0.00
0.00	-30273.12	-40048.40	-2.83915	-30273.12	-40048.40	-2.83915	2.080	0.00
0.00	-30273.34	-40048.47	-2.83936	-30273.34	-40048.47	-2.83936	2.127	0.00
0.00	-30273.58	-40048.54	-2.83945	-30273.58	-40048.54	-2.83945	2.077	0.00
0.00	-30273.79	-40048.61	-2.83954	-30273.79	-40048.61	-2.83954	2.020	0.00
0.00	-30274.02	-40048.68	-2.83960	-30274.02	-40048.68	-2.83960	2.174	0.00
0.00	-30274.22	-40048.74	-2.83965	-30274.22	-40048.74	-2.83965	2.069	0.00
0.00	-30274.45	-40048.82	-2.83966	-30274.45	-40048.82	-2.83966	1.953	0.00
0.00	-30274.67	-40048.88	-2.83967	-30274.67	-40048.88	-2.83967	2.030	0.00
0.00	-30274.90	-40048.96	-2.83968	-30274.90	-40048.96	-2.83968	1.999	0.00
0.00	-30275.11	-40049.02	-2.83948	-30275.11	-40049.02	-2.83948	2.065	0.00
0.00	-30275.34	-40049.09	-2.83924	-30275.34	-40049.09	-2.83924	2.021	0.00
0.00	-30275.53	-40049.15	-2.83883	-30275.53	-40049.15	-2.83883	2.020	0.00
0.00	-30275.77	-40049.23	-2.83850	-30275.77	-40049.23	-2.83850	2.053	0.00
0.00	-30276.00	-40049.30	-2.83808	-30276.00	-40049.30	-2.83808	2.057	0.00
0.00	-30276.26	-40049.38	-2.83791	-30276.26	-40049.38	-2.83791	2.026	0.00
0.00	-30276.48	-40049.45	-2.83776	-30276.48	-40049.45	-2.83776	2.009	0.00
0.00	-30276.74	-40049.54	-2.83776	-30276.74	-40049.54	-2.83776	2.048	0.00
0.00	-30276.88	-40049.58	-2.83776	-30276.88	-40049.58	-2.83776	2.023	0.00
0.00	-30277.15	-40049.66	-2.83777	-30277.15	-40049.66	-2.83777	2.249	0.00
0.00	-30277.28	-40049.70	-2.83765	-30277.28	-40049.70	-2.83765	2.066	0.00
0.00	-30277.55	-40049.79	-2.83746	-30277.55	-40049.79	-2.83746	2.056	0.00
0.00	-30277.75	-40049.85	-2.83724	-30277.75	-40049.85	-2.83724	2.029	0.00
0.00	-30277.97	-40049.92	-2.83701	-30277.97	-40049.92	-2.83701	2.058	0.00
0.00	-30278.17	-40049.98	-2.83677	-30278.17	-40049.98	-2.83677	2.040	0.00
0.00	-30278.40	-40050.06	-2.83653	-30278.40	-40050.06	-2.83653	2.082	0.00
0.00	-30278.60	-40050.12	-2.83636	-30278.60	-40050.12	-2.83636	2.116	0.00
0.00	-30278.82	-40050.19	-2.83614	-30278.82	-40050.19	-2.83614	2.022	0.00
0.00	-30279.03	-40050.25	-2.83593	-30279.03	-40050.25	-2.83593	1.983	0.00
0.00	-30279.25	-40050.32	-2.83568	-30279.25	-40050.32	-2.83568	1.921	0.00
0.00	-30279.45	-40050.38	-2.83561	-30279.45	-40050.38	-2.83561	2.007	0.00
0.00	-30279.76	-40050.48	-2.83533	-30279.76	-40050.48	-2.83533	2.048	0.00
0.00	-30279.80	-40050.49	-2.83526	-30279.80	-40050.49	-2.83526	1.986	0.00
0.00	-30280.04	-40050.57	-2.83502	-30280.04	-40050.57	-2.83502	2.153	0.00
0.00	-30280.22	-40050.63	-2.83506	-30280.22	-40050.63	-2.83506	2.015	0.00
0.00	-30280.47	-40050.70	-2.83511	-30280.47	-40050.70	-2.83511	1.976	0.00
0.00	-30280.69	-40050.77	-2.83521	-30280.69	-40050.77	-2.83521	1.996	0.00
0.00	-30280.92	-40050.85	-2.83516	-30280.92	-40050.85	-2.83516	2.002	0.00
0.00	-30281.13	-40050.91	-2.83514	-30281.13	-40050.91	-2.83514	2.065	0.00
0.00	-30281.36	-40050.99	-2.83494	-30281.36	-40050.99	-2.83494	2.018	0.00
0.00	-30281.53	-40051.04	-2.83493	-30281.53	-40051.04	-2.83493	1.968	0.00
0.00	-30281.80	-40051.12	-2.83495	-30281.80	-40051.12	-2.83495	2.022	0.00
0.00	-30281.96	-40051.17	-2.83512	-30281.96	-40051.17	-2.83512	2.016	0.00
0.00	-30282.24	-40051.26	-2.83524	-30282.24	-40051.26	-2.83524	2.038	0.00
0.00	-30282.40	-40051.31	-2.83529	-30282.40	-40051.31	-2.83529	1.974	0.00
0.00	-30282.66	-40051.39	-2.83516	-30282.66	-40051.39	-2.83516	2.127	0.00
0.00	-30283.01	-40051.50	-2.83501	-30283.01	-40051.50	-2.83501	2.116	0.00
0.00	-30283.05	-40051.52	-2.83496	-30283.05	-40051.52	-2.83496	2.361	0.00
0.00	-30283.27	-40051.59	-2.83476	-30283.27	-40051.59	-2.83476	2.217	0.00
0.00	-30283.49	-40051.65	-2.83458	-30283.49	-40051.65	-2.83458	2.253	0.00
0.00	-30283.69	-40051.72	-2.83445	-30283.69	-40051.72	-2.83445	2.227	0.00
0.00	-30283.90	-40051.79	-2.83441	-30283.90	-40051.79	-2.83441	2.213	0.00
0.00	-30284.03	-40051.83	-2.83439	-30284.03	-40051.83	-2.83439	2.337	0.00
0.00	-30284.35	-40051.93	-2.83446	-30284.35	-40051.93	-2.83446	2.293	0.00
0.00	-30284.59	-40052.01	-2.83453	-30284.59	-40052.01	-2.83453	2.325	0.00
0.00	-30285.04	-40052.15	-2.83482	-30285.04	-40052.15	-2.83482	2.437	0.00
0.00	-30285.04	-40052.15	-2.83482	-30285.04	-40052.15	-2.83482	2.394	0.00
0.00	-30285.21	-40052.20	-2.83488	-30285.21	-40052.20	-2.83488	2.251	0.00
0.00	-30285.33	-40052.24	-2.83476	-30285.33	-40052.24	-2.83476	2.612	0.00
0.00	-30285.54	-40052.31	-2.83477	-30285.54	-40052.31	-2.83477	2.679	0.00
0.00	-30285.74	-40052.37	-2.83474	-30285.74	-40052.37	-2.83474	2.412	0.00
0.00	-30285.96	-40052.44	-2.83486	-30285.96	-40052.44	-2.83486	2.759	0.00
0.00	-30286.16	-40052.51	-2.83500	-30286.16	-40052.51	-2.83500	2.752	0.00
0.00	-30286.37	-40052.58	-2.83536	-30286.37	-40052.58	-2.83536	2.777	0.00
0.00	-30286.57	-40052.64	-2.83561	-30286.57	-40052.64	-2.83561	2.746	0.00
0.00	-30286.83	-40052.72	-2.83591	-30286.83	-40052.72	-2.83591	2.856	0.00
0.00	-30286.98	-40052.77	-2.83610	-30286.98	-40052.77	-2.83610	3.039	0.00
0.00	-30287.23	-40052.85	-2.83623	-30287.23	-40052.85	-2.83623	3.137	0.00
0.00	-30287.38	-40052.90	-2.83628	-30287.38	-40052.90	-2.83628	3.257	0.00
0.00	-30287.64	-40052.98	-2.83633	-30287.64	-40052.98	-2.83633	2.956	0.00
0.00	-30287.83	-40053.04	-2.83636	-30287.83	-40053.04	-2.83636	2.947	0.00
0.00	-30288.03	-40053.10	-2.83638	-30288.03	-40053.10	-2.83638	2.987	0.00
0.00	-30288.21	-40053.16	-2.83630	-30288.21	-40053.16	-2.83630	3.113	0.00
0.00	-30288.43	-40053.23	-2.83624	-30288.43	-40053.23	-2.83624	2.853	0.00
0.00	-30288.65	-40053.29	-2.83616	-30288.65	-40053.29	-2.83616	3.369	0.00
0.00	-30288.86	-40053.36	-2.83607	-30288.86	-40053.36	-2.83607	5.416	0.00
0.00	-30289.06	-40053.42	-2.83600	-30289.06	-40053.42	-2.83600	4.895	0.00
0.00	-30289.26	-40053.49	-2.83598	-30289.26	-40053.49	-2.83598	3.304	0.00
0.00	-30289.46	-40053.55	-2.83596	-30289.46	-40053.55	-2.83596	2.866	0.00
0.00	-30289.67	-40053.62	-2.83591	-30289.67	-40053.62	-2.83591	3.377	0.00
0.00	-30289.85	-40053.67	-2.83590	-30289.85	-40053.67	-2.83590	3.228	0.00
0.00	-30290.05	-40053.74	-2.83590	-30290.05	-40053.74	-2.83590	3.478	0.00
0.00	-30290.26	-40053.80	-2.83593	-30290.26	-40053.80	-2.83593	3.006	0.00
0.00	-30290.46	-40053.87	-2.83600	-30290.46	-40053.87	-2.83600	2.838	0.00
0.00	-30290.66	-40053.93	-2.83612	-30290.66	-40053.93	-2.83612	3.618	0.00
0.00	-30290.86	-40053.99	-2.83632	-30290.86	-40053.99	-2.83632	3.743	0.00
0.00	-30291.06	-40054.06	-2.83639	-30291.06	-40054.06	-2.83639	3.451	0.00
0.00	-30291.30	-40054.13	-2.83640	-30291.30	-40054.13	-2.83640	3.689	0.00
0.00	-30291.46	-40054.18	-2.83641	-30291.46	-40054.18	-2.83641	3.709	0.00
0.00	-30291.73	-40054.27	-2.83642	-30291.73	-40054.27	-2.83642	3.282	0.00
0.00	-30291.89	-40054.32	-2.83638	-30291.89	-40054.32	-2.83638	3.971	0.00
0.00	-30292.16	-40054.40	-2.83638	-30292.16	-40054.40	-2.83638	3.837	0.00
0.00	-30292.48	-40054.50	-2.83648	-30292.48	-40054.50	-2.83648	3.997	0.00
0.00	-30292.53	-40054.52	-2.83654	-30292.53	-40054.52	-2.83654	3.919	0.00
0.00	-30292.73	-40054.58	-2.83669	-30292.73	-40054.58	-2.83669	4.036	0.00
0.00	-30292.96	-40054.66	-2.83687	-30292.96	-40054.66	-2.83687	4.025	0.00
0.00	-30293.17	-40054.72	-2.83697	-30293.17	-40054.72	-2.83697	3.914	0.00
0.00	-30293.39	-40054.79	-2.83701	-30293.39	-40054.79	-2.83701	4.002	0.00
0.00	-30293.59	-40054.85	-2.83679	-30293.59	-40054.85	-2.83679	4.114	0.00
0.00	-30293.81	-40054.92	-2.83650	-30293.81	-40054.92	-2.83650	3.433	0.00
0.00	-30294.00	-40054.99	-2.83610	-30294.00	-40054.99	-2.83610	3.267	0.00
0.00	-30294.22	-40055.05	-2.83586	-30294.22	-40055.05	-2.83586	4.579	0.00
0.00	-30294.41	-40055.12	-2.83566	-30294.41	-40055.12	-2.83566	4.398	0.00
0.00	-30294.63	-40055.19	-2.83567	-30294.63	-40055.19	-2.83567	3.794	0.00
0.00	-30294.79	-40055.23	-2.83559	-30294.79	-40055.23	-2.83559	4.522	0.00
0.00	-30295.01	-40055.31	-2.83556	-30295.01	-40055.31	-2.83556	3.757	0.00
0.00	-30295.21	-40055.37	-2.83549	-30295.21	-40055.37	-2.83549	4.547	0.00
0.00	-30295.43	-40055.44	-2.83545	-30295.43	-40055.44	-2.83545	4.463	0.00
0.00	-30295.63	-40055.50	-2.83540	-30295.63	-40055.50	-2.83540	4.413	0.00
0.00	-30295.85	-40055.57	-2.83532	-30295.85	-40055.57	-2.83532	4.523	0.00
0.00	-30296.04	-40055.63	-2.83522	-30296.04	-40055.63	-2.83522	4.675	0.00
0.00	-30296.30	-40055.71	-2.83499	-30296.30	-40055.71	-2.83499	3.965	0.00
0.00	-30296.43	-40055.75	-2.83479	-30296.43	-40055.75	-2.83479	4.868	0.00
0.00	-30296.72	-40055.84	-2.83469	-30296.72	-40055.84	-2.83469	3.671	0.00
0.00	-30296.90	-40055.90	-2.83468	-30296.90	-40055.90	-2.83468	4.661	0.00
0.00	-30297.16	-40055.98	-2.83462	-30297.16	-40055.98	-2.83462	4.775	0.00
0.00	-30297.32	-40056.04	-2.83457	-30297.32	-40056.04	-2.83457	5.235	0.00
0.00	-30297.52	-40056.10	-2.83450	-30297.52	-40056.10	-2.83450	4.801	0.00
0.00	-30297.70	-40056.15	-2.83445	-30297.70	-40056.15	-2.83445	4.951	0.00
0.00	-30297.91	-40056.22	-2.83435	-30297.91	-40056.22	-2.83435	4.782	0.00
0.00	-30298.10	-40056.28	-2.83438	-30298.10	-40056.28	-2.83438	4.903	0.00
0.00	-30298.31	-40056.35	-2.83445	-30298.31	-40056.35	-2.83445	4.735	0.00
0.00	-30298.50	-40056.41	-2.83471	-30298.50	-40056.41	-2.83471	4.893	0.00
0.00	-30298.72	-40056.47	-2.83480	-30298.72	-40056.47	-2.83480	4.943	0.00
0.00	-30298.91	-40056.53	-2.83498	-30298.91	-40056.53	-2.83498	3.920	0.00
0.00	-30299.14	-40056.61	-2.83494	-30299.14	-40056.61	-2.83494	5.035	0.00
0.00	-30299.28	-40056.65	-2.83516	-30299.28	-40056.65	-2.83516	5.288	0.00
0.00	-30299.51	-40056.72	-2.83514	-30299.51	-40056.72	-2.83514	3.897	0.00
0.00	-30299.71	-40056.79	-2.83510	-30299.71	-40056.79	-2.83510	5.457	0.00
0.00	-30299.94	-40056.85	-2.83485	-30299.94	-40056.85	-2.83485	5.257	0.00
0.00	-30300.13	-40056.92	-2.83473	-30300.13	-40056.92	-2.83473	5.299	0.00
0.00	-30300.35	-40056.98	-2.83448	-30300.35	-40056.98	-2.83448	5.422	0.00
0.00	-30300.53	-40057.04	-2.83443	-30300.53	-40057.04	-2.83443	5.551	0.00
0.00	-30300.82	-40057.13	-2.83431	-30300.82	-40057.13	-2.83431	5.333	0.00
0.00	-30301.00	-40057.19	-2.83441	-30301.00	-40057.19	-2.83441	5.444	0.00
0.00	-30301.21	-40057.25	-2.83449	-30301.21	-40057.25	-2.83449	5.560	0.00
0.00	-30301.39	-40057.31	-2.83482	-30301.39	-40057.31	-2.83482	5.497	0.00
0.00	-30301.63	-40057.38	-2.83492	-30301.63	-40057.38	-2.83492	5.309	0.00
0.00	-30301.79	-40057.43	-2.83524	-30301.79	-40057.43	-2.83524	5.587	0.00
0.00	-30301.99	-40057.49	-2.83529	-30301.99	-40057.49	-2.83529	5.586	0.00
0.00	-30302.17	-40057.55	-2.83547	-30302.17	-40057.55	-2.83547	5.278	0.00
0.00	-30302.38	-40057.61	-2.83545	-30302.38	-40057.61	-2.83545	5.518	0.00
0.00	-30302.57	-40057.67	-2.83573	-30302.57	-40057.67	-2.83573	5.045	0.00
0.00	-30302.78	-40057.74	-2.83577	-30302.78	-40057.74	-2.83577	4.975	0.00
0.00	-30302.97	-40057.80	-2.83590	-30302.97	-40057.80	-2.83590	4.926	0.00
0.00	-30303.19	-40057.87	-2.83589	-30303.19	-40057.87	-2.83589	5.318	0.00
0.00	-30303.38	-40057.93	-2.83617	-30303.38	-40057.93	-2.83617	5.525	0.00
0.00	-30303.59	-40057.99	-2.83641	-30303.59	-40057.99	-2.83641	4.948	0.00
0.00	-30303.78	-40058.05	-2.83675	-30303.78	-40058.05	-2.83675	5.317	0.00
0.00	-30304.33	-40058.22	-2.83710	-30304.33	-40058.22	-2.83710	4.862	0.00
0.00	-30304.46	-40058.26	-2.83728	-30304.46	-40058.26	-2.83728	5.383	0.00
0.00	-30304.46	-40058.26	-2.83728	-30304.46	-40058.26	-2.83728	5.596	0.00
0.00	-30304.50	-40058.28	-2.83776	-30304.50	-40058.28	-2.83776	5.289	0.00
0.00	-30304.77	-40058.36	-2.83826	-30304.77	-40058.36	-2.83826	5.300	0.00
0.00	-30305.00	-40058.43	-2.83889	-30305.00	-40058.43	-2.83889	6.293	0.00
0.00	-30305.21	-40058.49	-2.83924	-30305.21	-40058.49	-2.83924	5.045	0.00
0.00	-30305.39	-40058.55	-2.83972	-30305.39	-40058.55	-2.83972	5.416	0.00
0.00	-30305.63	-40058.62	-2.84005	-30305.63	-40058.62	-2.84005	5.041	0.00
0.00	-30305.76	-40058.66	-2.84049	-30305.76	-40058.66	-2.84049	5.358	0.00
0.00	-30306.01	-40058.74	-2.84087	-30306.01	-40058.74	-2.84087	5.175	0.00
0.00	-30306.15	-40058.78	-2.84135	-30306.15	-40058.78	-2.84135	5.537	0.00
0.00	-30306.40	-40058.86	-2.84184	-30306.40	-40058.86	-2.84184	5.651	0.00
0.00	-30306.58	-40058.91	-2.84238	-30306.58	-40058.91	-2.84238	5.369	0.00
0.00	-30306.78	-40058.97	-2.84269	-30306.78	-40058.97	-2.84269	5.535	0.00
0.00	-30306.95	-40059.03	-2.84303	-30306.95	-40059.03	-2.84303	5.149	0.00
0.00	-30307.16	-40059.09	-2.84319	-30307.16	-40059.09	-2.84319	5.455	0.00
0.00	-30307.35	-40059.15	-2.84337	-30307.35	-40059.15	-2.84337	5.490	0.00
0.00	-30307.56	-40059.21	-2.84338	-30307.56	-40059.21	-2.84338	5.524	0.00
0.00	-30307.75	-40059.27	-2.84338	-30307.75	-40059.27	-2.84338	5.274	0.00
0.00	-30307.95	-40059.33	-2.84322	-30307.95	-40059.33	-2.84322	5.528	0.00
0.00	-30308.13	-40059.39	-2.84309	-30308.13	-40059.39	-2.84309	5.454	0.00
0.00	-30308.35	-40059.45	-2.84286	-30308.35	-40059.45	-2.84286	5.795	0.00
0.00	-30308.54	-40059.51	-2.84282	-30308.54	-40059.51	-2.84282	5.676	0.00
0.00	-30308.79	-40059.59	-2.84274	-30308.79	-40059.59	-2.84274	5.731	0.00
0.00	-30309.02	-40059.66	-2.84275	-30309.02	-40059.66	-2.84275	5.857	0.00
0.00	-30309.21	-40059.72	-2.84274	-30309.21	-40059.72	-2.84274	5.850	0.00
0.00	-30309.37	-40059.77	-2.84275	-30309.37	-40059.77	-2.84275	5.703	0.00
0.00	-30309.57	-40059.83	-2.84263	-30309.57	-40059.83	-2.84263	5.985	0.00
0.00	-30309.73	-40059.88	-2.84249	-30309.73	-40059.88	-2.84249	6.441	0.00
0.00	-30309.98	-40059.95	-2.84229	-30309.98	-40059.95	-2.84229	5.896	0.00
0.00	-30310.12	-40060.00	-2.84211	-30310.12	-40060.00	-2.84211	6.317	0.00
0.00	-30310.37	-40060.07	-2.84195	-30310.37	-40060.07	-2.84195	5.647	0.00
0.00	-30310.51	-40060.12	-2.84182	-30310.51	-40060.12	-2.84182	5.983	0.00
0.00	-30310.76	-40060.20	-2.84173	-30310.76	-40060.20	-2.84173	6.084	0.00
0.00	-30310.95	-40060.25	-2.84172	-30310.95	-40060.25	-2.84172	5.977	0.00
0.00	-30311.15	-40060.31	-2.84173	-30311.15	-40060.31	-2.84173	6.376	0.00
0.00	-30311.34	-40060.37	-2.84175	-30311.34	-40060.37	-2.84175	6.106	0.00
0.00	-30311.54	-40060.43	-2.84175	-30311.54	-40060.43	-2.84175	6.417	0.00
0.00	-30311.74	-40060.50	-2.84173	-30311.74	-40060.50	-2.84173	6.540	0.00
0.00	-30311.94	-40060.56	-2.84166	-30311.94	-40060.56	-2.84166	6.102	0.00
0.00	-30312.13	-40060.62	-2.84155	-30312.13	-40060.62	-2.84155	6.317	0.00
0.00	-30312.41	-40060.70	-2.84136	-30312.41	-40060.70	-2.84136	6.068	0.00
0.00	-30312.54	-40060.75	-2.84124	-30312.54	-40060.75	-2.84124	6.217	0.00
0.00	-30312.77	-40060.82	-2.84120	-30312.77	-40060.82	-2.84120	6.396	0.00
0.00	-30312.95	-40060.87	-2.84113	-30312.95	-40060.87	-2.84113	5.995	0.00
0.00	-30313.16	-40060.94	-2.84098	-30313.16	-40060.94	-2.84098	6.259	0.00
0.00	-30313.35	-40061.00	-2.84064	-30313.35	-40061.00	-2.84064	6.356	0.00
0.00	-30313.56	-40061.06	-2.84037	-30313.56	-40061.06	-2.84037	6.272	0.00
0.00	-30313.75	-40061.12	-2.84007	-30313.75	-40061.12	-2.84007	6.356	0.00
0.00	-30313.95	-40061.19	-2.83998	-30313.95	-40061.19	-2.83998	6.854	0.00
0.00	-30314.14	-40061.25	-2.83991	-30314.14	-40061.25	-2.83991	6.608	0.00
0.00	-30314.41	-40061.33	-2.84002	-30314.41	-40061.33	-2.84002	6.546	0.00
0.00	-30314.56	-40061.38	-2.84005	-30314.56	-40061.38	-2.84005	6.733	0.00
0.00	-30314.83	-40061.46	-2.84006	-30314.83	-40061.46	-2.84006	6.398	0.00
0.00	-30314.98	-40061.51	-2.83986	-30314.98	-40061.51	-2.83986	6.381	0.00
0.00	-30315.24	-40061.59	-2.83965	-30315.24	-40061.59	-2.83965	6.565	0.00
0.00	-30315.39	-40061.64	-2.83920	-30315.39	-40061.64	-2.83920	6.738	0.00
0.00	-30315.64	-40061.72	-2.83875	-30315.64	-40061.72	-2.83875	6.633	0.00
0.00	-30315.84	-40061.78	-2.83836	-30315.84	-40061.78	-2.83836	6.489	0.00
0.00	-30316.04	-40061.85	-2.83811	-30316.04	-40061.85	-2.83811	6.391	0.00
0.00	-30316.25	-40061.91	-2.83797	-30316.25	-40061.91	-2.83797	6.543	0.00
0.00	-30316.43	-40061.97	-2.83804	-30316.43	-40061.97	-2.83804	7.068	0.00
0.00	-30316.65	-40062.04	-2.83804	-30316.65	-40062.04	-2.83804	6.478	0.00
0.00	-30316.90	-40062.12	-2.83806	-30316.90	-40062.12	-2.83806	6.599	0.00
0.00	-30317.12	-40062.19	-2.83798	-30317.12	-40062.19	-2.83798	6.363	0.00
0.00	-30317.33	-40062.25	-2.83786	-30317.33	-40062.25	-2.83786	6.638	0.00
0.00	-30317.51	-40062.31	-2.83757	-30317.51	-40062.31	-2.83757	7.056	0.00
0.00	-30317.70	-40062.37	-2.83724	-30317.70	-40062.37	-2.83724	6.580	0.00
0.00	-30317.90	-40062.44	-2.83700	-30317.90	-40062.44	-2.83700	6.626	0.00
0.00	-30318.10	-40062.50	-2.83683	-30318.10	-40062.50	-2.83683	6.772	0.00
0.00	-30318.30	-40062.56	-2.83662	-30318.30	-40062.56	-2.83662	6.836	0.00
0.00	-30318.51	-40062.63	-2.83629	-30318.51	-40062.63	-2.83629	7.133	0.00
0.00	-30318.70	-40062.69	-2.83581	-30318.70	-40062.69	-2.83581	6.776	0.00
0.00	-30318.90	-40062.75	-2.83533	-30318.90	-40062.75	-2.83533	6.911	0.00
0.00	-30319.10	-40062.82	-2.83492	-30319.10	-40062.82	-2.83492	7.017	0.00
0.00	-30319.30	-40062.88	-2.83455	-30319.30	-40062.88	-2.83455	6.971	0.00
0.00	-30319.50	-40062.94	-2.83419	-30319.50	-40062.94	-2.83419	7.165	0.00
0.00	-30319.71	-40063.01	-2.83383	-30319.71	-40063.01	-2.83383	7.192	0.00
0.00	-30319.91	-40063.07	-2.83355	-30319.91	-40063.07	-2.83355	7.259	0.00
0.00	-30320.11	-40063.13	-2.83327	-30320.11	-40063.13	-2.83327	7.260	0.00
0.00	-30320.35	-40063.21	-2.83297	-30320.35	-40063.21	-2.83297	7.245	0.00
0.00	-30320.63	-40063.30	-2.83256	-30320.63	-40063.30	-2.83256	7.404	0.00
0.00	-30320.75	-40063.34	-2.83235	-30320.75	-40063.34	-2.83235	7.073	0.00
0.00	-30320.97	-40063.41	-2.83202	-30320.97	-40063.41	-2.83202	7.137	0.00
0.00	-30321.19	-40063.48	-2.83179	-30321.19	-40063.48	-2.83179	6.858	0.00
0.00	-30321.49	-40063.57	-2.83157	-30321.49	-40063.57	-2.83157	7.098	0.00
0.00	-30321.56	-40063.59	-2.83150	-30321.56	-40063.59	-2.83150	7.028	0.00
0.00	-30321.77	-40063.66	-2.83137	-30321.77	-40063.66	-2.83137	7.086	0.00
0.00	-30321.97	-40063.72	-2.83121	-30321.97	-40063.72	-2.83121	7.753	0.00
0.00	-30322.16	-40063.79	-2.83110	-30322.16	-40063.79	-2.83110	7.578	0.00
0.00	-30322.36	-40063.85	-2.83103	-30322.36	-40063.85	-2.83103	7.520	0.00
0.00	-30322.57	-40063.91	-2.83102	-30322.57	-40063.91	-2.83102	7.543	0.00
0.00	-30322.77	-40063.98	-2.83112	-30322.77	-40063.98	-2.83112	7.239	0.00
0.00	-30322.97	-40064.04	-2.83126	-30322.97	-40064.04	-2.83126	7.871	0.00
0.00	-30323.17	-40064.10	-2.83149	-30323.17	-40064.10	-2.83149	7.467	0.00
0.00	-30323.37	-40064.17	-2.83180	-30323.37	-40064.17	-2.83180	7.534	0.00
0.00	-30323.57	-40064.23	-2.83218	-30323.57	-40064.23	-2.83218	7.502	0.00
0.00	-30323.78	-40064.30	-2.83251	-30323.78	-40064.30	-2.83251	7.801	0.00
0.00	-30323.99	-40064.36	-2.83281	-30323.99	-40064.36	-2.83281	7.617	0.00
0.00	-30324.20	-40064.43	-2.83300	-30324.20	-40064.43	-2.83300	7.846	0.00
0.00	-30324.40	-40064.49	-2.83310	-30324.40	-40064.49	-2.83310	9.861	0.00
0.00	-30324.60	-40064.56	-2.83311	-30324.60	-40064.56	-2.83311	8.117	0.00
0.00	-30324.84	-40064.64	-2.83314	-30324.84	-40064.64	-2.83314	7.722	0.00
0.00	-30325.12	-40064.72	-2.83319	-30325.12	-40064.72	-2.83319	7.981	0.00
0.00	-30325.31	-40064.78	-2.83327	-30325.31	-40064.78	-2.83327	7.995	0.00
0.00	-30325.50	-40064.84	-2.83336	-30325.50	-40064.84	-2.83336	7.624	0.00
0.00	-30325.70	-40064.91	-2.83340	-30325.70	-40064.91	-2.83340	7.553	0.00
0.00	-30325.95	-40064.99	-2.83353	-30325.95	-40064.99	-2.83353	9.727	0.00
0.00	-30326.04	-40065.02	-2.83366	-30326.04	-40065.02	-2.83366	7.710	0.00
0.00	-30326.25	-40065.08	-2.83385	-30326.25	-40065.08	-2.83385	7.903	0.00
0.00	-30326.47	-40065.15	-2.83406	-30326.47	-40065.15	-2.83406	8.160	0.00
0.00	-30326.69	-40065.22	-2.83430	-30326.69	-40065.22	-2.83430	7.720	0.00
0.00	-30326.91	-40065.29	-2.83464	-30326.91	-40065.29	-2.83464	7.691	0.00
0.00	-30327.13	-40065.36	-2.83499	-30327.13	-40065.36	-2.83499	8.112	0.00
0.00	-30327.34	-40065.43	-2.83530	-30327.34	-40065.43	-2.83530	8.220	0.00
0.00	-30327.55	-40065.50	-2.83555	-30327.55	-40065.50	-2.83555	8.176	0.00
0.00	-30327.77	-40065.56	-2.83576	-30327.77	-40065.56	-2.83576	8.225	0.00
0.00	-30327.98	-40065.63	-2.83585	-30327.98	-40065.63	-2.83585	8.153	0.00
0.00	-30328.20	-40065.70	-2.83583	-30328.20	-40065.70	-2.83583	8.133	0.00
0.00	-30328.41	-40065.77	-2.83581	-30328.41	-40065.77	-2.83581	8.152	0.00
0.00	-30328.61	-40065.83	-2.83579	-30328.61	-40065.83	-2.83579	8.309	0.00
0.00	-30328.85	-40065.91	-2.83588	-30328.85	-40065.91	-2.83588	8.642	0.00
0.00	-30329.10	-40065.99	-2.83605	-30329.10	-40065.99	-2.83605	8.165	0.00
0.00	-30329.34	-40066.06	-2.83622	-30329.34	-40066.06	-2.83622	7.721	0.00
0.00	-30329.55	-40066.13	-2.83640	-30329.55	-40066.13	-2.83640	7.874	0.00
0.00	-30329.74	-40066.19	-2.83646	-30329.74	-40066.19	-2.83646	8.071	0.00
0.00	-30329.98	-40066.26	-2.83643	-30329.98	-40066.26	-2.83643	7.720	0.00
0.00	-30330.17	-40066.32	-2.83645	-30330.17	-40066.32	-2.83645	8.068	0.00
0.00	-30330.37	-40066.39	-2.83647	-30330.37	-40066.39	-2.83647	8.044	0.00
0.00	-30330.59	-40066.45	-2.83655	-30330.59	-40066.45	-2.83655	7.965	0.00
0.00	-30330.80	-40066.52	-2.83668	-30330.80	-40066.52	-2.83668	8.162	0.00
0.00	-30330.96	-40066.57	-2.83678	-30330.96	-40066.57	-2.83678	8.353	0.00
0.00	-30331.20	-40066.65	-2.83690	-30331.20	-40066.65	-2.83690	8.443	0.00
0.00	-30331.54	-40066.75	-2.83709	-30331.54	-40066.75	-2.83709	8.662	0.00
0.00	-30331.67	-40066.80	-2.83716	-30331.67	-40066.80	-2.83716	8.016	0.00
0.00	-30331.90	-40066.87	-2.83715	-30331.90	-40066.87	-2.83715	8.441	0.00
0.00	-30332.12	-40066.94	-2.83712	-30332.12	-40066.94	-2.83712	8.284	0.00
0.00	-30332.33	-40067.00	-2.83713	-30332.33	-40067.00	-2.83713	8.665	0.00
0.00	-30332.56	-40067.07	-2.83725	-30332.56	-40067.07	-2.83725	8.504	0.00
0.00	-30332.77	-40067.14	-2.83751	-30332.77	-40067.14	-2.83751	8.406	0.00
0.00	-30332.98	-40067.21	-2.83778	-30332.98	-40067.21	-2.83778	9.014	0.00
0.00	-30333.25	-40067.29	-2.83802	-30333.25	-40067.29	-2.83802	8.986	0.00
0.00	-30333.52	-40067.37	-2.83822	-30333.52	-40067.37	-2.83822	8.729	0.00
0.00	-30333.77	-40067.45	-2.83834	-30333.77	-40067.45	-2.83834	9.467	0.00
0.00	-30333.96	-40067.51	-2.83841	-30333.96	-40067.51	-2.83841	8.529	0.00
0.00	-30334.16	-40067.57	-2.83847	-30334.16	-40067.57	-2.83847	8.943	0.00
0.00	-30334.36	-40067.64	-2.83852	-30334.36	-40067.64	-2.83852	9.261	0.00
0.00	-30334.57	-40067.70	-2.83858	-30334.57	-40067.70	-2.83858	8.812	0.00
0.00	-30334.79	-40067.77	-2.83871	-30334.79	-40067.77	-2.83871	9.144	0.00
0.00	-30335.04	-40067.85	-2.83886	-30335.04	-40067.85	-2.83886	9.440	0.00
0.00	-30335.23	-40067.91	-2.83896	-30335.23	-40067.91	-2.83896	9.219	0.00
0.00	-30335.45	-40067.98	-2.83898	-30335.45	-40067.98	-2.83898	8.961	0.00
0.00	-30335.67	-40068.05	-2.83896	-30335.67	-40068.05	-2.83896	8.543	0.00
0.00	-30335.89	-40068.12	-2.83884	-30335.89	-40068.12	-2.83884	8.912	0.00
0.00	-30336.07	-40068.17	-2.83872	-30336.07	-40068.17	-2.83872	8.936	0.00
0.00	-30336.37	-40068.27	-2.83862	-30336.37	-40068.27	-2.83862	8.710	0.00
0.00	-30336.59	-40068.34	-2.83859	-30336.59	-40068.34	-2.83859	8.709	0.00
0.00	-30336.81	-40068.40	-2.83856	-30336.81	-40068.40	-2.83856	8.554	0.00
0.00	-30337.02	-40068.47	-2.83871	-30337.02	-40068.47	-2.83871	9.207	0.00
0.00	-30337.25	-40068.54	-2.83885	-30337.25	-40068.54	-2.83885	8.694	0.00
0.00	-30337.46	-40068.61	-2.83876	-30337.46	-40068.61	-2.83876	9.065	0.00
0.00	-30337.74	-40068.70	-2.83872	-30337.74	-40068.70	-2.83872	9.236	0.00
0.00	-30338.01	-40068.78	-2.83860	-30338.01	-40068.78	-2.83860	11.305	0.00
0.00	-30338.26	-40068.86	-2.83848	-30338.26	-40068.86	-2.83848	9.188	0.00
0.00	-30338.45	-40068.92	-2.83835	-30338.45	-40068.92	-2.83835	9.124	0.00
0.00	-30338.63	-40068.98	-2.83824	-30338.63	-40068.98	-2.83824	9.180	0.00
0.00	-30338.83	-40069.04	-2.83820	-30338.83	-40069.04	-2.83820	9.603	0.00
0.00	-30339.05	-40069.11	-2.83817	-30339.05	-40069.11	-2.83817	11.390	0.00
0.00	-30339.27	-40069.18	-2.83813	-30339.27	-40069.18	-2.83813	9.484	0.00
0.00	-30339.53	-40069.25	-2.83806	-30339.53	-40069.25	-2.83806	8.987	0.00
0.00	-30339.82	-40069.35	-2.83803	-30339.82	-40069.35	-2.83803	9.188	0.00
0.00	-30339.95	-40069.38	-2.83806	-30339.95	-40069.38	-2.83806	9.634	0.00
0.00	-30340.17	-40069.45	-2.83820	-30340.17	-40069.45	-2.83820	9.132	0.00
0.00	-30340.38	-40069.52	-2.83830	-30340.38	-40069.52	-2.83830	8.689	0.00
0.00	-30340.61	-40069.59	-2.83833	-30340.61	-40069.59	-2.83833	9.005	0.00
0.00	-30340.84	-40069.66	-2.83826	-30340.84	-40069.66	-2.83826	9.432	0.00
0.00	-30341.07	-40069.73	-2.83809	-30341.07	-40069.73	-2.83809	9.008	0.00
0.00	-30341.29	-40069.80	-2.83793	-30341.29	-40069.80	-2.83793	9.246	0.00
0.00	-30341.51	-40069.87	-2.83799	-30341.51	-40069.87	-2.83799	9.497	0.00
0.00	-30341.73	-40069.94	-2.83822	-30341.73	-40069.94	-2.83822	9.183	0.00
0.00	-30341.93	-40070.00	-2.83855	-30341.93	-40070.00	-2.83855	9.738	0.00
0.00	-30342.19	-40070.08	-2.83881	-30342.19	-40070.08	-2.83881	9.572	0.00
0.00	-30342.43	-40070.16	-2.83899	-30342.43	-40070.16	-2.83899	9.329	0.00
0.00	-30342.66	-40070.23	-2.83905	-30342.66	-40070.23	-2.83905	10.170	0.00
0.00	-30342.87	-40070.29	-2.83901	-30342.87	-40070.29	-2.83901	9.814	0.00
0.00	-30343.07	-40070.35	-2.83896	-30343.07	-40070.35	-2.83896	9.559	0.00
0.00	-30343.27	-40070.42	-2.83900	-30343.27	-40070.42	-2.83900	9.603	0.00
0.00	-30343.49	-40070.48	-2.83912	-30343.49	-40070.48	-2.83912	9.426	0.00
0.00	-30343.70	-40070.55	-2.83917	-30343.70	-40070.55	-2.83917	9.834	0.00
0.00	-30343.93	-40070.62	-2.83904	-30343.93	-40070.62	-2.83904	9.888	0.00
0.00	-30344.13	-40070.68	-2.83895	-30344.13	-40070.68	-2.83895	9.924	0.00
0.00	-30344.35	-40070.75	-2.83888	-30344.35	-40070.75	-2.83888	9.853	0.00
0.00	-30344.56	-40070.81	-2.83881	-30344.56	-40070.81	-2.83881	9.438	0.00
0.00	-30344.87	-40070.91	-2.83875	-30344.87	-40070.91	-2.83875	10.204	0.00
0.00	-30345.01	-40070.95	-2.83867	-30345.01	-40070.95	-2.83867	10.176	0.00
0.00	-30345.21	-40071.02	-2.83856	-30345.21	-40071.02	-2.83856	9.789	0.00
0.00	-30345.42	-40071.08	-2.83848	-30345.42	-40071.08	-2.83848	9.897	0.00
0.00	-30345.63	-40071.15	-2.83839	-30345.63	-40071.15	-2.83839	9.948	0.00
0.00	-30345.84	-40071.21	-2.83826	-30345.84	-40071.21	-2.83826	9.789	0.00
0.00	-30346.06	-40071.28	-2.83809	-30346.06	-40071.28	-2.83809	10.125	0.00
0.00	-30346.29	-40071.35	-2.83792	-30346.29	-40071.35	-2.83792	9.893	0.00
0.00	-30346.54	-40071.43	-2.83776	-30346.54	-40071.43	-2.83776	11.050	0.00
0.00	-30346.85	-40071.53	-2.83764	-30346.85	-40071.53	-2.83764	10.430	0.00
0.00	-30346.99	-40071.57	-2.83760	-30346.99	-40071.57	-2.83760	9.986	0.00
0.00	-30347.21	-40071.64	-2.83759	-30347.21	-40071.64	-2.83759	9.823	0.00
0.00	-30347.41	-40071.70	-2.83754	-30347.41	-40071.70	-2.83754	10.196	0.00
0.00	-30347.62	-40071.77	-2.83739	-30347.62	-40071.77	-2.83739	9.902	0.00
0.00	-30347.83	-40071.83	-2.83730	-30347.83	-40071.83	-2.83730	10.410	0.00
0.00	-30348.04	-40071.90	-2.83721	-30348.04	-40071.90	-2.83721	13.703	0.00
0.00	-30348.25	-40071.97	-2.83708	-30348.25	-40071.97	-2.83708	9.702	0.00
0.00	-30348.47	-40072.04	-2.83695	-30348.47	-40072.04	-2.83695	10.493	0.00
0.00	-30348.69	-40072.11	-2.83684	-30348.69	-40072.11	-2.83684	10.189	0.00
0.00	-30348.90	-40072.17	-2.83667	-30348.90	-40072.17	-2.83667	10.693	0.00
0.00	-30349.10	-40072.24	-2.83635	-30349.10	-40072.24	-2.83635	10.766	0.00
0.00	-30349.31	-40072.30	-2.83593	-30349.31	-40072.30	-2.83593	10.239	0.00
0.00	-30349.53	-40072.37	-2.83545	-30349.53	-40072.37	-2.83545	10.437	0.00
0.00	-30349.74	-40072.44	-2.83493	-30349.74	-40072.44	-2.83493	10.738	0.00
0.00	-30349.95	-40072.50	-2.83440	-30349.95	-40072.50	-2.83440	10.410	0.00
0.00	-30350.20	-40072.58	-2.83395	-30350.20	-40072.58	-2.83395	10.810	0.00
0.00	-30350.39	-40072.64	-2.83358	-30350.39	-40072.64	-2.83358	10.335	0.00
0.00	-30350.62	-40072.72	-2.83328	-30350.62	-40072.72	-2.83328	10.717	0.00
0.00	-30350.86	-40072.79	-2.83295	-30350.86	-40072.79	-2.83295	10.620	0.00
0.00	-30351.10	-40072.87	-2.83258	-30351.10	-40072.87	-2.83258	10.135	0.00
0.00	-30351.31	-40072.94	-2.83199	-30351.31	-40072.94	-2.83199	17.254	0.00
0.00	-30351.51	-40073.00	-2.83123	-30351.51	-40073.00	-2.83123	10.397	0.00
0.00	-30351.70	-40073.06	-2.83049	-30351.70	-40073.06	-2.83049	10.253	0.00
0.00	-30351.90	-40073.13	-2.82978	-30351.90	-40073.13	-2.82978	10.602	0.00
0.00	-30352.10	-40073.19	-2.82914	-30352.10	-40073.19	-2.82914	12.482	0.00
0.00	-30352.31	-40073.26	-2.82834	-30352.31	-40073.26	-2.82834	10.810	0.00
0.00	-30352.52	-40073.33	-2.82756	-30352.52	-40073.33	-2.82756	10.673	0.00
0.00	-30352.73	-40073.40	-2.82677	-30352.73	-40073.40	-2.82677	11.003	0.00
0.00	-30352.94	-40073.47	-2.82596	-30352.94	-40073.47	-2.82596	10.761	0.00
0.00	-30353.16	-40073.54	-2.82512	-30353.16	-40073.54	-2.82512	11.105	0.00
0.00	-30353.36	-40073.60	-2.82440	-30353.36	-40073.60	-2.82440	10.908	0.00
0.00	-30353.57	-40073.67	-2.82376	-30353.57	-40073.67	-2.82376	10.919	0.00
0.00	-30353.78	-40073.74	-2.82313	-30353.78	-40073.74	-2.82313	11.162	0.00
0.00	-30353.99	-40073.81	-2.82244	-30353.99	-40073.81	-2.82244	11.763	0.00
0.00	-30354.20	-40073.87	-2.82172	-30354.20	-40073.87	-2.82172	11.156	0.00
0.00	-30354.40	-40073.94	-2.82101	-30354.40	-40073.94	-2.82101	11.678	0.00
0.00	-30354.60	-40074.01	-2.82033	-30354.60	-40074.01	-2.82033	11.139	0.00
0.00	-30354.94	-40074.12	-2.81936	-30354.94	-40074.12	-2.81936	15.736	0.00
0.00	-30355.10	-40074.17	-2.81866	-30355.10	-40074.17	-2.81866	11.378	0.00
0.00	-30355.33	-40074.25	-2.81766	-30355.33	-40074.25	-2.81766	11.349	0.00
0.00	-30355.51	-40074.31	-2.81671	-30355.51	-40074.31	-2.81671	11.292	0.00
0.00	-30355.69	-40074.37	-2.81588	-30355.69	-40074.37	-2.81588	11.006	0.00
0.00	-30355.88	-40074.43	-2.81517	-30355.88	-40074.43	-2.81517	10.921	0.00
0.00	-30356.08	-40074.50	-2.81456	-30356.08	-40074.50	-2.81456	11.301	0.00
0.00	-30356.28	-40074.57	-2.81385	-30356.28	-40074.57	-2.81385	12.378	0.00
0.00	-30356.49	-40074.64	-2.81307	-30356.49	-40074.64	-2.81307	11.620	0.00
0.00	-30356.69	-40074.71	-2.81240	-30356.69	-40074.71	-2.81240	11.295	0.00
0.00	-30356.89	-40074.77	-2.81184	-30356.89	-40074.77	-2.81184	10.935	0.00
0.00	-30357.09	-40074.84	-2.81129	-30357.09	-40074.84	-2.81129	11.297	0.00
0.00	-30357.30	-40074.91	-2.81072	-30357.30	-40074.91	-2.81072	10.875	0.00
0.00	-30357.49	-40074.98	-2.81008	-30357.49	-40074.98	-2.81008	11.337	0.00
0.00	-30357.70	-40075.05	-2.80934	-30357.70	-40075.05	-2.80934	11.677	0.00
0.00	-30357.90	-40075.12	-2.80847	-30357.90	-40075.12	-2.80847	11.158	0.00
0.00	-30358.10	-40075.19	-2.80751	-30358.10	-40075.19	-2.80751	14.165	0.00
0.00	-30358.29	-40075.26	-2.80654	-30358.29	-40075.26	-2.80654	11.851	0.00
0.00	-30358.50	-40075.33	-2.80564	-30358.50	-40075.33	-2.80564	11.794	0.00
0.00	-30358.69	-40075.40	-2.80489	-30358.69	-40075.40	-2.80489	11.557	0.00
0.00	-30358.94	-40075.48	-2.80424	-30358.94	-40075.48	-2.80424	11.648	0.00
0.00	-30359.17	-40075.57	-2.80364	-30359.17	-40075.57	-2.80364	11.571	0.00
0.00	-30359.40	-40075.65	-2.80311	-30359.40	-40075.65	-2.80311	11.621	0.00
0.00	-30359.58	-40075.71	-2.80255	-30359.58	-40075.71	-2.80255	11.665	0.00
0.00	-30360.13	-40075.90	-2.80095	-30360.13	-40075.90	-2.80095	11.682	0.00
0.00	-30359.99	-40075.86	-2.80037	-30359.99	-40075.86	-2.80037	11.817	0.00
0.00	-30359.99	-40075.86	-2.80037	-30359.99	-40075.86	-2.80037	12.022	0.00
0.00	-30360.18	-40075.93	-2.79939	-30360.18	-40075.93	-2.79939	12.101	0.00
0.00	-30360.40	-40076.00	-2.79841	-30360.40	-40076.00	-2.79841	11.734	0.00
0.00	-30360.63	-40076.08	-2.79750	-30360.63	-40076.08	-2.79750	11.994	0.00
0.00	-30360.84	-40076.16	-2.79663	-30360.84	-40076.16	-2.79663	11.849	0.00
0.00	-30361.07	-40076.24	-2.79578	-30361.07	-40076.24	-2.79578	11.796	0.00
0.00	-30361.27	-40076.32	-2.79500	-30361.27	-40076.32	-2.79500	11.896	0.00
0.00	-30361.47	-40076.39	-2.79413	-30361.47	-40076.39	-2.79413	11.952	0.00
0.00	-30361.67	-40076.46	-2.79335	-30361.67	-40076.46	-2.79335	11.746	0.00
0.00	-30361.87	-40076.54	-2.79263	-30361.87	-40076.54	-2.79263	12.363	0.00
0.00	-30362.07	-40076.61	-2.79204	-30362.07	-40076.61	-2.79204	11.553	0.00
0.00	-30362.27	-40076.68	-2.79158	-30362.27	-40076.68	-2.79158	11.268	0.00
0.00	-30362.46	-40076.75	-2.79119	-30362.46	-40076.75	-2.79119	11.410	0.00
0.00	-30362.64	-40076.82	-2.79089	-30362.64	-40076.82	-2.79089	11.325	0.00
0.00	-30362.88	-40076.91	-2.79069	-30362.88	-40076.91	-2.79069	12.195	0.00
0.00	-30363.13	-40077.00	-2.79048	-30363.13	-40077.00	-2.79048	11.205	0.00
0.00	-30363.44	-40077.11	-2.79020	-30363.44	-40077.11	-2.79020	11.934	0.00
0.00	-30363.50	-40077.13	-2.78999	-30363.50	-40077.13	-2.78999	11.407	0.00
0.00	-30363.72	-40077.21	-2.78968	-30363.72	-40077.21	-2.78968	11.552	0.00
0.00	-30363.87	-40077.27	-2.78939	-30363.87	-40077.27	-2.78939	11.855	0.00
0.00	-30364.06	-40077.34	-2.78914	-30364.06	-40077.34	-2.78914	14.888	0.00
0.00	-30364.30	-40077.43	-2.78886	-30364.30	-40077.43	-2.78886	11.763	0.00
0.00	-30364.47	-40077.49	-2.78853	-30364.47	-40077.49	-2.78853	11.128	0.00
0.00	-30364.66	-40077.56	-2.78827	-30364.66	-40077.56	-2.78827	11.745	0.00
0.00	-30364.85	-40077.63	-2.78805	-30364.85	-40077.63	-2.78805	12.200	0.00
0.00	-30365.00	-40077.69	-2.78790	-30365.00	-40077.69	-2.78790	11.840	0.00
0.00	-30365.24	-40077.78	-2.78785	-30365.24	-40077.78	-2.78785	11.752	0.00
0.00	-30365.44	-40077.85	-2.78782	-30365.44	-40077.85	-2.78782	11.899	0.00
0.00	-30365.64	-40077.92	-2.78773	-30365.64	-40077.92	-2.78773	11.885	0.00
0.00	-30365.82	-40077.99	-2.78766	-30365.82	-40077.99	-2.78766	11.833	0.00
0.00	-30366.02	-40078.06	-2.78768	-30366.02	-40078.06	-2.78768	12.059	0.00
0.00	-30366.21	-40078.13	-2.78768	-30366.21	-40078.13	-2.78768	12.190	0.00
0.00	-30366.40	-40078.20	-2.78762	-30366.40	-40078.20	-2.78762	12.235	0.00
0.00	-30366.57	-40078.27	-2.78752	-30366.57	-40078.27	-2.78752	14.693	0.00
0.00	-30366.80	-40078.35	-2.78733	-30366.80	-40078.35	-2.78733	12.410	0.00
0.00	-30367.01	-40078.43	-2.78717	-30367.01	-40078.43	-2.78717	12.282	0.00
0.00	-30367.21	-40078.50	-2.78705	-30367.21	-40078.50	-2.78705	12.304	0.00
0.00	-30367.39	-40078.57	-2.78695	-30367.39	-40078.57	-2.78695	12.613	0.00
0.00	-30367.57	-40078.64	-2.78693	-30367.57	-40078.64	-2.78693	12.193	0.00
0.00	-30367.80	-40078.72	-2.78696	-30367.80	-40078.72	-2.78696	12.287	0.00
0.00	-30368.07	-40078.82	-2.78708	-30368.07	-40078.82	-2.78708	12.170	0.00
0.00	-30368.08	-40078.83	-2.78710	-30368.08	-40078.83	-2.78710	12.758	0.00
0.00	-30368.33	-40078.92	-2.78713	-30368.33	-40078.92	-2.78713	12.278	0.00
0.00	-30368.46	-40078.96	-2.78727	-30368.46	-40078.96	-2.78727	12.658	0.00
0.00	-30368.70	-40079.06	-2.78743	-30368.70	-40079.06	-2.78743	12.112	0.00
0.00	-30369.02	-40079.17	-2.78768	-30369.02	-40079.17	-2.78768	12.992	0.00
0.00	-30369.06	-40079.19	-2.78773	-30369.06	-40079.19	-2.78773	12.512	0.00
0.00	-30369.24	-40079.25	-2.78780	-30369.24	-40079.25	-2.78780	12.605	0.00
0.00	-30369.43	-40079.33	-2.78788	-30369.43	-40079.33	-2.78788	12.615	0.00
0.00	-30369.61	-40079.39	-2.78799	-30369.61	-40079.39	-2.78799	12.788	0.00
0.00	-30369.81	-40079.46	-2.78823	-30369.81	-40079.46	-2.78823	12.127	0.00
0.00	-30369.99	-40079.53	-2.78862	-30369.99	-40079.53	-2.78862	12.450	0.00
0.00	-30370.19	-40079.61	-2.78914	-30370.19	-40079.61	-2.78914	12.763	0.00
0.00	-30370.37	-40079.67	-2.78966	-30370.37	-40079.67	-2.78966	12.603	0.00
0.00	-30370.60	-40079.76	-2.79027	-30370.60	-40079.76	-2.79027	12.144	0.00
0.00	-30370.82	-40079.84	-2.79088	-30370.82	-40079.84	-2.79088	12.761	0.00
0.00	-30371.01	-40079.91	-2.79166	-30371.01	-40079.91	-2.79166	12.804	0.00
0.00	-30371.16	-40079.96	-2.79236	-30371.16	-40079.96	-2.79236	12.911	0.00
0.00	-30371.35	-40080.03	-2.79322	-30371.35	-40080.03	-2.79322	12.769	0.00
0.00	-30371.51	-40080.09	-2.79406	-30371.51	-40080.09	-2.79406	13.230	0.00
0.00	-30371.90	-40080.24	-2.79631	-30371.90	-40080.24	-2.79631	13.947	0.00
0.00	-30371.90	-40080.24	-2.79631	-30371.90	-40080.24	-2.79631	12.482	0.00
0.00	-30372.07	-40080.29	-2.79758	-30372.07	-40080.29	-2.79758	13.119	0.00
0.00	-30372.17	-40080.33	-2.79877	-30372.17	-40080.33	-2.79877	12.849	0.00
0.00	-30372.41	-40080.42	-2.80018	-30372.41	-40080.42	-2.80018	13.070	0.00
0.00	-30372.55	-40080.47	-2.80148	-30372.55	-40080.47	-2.80148	15.455	0.00
0.00	-30372.79	-40080.56	-2.80305	-30372.79	-40080.56	-2.80305	12.563	0.00
0.00	-30372.96	-40080.62	-2.80453	-30372.96	-40080.62	-2.80453	12.777	0.00
0.00	-30373.15	-40080.69	-2.80620	-30373.15	-40080.69	-2.80620	12.700	0.00
0.00	-30373.32	-40080.75	-2.80780	-30373.32	-40080.75	-2.80780	12.799	0.00
0.00	-30373.51	-40080.81	-2.80980	-30373.51	-40080.81	-2.80980	12.554	0.00
0.00	-30373.68	-40080.87	-2.81176	-30373.68	-40080.87	-2.81176	13.011	0.00
0.00	-30373.86	-40080.93	-2.81433	-30373.86	-40080.93	-2.81433	12.942	0.00
0.00	-30374.04	-40081.00	-2.81669	-30374.04	-40081.00	-2.81669	12.984	0.00
0.00	-30374.25	-40081.07	-2.81955	-30374.25	-40081.07	-2.81955	12.402	0.00
0.00	-30374.48	-40081.15	-2.82218	-30374.48	-40081.15	-2.82218	12.534	0.00
0.00	-30374.67	-40081.21	-2.82526	-30374.67	-40081.21	-2.82526	13.524	0.00
0.00	-30374.81	-40081.26	-2.82827	-30374.81	-40081.26	-2.82827	12.105	0.00
0.00	-30374.99	-40081.32	-2.83169	-30374.99	-40081.32	-2.83169	12.329	0.00
0.00	-30375.14	-40081.37	-2.83500	-30375.14	-40081.37	-2.83500	12.354	0.00
0.00	-30375.33	-40081.43	-2.83853	-30375.33	-40081.43	-2.83853	12.686	0.00
0.00	-30375.49	-40081.48	-2.84182	-30375.49	-40081.48	-2.84182	13.478	0.00
0.00	-30375.71	-40081.55	-2.84567	-30375.71	-40081.55	-2.84567	13.112	0.00
0.00	-30375.82	-40081.58	-2.84907	-30375.82	-40081.58	-2.84907	12.759	0.00
0.00	-30376.01	-40081.64	-2.85301	-30376.01	-40081.64	-2.85301	13.166	0.00
0.00	-30376.19	-40081.69	-2.85706	-30376.19	-40081.69	-2.85706	13.542	0.00
0.00	-30376.42	-40081.76	-2.86154	-30376.42	-40081.76	-2.86154	13.057	0.00
0.00	-30376.55	-40081.80	-2.86603	-30376.55	-40081.80	-2.86603	12.970	0.00
0.00	-30376.77	-40081.86	-2.87069	-30376.77	-40081.86	-2.87069	12.894	0.00
0.00	-30376.89	-40081.89	-2.87519	-30376.89	-40081.89	-2.87519	13.747	0.00
0.00	-30377.12	-40081.96	-2.87998	-30377.12	-40081.96	-2.87998	18.822	0.00
0.00	-30377.42	-40082.04	-2.88779	-30377.42	-40082.04	-2.88779	13.062	0.00
0.00	-30377.46	-40082.05	-2.89003	-30377.46	-40082.05	-2.89003	14.174	0.00
0.00	-30377.65	-40082.10	-2.89514	-30377.65	-40082.10	-2.89514	13.348	0.00
0.00	-30377.87	-40082.15	-2.90081	-30377.87	-40082.15	-2.90081	13.005	0.00
0.00	-30378.03	-40082.19	-2.90574	-30378.03	-40082.19	-2.90574	13.641	0.00
0.00	-30378.20	-40082.23	-2.91094	-30378.20	-40082.23	-2.91094	13.453	0.00
0.00	-30378.35	-40082.27	-2.91620	-30378.35	-40082.27	-2.91620	13.137	0.00
0.00	-30378.53	-40082.31	-2.92148	-30378.53	-40082.31	-2.92148	13.329	0.00
0.00	-30378.68	-40082.34	-2.92681	-30378.68	-40082.34	-2.92681	13.732	0.00
0.00	-30378.86	-40082.38	-2.93230	-30378.86	-40082.38	-2.93230	13.857	0.00
0.00	-30379.02	-40082.41	-2.93800	-30379.02	-40082.41	-2.93800	13.371	0.00
0.00	-30379.20	-40082.45	-2.94366	-30379.20	-40082.45	-2.94366	13.311	0.00
0.00	-30379.37	-40082.48	-2.94952	-30379.37	-40082.48	-2.94952	13.409	0.00
0.00	-30379.55	-40082.52	-2.95546	-30379.55	-40082.52	-2.95546	13.085	0.00
0.00	-30379.70	-40082.54	-2.96164	-30379.70	-40082.54	-2.96164	14.510	0.00
0.00	-30379.89	-40082.58	-2.96785	-30379.89	-40082.58	-2.96785	13.154	0.00
0.00	-30380.06	-40082.61	-2.97410	-30380.06	-40082.61	-2.97410	13.673	0.00
0.00	-30380.27	-40082.64	-2.98036	-30380.27	-40082.64	-2.98036	14.548	0.00
0.00	-30380.40	-40082.66	-2.98681	-30380.40	-40082.66	-2.98681	13.225	0.00
0.00	-30380.62	-40082.69	-2.99336	-30380.62	-40082.69	-2.99336	13.309	0.00
0.00	-30380.74	-40082.71	-3.00008	-30380.74	-40082.71	-3.00008	13.660	0.00
0.00	-30380.96	-40082.74	-3.00684	-30380.96	-40082.74	-3.00684	13.672	0.00
0.00	-30381.16	-40082.77	-3.01377	-30381.16	-40082.77	-3.01377	14.457	0.00
0.00	-30381.36	-40082.79	-3.02067	-30381.36	-40082.79	-3.02067	13.935	0.00
0.00	-30381.55	-40082.82	-3.02782	-30381.55	-40082.82	-3.02782	13.561	0.00
0.00	-30381.72	-40082.83	-3.03497	-30381.72	-40082.83	-3.03497	14.155	0.00
0.00	-30381.83	-40082.84	-3.04264	-30381.83	-40082.84	-3.04264	13.836	0.00
0.00	-30381.99	-40082.86	-3.05041	-30381.99	-40082.86	-3.05041	13.776	0.00
0.00	-30382.14	-40082.87	-3.05841	-30382.14	-40082.87	-3.05841	14.238	0.00
0.00	-30382.31	-40082.88	-3.06652	-30382.31	-40082.88	-3.06652	14.870	0.00
0.00	-30382.47	-40082.89	-3.07502	-30382.47	-40082.89	-3.07502	13.698	0.00
0.00	-30382.65	-40082.90	-3.08381	-30382.65	-40082.90	-3.08381	14.313	0.00
0.00	-30382.81	-40082.91	-3.09294	-30382.81	-40082.91	-3.09294	13.771	0.00
0.00	-30382.98	-40082.92	-3.10214	-30382.98	-40082.92	-3.10214	13.485	0.00
0.00	-30383.15	-40082.92	-3.11164	-30383.15	-40082.92	-3.11164	13.805	0.00
0.00	-30383.31	-40082.93	-3.12044	-30383.31	-40082.93	-3.12044	14.669	0.00
0.00	-30383.48	-40082.93	-3.13046	-30383.48	-40082.93	-3.13046	13.920	0.00
0.00	-30383.80	-40082.93	3.13595	-30383.80	-40082.93	3.13595	14.087	0.00
0.00	-30383.72	-40082.93	3.13325	-30383.72	-40082.93	3.13325	13.986	0.00
0.00	-30383.89	-40082.93	3.12451	-30383.89	-40082.93	3.12451	14.017	0.00
0.00	-30384.08	-40082.92	3.11499	-30384.08	-40082.92	3.11499	13.858	0.00
0.00	-30384.30	-40082.92	3.10534	-30384.30	-40082.92	3.10534	14.241	0.00
0.00	-30384.47	-40082.91	3.09544	-30384.47	-40082.91	3.09544	15.150	0.00
0.00	-30384.71	-40082.90	3.08539	-30384.71	-40082.90	3.08539	14.326	0.00
0.00	-30384.85	-40082.89	3.07525	-30384.85	-40082.89	3.07525	13.756	0.00
0.00	-30385.06	-40082.87	3.06496	-30385.06	-40082.87	3.06496	14.527	0.00
0.00	-30385.20	-40082.86	3.05463	-30385.20	-40082.86	3.05463	13.943	0.00
0.00	-30385.36	-40082.85	3.04414	-30385.36	-40082.85	3.04414	13.952	0.00
0.00	-30385.51	-40082.83	3.03347	-30385.51	-40082.83	3.03347	13.959	0.00
0.00	-30385.67	-40082.81	3.02266	-30385.67	-40082.81	3.02266	15.115	0.00
0.00	-30385.82	-40082.79	3.01176	-30385.82	-40082.79	3.01176	14.165	0.00
0.00	-30385.99	-40082.77	3.00086	-30385.99	-40082.77	3.00086	14.727	0.00
0.00	-30386.13	-40082.75	2.99009	-30386.13	-40082.75	2.99009	14.045	0.00
0.00	-30386.30	-40082.72	2.97932	-30386.30	-40082.72	2.97932	18.369	0.00
0.00	-30386.45	-40082.70	2.96860	-30386.45	-40082.70	2.96860	14.933	0.00
0.00	-30386.62	-40082.67	2.95778	-30386.62	-40082.67	2.95778	14.341	0.00
0.00	-30386.77	-40082.64	2.94675	-30386.77	-40082.64	2.94675	18.205	0.00
0.00	-30386.94	-40082.61	2.93562	-30386.94	-40082.61	2.93562	14.299	0.00
0.00	-30387.08	-40082.58	2.92449	-30387.08	-40082.58	2.92449	13.966	0.00
0.00	-30387.24	-40082.54	2.91315	-30387.24	-40082.54	2.91315	14.061	0.00
0.00	-30387.39	-40082.51	2.90212	-30387.39	-40082.51	2.90212	15.783	0.00
0.00	-30387.55	-40082.47	2.89097	-30387.55	-40082.47	2.89097	14.484	0.00
0.00	-30387.68	-40082.43	2.88017	-30387.68	-40082.43	2.88017	14.584	0.00
0.00	-30387.88	-40082.38	2.86909	-30387.88	-40082.38	2.86909	14.386	0.00
0.00	-30387.99	-40082.35	2.85805	-30387.99	-40082.35	2.85805	14.327	0.00
0.00	-30388.18	-40082.29	2.84693	-30388.18	-40082.29	2.84693	15.505	0.00
0.00	-30388.29	-40082.26	2.83575	-30388.29	-40082.26	2.83575	13.984	0.00
0.00	-30388.48	-40082.20	2.82436	-30388.48	-40082.20	2.82436	15.546	0.00
0.00	-30388.61	-40082.15	2.81306	-30388.61	-40082.15	2.81306	14.272	0.00
0.00	-30388.76	-40082.10	2.80185	-30388.76	-40082.10	2.80185	14.703	0.00
0.00	-30388.89	-40082.05	2.79084	-30388.89	-40082.05	2.79084	14.763	0.00
0.00	-30389.04	-40082.00	2.77993	-30389.04	-40082.00	2.77993	14.081	0.00
0.00	-30389.18	-40081.95	2.76910	-30389.18	-40081.95	2.76910	14.626	0.00
0.00	-30389.33	-40081.89	2.75805	-30389.33	-40081.89	2.75805	17.649	0.00
0.00	-30389.46	-40081.83	2.74700	-30389.46	-40081.83	2.74700	14.727	0.00
0.00	-30389.61	-40081.77	2.73569	-30389.61	-40081.77	2.73569	14.414	0.00
0.00	-30389.74	-40081.72	2.72439	-30389.74	-40081.72	2.72439	14.916	0.00
0.00	-30389.89	-40081.65	2.71291	-30389.89	-40081.65	2.71291	15.523	0.00
0.00	-30390.02	-40081.59	2.70151	-30390.02	-40081.59	2.70151	15.119	0.00
0.00	-30390.17	-40081.52	2.68989	-30390.17	-40081.52	2.68989	14.481	0.00
0.00	-30390.29	-40081.46	2.67830	-30390.29	-40081.46	2.67830	14.622	0.00
0.00	-30390.43	-40081.40	2.66638	-30390.43	-40081.40	2.66638	16.211	0.00
0.00	-30390.57	-40081.33	2.65462	-30390.57	-40081.33	2.65462	14.590	0.00
0.00	-30390.73	-40081.24	2.64219	-30390.73	-40081.24	2.64219	15.443	0.00
0.00	-30390.85	-40081.17	2.63001	-30390.85	-40081.17	2.63001	14.558	0.00
0.00	-30390.99	-40081.10	2.61730	-30390.99	-40081.10	2.61730	14.558	0.00
0.00	-30391.10	-40081.03	2.60480	-30391.10	-40081.03	2.60480	15.439	0.00
0.00	-30391.25	-40080.94	2.59180	-30391.25	-40080.94	2.59180	15.203	0.00
0.00	-30391.34	-40080.89	2.57893	-30391.34	-40080.89	2.57893	14.378	0.00
0.00	-30391.50	-40080.79	2.56566	-30391.50	-40080.79	2.56566	14.784	0.00
0.00	-30391.57	-40080.74	2.55257	-30391.57	-40080.74	2.55257	14.886	0.00
0.00	-30391.73	-40080.63	2.53921	-30391.73	-40080.63	2.53921	16.059	0.00
0.00	-30391.84	-40080.56	2.52621	-30391.84	-40080.56	2.52621	14.396	0.00
0.00	-30391.96	-40080.47	2.51314	-30391.96	-40080.47	2.51314	14.521	0.00
0.00	-30392.07	-40080.40	2.50043	-30392.07	-40080.40	2.50043	14.750	0.00
0.00	-30392.19	-40080.30	2.48764	-30392.19	-40080.30	2.48764	14.545	0.00
0.00	-30392.30	-40080.22	2.47503	-30392.30	-40080.22	2.47503	15.744	0.00
0.00	-30392.42	-40080.13	2.46211	-30392.42	-40080.13	2.46211	14.712	0.00
0.00	-30392.53	-40080.04	2.44946	-30392.53	-40080.04	2.44946	15.322	0.00
0.00	-30392.65	-40079.94	2.43656	-30392.65	-40079.94	2.43656	15.231	0.00
0.00	-30392.76	-40079.85	2.42391	-30392.76	-40079.85	2.42391	15.408	0.00
0.00	-30392.90	-40079.73	2.41173	-30392.90	-40079.73	2.41173	15.231	0.00
0.00	-30393.02	-40079.63	2.40065	-30393.02	-40079.63	2.40065	14.742	0.00
0.00	-30393.15	-40079.50	2.38772	-30393.15	-40079.50	2.38772	15.196	0.00
0.00	-30393.26	-40079.41	2.37635	-30393.26	-40079.41	2.37635	15.932	0.00
0.00	-30393.37	-40079.30	2.36469	-30393.37	-40079.30	2.36469	15.585	0.00
0.00	-30393.45	-40079.22	2.35346	-30393.45	-40079.22	2.35346	14.811	0.00
0.00	-30393.67	-40079.00	2.33342	-30393.67	-40079.00	2.33342	15.772	0.00
0.00	-30393.63	-40079.04	2.32983	-30393.63	-40079.04	2.32983	15.477	0.00
0.00	-30393.76	-40078.90	2.32006	-30393.76	-40078.90	2.32006	15.544	0.00
0.00	-30393.84	-40078.82	2.30998	-30393.84	-40078.82	2.30998	15.439	0.00
0.00	-30393.97	-40078.67	2.29998	-30393.97	-40078.67	2.29998	14.690	0.00
0.00	-30394.05	-40078.58	2.29045	-30394.05	-40078.58	2.29045	18.138	0.00
0.00	-30394.19	-40078.43	2.28067	-30394.19	-40078.43	2.28067	15.124	0.00
0.00	-30394.29	-40078.31	2.27129	-30394.29	-40078.31	2.27129	14.920	0.00
0.00	-30394.40	-40078.19	2.26176	-30394.40	-40078.19	2.26176	14.909	0.00
0.00	-30394.49	-40078.07	2.25298	-30394.49	-40078.07	2.25298	14.970	0.00
0.00	-30394.60	-40077.94	2.24421	-30394.60	-40077.94	2.24421	18.178	0.00
0.00	-30394.70	-40077.82	2.23603	-30394.70	-40077.82	2.23603	15.104	0.00
0.00	-30394.80	-40077.69	2.22774	-30394.80	-40077.69	2.22774	15.890	0.00
0.00	-30394.89	-40077.57	2.21988	-30394.89	-40077.57	2.21988	15.276	0.00
0.00	-30395.00	-40077.43	2.21189	-30395.00	-40077.43	2.21189	15.232	0.00
0.00	-30395.11	-40077.29	2.20424	-30395.11	-40077.29	2.20424	36.652	0.00
0.00	-30395.21	-40077.15	2.19657	-30395.21	-40077.15	2.19657	15.966	0.00
0.00	-30395.31	-40077.00	2.18921	-30395.31	-40077.00	2.18921	16.098	0.00
0.00	-30395.43	-40076.85	2.18222	-30395.43	-40076.85	2.18222	16.183	0.00
0.00	-30395.54	-40076.69	2.17558	-30395.54	-40076.69	2.17558	15.780	0.00
0.00	-30395.64	-40076.53	2.16917	-30395.64	-40076.53	2.16917	25.723	0.00
0.00	-30395.75	-40076.37	2.16296	-30395.75	-40076.37	2.16296	15.479	0.00
0.00	-30395.85	-40076.22	2.15684	-30395.85	-40076.22	2.15684	15.685	0.00
0.00	-30395.95	-40076.06	2.15084	-30395.95	-40076.06	2.15084	15.873	0.00
0.00	-30396.05	-40075.90	2.14473	-30396.05	-40075.90	2.14473	16.701	0.00
0.00	-30396.16	-40075.74	2.13890	-30396.16	-40075.74	2.13890	24.725	0.00
0.00	-30396.25	-40075.58	2.13314	-30396.25	-40075.58	2.13314	17.517	0.00
0.00	-30396.35	-40075.42	2.12747	-30396.35	-40075.42	2.12747	16.749	0.00
0.00	-30396.45	-40075.25	2.12188	-30396.45	-40075.25	2.12188	17.393	0.00
0.00	-11629776.71	8569738.89	1.67327	-11629776.71	8569738.89	1.67327	16.231	0.00
0.00	-14863591.20	6665776.10	1.93968	-14863591.20	6665776.10	1.93968	16.173	0.00
0.00	-12294800.67	2667387.67	-1.86243	-12294800.67	2667387.67	-1.86243	15.810	0.00
0.00	-10993595.70	1794727.18	0.87331	-10993595.70	1794727.18	0.87331	16.509	0.00
0.00	-9184804.56	2076942.35	-2.69497	-9184804.56	2076942.35	-2.69497	17.543	0.00
0.00	-6826263.49	2450440.33	-1.10140	-6826263.49	2450440.33	-1.10140	16.040	0.00
0.00	-5072505.96	1549057.34	-0.56177	-5072505.96	1549057.34	-0.56177	16.723	0.00
0.00	-3389553.50	739995.37	1.62658	-3389553.50	739995.37	1.62658	16.769	0.00
0.00	-2563947.48	313718.15	1.96217	-2563947.48	313718.15	1.96217	20.520	0.00
0.00	-2002729.62	-3403.90	0.44911	-2002729.62	-3403.90	0.44911	16.909	0.00
0.00	-1265982.64	27336.84	2.82648	-1265982.64	27336.84	2.82648	16.744	0.00
0.00	-742123.11	-39675.10	1.54391	-742123.11	-39675.10	1.54391	20.458	0.00
0.00	-530634.06	-48438.88	1.78578	-530634.06	-48438.88	1.78578	16.454	0.00
0.00	-463022.31	-60985.87	-0.55119	-463022.31	-60985.87	-0.55119	16.809	0.00
0.00	-316551.61	-92729.91	-0.50789	-316551.61	-92729.91	-0.50789	17.093	0.00
0.00	-214791.52	-108123.71	-2.17107	-214791.52	-108123.71	-2.17107	16.940	0.00
0.00	-151425.91	-77654.82	0.84028	-151425.91	-77654.82	0.84028	17.131	0.00
0.00	-108729.26	-52439.17	-1.58361	-108729.26	-52439.17	-1.58361	19.338	0.00
0.00	-89342.64	-43676.98	1.17945	-89342.64	-43676.98	1.17945	16.437	0.00
0.00	-76200.71	-37341.11	-2.93831	-76200.71	-37341.11	-2.93831	16.129	0.00
0.00	-62390.01	-35117.82	0.69931	-62390.01	-35117.82	0.69931	22.259	0.00
0.00	-51121.54	-32828.64	0.93947	-51121.54	-32828.64	0.93947	16.936	0.00
0.00	-45691.95	-32463.34	-0.27562	-45691.95	-32463.34	-0.27562	16.126	0.00
0.00	-41901.26	-33485.06	-1.71382	-41901.26	-33485.06	-1.71382	17.331	0.00
0.00	-38209.27	-35830.67	-0.41559	-38209.27	-35830.67	-0.41559	17.157	0.00
0.00	-34899.24	-37545.64	2.27011	-34899.24	-37545.64	2.27011	16.787	0.00
0.00	-33743.34	-38420.11	-0.38127	-33743.34	-38420.11	-0.38127	16.765	0.00
0.00	-32404.20	-39170.42	-2.13701	-32404.20	-39170.42	-2.13701	19.834	0.00
0.00	-31810.00	-39422.03	0.77725	-31810.00	-39422.03	0.77725	17.098	0.00
0.00	-31432.60	-39510.56	-0.45312	-31432.60	-39510.56	-0.45312	17.150	0.00
0.00	-31058.62	-39678.60	-1.33519	-31058.62	-39678.60	-1.33519	16.319	0.00
0.00	-30866.48	-39842.76	-0.67832	-30866.48	-39842.76	-0.67832	17.485	0.00
0.00	-30705.50	-39954.72	0.03882	-30705.50	-39954.72	0.03882	16.912	0.00
0.00	-30705.25	-39954.71	0.03512	-30705.25	-39954.71	0.03512	17.718	0.00
0.00	-30554.39	-39989.69	-0.21475	-30554.39	-39989.69	-0.21475	21.064	0.00
0.00	-30474.85	-40015.67	-0.63241	-30474.85	-40015.67	-0.63241	17.191	0.00
0.00	-30438.27	-40037.03	-0.85634	-30438.27	-40037.03	-0.85634	19.086	0.00
0.00	-30420.69	-40051.70	-0.92051	-30420.69	-40051.70	-0.92051	17.675	0.00
0.00	-30413.25	-40059.01	-0.91272	-30413.25	-40059.01	-0.91272	16.921	0.00
0.00	-30407.78	-40064.41	-0.86971	-30407.78	-40064.41	-0.86971	18.239	0.00
0.00	-30404.87	-40066.96	-0.81860	-30404.87	-40066.96	-0.81860	17.719	0.00
0.00	-30403.23	-40068.12	-0.76775	-30403.23	-40068.12	-0.76775	17.311	0.00
0.00	-30402.25	-40068.59	-0.71936	-30402.25	-40068.59	-0.71936	19.466	0.00
0.00	-30401.65	-40068.72	-0.67312	-30401.65	-40068.72	-0.67312	20.091	0.00
0.00	-30401.28	-40068.66	-0.62803	-30401.28	-40068.66	-0.62803	16.973	0.00
0.00	-30401.07	-40068.50	-0.58328	-30401.07	-40068.50	-0.58328	17.701	0.00
0.00	-30400.83	-40068.30	-0.52983	-30400.83	-40068.30	-0.52983	17.628	0.00
0.00	-30400.80	-40068.11	-0.49618	-30400.80	-40068.11	-0.49618	18.537	0.00
0.00	-30400.71	-40067.97	-0.46319	-30400.71	-40067.97	-0.46319	18.170	0.00
0.00	-30400.68	-40067.74	-0.41922	-30400.68	-40067.74	-0.41922	18.452	0.00
0.00	-30400.65	-40067.52	-0.37606	-30400.65	-40067.52	-0.37606	18.472	0.00
0.00	-30400.64	-40067.31	-0.33358	-30400.64	-40067.31	-0.33358	18.438	0.00
0.00	-30400.62	-40067.20	-0.31136	-30400.62	-40067.20	-0.31136	18.377	0.00
0.00	-30400.62	-40066.98	-0.26657	-30400.62	-40066.98	-0.26657	18.633	0.00
0.00	-30400.66	-40066.75	-0.22173	-30400.66	-40066.75	-0.22173	18.639	0.00
0.00	-30400.69	-40066.52	-0.17696	-30400.69	-40066.52	-0.17696	18.936	0.00
0.00	-30400.70	-40066.31	-0.13314	-30400.70	-40066.31	-0.13314	17.702	0.00
0.00	-30400.71	-40066.10	-0.09017	-30400.71	-40066.10	-0.09017	17.758	0.00
0.00	-30400.72	-40065.90	-0.04792	-30400.72	-40065.90	-0.04792	17.757	0.00
0.00	-30400.73	-40065.69	-0.00628	-30400.73	-40065.69	-0.00628	17.803	0.00
0.00	-30400.74	-40065.49	0.03489	-30400.74	-40065.49	0.03489	20.040	0.00
0.00	-30400.73	-40065.34	0.06660	-30400.73	-40065.34	0.06660	17.457	0.00
0.00	-30400.76	-40065.13	0.10894	-30400.76	-40065.13	0.10894	17.899	0.00
0.00	-30400.78	-40064.93	0.15046	-30400.78	-40064.93	0.15046	19.536	0.00
0.00	-30400.80	-40064.73	0.19092	-30400.80	-40064.73	0.19092	17.538	0.00
0.00	-30400.82	-40064.52	0.23262	-30400.82	-40064.52	0.23262	18.974	0.00
0.00	-30400.83	-40064.31	0.27467	-30400.83	-40064.31	0.27467	18.867	0.00
0.00	-30400.85	-40064.10	0.31545	-30400.85	-40064.10	0.31545	18.412	0.00
0.00	-30400.85	-40063.89	0.35499	-30400.85	-40063.89	0.35499	18.340	0.00
0.00	-30400.83	-40063.56	0.41177	-30400.83	-40063.56	0.41177	19.148	0.00
0.00	-30400.88	-40063.43	0.44008	-30400.88	-40063.43	0.44008	18.679	0.00
0.00	-30400.89	-40063.22	0.47732	-30400.89	-40063.22	0.47732	18.550	0.00
0.00	-30400.77	-40063.10	0.48762	-30400.77	-40063.10	0.48762	17.442	0.00
0.00	-30400.75	-40062.96	0.50991	-30400.75	-40062.96	0.50991	18.941	0.00
0.00	-30400.81	-40062.78	0.54442	-30400.81	-40062.78	0.54442	17.900	0.00
0.00	-30400.84	-40062.59	0.57946	-30400.84	-40062.59	0.57946	18.345	0.00
0.00	-30400.86	-40062.38	0.61458	-30400.86	-40062.38	0.61458	18.209	0.00
0.00	-30400.88	-40062.16	0.64980	-30400.88	-40062.16	0.64980	18.368	0.00
0.00	-30400.94	-40061.90	0.69580	-30400.94	-40061.90	0.69580	19.069	0.00
0.00	-30400.99	-40061.63	0.73958	-30400.99	-40061.63	0.73958	18.642	0.00
0.00	-30401.03	-40061.36	0.78147	-30401.03	-40061.36	0.78147	18.158	0.00
0.00	-30401.07	-40061.09	0.82137	-30401.07	-40061.09	0.82137	18.242	0.00
0.00	-30401.11	-40060.83	0.85958	-30401.11	-40060.83	0.85958	18.428	0.00
0.00	-30401.15	-40060.57	0.89620	-30401.15	-40060.57	0.89620	23.390	0.00
0.00	-30401.19	-40060.30	0.93241	-30401.19	-40060.30	0.93241	18.338	0.00
0.00	-30401.24	-40060.03	0.96822	-30401.24	-40060.03	0.96822	20.183	0.00
0.00	-30401.29	-40059.76	1.00338	-30401.29	-40059.76	1.00338	18.855	0.00
0.00	-30401.35	-40059.52	1.03655	-30401.35	-40059.52	1.03655	18.630	0.00
0.00	-30401.41	-40059.29	1.06881	-30401.41	-40059.29	1.06881	18.434	0.00
0.00	-30401.48	-40059.06	1.10023	-30401.48	-40059.06	1.10023	20.134	0.00
0.00	-30401.55	-40058.83	1.13097	-30401.55	-40058.83	1.13097	18.743	0.00
0.00	-30401.62	-40058.60	1.16094	-30401.62	-40058.60	1.16094	19.935	0.00
0.00	-30401.69	-40058.37	1.19029	-30401.69	-40058.37	1.19029	19.355	0.00
0.00	-30401.75	-40058.10	1.21907	-30401.75	-40058.10	1.21907	18.878	0.00
0.00	-30401.83	-40057.88	1.24751	-30401.83	-40057.88	1.24751	18.932	0.00
0.00	-30401.88	-40057.66	1.26879	-30401.88	-40057.66	1.26879	18.434	0.00
0.00	-30401.93	-40057.45	1.29042	-30401.93	-40057.45	1.29042	18.910	0.00
0.00	-30401.99	-40057.24	1.31239	-30401.99	-40057.24	1.31239	18.970	0.00
0.00	-30402.05	-40057.02	1.33466	-30402.05	-40057.02	1.33466	18.561	0.00
0.00	-30402.12	-40056.81	1.35716	-30402.12	-40056.81	1.35716	19.255	0.00
0.00	-30402.20	-40056.60	1.37978	-30402.20	-40056.60	1.37978	18.946	0.00
0.00	-30402.28	-40056.39	1.40227	-30402.28	-40056.39	1.40227	19.138	0.00
0.00	-30402.39	-40056.15	1.43147	-30402.39	-40056.15	1.43147	19.437	0.00
0.00	-30402.51	-40055.93	1.45912	-30402.51	-40055.93	1.45912	19.417	0.00
0.00	-30402.62	-40055.67	1.48639	-30402.62	-40055.67	1.48639	18.946	0.00
0.00	-30402.70	-40055.44	1.50627	-30402.70	-40055.44	1.50627	26.544	0.00
0.00	-30402.82	-40055.19	1.53220	-30402.82	-40055.19	1.53220	20.568	0.00
0.00	-30402.94	-40054.99	1.55606	-30402.94	-40054.99	1.55606	19.370	0.00
0.00	-30403.05	-40054.80	1.57851	-30403.05	-40054.80	1.57851	20.495	0.00
0.00	-30403.17	-40054.61	1.59970	-30403.17	-40054.61	1.59970	20.649	0.00
0.00	-30403.28	-40054.42	1.61979	-30403.28	-40054.42	1.61979	19.142	0.00
0.00	-30403.39	-40054.22	1.63893	-30403.39	-40054.22	1.63893	19.575	0.00
0.00	-30403.48	-40054.03	1.65292	-30403.48	-40054.03	1.65292	18.959	0.00
0.00	-30403.59	-40053.84	1.67109	-30403.59	-40053.84	1.67109	19.577	0.00
0.00	-30403.70	-40053.64	1.68844	-30403.70	-40053.64	1.68844	19.607	0.00
0.00	-30403.81	-40053.41	1.70497	-30403.81	-40053.41	1.70497	19.444	0.00
0.00	-30403.92	-40053.24	1.72090	-30403.92	-40053.24	1.72090	18.775	0.00
0.00	-30404.01	-40053.05	1.73238	-30404.01	-40053.05	1.73238	19.105	0.00
0.00	-30404.08	-40052.85	1.73997	-30404.08	-40052.85	1.73997	19.259	0.00
0.00	-30404.17	-40052.67	1.75153	-30404.17	-40052.67	1.75153	19.602	0.00
0.00	-30404.27	-40052.48	1.76278	-30404.27	-40052.48	1.76278	19.514	0.00
0.00	-30404.36	-40052.29	1.77368	-30404.36	-40052.29	1.77368	21.785	0.00
0.00	-30404.46	-40052.10	1.78421	-30404.46	-40052.10	1.78421	18.641	0.00
0.00	-30404.55	-40051.92	1.79434	-30404.55	-40051.92	1.79434	20.704	0.00
0.00	-30404.66	-40051.69	1.80435	-30404.66	-40051.69	1.80435	23.589	0.00
0.00	-30404.79	-40051.44	1.81708	-30404.79	-40051.44	1.81708	19.323	0.00
0.00	-30404.89	-40051.23	1.82589	-30404.89	-40051.23	1.82589	24.158	0.00
0.00	-30404.98	-40051.07	1.83419	-30404.98	-40051.07	1.83419	19.609	0.00
0.00	-30405.08	-40050.90	1.84458	-30405.08	-40050.90	1.84458	20.515	0.00
0.00	-30405.18	-40050.73	1.85407	-30405.18	-40050.73	1.85407	19.417	0.00
0.00	-30405.28	-40050.55	1.86263	-30405.28	-40050.55	1.86263	19.832	0.00
0.00	-30405.38	-40050.36	1.87027	-30405.38	-40050.36	1.87027	19.658	0.00
0.00	-30405.48	-40050.18	1.87716	-30405.48	-40050.18	1.87716	19.555	0.00
0.00	-30405.58	-40049.99	1.88343	-30405.58	-40049.99	1.88343	21.145	0.00
0.00	-30405.67	-40049.80	1.88930	-30405.67	-40049.80	1.88930	20.151	0.00
0.00	-30405.77	-40049.60	1.89479	-30405.77	-40049.60	1.89479	23.788	0.00
0.00	-30405.87	-40049.39	1.89970	-30405.87	-40049.39	1.89970	19.872	0.00
0.00	-30405.97	-40049.19	1.90412	-30405.97	-40049.19	1.90412	20.082	0.00
0.00	-30406.06	-40048.99	1.90801	-30406.06	-40048.99	1.90801	20.668	0.00
0.00	-30406.17	-40048.74	1.91138	-30406.17	-40048.74	1.91138	20.113	0.00
0.00	-30406.29	-40048.48	1.91580	-30406.29	-40048.48	1.91580	19.615	0.00
0.00	-30406.34	-40048.38	1.91775	-30406.34	-40048.38	1.91775	19.593	0.00
0.00	-30406.43	-40048.17	1.91938	-30406.43	-40048.17	1.91938	19.852	0.00
0.00	-30406.50	-40047.99	1.92091	-30406.50	-40047.99	1.92091	20.557	0.00
0.00	-30406.60	-40047.76	1.92284	-30406.60	-40047.76	1.92284	19.799	0.00
0.00	-30406.70	-40047.52	1.92403	-30406.70	-40047.52	1.92403	20.849	0.00
0.00	-30406.79	-40047.29	1.92511	-30406.79	-40047.29	1.92511	20.421	0.00
0.00	-30406.87	-40047.10	1.92633	-30406.87	-40047.10	1.92633	20.153	0.00
0.00	-30406.95	-40046.89	1.92718	-30406.95	-40046.89	1.92718	20.592	0.00
0.00	-30407.03	-40046.69	1.92754	-30407.03	-40046.69	1.92754	22.560	0.00
0.00	-30407.11	-40046.47	1.92788	-30407.11	-40046.47	1.92788	19.906	0.00
0.00	-30407.19	-40046.26	1.92807	-30407.19	-40046.26	1.92807	19.623	0.00
0.00	-30407.46	-40045.54	1.92763	-30407.46	-40045.54	1.92763	22.880	0.00
0.00	-30407.44	-40045.61	1.92752	-30407.44	-40045.61	1.92752	21.141	0.00
0.00	-30407.47	-40045.52	1.92732	-30407.47	-40045.52	1.92732	26.451	0.00
0.00	-30407.52	-40045.39	1.92705	-30407.52	-40045.39	1.92705	21.838	0.00
0.00	-30407.55	-40045.30	1.92661	-30407.55	-40045.30	1.92661	24.304	0.00
0.00	-30407.64	-40045.04	1.92562	-30407.64	-40045.04	1.92562	22.795	0.00
0.00	-30407.73	-40044.79	1.92439	-30407.73	-40044.79	1.92439	22.259	0.00
0.00	-30407.81	-40044.55	1.92305	-30407.81	-40044.55	1.92305	25.443	0.00
0.00	-30407.89	-40044.32	1.92164	-30407.89	-40044.32	1.92164	20.696	0.00
0.00	-30407.97	-40044.10	1.92015	-30407.97	-40044.10	1.92015	20.987	0.00
0.00	-30408.08	-40043.76	1.91821	-30408.08	-40043.76	1.91821	23.463	0.00
0.00	-30408.12	-40043.63	1.91697	-30408.12	-40043.63	1.91697	20.744	0.00
0.00	-30408.20	-40043.38	1.91559	-30408.20	-40043.38	1.91559	21.020	0.00
0.00	-30408.29	-40043.12	1.91367	-30408.29	-40043.12	1.91367	20.396	0.00
0.00	-30408.36	-40042.89	1.91216	-30408.36	-40042.89	1.91216	20.422	0.00
0.00	-30408.43	-40042.67	1.91014	-30408.43	-40042.67	1.91014	21.604	0.00
0.00	-30408.49	-40042.46	1.90800	-30408.49	-40042.46	1.90800	21.936	0.00
0.00	-30408.57	-40042.23	1.90627	-30408.57	-40042.23	1.90627	20.510	0.00
0.00	-30408.63	-40042.01	1.90411	-30408.63	-40042.01	1.90411	22.558	0.00
0.00	-30408.70	-40041.79	1.90191	-30408.70	-40041.79	1.90191	20.855	0.00
0.00	-30408.77	-40041.54	1.89961	-30408.77	-40041.54	1.89961	20.565	0.00
0.00	-30408.84	-40041.30	1.89734	-30408.84	-40041.30	1.89734	21.354	0.00
0.00	-30408.91	-40041.07	1.89513	-30408.91	-40041.07	1.89513	28.817	0.00
0.00	-30408.98	-40040.84	1.89303	-30408.98	-40040.84	1.89303	21.021	0.00
0.00	-30409.05	-40040.61	1.89110	-30409.05	-40040.61	1.89110	20.808	0.00
0.00	-30409.11	-40040.38	1.88938	-30409.11	-40040.38	1.88938	21.398	0.00
0.00	-30409.18	-40040.15	1.88782	-30409.18	-40040.15	1.88782	20.301	0.00
0.00	-30409.25	-40039.92	1.88640	-30409.25	-40039.92	1.88640	21.180	0.00
0.00	-30409.32	-40039.70	1.88507	-30409.32	-40039.70	1.88507	20.741	0.00
0.00	-30409.38	-40039.47	1.88377	-30409.38	-40039.47	1.88377	21.888	0.00
0.00	-30409.45	-40039.24	1.88247	-30409.45	-40039.24	1.88247	22.917	0.00
0.00	-30409.51	-40039.03	1.88118	-30409.51	-40039.03	1.88118	21.484	0.00
0.00	-30409.59	-40038.77	1.87999	-30409.59	-40038.77	1.87999	21.489	0.00
0.00	-30409.69	-40038.46	1.87898	-30409.69	-40038.46	1.87898	22.344	0.00
0.00	-30409.75	-40038.25	1.87812	-30409.75	-40038.25	1.87812	27.384	0.00
0.00	-30409.81	-40038.04	1.87753	-30409.81	-40038.04	1.87753	28.163	0.00
0.00	-30409.88	-40037.83	1.87697	-30409.88	-40037.83	1.87697	21.861	0.00
0.00	-30409.94	-40037.62	1.87646	-30409.94	-40037.62	1.87646	24.770	0.00
0.00	-30410.01	-40037.39	1.87597	-30410.01	-40037.39	1.87597	23.317	0.00
0.00	-30410.08	-40037.17	1.87556	-30410.08	-40037.17	1.87556	22.683	0.00
0.00	-30410.14	-40036.94	1.87530	-30410.14	-40036.94	1.87530	22.570	0.00
0.00	-30410.21	-40036.72	1.87509	-30410.21	-40036.72	1.87509	23.543	0.00
0.00	-30410.29	-40036.45	1.87485	-30410.29	-40036.45	1.87485	24.155	0.00
0.00	-30410.38	-40036.17	1.87447	-30410.38	-40036.17	1.87447	23.167	0.00
0.00	-30410.46	-40035.92	1.87419	-30410.46	-40035.92	1.87419	22.939	0.00
0.00	-30410.54	-40035.64	1.87374	-30410.54	-40035.64	1.87374	24.669	0.00
0.00	-30410.61	-40035.40	1.87348	-30410.61	-40035.40	1.87348	24.865	0.00
0.00	-30410.69	-40035.16	1.87323	-30410.69	-40035.16	1.87323	23.103	0.00
0.00	-30410.75	-40034.97	1.87323	-30410.75	-40034.97	1.87323	23.995	0.00
0.00	-30410.80	-40034.78	1.87338	-30410.80	-40034.78	1.87338	25.193	0.00
0.00	-30410.86	-40034.59	1.87357	-30410.86	-40034.59	1.87357	27.002	0.00
0.00	-30410.94	-40034.34	1.87372	-30410.94	-40034.34	1.87372	25.594	0.00
0.00	-30411.02	-40034.09	1.87379	-30411.02	-40034.09	1.87379	23.734	0.00
0.00	-30411.10	-40033.84	1.87386	-30411.10	-40033.84	1.87386	25.834	0.00
0.00	-30411.16	-40033.63	1.87405	-30411.16	-40033.63	1.87405	28.293	0.00
0.00	-30411.26	-40033.31	1.87443	-30411.26	-40033.31	1.87443	26.130	0.00
0.00	-30411.30	-40033.19	1.87467	-30411.30	-40033.19	1.87467	26.142	0.00
0.00	-30411.37	-40032.98	1.87502	-30411.37	-40032.98	1.87502	26.557	0.00
0.00	-30411.44	-40032.76	1.87538	-30411.44	-40032.76	1.87538	27.612	0.00
0.00	-30411.51	-40032.53	1.87557	-30411.51	-40032.53	1.87557	26.190	0.00
0.00	-30411.57	-40032.33	1.87586	-30411.57	-40032.33	1.87586	26.958	0.00
0.00	-30411.65	-40032.10	1.87611	-30411.65	-40032.10	1.87611	26.152	0.00
0.00	-30411.72	-40031.87	1.87634	-30411.72	-40031.87	1.87634	28.287	0.00
0.00	-30411.80	-40031.63	1.87662	-30411.80	-40031.63	1.87662	27.884	0.00
0.00	-30411.87	-40031.39	1.87697	-30411.87	-40031.39	1.87697	26.689	0.00
0.00	-30411.95	-40031.16	1.87739	-30411.95	-40031.16	1.87739	27.918	0.00
0.00	-30412.03	-40030.91	1.87798	-30412.03	-40030.91	1.87798	28.048	0.00
0.00	-30412.11	-40030.67	1.87859	-30412.11	-40030.67	1.87859	27.667	0.00
0.00	-30412.19	-40030.43	1.87925	-30412.19	-40030.43	1.87925	25.989	0.00
0.00	-30412.27	-40030.19	1.87990	-30412.27	-40030.19	1.87990	28.400	0.00
0.00	-30412.35	-40029.96	1.88053	-30412.35	-40029.96	1.88053	28.757	0.00
0.00	-30412.45	-40029.67	1.88120	-30412.45	-40029.67	1.88120	31.160	0.00
0.00	-30412.54	-40029.39	1.88186	-30412.54	-40029.39	1.88186	27.158	0.00
0.00	-30412.63	-40029.12	1.88258	-30412.63	-40029.12	1.88258	27.441	0.00
0.00	-30412.70	-40028.91	1.88329	-30412.70	-40028.91	1.88329	29.456	0.00
0.00	-30412.77	-40028.69	1.88397	-30412.77	-40028.69	1.88397	28.751	0.00
0.00	-30412.85	-40028.48	1.88460	-30412.85	-40028.48	1.88460	26.897	0.00
0.00	-30412.92	-40028.25	1.88517	-30412.92	-40028.25	1.88517	28.761	0.00
0.00	-30413.00	-40028.02	1.88572	-30413.00	-40028.02	1.88572	29.912	0.00
0.00	-30413.08	-40027.78	1.88608	-30413.08	-40027.78	1.88608	37.612	0.00
0.00	-30413.16	-40027.55	1.88645	-30413.16	-40027.55	1.88645	29.521	0.00
0.00	-30413.25	-40027.27	1.88677	-30413.25	-40027.27	1.88677	27.086	0.00
0.00	-30413.32	-40027.05	1.88705	-30413.32	-40027.05	1.88705	31.160	0.00
0.00	-30413.40	-40026.83	1.88734	-30413.40	-40026.83	1.88734	32.703	0.00
0.00	-30413.47	-40026.60	1.88761	-30413.47	-40026.60	1.88761	33.410	0.00
0.00	-30413.55	-40026.36	1.88779	-30413.55	-40026.36	1.88779	28.368	0.00
0.00	-30413.63	-40026.12	1.88792	-30413.63	-40026.12	1.88792	31.851	0.00
0.00	-30413.71	-40025.88	1.88798	-30413.71	-40025.88	1.88798	31.589	0.00
0.00	-30413.78	-40025.64	1.88798	-30413.78	-40025.64	1.88798	29.633	0.00
0.00	-30413.86	-40025.39	1.88789	-30413.86	-40025.39	1.88789	30.548	0.00
0.00	-30413.94	-40025.15	1.88772	-30413.94	-40025.15	1.88772	32.644	0.00
0.00	-30414.04	-40024.86	1.88747	-30414.04	-40024.86	1.88747	32.871	0.00
0.00	-30414.13	-40024.56	1.88716	-30414.13	-40024.56	1.88716	31.940	0.00
0.00	-30414.22	-40024.29	1.88682	-30414.22	-40024.29	1.88682	29.135	0.00
0.00	-30414.28	-40024.08	1.88646	-30414.28	-40024.08	1.88646	33.732	0.00
0.00	-30414.34	-40023.88	1.88602	-30414.34	-40023.88	1.88602	32.898	0.00
0.00	-30414.40	-40023.68	1.88535	-30414.40	-40023.68	1.88535	32.071	0.00
0.00	-30414.48	-40023.44	1.88474	-30414.48	-40023.44	1.88474	31.009	0.00
0.00	-30414.55	-40023.20	1.88406	-30414.55	-40023.20	1.88406	34.423	0.00
0.00	-30414.63	-40022.94	1.88366	-30414.63	-40022.94	1.88366	35.053	0.00
0.00	-30414.71	-40022.70	1.88277	-30414.71	-40022.70	1.88277	32.712	0.00
0.00	-30414.82	-40022.33	1.88153	-30414.82	-40022.33	1.88153	31.885	0.00
0.00	-30414.88	-40022.13	1.88047	-30414.88	-40022.13	1.88047	35.545	0.00
0.00	-30414.92	-40021.97	1.87970	-30414.92	-40021.97	1.87970	37.588	0.00
0.00	-30415.00	-40021.72	1.87889	-30415.00	-40021.72	1.87889	33.928	0.00
0.00	-30415.06	-40021.52	1.87812	-30415.06	-40021.52	1.87812	32.985	0.00
0.00	-30415.15	-40021.22	1.87726	-30415.15	-40021.22	1.87726	42.505	0.00
0.00	-30415.22	-40020.98	1.87653	-30415.22	-40020.98	1.87653	44.485	0.00
0.00	-30415.29	-40020.74	1.87569	-30415.29	-40020.74	1.87569	36.387	0.00
0.00	-30415.37	-40020.50	1.87489	-30415.37	-40020.50	1.87489	34.524	0.00
0.00	-30415.43	-40020.29	1.87416	-30415.43	-40020.29	1.87416	39.409	0.00
0.00	-30415.51	-40020.00	1.87348	-30415.51	-40020.00	1.87348	37.418	0.00
0.00	-30415.60	-40019.73	1.87287	-30415.60	-40019.73	1.87287	35.274	0.00
0.00	-30415.68	-40019.47	1.87226	-30415.68	-40019.47	1.87226	34.558	0.00
0.00	-30415.74	-40019.25	1.87153	-30415.74	-40019.25	1.87153	41.224	0.00
0.00	-30415.81	-40019.02	1.87113	-30415.81	-40019.02	1.87113	38.783	0.00
0.00	-30415.88	-40018.79	1.87089	-30415.88	-40018.79	1.87089	37.618	0.00
0.00	-30415.95	-40018.56	1.87072	-30415.95	-40018.56	1.87072	35.874	0.00
