1509428433.5794720650	0.0000	0.0000	0.000000	0.0000	9794
1509428433.6843829155	0.0000	0.0000	0.000000	0.0000	9708
1509428433.7893030643	0.0000	0.0000	0.000000	0.0000	9765
1509428433.8942010403	63789.8133	-62118.0520	0.350000	0.0000	9691
1509428433.9989910126	63790.1060	-62117.9424	0.350304	0.0000	9925
1509428434.1039309502	63790.3498	-62117.8375	0.384412	0.0000	10036
1509428434.2087600231	63790.5406	-62117.7620	0.381954	0.0000	10030
1509428434.3137309551	63790.7394	-62117.6835	0.380458	0.0000	10167
1509428434.4187989235	63790.9656	-62117.5943	0.379505	0.0000	10171
1509428434.5235490799	63791.1901	-62117.5061	0.378819	0.0000	10464
1509428434.6283919811	63791.3860	-62117.4294	0.378269	0.0000	10491
1509428434.7332999706	63791.5950	-62117.3475	0.378033	0.0000	10270
1509428434.8383040428	63791.8374	-62117.2524	0.377954	0.0000	9625
1509428434.9431140423	63792.0715	-62117.1602	0.378019	0.0000	10405
1509428435.0480821133	63792.2764	-62117.0795	0.378191	0.0000	10541
1509428435.1528799534	63792.5208	-62116.9830	0.378359	0.0000	10445
1509428435.2578198910	63792.7299	-62116.9006	0.378557	0.0000	10322
1509428435.3626360893	63792.9636	-62116.8080	0.378715	0.0000	10232
1509428435.4675459862	63793.2134	-62116.7093	0.378828	0.0000	10111
1509428435.5724430084	63793.4728	-62116.6064	0.379240	0.0000	10003
1509428435.6773240566	63793.6809	-62116.5238	0.379719	0.0000	9815
1509428435.7821989059	63793.9512	-62116.4162	0.380072	0.0000	9803
1509428435.8871159554	63794.1686	-62116.3298	0.380227	0.0000	9753
1509428435.9920330048	63794.4024	-62116.2368	0.380421	0.0000	9740
1509428436.0968940258	63794.6857	-62116.1242	0.380739	0.0000	9705
1509428436.2017900944	63794.9099	-62116.0351	0.381061	0.0000	9937
1509428436.3067018986	63795.1850	-62115.9257	0.381341	0.0000	10140
1509428436.4116740227	63795.4321	-62115.8272	0.381637	0.0000	10269
1509428436.5164759159	63795.7073	-62115.7174	0.381918	0.0000	10287
1509428436.6213378906	63795.9524	-62115.6195	0.382127	0.0000	10522
1509428436.7262771130	63796.2423	-62115.5035	0.382150	0.0000	10410
1509428436.8311979771	63796.4676	-62115.4134	0.382112	0.0000	10718
1509428436.9360520840	63796.7571	-62115.2975	0.381969	0.0000	10160
1509428437.0408189297	63797.0015	-62115.1997	0.381668	0.0000	10140
1509428437.1458160877	63797.2937	-62115.0827	0.381265	0.0000	10749
1509428437.2508521080	63797.5557	-62114.9780	0.380726	0.0000	10782
1509428437.3556439877	63797.8518	-62114.8598	0.380153	0.0000	10661
1509428437.4606881142	63798.0995	-62114.7608	0.379724	0.0000	10459
1509428437.5653851032	63798.3932	-62114.6436	0.379369	0.0000	10357
1509428437.6701600552	63798.6586	-62114.5377	0.378925	0.0000	10123
1509428437.7751529217	63798.9585	-62114.4184	0.378401	0.0000	9977
1509428437.8800289631	63799.2149	-62114.3166	0.377911	0.0000	9900
1509428437.9850060940	63799.5214	-62114.1953	0.377420	0.0000	9759
1509428438.0897998810	63799.7832	-62114.0920	0.376905	0.0000	9825
1509428438.1947491169	63800.0665	-62113.9807	0.376303	0.0000	9845
1509428438.2996709347	63800.3686	-62113.8622	0.375667	0.0000	9870
1509428438.4045379162	63800.6681	-62113.7452	0.375068	0.0000	9997
1509428438.5093100071	63800.9325	-62113.6422	0.374537	0.0000	10226
1509428438.6143429279	63801.2419	-62113.5220	0.374008	0.0000	10258
1509428438.7192230225	63801.5074	-62113.4191	0.373581	0.0000	10284
1509428438.8240439892	63801.8185	-62113.2988	0.373078	0.0000	10539
1509428438.9290020466	63802.0808	-62113.1976	0.372579	0.0000	10537
1509428439.0340130329	63802.3917	-62113.0775	0.372143	0.0000	10399
1509428439.1387770176	63802.6536	-62112.9763	0.371856	0.0000	9750
1509428439.2435989380	63802.9563	-62112.8592	0.371619	0.0000	10267
1509428439.3485920429	63803.2220	-62112.7562	0.371399	0.0000	10608
1509428439.4534680843	63803.5007	-62112.6481	0.371148	0.0000	10518
1509428439.5583930016	63803.7963	-62112.5335	0.370884	0.0000	10289
1509428439.6632680893	63804.0468	-62112.4365	0.370399	0.0000	10292
1509428439.7681379318	63804.3525	-62112.3184	0.369545	0.0000	10098
1509428439.8730080128	63804.6079	-62112.2201	0.368706	0.0000	10016
1509428439.9778809547	63804.9032	-62112.1065	0.368104	0.0000	10000
1509428440.0828130245	63805.1620	-62112.0071	0.367591	0.0000	9962
1509428440.1877338886	63805.4532	-62111.8954	0.367170	0.0000	9817
1509428440.2925579548	63805.7058	-62111.7985	0.366922	0.0000	9851
1509428440.3975141048	63806.0034	-62111.6846	0.366824	0.0000	9859
1509428440.5023341179	63806.2528	-62111.5892	0.366808	0.0000	9959
1509428440.6072990894	63806.5526	-62111.4745	0.366905	0.0000	10088
1509428440.7121551037	63806.8069	-62111.3770	0.367266	0.0000	10162
1509428440.8171141148	63807.1090	-62111.2609	0.367612	0.0000	10332
1509428440.9220449924	63807.3657	-62111.1622	0.367907	0.0000	10424
1509428441.0268609524	63807.6578	-62111.0496	0.368164	0.0000	10529
1509428441.1318171024	63807.9089	-62110.9527	0.368372	0.0000	10712
1509428441.2367870808	63808.2123	-62110.8356	0.368636	0.0000	10451
1509428441.3415191174	63808.4641	-62110.7382	0.368848	0.0000	10023
1509428441.4464180470	63808.7653	-62110.6217	0.369041	0.0000	10779
1509428441.5512530804	63809.0279	-62110.5199	0.369342	0.0000	10822
1509428441.6561920643	63809.3185	-62110.4070	0.369766	0.0000	10652
1509428441.7611460686	63809.5707	-62110.3087	0.370224	0.0000	10569
1509428441.8661630154	63809.8411	-62110.2030	0.370670	0.0000	10388
1509428441.9709930420	63810.1350	-62110.0880	0.371032	0.0000	10268
1509428442.0757410526	63810.3966	-62109.9856	0.371422	0.0000	10054
1509428442.1805419922	63810.6835	-62109.8731	0.371813	0.0000	10031
1509428442.2855799198	63810.9721	-62109.7600	0.372147	0.0000	10035
1509428442.3905360699	63811.2251	-62109.6609	0.372391	0.0000	9937
1509428442.4953899384	63811.4986	-62109.5536	0.372633	0.0000	10046
1509428442.6002409458	63811.7892	-62109.4396	0.372927	0.0000	10063
1509428442.7051599026	63812.0792	-62109.3261	0.373023	0.0000	10177
1509428442.8100099564	63812.3311	-62109.2276	0.372832	0.0000	10336
1509428442.9149160385	63812.6033	-62109.1217	0.372394	0.0000	10360
1509428443.0198628902	63812.8950	-62109.0083	0.371756	0.0000	10510
1509428443.1247389317	63813.1574	-62108.9065	0.371151	0.0000	10566
1509428443.2296409607	63813.4483	-62108.7937	0.370670	0.0000	10661
1509428443.3344750404	63813.7392	-62108.6813	0.370040	0.0000	10591
1509428443.4393370152	63814.0009	-62108.5806	0.369123	0.0000	9813
1509428443.5442879200	63814.2629	-62108.4802	0.368223	0.0000	10312
1509428443.6493051052	63814.5523	-62108.3696	0.367479	0.0000	10628
1509428443.7540159225	63814.8148	-62108.2695	0.366835	0.0000	10665
1509428443.8588840961	63815.1056	-62108.1588	0.366235	0.0000	10510
1509428443.9638040066	63815.3702	-62108.0582	0.365743	0.0000	10269
1509428444.0688259602	63815.6587	-62107.9485	0.365260	0.0000	10092
1509428444.1736900806	63815.9127	-62107.8520	0.364815	0.0000	9929
1509428444.2791149616	63816.2208	-62107.7350	0.364437	0.0000	9763
1509428444.3834900856	63816.4732	-62107.6393	0.364055	0.0000	9830
1509428444.4883561134	63816.7651	-62107.5285	0.363610	0.0000	9760
1509428444.5932900906	63817.0105	-62107.4356	0.363176	0.0000	9847
1509428444.6981420517	63817.3116	-62107.3217	0.362691	0.0000	10008
1509428444.8029630184	63817.5696	-62107.2243	0.362328	0.0000	10066
1509428444.9079020023	63817.8409	-62107.1220	0.362066	0.0000	9950
1509428445.0127480030	63818.1429	-62107.0081	0.361744	0.0000	10356
1509428445.1176929474	63818.4226	-62106.9026	0.361452	0.0000	10561
1509428445.2226400375	63818.6718	-62106.8088	0.361327	0.0000	10620
1509428445.3274860382	63818.9422	-62106.7068	0.361239	0.0000	10587
1509428445.4322750568	63819.2353	-62106.5963	0.361168	0.0000	10801
1509428445.5372359753	63819.4984	-62106.4970	0.361233	0.0000	10194
1509428445.6421029568	63819.7870	-62106.3882	0.361229	0.0000	10278
1509428445.7470319271	63820.0601	-62106.2852	0.361179	0.0000	10749
1509428445.8520770073	63820.3357	-62106.1813	0.361209	0.0000	10748
1509428445.9568660259	63820.6013	-62106.0812	0.361179	0.0000	10588
1509428446.0617170334	63820.8897	-62105.9723	0.361221	0.0000	10510
1509428446.1666328907	63821.1544	-62105.8723	0.361296	0.0000	10251
1509428446.2715458870	63821.4432	-62105.7631	0.361280	0.0000	9859
1509428446.3763771057	63821.7015	-62105.6657	0.361234	0.0000	10000
1509428446.4813699722	63821.9946	-62105.5552	0.361088	0.0000	9955
1509428446.5861721039	63822.2561	-62105.4568	0.360786	0.0000	9829
1509428446.6910979748	63822.5485	-62105.3469	0.360356	0.0000	9799
1509428446.7959430218	63822.8089	-62105.2490	0.359915	0.0000	9822
1509428446.9009180069	63823.1008	-62105.1394	0.359538	0.0000	9933
1509428447.0057709217	63823.3667	-62105.0398	0.359139	0.0000	10031
1509428447.1106638908	63823.6586	-62104.9307	0.358755	0.0000	9972
1509428447.2155039310	63823.9231	-62104.8321	0.358304	0.0000	10178
1509428447.3205089569	63824.2121	-62104.7245	0.357779	0.0000	10272
1509428447.4253640175	63824.4743	-62104.6272	0.357351	0.0000	10481
1509428447.5302479267	63824.7600	-62104.5212	0.357075	0.0000	10391
1509428447.6351320744	63825.0236	-62104.4237	0.356814	0.0000	10016
1509428447.7399919033	63825.3133	-62104.3165	0.356601	0.0000	9571
1509428447.8450679779	63825.5772	-62104.2189	0.356459	0.0000	10132
1509428447.9498159885	63825.8681	-62104.1112	0.356428	0.0000	10258
1509428448.0546920300	63826.1266	-62104.0155	0.356469	0.0000	10129
1509428448.1595709324	63826.3920	-62103.9172	0.356511	0.0000	9925
1509428448.2645020485	63826.6902	-62103.8065	0.356467	0.0000	9382
1509428448.3694291115	63826.9701	-62103.7026	0.356477	0.0000	9174
1509428448.4742939472	63827.2334	-62103.6048	0.356724	0.0000	9344
1509428448.5791890621	63827.5239	-62103.4968	0.357100	0.0000	9296
1509428448.6841781139	63827.7871	-62103.3988	0.357311	0.0000	9235
1509428448.7889139652	63828.0517	-62103.3003	0.357254	0.0000	9115
1509428448.8937649727	63828.3451	-62103.1909	0.357389	0.0000	9086
1509428448.9987509251	63828.6073	-62103.0930	0.357697	0.0000	9237
1509428449.1036360264	63828.8995	-62102.9838	0.357801	0.0000	9324
1509428449.2085030079	63829.1627	-62102.8854	0.357849	0.0000	9241
1509428449.3134040833	63829.4549	-62102.7760	0.358016	0.0000	9521
1509428449.4183049202	63829.7212	-62102.6764	0.358296	0.0000	9492
1509428449.5232229233	63830.0128	-62102.5673	0.358350	0.0000	9529
1509428449.6280729771	63830.2806	-62102.4673	0.358137	0.0000	9728
1509428449.7330100536	63830.5791	-62102.3560	0.358092	0.0000	9428
1509428449.8378479481	63830.8369	-62102.2596	0.358334	0.0000	8772
1509428449.9427559376	63831.1249	-62102.1517	0.358690	0.0000	9376
1509428450.0476109982	63831.3932	-62102.0510	0.359086	0.0000	9520
1509428450.1525490284	63831.6863	-62101.9407	0.359504	0.0000	9203
1509428450.2574288845	63831.9571	-62101.8388	0.359959	0.0000	8863
1509428450.3624360561	63832.2682	-62101.7216	0.360336	0.0000	8454
1509428450.4672150612	63832.5177	-62101.6276	0.360562	0.0000	8486
1509428450.5721080303	63832.8113	-62101.5169	0.360988	0.0000	8643
1509428450.6769990921	63833.0731	-62101.4180	0.361481	0.0000	8459
1509428450.7819058895	63833.3658	-62101.3071	0.362020	0.0000	8360
1509428450.8867349625	63833.6331	-62101.2057	0.362575	0.0000	8354
1509428450.9917180538	63833.9260	-62101.0943	0.362935	0.0000	8418
1509428451.0966999531	63834.1867	-62100.9950	0.363353	0.0000	8527
1509428451.2015049458	63834.4820	-62100.8824	0.363892	0.0000	8642
1509428451.3063199520	63834.7412	-62100.7835	0.364345	0.0000	8772
1509428451.4112489223	63835.0278	-62100.6741	0.364694	0.0000	8699
1509428451.5160710812	63835.2903	-62100.5738	0.365096	0.0000	8703
1509428451.6210329533	63835.5798	-62100.4630	0.365611	0.0000	8979
1509428451.7259340286	63835.8498	-62100.3594	0.366158	0.0000	8958
1509428451.8308188915	63836.1413	-62100.2475	0.366713	0.0000	8824
1509428451.9356570244	63836.4063	-62100.1456	0.367372	0.0000	8170
1509428452.0406539440	63836.6677	-62100.0449	0.368110	0.0000	8609
1509428452.1455280781	63836.9677	-62099.9293	0.368878	0.0000	8649
1509428452.2504229546	63837.2211	-62099.8316	0.369638	0.0000	8364
1509428452.3552100658	63837.5087	-62099.7204	0.370415	0.0000	8039
1509428452.4601991177	63837.7707	-62099.6190	0.371330	0.0000	7868
1509428452.5652420521	63838.0687	-62099.5034	0.372042	0.0000	8088
1509428452.6700899601	63838.3200	-62099.4060	0.372753	0.0000	8096
1509428452.7748699188	63838.6144	-62099.2915	0.373643	0.0000	7956
1509428452.8797349930	63838.8654	-62099.1936	0.374370	0.0000	7882
1509428452.9846010208	63839.1497	-62099.0824	0.374785	0.0000	7774
1509428453.0895600319	63839.4090	-62098.9811	0.375128	0.0000	7852
1509428453.1945109367	63839.7072	-62098.8644	0.375395	0.0000	7864
1509428453.2994120121	63839.9532	-62098.7681	0.375407	0.0000	8078
1509428453.4042420387	63840.2393	-62098.6560	0.375187	0.0000	8097
1509428453.5091381073	63840.4975	-62098.5547	0.374977	0.0000	8284
1509428453.6140000820	63840.7833	-62098.4426	0.374907	0.0000	8173
1509428453.7189030647	63841.0410	-62098.3414	0.374966	0.0000	8457
1509428453.8237950802	63841.3274	-62098.2289	0.374928	0.0000	8558
1509428453.9287309647	63841.5873	-62098.1270	0.374775	0.0000	8525
1509428454.0335659981	63841.8823	-62098.0115	0.374733	0.0000	7809
1509428454.1383919716	63842.1313	-62097.9140	0.374678	0.0000	8196
1509428454.2434039116	63842.4140	-62097.8034	0.374489	0.0000	8162
1509428454.3481769562	63842.6735	-62097.7019	0.374421	0.0000	8009
1509428454.4531500340	63842.9595	-62097.5900	0.374549	0.0000	7699
1509428454.5581281185	63843.2147	-62097.4901	0.374607	0.0000	7762
1509428454.6629331112	63843.5004	-62097.3783	0.374496	0.0000	8179
1509428454.7678248882	63843.7617	-62097.2762	0.374429	0.0000	8052
1509428454.8726770878	63844.0208	-62097.1748	0.374398	0.0000	7985
1509428454.9777069092	63844.3161	-62097.0593	0.374361	0.0000	7904
1509428455.0824890137	63844.5651	-62096.9619	0.374495	0.0000	7806
1509428455.1873168945	63844.8569	-62096.8475	0.374700	0.0000	7825
1509428455.2922739983	63845.1329	-62096.7392	0.374888	0.0000	7887
1509428455.3971691132	63845.3890	-62096.6386	0.375105	0.0000	8134
1509428455.5021679401	63845.6476	-62096.5371	0.375353	0.0000	8185
1509428455.6069819927	63845.9428	-62096.4210	0.375628	0.0000	8281
1509428455.7118949890	63846.2169	-62096.3131	0.375818	0.0000	8204
1509428455.8167259693	63846.4737	-62096.2119	0.375812	0.0000	8603
1509428455.9216670990	63846.7314	-62096.1103	0.375881	0.0000	8686
1509428456.0266139507	63847.0264	-62095.9940	0.376104	0.0000	8749
1509428456.1314430237	63847.2792	-62095.8941	0.376287	0.0000	8030
1509428456.2363550663	63847.5732	-62095.7778	0.376475	0.0000	8178
1509428456.3412361145	63847.8240	-62095.6785	0.376689	0.0000	8204
1509428456.4461169243	63848.1201	-62095.5610	0.376954	0.0000	8113
1509428456.5510280132	63848.3671	-62095.4629	0.377199	0.0000	7954
1509428456.6560590267	63848.6597	-62095.3464	0.377557	0.0000	8459
1509428456.7607939243	63848.9207	-62095.2423	0.378066	0.0000	8394
1509428456.8656949997	63849.2005	-62095.1304	0.378616	0.0000	8249
1509428456.9705629349	63849.4465	-62095.0318	0.379249	0.0000	8191
1509428457.0754170418	63849.7409	-62094.9134	0.380065	0.0000	8179
1509428457.1803770065	63849.9859	-62094.8146	0.380761	0.0000	8083
1509428457.2852330208	63850.2815	-62094.6952	0.381410	0.0000	8132
1509428457.3901569843	63850.5301	-62094.5944	0.382014	0.0000	8057
1509428457.4950079918	63850.8148	-62094.4789	0.382627	0.0000	8294
1509428457.5998899937	63851.0652	-62094.3769	0.383186	0.0000	8420
1509428457.7048280239	63851.3692	-62094.2532	0.383727	0.0000	8575
1509428457.8096690178	63851.6067	-62094.1562	0.384307	0.0000	8650
1509428457.9147140980	63851.8951	-62094.0384	0.384903	0.0000	8949
1509428458.0194211006	63852.1423	-62093.9374	0.385412	0.0000	9031
1509428458.1244080067	63852.4315	-62093.8192	0.385990	0.0000	9192
1509428458.2291340828	63852.6755	-62093.7192	0.386648	0.0000	8653
1509428458.3342020512	63852.9533	-62093.6052	0.387378	0.0000	8422
1509428458.4390199184	63853.2076	-62093.5004	0.388120	0.0000	8487
1509428458.5440280437	63853.4897	-62093.3842	0.388738	0.0000	8320
1509428458.6487879753	63853.7434	-62093.2796	0.389275	0.0000	8521
1509428458.7537519932	63854.0235	-62093.1643	0.389693	0.0000	8840
1509428458.8585910797	63854.2804	-62093.0588	0.389936	0.0000	8689
1509428458.9635179043	63854.5457	-62092.9499	0.390284	0.0000	8571
1509428459.0686080456	63854.8267	-62092.8345	0.390688	0.0000	8423
1509428459.1733400822	63855.0934	-62092.7250	0.390838	0.0000	8352
1509428459.2781770229	63855.3461	-62092.6213	0.390790	0.0000	8307
1509428459.3831360340	63855.7085	-62092.4728	0.390885	0.0000	8281
1509428459.4881200790	63855.8681	-62092.4076	0.391087	0.0000	8258
1509428459.5928840637	63856.1371	-62092.2974	0.391141	0.0000	8351
1509428459.6978690624	63856.4334	-62092.1762	0.390949	0.0000	8564
1509428459.8026809692	63856.6678	-62092.0806	0.390954	0.0000	8797
1509428459.9075629711	63856.9677	-62091.9579	0.391218	0.0000	8675
1509428460.0124509335	63857.2080	-62091.8597	0.391310	0.0000	8935
1509428460.1174149513	63857.4970	-62091.7414	0.391181	0.0000	9110
1509428460.2222509384	63857.7288	-62091.6467	0.391309	0.0000	9261
1509428460.3271310329	63858.0255	-62091.5248	0.391639	0.0000	9098
1509428460.4320209026	63858.2714	-62091.4237	0.391861	0.0000	8477
1509428460.5369210243	63858.5461	-62091.3107	0.391655	0.0000	8693
1509428460.6418440342	63858.7888	-62091.2109	0.391328	0.0000	8685
1509428460.7467238903	63859.0892	-62091.0875	0.391213	0.0000	9064
1509428460.8516430855	63859.3366	-62090.9858	0.391119	0.0000	9276
1509428460.9565479755	63859.6310	-62090.8648	0.390910	0.0000	9067
1509428461.0613870621	63859.8771	-62090.7637	0.390699	0.0000	8958
1509428461.1662828922	63860.1759	-62090.6411	0.390583	0.0000	8862
1509428461.2711629868	63860.4269	-62090.5380	0.390478	0.0000	8743
1509428461.3761250973	63860.7238	-62090.4162	0.390235	0.0000	8710
1509428461.4811511040	63860.9777	-62090.3121	0.389900	0.0000	8676
1509428461.5858430862	63861.2791	-62090.1885	0.389510	0.0000	8743
1509428461.6906189919	63861.5364	-62090.0831	0.389055	0.0000	8659
1509428461.7956340313	63861.8406	-62089.9587	0.388553	0.0000	8769
1509428461.9006240368	63862.1022	-62089.8519	0.388154	0.0000	9025
1509428462.0054759979	63862.4115	-62089.7258	0.387963	0.0000	9087
1509428462.1103899479	63862.6741	-62089.6188	0.387882	0.0000	8977
1509428462.2152199745	63862.9792	-62089.4944	0.387850	0.0000	9425
1509428462.3203101158	63863.2442	-62089.3865	0.387517	0.0000	9450
1509428462.4250330925	63863.5203	-62089.2743	0.386907	0.0000	9587
1509428462.5299379826	63863.8106	-62089.1567	0.386361	0.0000	9069
1509428462.6348180771	63864.0805	-62089.0479	0.385718	0.0000	8700
1509428462.7397649288	63864.3793	-62088.9276	0.384930	0.0000	8759
1509428462.8446180820	63864.6434	-62088.8216	0.384102	0.0000	9341
1509428462.9496130943	63864.9519	-62088.6980	0.383427	0.0000	9347
1509428463.0543909073	63865.2115	-62088.5942	0.382832	0.0000	9207
1509428463.1592679024	63865.5156	-62088.4728	0.381994	0.0000	8992
1509428463.2641470432	63865.7760	-62088.3690	0.381213	0.0000	8764
1509428463.3690159321	63866.0697	-62088.2521	0.380911	0.0000	8513
1509428463.4739079475	63866.3297	-62088.1487	0.380470	0.0000	8363
1509428463.5788180828	63866.6387	-62088.0260	0.379440	0.0000	8351
1509428463.6837179661	63866.9003	-62087.9226	0.378538	0.0000	8261
1509428463.7886149883	63867.2071	-62087.8014	0.377935	0.0000	8282
1509428463.8935470581	63867.4743	-62087.6962	0.377185	0.0000	8126
1509428463.9983980656	63867.7776	-62087.5768	0.376139	0.0000	8257
1509428464.1034579277	63868.0459	-62087.4714	0.375122	0.0000	8439
1509428464.2082140446	63868.3630	-62087.3470	0.374495	0.0000	8383
1509428464.3130669594	63868.6374	-62087.2395	0.374234	0.0000	7956
1509428464.4179708958	63868.9604	-62087.1128	0.373927	0.0000	8451
1509428464.5227429867	63869.2375	-62087.0043	0.373454	0.0000	8667
1509428464.6277439594	63869.5625	-62086.8773	0.373130	0.0000	8789
1509428464.7326669693	63869.8486	-62086.7655	0.373058	0.0000	7927
1509428464.8375499249	63870.1848	-62086.6343	0.373093	0.0000	8065
1509428464.9423549175	63870.4726	-62086.5221	0.373119	0.0000	8448
1509428465.0473499298	63870.8105	-62086.3902	0.373130	0.0000	8425
1509428465.1522090435	63871.1022	-62086.2762	0.373081	0.0000	8485
1509428465.2571198940	63871.4179	-62086.1526	0.373088	0.0000	8310
1509428465.3619749546	63871.7557	-62086.0202	0.373125	0.0000	8093
1509428465.4668929577	63872.0634	-62085.8996	0.372991	0.0000	7862
1509428465.5717730522	63872.4061	-62085.7651	0.372921	0.0000	7835
1509428465.6766738892	63872.7015	-62085.6492	0.372871	0.0000	7695
1509428465.7815399170	63873.0458	-62085.5143	0.372738	0.0000	7532
1509428465.8864440918	63873.3899	-62085.3794	0.372680	0.0000	7538
1509428465.9913480282	63873.6894	-62085.2618	0.372734	0.0000	7374
1509428466.0962679386	63874.0095	-62085.1362	0.372825	0.0000	7380
1509428466.2011609077	63874.3550	-62085.0006	0.372916	0.0000	7475
1509428466.3060200214	63874.6989	-62084.8656	0.373053	0.0000	7666
1509428466.4109680653	63875.0035	-62084.7460	0.373172	0.0000	7703
1509428466.5160040855	63875.3241	-62084.6201	0.373220	0.0000	7255
1509428466.6207699776	63875.6744	-62084.4827	0.373055	0.0000	7317
1509428466.7257390022	63876.0203	-62084.3474	0.372773	0.0000	7642
1509428466.8304951191	63876.3207	-62084.2301	0.372487	0.0000	7758
1509428466.9353981018	63876.6293	-62084.1097	0.372240	0.0000	7012
1509428467.0403070450	63876.9861	-62083.9707	0.372069	0.0000	7299
1509428467.1452400684	63877.2983	-62083.8493	0.371785	0.0000	7536
1509428467.2501049042	63877.6418	-62083.7161	0.371434	0.0000	7805
1509428467.3549780846	63877.9510	-62083.5966	0.371063	0.0000	7605
1509428467.4599149227	63878.2922	-62083.4653	0.370454	0.0000	7407
1509428467.5647699833	63878.5982	-62083.3483	0.369765	0.0000	7227
1509428467.6696870327	63878.9388	-62083.2184	0.369216	0.0000	6988
1509428467.7746000290	63879.2400	-62083.1039	0.368745	0.0000	6866
1509428467.8794391155	63879.5944	-62082.9692	0.368189	0.0000	6730
1509428467.9842560291	63879.8947	-62082.8555	0.367723	0.0000	6682
1509428468.0891859531	63880.2455	-62082.7227	0.367317	0.0000	6769
1509428468.1941800117	63880.5456	-62082.6092	0.367188	0.0000	6735
1509428468.2990639210	63880.8978	-62082.4760	0.367119	0.0000	6770
1509428468.4039270878	63881.1956	-62082.3635	0.367027	0.0000	7074
1509428468.5089030266	63881.5481	-62082.2304	0.366765	0.0000	7253
1509428468.6140210629	63881.8418	-62082.1197	0.366480	0.0000	7226
1509428468.7187008858	63882.1931	-62081.9873	0.366328	0.0000	6947
1509428468.8233959675	63882.4879	-62081.8761	0.366232	0.0000	6939
1509428468.9283399582	63882.8094	-62081.7548	0.366053	0.0000	7525
1509428469.0331759453	63883.1539	-62081.6245	0.366139	0.0000	7007
1509428469.1381421089	63883.4651	-62081.5067	0.366135	0.0000	7176
1509428469.2430551052	63883.8041	-62081.3783	0.365732	0.0000	7921
1509428469.3480091095	63884.1096	-62081.2628	0.365134	0.0000	7912
1509428469.4528028965	63884.4640	-62081.1289	0.364572	0.0000	7812
1509428469.5577499866	63884.7577	-62081.0181	0.364020	0.0000	7691
1509428469.6625490189	63885.0951	-62080.8908	0.363543	0.0000	7542
1509428469.7675390244	63885.4325	-62080.7635	0.363257	0.0000	7399
1509428469.8724019527	63885.7224	-62080.6541	0.363011	0.0000	7341
1509428469.9773099422	63886.0416	-62080.5336	0.362914	0.0000	7324
1509428470.0822029114	63886.3860	-62080.4035	0.362994	0.0000	7246
1509428470.1871008873	63886.6981	-62080.2857	0.363106	0.0000	7295
1509428470.2919709682	63887.0411	-62080.1561	0.363185	0.0000	7216
1509428470.3968470097	63887.3495	-62080.0398	0.363079	0.0000	7282
1509428470.5017690659	63887.7140	-62079.9022	0.362909	0.0000	7402
1509428470.6066489220	63887.9973	-62079.7951	0.362990	0.0000	7635
1509428470.7115659714	63888.3267	-62079.6703	0.363389	0.0000	7897
1509428470.8164350986	63888.6447	-62079.5494	0.363945	0.0000	7959
1509428470.9214420319	63888.9993	-62079.4143	0.364297	0.0000	7659
1509428471.0262160301	63889.3142	-62079.2939	0.364621	0.0000	7637
1509428471.1311171055	63889.6485	-62079.1661	0.364902	0.0000	7982
1509428471.2360041142	63889.9526	-62079.0497	0.365139	0.0000	7595
1509428471.3409969807	63890.2939	-62078.9189	0.365729	0.0000	8324
1509428471.4457039833	63890.6139	-62078.7959	0.366293	0.0000	8776
1509428471.5506570339	63890.9578	-62078.6636	0.366494	0.0000	8706
1509428471.6555430889	63891.2743	-62078.5422	0.366702	0.0000	8589
1509428471.7604730129	63891.6182	-62078.4104	0.366915	0.0000	8587
1509428471.8653740883	63891.9140	-62078.2971	0.366872	0.0000	8387
1509428471.9702920914	63892.2688	-62078.1613	0.366457	0.0000	8309
1509428472.0750229359	63892.5862	-62078.0400	0.365624	0.0000	8256
1509428472.1799728870	63892.9493	-62077.9014	0.364512	0.0000	8242
1509428472.2849149704	63893.2842	-62077.7739	0.363652	0.0000	8183
1509428472.3896279335	63893.6504	-62077.6347	0.363149	0.0000	8333
1509428472.4946939945	63893.9710	-62077.5126	0.362759	0.0000	8279
1509428472.5993540287	63894.3123	-62077.3827	0.362436	0.0000	8310
1509428472.7040910721	63894.6947	-62077.2370	0.362241	0.0000	8276
1509428472.8090000153	63895.0253	-62077.1109	0.362307	0.0000	8567
1509428472.9137539864	63895.4028	-62076.9668	0.362607	0.0000	8856
1509428473.0188241005	63895.7449	-62076.8359	0.362908	0.0000	8961
1509428473.1235809326	63896.1248	-62076.6904	0.363271	0.0000	9193
1509428473.2284069061	63896.4648	-62076.5599	0.363814	0.0000	9219
1509428473.3333120346	63896.8560	-62076.4098	0.364359	0.0000	8858
1509428473.4380791187	63897.1907	-62076.2814	0.364791	0.0000	8524
1509428473.5429260731	63897.5752	-62076.1340	0.365207	0.0000	9196
1509428473.6477708817	63897.9245	-62076.0000	0.365664	0.0000	9478
1509428473.7526140213	63898.3127	-62075.8508	0.366282	0.0000	9361
1509428473.8575029373	63898.6607	-62075.7166	0.367120	0.0000	9155
1509428473.9623479843	63899.0503	-62075.5662	0.367725	0.0000	8809
1509428474.0671100616	63899.4034	-62075.4298	0.368046	0.0000	8564
1509428474.1719589233	63899.7918	-62075.2797	0.368419	0.0000	8594
1509428474.2768349648	63900.1387	-62075.1457	0.368905	0.0000	8457
1509428474.3816740513	63900.5358	-62074.9921	0.369469	0.0000	8413
1509428474.4864909649	63900.8859	-62074.8564	0.370064	0.0000	8340
1509428474.5912580490	63901.2690	-62074.7076	0.370698	0.0000	8458
1509428474.6961050034	63901.6242	-62074.5695	0.371414	0.0000	8399
1509428474.8009829521	63902.0091	-62074.4196	0.372013	0.0000	8381
1509428474.9058310986	63902.3706	-62074.2788	0.372536	0.0000	8424
1509428475.0106110573	63902.7645	-62074.1252	0.372950	0.0000	8661
1509428475.1154859066	63903.1159	-62073.9883	0.373216	0.0000	8874
1509428475.2203149796	63903.5019	-62073.8377	0.373269	0.0000	9201
1509428475.3252139091	63903.8495	-62073.7024	0.372958	0.0000	9099
1509428475.4300088882	63904.2351	-62073.5527	0.372124	0.0000	9295
1509428475.5349380970	63904.5799	-62073.4197	0.370872	0.0000	9222
1509428475.6396920681	63904.9654	-62073.2715	0.369551	0.0000	8545
1509428475.7445271015	63905.2982	-62073.1440	0.368529	0.0000	9369
1509428475.8494119644	63905.6972	-62072.9912	0.367767	0.0000	9383
1509428475.9541869164	63906.0370	-62072.8611	0.367262	0.0000	9346
1509428476.0590538979	63906.4031	-62072.7208	0.367102	0.0000	9072
1509428476.1639900208	63906.8052	-62072.5666	0.367134	0.0000	8762
1509428476.2687530518	63907.1831	-62072.4217	0.367165	0.0000	8789
1509428476.3736410141	63907.5117	-62072.2957	0.367133	0.0000	8742
1509428476.4784479141	63907.9033	-62072.1455	0.367070	0.0000	8547
1509428476.5833830833	63908.2509	-62072.0120	0.367201	0.0000	8526
1509428476.6881170273	63908.5922	-62071.8807	0.367653	0.0000	8406
1509428476.7929849625	63908.9753	-62071.7333	0.368180	0.0000	8422
1509428476.8977580070	63909.3276	-62071.5977	0.368392	0.0000	8465
1509428477.0026481152	63909.7089	-62071.4511	0.368544	0.0000	8280
1509428477.1074628830	63910.0599	-62071.3165	0.368799	0.0000	8359
1509428477.2122900486	63910.4449	-62071.1687	0.369104	0.0000	8425
1509428477.3172430992	63910.7954	-62071.0342	0.369312	0.0000	8482
1509428477.4220321178	63911.1884	-62070.8834	0.369278	0.0000	8825
1509428477.5268509388	63911.5335	-62070.7512	0.369092	0.0000	9011
1509428477.6316521168	63911.9182	-62070.6037	0.369012	0.0000	9102
1509428477.7365310192	63912.2688	-62070.4693	0.369058	0.0000	8549
1509428477.8413820267	63912.6554	-62070.3207	0.369114	0.0000	8444
1509428477.9462060928	63913.0091	-62070.1845	0.369132	0.0000	8959
1509428478.0510549545	63913.3940	-62070.0360	0.369062	0.0000	9156
1509428478.1558461189	63913.7400	-62069.9024	0.368800	0.0000	8905
1509428478.2607140541	63914.1258	-62069.7535	0.368482	0.0000	8663
1509428478.3655040264	63914.4744	-62069.6190	0.368235	0.0000	8820
1509428478.4704000950	63914.8624	-62069.4694	0.368015	0.0000	8567
1509428478.5752708912	63915.2138	-62069.3339	0.367845	0.0000	8418
1509428478.6800839901	63915.6957	-62069.1479	0.367694	0.0000	8275
1509428478.7848761082	63915.9261	-62069.0588	0.367712	0.0000	8271
1509428478.8897640705	63916.3343	-62068.9010	0.367770	0.0000	8241
1509428478.9946548939	63916.6994	-62068.7598	0.367845	0.0000	8324
1509428479.0994260311	63917.0805	-62068.6125	0.367922	0.0000	8274
1509428479.2042980194	63917.4399	-62068.4736	0.367942	0.0000	8214
1509428479.3090920448	63917.8297	-62068.3230	0.367934	0.0000	8176
1509428479.4139180183	63918.1686	-62068.1920	0.368041	0.0000	8618
1509428479.5188200474	63918.5339	-62068.0507	0.368136	0.0000	8477
1509428479.6235818863	63918.9184	-62067.9020	0.368119	0.0000	8686
1509428479.7285170555	63919.3098	-62067.7505	0.368213	0.0000	8894
1509428479.8332889080	63919.6499	-62067.6187	0.368470	0.0000	9080
1509428479.9380741119	63920.0167	-62067.4764	0.368816	0.0000	8435
1509428480.0430209637	63920.4105	-62067.3236	0.369119	0.0000	8514
1509428480.1478428841	63920.7678	-62067.1850	0.369240	0.0000	9119
1509428480.2526419163	63921.1921	-62067.0202	0.369312	0.0000	9064
1509428480.3575370312	63921.5088	-62066.8971	0.369574	0.0000	8856
1509428480.4623749256	63921.9065	-62066.7425	0.369970	0.0000	8800
1509428480.5671930313	63922.2580	-62066.6057	0.370295	0.0000	8693
1509428480.6720681190	63922.6513	-62066.4524	0.370553	0.0000	8544
1509428480.7768800259	63923.0010	-62066.3158	0.370785	0.0000	8412
1509428480.8816990852	63923.3924	-62066.1630	0.371098	0.0000	8340
1509428480.9865570068	63923.7379	-62066.0280	0.371626	0.0000	8249
1509428481.0913701057	63924.1285	-62065.8752	0.372104	0.0000	8163
1509428481.1962199211	63924.4764	-62065.7391	0.372447	0.0000	8163
1509428481.3010818958	63924.8678	-62065.5859	0.372731	0.0000	8140
1509428481.4059059620	63925.2222	-62065.4470	0.373038	0.0000	8064
1509428481.5107359886	63925.6102	-62065.2948	0.373392	0.0000	7945
1509428481.6155910492	63925.9634	-62065.1561	0.373657	0.0000	8020
1509428481.7204549313	63926.3533	-62065.0030	0.373880	0.0000	8232
1509428481.8253090382	63926.7053	-62064.8647	0.374136	0.0000	8413
1509428481.9301199913	63927.0980	-62064.7104	0.374339	0.0000	8668
1509428482.0349628925	63927.4359	-62064.5778	0.374498	0.0000	8632
1509428482.1398708820	63927.8370	-62064.4204	0.374679	0.0000	7942
1509428482.2446250916	63928.1864	-62064.2836	0.374848	0.0000	8245
1509428482.3494069576	63928.5408	-62064.1449	0.374933	0.0000	8396
1509428482.4542939663	63928.9282	-62063.9932	0.375032	0.0000	8350
1509428482.5593008995	63929.2833	-62063.8542	0.375259	0.0000	8214
1509428482.6639709473	63929.6748	-62063.7005	0.375604	0.0000	8091
1509428482.7688109875	63930.0303	-62063.5605	0.375980	0.0000	7744
1509428482.8736031055	63930.4193	-62063.4068	0.376287	0.0000	7609
1509428482.9785180092	63930.7703	-62063.2681	0.376341	0.0000	7542
1509428483.0834650993	63931.1591	-62063.1144	0.376377	0.0000	7391
1509428483.1882181168	63931.5137	-62062.9741	0.376536	0.0000	7323
1509428483.2931599617	63931.9051	-62062.8192	0.376643	0.0000	7235
1509428483.3978769779	63932.2589	-62062.6793	0.376617	0.0000	7302
1509428483.5027079582	63932.6483	-62062.5255	0.376556	0.0000	7451
1509428483.6075859070	63933.0012	-62062.3861	0.376687	0.0000	7257
1509428483.7123799324	63933.3861	-62062.2342	0.376782	0.0000	7228
1509428483.8172259331	63933.7898	-62062.0749	0.376754	0.0000	7245
1509428483.9220728874	63934.1531	-62061.9316	0.376629	0.0000	7521
1509428484.0269119740	63934.5388	-62061.7797	0.376515	0.0000	7861
1509428484.1317360401	63934.8929	-62061.6405	0.376471	0.0000	8127
1509428484.2366158962	63935.2898	-62061.4846	0.376438	0.0000	8151
1509428484.3414208889	63935.6415	-62061.3466	0.376407	0.0000	7495
1509428484.4462831020	63935.9962	-62061.2073	0.376202	0.0000	7877
1509428484.5511078835	63936.3868	-62061.0539	0.375573	0.0000	8103
1509428484.6559760571	63936.7749	-62060.9016	0.374380	0.0000	8331
1509428484.7608048916	63937.1334	-62060.7613	0.373065	0.0000	8244
1509428484.8656539917	63937.5319	-62060.6057	0.372089	0.0000	7876
1509428484.9705009460	63937.8990	-62060.4627	0.371376	0.0000	7860
1509428485.0753350258	63938.2543	-62060.3245	0.370484	0.0000	7836
1509428485.1802499294	63938.6686	-62060.1638	0.369191	0.0000	7684
1509428485.2849450111	63939.0163	-62060.0298	0.367988	0.0000	7666
1509428485.3898959160	63939.4272	-62059.8724	0.366773	0.0000	7600
1509428485.4946238995	63939.7735	-62059.7403	0.365752	0.0000	7728
1509428485.5995299816	63940.1805	-62059.5854	0.364841	0.0000	7718
1509428485.7044680119	63940.5615	-62059.4405	0.364334	0.0000	7760
1509428485.8092000484	63940.9056	-62059.3097	0.364204	0.0000	7701
1509428485.9139730930	63941.2710	-62059.1708	0.364118	0.0000	7738
1509428486.0189108849	63941.6748	-62059.0174	0.363878	0.0000	7599
1509428486.1237609386	63942.0386	-62058.8796	0.363576	0.0000	7901
1509428486.2285740376	63942.4387	-62058.7280	0.363449	0.0000	8231
1509428486.3333249092	63942.8012	-62058.5907	0.363464	0.0000	8472
1509428486.4382519722	63943.1912	-62058.4428	0.363498	0.0000	8584
1509428486.5430970192	63943.5469	-62058.3078	0.363464	0.0000	7888
1509428486.6480419636	63943.9315	-62058.1615	0.363484	0.0000	8518
1509428486.7527670860	63944.2909	-62058.0247	0.363484	0.0000	8814
1509428486.8576030731	63944.6802	-62057.8766	0.363125	0.0000	8666
1509428486.9628500938	63945.0717	-62057.7280	0.362549	0.0000	8510
1509428487.0672729015	63945.4109	-62057.5995	0.362017	0.0000	8380
1509428487.1721510887	63945.7735	-62057.4623	0.361520	0.0000	8325
1509428487.2769770622	63946.1619	-62057.3153	0.361133	0.0000	8164
1509428487.3818008900	63946.5105	-62057.1832	0.361061	0.0000	8077
1509428487.4866659641	63946.9064	-62057.0329	0.361257	0.0000	8048
1509428487.5914170742	63947.2868	-62056.8882	0.361606	0.0000	7907
1509428487.6964030266	63947.6256	-62056.7589	0.362018	0.0000	7933
1509428487.8011789322	63947.9810	-62056.6230	0.362443	0.0000	7960
1509428487.9059860706	63948.3700	-62056.4741	0.362952	0.0000	7983
1509428488.0108659267	63948.7157	-62056.3412	0.363453	0.0000	8083
1509428488.1156949997	63949.1015	-62056.1928	0.363957	0.0000	8195
1509428488.2211320400	63949.4497	-62056.0584	0.364488	0.0000	8053
1509428488.3253569603	63949.8276	-62055.9124	0.365009	0.0000	7951
1509428488.4302029610	63950.1751	-62055.7779	0.365425	0.0000	8486
1509428488.5350549221	63950.5511	-62055.6325	0.365252	0.0000	8686
1509428488.6398909092	63950.8794	-62055.5058	0.364586	0.0000	8477
1509428488.7446539402	63951.2374	-62055.3678	0.363997	0.0000	7967
1509428488.8495891094	63951.6175	-62055.2216	0.363587	0.0000	8575
1509428488.9544739723	63952.0400	-62055.0595	0.363298	0.0000	8413
1509428489.0592350960	63952.3129	-62054.9549	0.363047	0.0000	8507
1509428489.1642739773	63952.6755	-62054.8163	0.362625	0.0000	8439
1509428489.2689280510	63953.0604	-62054.6696	0.362333	0.0000	8348
1509428489.3736839294	63953.4426	-62054.5243	0.362230	0.0000	8367
1509428489.4786489010	63953.7866	-62054.3939	0.362141	0.0000	8160
1509428489.5837070942	63954.1674	-62054.2497	0.362092	0.0000	8050
1509428489.6883249283	63954.4979	-62054.1248	0.362143	0.0000	8020
1509428489.7931249142	63954.8563	-62053.9894	0.362229	0.0000	7944
1509428489.8979949951	63955.2393	-62053.8450	0.362233	0.0000	8027
1509428490.0027880669	63955.6201	-62053.7018	0.362075	0.0000	8143
1509428490.1076810360	63955.9568	-62053.5755	0.361814	0.0000	8098
1509428490.2124300003	63956.3152	-62053.4415	0.361496	0.0000	8399
1509428490.3173561096	63956.6978	-62053.2984	0.361266	0.0000	8395
1509428490.4222900867	63957.0856	-62053.1534	0.361015	0.0000	8438
1509428490.5270829201	63957.4233	-62053.0275	0.360673	0.0000	8522
1509428490.6318769455	63957.7908	-62052.8906	0.360197	0.0000	8067
1509428490.7366929054	63958.1773	-62052.7469	0.359638	0.0000	8658
1509428490.8415410519	63958.5258	-62052.6179	0.359078	0.0000	8175
1509428490.9463748932	63958.9131	-62052.4746	0.358472	0.0000	8155
1509428491.0512518883	63959.2672	-62052.3440	0.357835	0.0000	8412
1509428491.1560559273	63959.6566	-62052.2004	0.357365	0.0000	8669
1509428491.2609059811	63959.9946	-62052.0760	0.357051	0.0000	8368
1509428491.3657410145	63960.3583	-62051.9421	0.356894	0.0000	8405
1509428491.4705829620	63960.7683	-62051.7911	0.356741	0.0000	8266
1509428491.5754671097	63961.1476	-62051.6513	0.356498	0.0000	7989
1509428491.6803019047	63961.5006	-62051.5214	0.356290	0.0000	7938
1509428491.7851049900	63961.8958	-62051.3758	0.356183	0.0000	7739
1509428491.8898830414	63962.2543	-62051.2438	0.356116	0.0000	7696
1509428491.9947249889	63962.6122	-62051.1121	0.355967	0.0000	7686
1509428492.0996661186	63963.0206	-62050.9617	0.355669	0.0000	7772
1509428492.2045300007	63963.4092	-62050.8187	0.355263	0.0000	7841
1509428492.3093159199	63963.7494	-62050.6937	0.354875	0.0000	7864
1509428492.4140889645	63964.1670	-62050.5403	0.354447	0.0000	8010
1509428492.5190320015	63964.5249	-62050.4091	0.354026	0.0000	8177
1509428492.6237421036	63964.8900	-62050.2753	0.353731	0.0000	8269
1509428492.7287020683	63965.3030	-62050.1239	0.353514	0.0000	8391
1509428492.8335330486	63965.6895	-62049.9822	0.353463	0.0000	8190
1509428492.9383649826	63966.0508	-62049.8496	0.353518	0.0000	8075
1509428493.0431549549	63966.4557	-62049.7009	0.353507	0.0000	7957
1509428493.1480870247	63966.8003	-62049.5743	0.353441	0.0000	8011
1509428493.2528119087	63967.1637	-62049.4407	0.353385	0.0000	8271
1509428493.3577139378	63967.5433	-62049.3012	0.353339	0.0000	8290
1509428493.4626441002	63967.9492	-62049.1518	0.353389	0.0000	8287
1509428493.5673849583	63968.3105	-62049.0190	0.353423	0.0000	8230
1509428493.6721189022	63968.7187	-62048.8689	0.353261	0.0000	8019
1509428493.7770400047	63969.0899	-62048.7328	0.352944	0.0000	7763
1509428493.8820290565	63969.4963	-62048.5840	0.352589	0.0000	7801
1509428493.9868109226	63969.9070	-62048.4336	0.352433	0.0000	7727
1509428494.0916221142	63970.2639	-62048.3029	0.352624	0.0000	7748
1509428494.1964390278	63970.6554	-62048.1593	0.352860	0.0000	7772
1509428494.3012979031	63971.0611	-62048.0103	0.352966	0.0000	7887
1509428494.4060850143	63971.4300	-62047.8747	0.353052	0.0000	7943
1509428494.5109949112	63971.8422	-62047.7233	0.353193	0.0000	8049
1509428494.6158130169	63972.2047	-62047.5901	0.353490	0.0000	8094
1509428494.7206189632	63972.6112	-62047.4407	0.353766	0.0000	8314
1509428494.8254890442	63972.9852	-62047.3031	0.354056	0.0000	8472
1509428494.9303119183	63973.3947	-62047.1522	0.354632	0.0000	8678
1509428495.0352048874	63973.7591	-62047.0175	0.355129	0.0000	8664
1509428495.1400220394	63974.1647	-62046.8672	0.355350	0.0000	8309
1509428495.2447841167	63974.5333	-62046.7303	0.355576	0.0000	8164
1509428495.3496949673	63974.9390	-62046.5792	0.355943	0.0000	8386
1509428495.4545400143	63975.3098	-62046.4409	0.356395	0.0000	8803
1509428495.5593600273	63975.7178	-62046.2881	0.356832	0.0000	8923
1509428495.6641709805	63976.0666	-62046.1571	0.357154	0.0000	8824
1509428495.7690570354	63976.4816	-62046.0009	0.357463	0.0000	8718
1509428495.8739941120	63976.8336	-62045.8683	0.357743	0.0000	8460
1509428495.9787440300	63977.2478	-62045.7122	0.358026	0.0000	8410
1509428496.0836360455	63977.6000	-62045.5791	0.358259	0.0000	8164
1509428496.1885099411	63978.0133	-62045.4230	0.358668	0.0000	8195
1509428496.2932870388	63978.3778	-62045.2849	0.359086	0.0000	8186
1509428496.3980779648	63978.7771	-62045.1337	0.359368	0.0000	8244
1509428496.5029120445	63979.1206	-62045.0035	0.359590	0.0000	8382
1509428496.6077680588	63979.4945	-62044.8620	0.359845	0.0000	8484
1509428496.7126030922	63979.8939	-62044.7110	0.360077	0.0000	8537
1509428496.8174540997	63980.2547	-62044.5743	0.360385	0.0000	8612
1509428496.9223990440	63980.6501	-62044.4244	0.360797	0.0000	8832
1509428497.0271160603	63981.0499	-62044.2726	0.361255	0.0000	9092
1509428497.1319189072	63981.3922	-62044.1427	0.361640	0.0000	9257
1509428497.2368190289	63981.7674	-62044.0005	0.361748	0.0000	9255
1509428497.3416469097	63982.1614	-62043.8514	0.361721	0.0000	8810
1509428497.4465339184	63982.5226	-62043.7150	0.361683	0.0000	8535
1509428497.5513141155	63982.9138	-62043.5673	0.361783	0.0000	8995
1509428497.6561799049	63983.2694	-62043.4329	0.362206	0.0000	9362
1509428497.7609930038	63983.6573	-62043.2858	0.362726	0.0000	9304
1509428497.8658699989	63984.0091	-62043.1519	0.363154	0.0000	9156
1509428497.9707260132	63984.3969	-62043.0041	0.363503	0.0000	8926
1509428498.0755569935	63984.7447	-62042.8713	0.363853	0.0000	8972
1509428498.1804161072	63985.1322	-62042.7233	0.364251	0.0000	8735
1509428498.2851989269	63985.4870	-62042.5875	0.364705	0.0000	8575
1509428498.3900849819	63985.8730	-62042.4397	0.365230	0.0000	8582
1509428498.4949119091	63986.2196	-62042.3066	0.365735	0.0000	8538
1509428498.5996420383	63986.6059	-62042.1580	0.366260	0.0000	8528
1509428498.7045741081	63986.9409	-62042.0287	0.366932	0.0000	8591
1509428498.8094151020	63987.3318	-62041.8775	0.367629	0.0000	8692
1509428498.9142599106	63987.6798	-62041.7426	0.368393	0.0000	8845
1509428499.0190470219	63988.0597	-62041.5951	0.369320	0.0000	8902
1509428499.1239740849	63988.3996	-62041.4627	0.370426	0.0000	8926
1509428499.2287828922	63988.7774	-62041.3153	0.371604	0.0000	9042
1509428499.3336820602	63989.1170	-62041.1823	0.372637	0.0000	9318
1509428499.4384589195	63989.4918	-62041.0352	0.373608	0.0000	9427
1509428499.5433869362	63989.8157	-62040.9078	0.374491	0.0000	9019
1509428499.6481359005	63990.1988	-62040.7570	0.375190	0.0000	8533
1509428499.7529211044	63990.5285	-62040.6269	0.375499	0.0000	8937
1509428499.8578140736	63990.9114	-62040.4759	0.375512	0.0000	9221
1509428499.9626820087	63991.2386	-62040.3470	0.375545	0.0000	9107
1509428500.0675120354	63991.5879	-62040.2095	0.375499	0.0000	8862
1509428500.1723170280	63991.9609	-62040.0629	0.375222	0.0000	8460
1509428500.2771799564	63992.2950	-62039.9319	0.374738	0.0000	8547
1509428500.3820810318	63992.6625	-62039.7880	0.374268	0.0000	8233
1509428500.4869000912	63993.0328	-62039.6430	0.373947	0.0000	8218
1509428500.5916330814	63993.3584	-62039.5155	0.373759	0.0000	8256
1509428500.6965498924	63993.7333	-62039.3688	0.373516	0.0000	8101
1509428500.8016591072	63994.0599	-62039.2409	0.373318	0.0000	8128
1509428500.9062058926	63994.4058	-62039.1054	0.373263	0.0000	8199
1509428501.0110740662	63994.7822	-62038.9579	0.373208	0.0000	8271
1509428501.1159300804	63995.1590	-62038.8102	0.373049	0.0000	8277
1509428501.2207798958	63995.5001	-62038.6767	0.372760	0.0000	8420
1509428501.3256189823	63995.8427	-62038.5428	0.372377	0.0000	8380
1509428501.4304189682	63996.2194	-62038.3958	0.371969	0.0000	8459
1509428501.5352950096	63996.6052	-62038.2456	0.371687	0.0000	8760
1509428501.6401009560	63996.9381	-62038.1162	0.371385	0.0000	8585
1509428501.7449240685	63997.3249	-62037.9658	0.371122	0.0000	8023
1509428501.8498148918	63997.6763	-62037.8291	0.370999	0.0000	8000
1509428501.9546558857	63998.0629	-62037.6787	0.370911	0.0000	8484
1509428502.0594720840	63998.3995	-62037.5479	0.370872	0.0000	8530
1509428502.1643300056	63998.7988	-62037.3928	0.370846	0.0000	8342
1509428502.2691800594	63999.1469	-62037.2577	0.370734	0.0000	8165
1509428502.3740561008	63999.5529	-62037.1003	0.370588	0.0000	8075
1509428502.4788320065	63999.8981	-62036.9665	0.370470	0.0000	7636
1509428502.5836479664	64000.3117	-62036.8063	0.370358	0.0000	7544
1509428502.6885530949	64000.6605	-62036.6713	0.370245	0.0000	7509
1509428502.7933080196	64001.0377	-62036.5253	0.370079	0.0000	7400
1509428502.8981940746	64001.4436	-62036.3684	0.369830	0.0000	7345
1509428503.0031070709	64001.8140	-62036.2255	0.369373	0.0000	7264
1509428503.1078848839	64002.2204	-62036.0688	0.368745	0.0000	7421
1509428503.2125470638	64002.5912	-62035.9262	0.368072	0.0000	7387
1509428503.3175680637	64003.0018	-62035.7686	0.367418	0.0000	7436
1509428503.4224140644	64003.3818	-62035.6232	0.366827	0.0000	7675
1509428503.5272669792	64003.7920	-62035.4664	0.366322	0.0000	7593
1509428503.6321330070	64004.0933	-62035.3512	0.366105	0.0000	7713
1509428503.7369349003	64004.5126	-62035.1904	0.366149	0.0000	7758
1509428503.8418240547	64004.9344	-62035.0287	0.366285	0.0000	7669
1509428503.9466600418	64005.3150	-62034.8826	0.366504	0.0000	7324
1509428504.0516650677	64005.7781	-62034.7048	0.366849	0.0000	7922
1509428504.1562900543	64006.1268	-62034.5707	0.367079	0.0000	8088
1509428504.2610991001	64006.5127	-62034.4223	0.367239	0.0000	7942
1509428504.3659679890	64006.9396	-62034.2581	0.367460	0.0000	7933
1509428504.4707961082	64007.3281	-62034.1084	0.367646	0.0000	7769
1509428504.5756599903	64007.7195	-62033.9577	0.367733	0.0000	7424
1509428504.6804881096	64008.1490	-62033.7922	0.367931	0.0000	7397
