0.00	-30341.91	-40070.08	0.35000	-30341.91	-40070.08	0.35000	2.681	0.00
0.00	-30341.73	-40070.02	0.35000	-30341.73	-40070.02	0.35000	2.646	0.00
0.00	-30342.06	-40070.10	0.39642	-30342.06	-40070.10	0.39642	2.668	0.00
0.00	-30342.47	-40070.21	0.43994	-30342.47	-40070.21	0.43994	2.699	0.00
0.00	-30342.83	-40070.32	0.48203	-30342.83	-40070.32	0.48203	2.495	0.00
0.00	-30343.18	-40070.43	0.51732	-30343.18	-40070.43	0.51732	2.678	0.00
0.00	-30343.53	-40070.54	0.55333	-30343.53	-40070.54	0.55333	2.456	0.00
0.00	-30343.88	-40070.66	0.58973	-30343.88	-40070.66	0.58973	2.308	0.00
0.00	-30344.25	-40070.79	0.62647	-30344.25	-40070.79	0.62647	2.314	0.00
0.00	-30344.61	-40070.92	0.66333	-30344.61	-40070.92	0.66333	2.272	0.00
0.00	-30344.97	-40071.06	0.70075	-30344.97	-40071.06	0.70075	2.389	0.00
0.00	-30345.33	-40071.19	0.73868	-30345.33	-40071.19	0.73868	2.332	0.00
0.00	-30345.72	-40071.34	0.78053	-30345.72	-40071.34	0.78053	2.284	0.00
0.00	-30346.14	-40071.52	0.82500	-30346.14	-40071.52	0.82500	2.325	0.00
0.00	-30346.51	-40071.66	0.86951	-30346.51	-40071.66	0.86951	2.350	0.00
0.00	-30346.83	-40071.77	0.91221	-30346.83	-40071.77	0.91221	2.460	0.00
0.00	-30347.14	-40071.87	0.95608	-30347.14	-40071.87	0.95608	2.441	0.00
0.00	-30347.50	-40072.04	0.99953	-30347.50	-40072.04	0.99953	2.466	0.00
0.00	-30347.84	-40072.18	1.04617	-30347.84	-40072.18	1.04617	2.500	0.00
0.00	-30348.17	-40072.31	1.09589	-30348.17	-40072.31	1.09589	2.320	0.00
0.00	-30348.51	-40072.44	1.14839	-30348.51	-40072.44	1.14839	2.479	0.00
0.00	-30348.84	-40072.55	1.20361	-30348.84	-40072.55	1.20361	2.464	0.00
0.00	-30349.17	-40072.65	1.26156	-30349.17	-40072.65	1.26156	2.441	0.00
0.00	-30349.53	-40072.78	1.32647	-30349.53	-40072.78	1.32647	2.414	0.00
0.00	-30349.88	-40072.86	1.39389	-30349.88	-40072.86	1.39389	2.462	0.00
0.00	-30350.24	-40072.92	1.46777	-30350.24	-40072.92	1.46777	3.086	0.00
0.00	-30350.60	-40072.97	1.54235	-30350.60	-40072.97	1.54235	2.532	0.00
0.00	-30350.96	-40073.01	1.61881	-30350.96	-40073.01	1.61881	2.391	0.00
0.00	-30351.33	-40073.01	1.69765	-30351.33	-40073.01	1.69765	2.386	0.00
0.00	-30351.68	-40073.06	1.77421	-30351.68	-40073.06	1.77421	2.455	0.00
0.00	-30352.06	-40073.09	1.85464	-30352.06	-40073.09	1.85464	2.309	0.00
0.00	-30352.45	-40073.11	1.93783	-30352.45	-40073.11	1.93783	2.217	0.00
0.00	-30352.87	-40073.13	2.02244	-30352.87	-40073.13	2.02244	2.267	0.00
0.00	-30353.33	-40073.15	2.11320	-30353.33	-40073.15	2.11320	2.334	0.00
0.00	-30353.80	-40073.18	2.20325	-30353.80	-40073.18	2.20325	2.364	0.00
0.00	-30354.27	-40073.22	2.28997	-30354.27	-40073.22	2.28997	2.350	0.00
0.00	-30354.79	-40073.31	2.38424	-30354.79	-40073.31	2.38424	2.546	0.00
0.00	-30355.31	-40073.39	2.47413	-30355.31	-40073.39	2.47413	2.426	0.00
0.00	-30355.83	-40073.49	2.56042	-30355.83	-40073.49	2.56042	2.324	0.00
0.00	-30356.37	-40073.59	2.64318	-30356.37	-40073.59	2.64318	2.489	0.00
0.00	-30356.84	-40073.72	2.71795	-30356.84	-40073.72	2.71795	2.383	0.00
0.00	-30357.32	-40073.87	2.79133	-30357.32	-40073.87	2.79133	2.400	0.00
0.00	-30357.79	-40074.03	2.86207	-30357.79	-40074.03	2.86207	2.250	0.00
0.00	-30358.33	-40074.20	2.93219	-30358.33	-40074.20	2.93219	2.460	0.00
0.00	-30358.79	-40074.40	2.99714	-30358.79	-40074.40	2.99714	2.445	0.00
0.00	-30359.20	-40074.61	3.05678	-30359.20	-40074.61	3.05678	2.466	0.00
0.00	-30359.62	-40074.82	3.11236	-30359.62	-40074.82	3.11236	2.426	0.00
0.00	-30360.06	-40075.06	-3.11408	-30360.06	-40075.06	-3.11408	2.482	0.00
0.00	-30360.47	-40075.29	-3.06367	-30360.47	-40075.29	-3.06367	2.569	0.00
0.00	-30360.86	-40075.51	-3.01927	-30360.86	-40075.51	-3.01927	2.419	0.00
0.00	-30361.28	-40075.74	-2.98035	-30361.28	-40075.74	-2.98035	2.794	0.00
0.00	-30361.63	-40075.93	-2.94831	-30361.63	-40075.93	-2.94831	2.416	0.00
0.00	-30361.99	-40076.13	-2.91959	-30361.99	-40076.13	-2.91959	2.475	0.00
0.00	-30362.41	-40076.33	-2.89417	-30362.41	-40076.33	-2.89417	2.333	0.00
0.00	-30362.74	-40076.51	-2.87265	-30362.74	-40076.51	-2.87265	2.392	0.00
0.00	-30363.05	-40076.68	-2.85458	-30363.05	-40076.68	-2.85458	2.347	0.00
0.00	-30363.38	-40076.85	-2.83932	-30363.38	-40076.85	-2.83932	2.497	0.00
0.00	-30363.72	-40077.02	-2.82638	-30363.72	-40077.02	-2.82638	2.522	0.00
0.00	-30364.06	-40077.18	-2.81587	-30364.06	-40077.18	-2.81587	2.298	0.00
0.00	-30364.40	-40077.33	-2.80763	-30364.40	-40077.33	-2.80763	2.306	0.00
0.00	-30364.74	-40077.48	-2.80086	-30364.74	-40077.48	-2.80086	2.531	0.00
0.00	-30365.08	-40077.63	-2.79642	-30365.08	-40077.63	-2.79642	2.319	0.00
0.00	-30365.46	-40077.78	-2.79365	-30365.46	-40077.78	-2.79365	2.387	0.00
0.00	-30365.85	-40077.93	-2.79259	-30365.85	-40077.93	-2.79259	2.449	0.00
0.00	-30366.16	-40078.05	-2.79256	-30366.16	-40078.05	-2.79256	2.304	0.00
0.00	-30366.47	-40078.16	-2.79326	-30366.47	-40078.16	-2.79326	2.332	0.00
0.00	-30366.81	-40078.28	-2.79425	-30366.81	-40078.28	-2.79425	2.402	0.00
0.00	-30367.14	-40078.40	-2.79554	-30367.14	-40078.40	-2.79554	2.626	0.00
0.00	-30367.48	-40078.51	-2.79749	-30367.48	-40078.51	-2.79749	2.687	0.00
0.00	-30367.82	-40078.63	-2.80000	-30367.82	-40078.63	-2.80000	2.334	0.00
0.00	-30368.16	-40078.73	-2.80267	-30368.16	-40078.73	-2.80267	2.216	0.00
0.00	-30368.52	-40078.85	-2.80587	-30368.52	-40078.85	-2.80587	2.314	0.00
0.00	-30368.87	-40078.96	-2.80931	-30368.87	-40078.96	-2.80931	2.297	0.00
0.00	-30369.27	-40079.09	-2.81287	-30369.27	-40079.09	-2.81287	2.296	0.00
0.00	-30369.60	-40079.19	-2.81625	-30369.60	-40079.19	-2.81625	2.279	0.00
0.00	-30369.90	-40079.28	-2.81926	-30369.90	-40079.28	-2.81926	2.265	0.00
0.00	-30370.23	-40079.38	-2.82240	-30370.23	-40079.38	-2.82240	2.539	0.00
0.00	-30370.57	-40079.48	-2.82576	-30370.57	-40079.48	-2.82576	2.261	0.00
0.00	-30370.90	-40079.58	-2.82912	-30370.90	-40079.58	-2.82912	2.257	0.00
0.00	-30371.24	-40079.69	-2.83233	-30371.24	-40079.69	-2.83233	2.258	0.00
0.00	-30371.57	-40079.78	-2.83543	-30371.57	-40079.78	-2.83543	2.261	0.00
0.00	-30371.89	-40079.88	-2.83848	-30371.89	-40079.88	-2.83848	2.183	0.00
0.00	-30372.23	-40079.98	-2.84127	-30372.23	-40079.98	-2.84127	2.213	0.00
0.00	-30372.63	-40080.10	-2.84385	-30372.63	-40080.10	-2.84385	2.326	0.00
0.00	-30372.92	-40080.19	-2.84649	-30372.92	-40080.19	-2.84649	2.203	0.00
0.00	-30373.22	-40080.28	-2.84944	-30373.22	-40080.28	-2.84944	2.332	0.00
0.00	-30373.57	-40080.38	-2.85251	-30373.57	-40080.38	-2.85251	2.471	0.00
0.00	-30373.87	-40080.47	-2.85577	-30373.87	-40080.47	-2.85577	2.412	0.00
0.00	-30374.19	-40080.56	-2.85911	-30374.19	-40080.56	-2.85911	2.355	0.00
0.00	-30374.51	-40080.65	-2.86251	-30374.51	-40080.65	-2.86251	2.359	0.00
0.00	-30374.84	-40080.75	-2.86618	-30374.84	-40080.75	-2.86618	2.194	0.00
0.00	-30375.17	-40080.84	-2.86971	-30375.17	-40080.84	-2.86971	2.285	0.00
0.00	-30375.48	-40080.93	-2.87305	-30375.48	-40080.93	-2.87305	2.251	0.00
0.00	-30375.86	-40081.03	-2.87681	-30375.86	-40081.03	-2.87681	2.220	0.00
0.00	-30376.15	-40081.11	-2.88139	-30376.15	-40081.11	-2.88139	2.214	0.00
0.00	-30376.45	-40081.18	-2.88610	-30376.45	-40081.18	-2.88610	2.224	0.00
0.00	-30376.76	-40081.27	-2.89051	-30376.76	-40081.27	-2.89051	2.199	0.00
0.00	-30377.12	-40081.36	-2.89521	-30377.12	-40081.36	-2.89521	2.350	0.00
0.00	-30377.42	-40081.43	-2.90044	-30377.42	-40081.43	-2.90044	2.221	0.00
0.00	-30377.75	-40081.51	-2.90552	-30377.75	-40081.51	-2.90552	2.089	0.00
0.00	-30378.07	-40081.59	-2.91051	-30378.07	-40081.59	-2.91051	2.122	0.00
0.00	-30378.39	-40081.66	-2.91648	-30378.39	-40081.66	-2.91648	2.207	0.00
0.00	-30378.72	-40081.73	-2.92325	-30378.72	-40081.73	-2.92325	2.139	0.00
0.00	-30379.08	-40081.81	-2.92997	-30379.08	-40081.81	-2.92997	2.195	0.00
0.00	-30379.36	-40081.87	-2.93716	-30379.36	-40081.87	-2.93716	2.106	0.00
0.00	-30379.66	-40081.93	-2.94539	-30379.66	-40081.93	-2.94539	2.398	0.00
0.00	-30379.97	-40081.99	-2.95397	-30379.97	-40081.99	-2.95397	2.188	0.00
0.00	-30380.29	-40082.05	-2.96282	-30380.29	-40082.05	-2.96282	2.015	0.00
0.00	-30380.64	-40082.11	-2.97219	-30380.64	-40082.11	-2.97219	2.655	0.00
0.00	-30380.94	-40082.16	-2.98222	-30380.94	-40082.16	-2.98222	2.113	0.00
0.00	-30381.25	-40082.21	-2.99253	-30381.25	-40082.21	-2.99253	2.115	0.00
0.00	-30381.56	-40082.25	-3.00311	-30381.56	-40082.25	-3.00311	1.996	0.00
0.00	-30381.90	-40082.29	-3.01424	-30381.90	-40082.29	-3.01424	1.941	0.00
0.00	-30382.24	-40082.34	-3.02596	-30382.24	-40082.34	-3.02596	1.976	0.00
0.00	-30382.51	-40082.37	-3.03848	-30382.51	-40082.37	-3.03848	2.012	0.00
0.00	-30382.80	-40082.39	-3.05167	-30382.80	-40082.39	-3.05167	1.991	0.00
0.00	-30383.10	-40082.42	-3.06542	-30383.10	-40082.42	-3.06542	1.945	0.00
0.00	-30383.41	-40082.44	-3.07991	-30383.41	-40082.44	-3.07991	2.035	0.00
0.00	-30383.72	-40082.46	-3.09460	-30383.72	-40082.46	-3.09460	2.038	0.00
0.00	-30384.02	-40082.47	-3.10928	-30384.02	-40082.47	-3.10928	2.064	0.00
0.00	-30384.33	-40082.48	-3.12439	-30384.33	-40082.48	-3.12439	2.000	0.00
0.00	-30384.66	-40082.48	-3.13987	-30384.66	-40082.48	-3.13987	1.971	0.00
0.00	-30384.98	-40082.48	3.12763	-30384.98	-40082.48	3.12763	1.967	0.00
0.00	-30385.29	-40082.47	3.11126	-30385.29	-40082.47	3.11126	2.046	0.00
0.00	-30385.55	-40082.46	3.09427	-30385.55	-40082.46	3.09427	2.122	0.00
0.00	-30385.83	-40082.45	3.07687	-30385.83	-40082.45	3.07687	2.056	0.00
0.00	-30386.10	-40082.43	3.05913	-30386.10	-40082.43	3.05913	1.962	0.00
0.00	-30386.40	-40082.40	3.04058	-30386.40	-40082.40	3.04058	3.006	0.00
0.00	-30386.69	-40082.37	3.02183	-30386.69	-40082.37	3.02183	2.006	0.00
0.00	-30386.98	-40082.34	3.00230	-30386.98	-40082.34	3.00230	1.907	0.00
0.00	-30387.27	-40082.30	2.98216	-30387.27	-40082.30	2.98216	2.030	0.00
0.00	-30387.58	-40082.25	2.96125	-30387.58	-40082.25	2.96125	2.337	0.00
0.00	-30387.91	-40082.19	2.93979	-30387.91	-40082.19	2.93979	2.023	0.00
0.00	-30388.19	-40082.13	2.91794	-30388.19	-40082.13	2.91794	2.016	0.00
0.00	-30388.41	-40082.08	2.89548	-30388.41	-40082.08	2.89548	1.959	0.00
0.00	-30388.72	-40082.01	2.87262	-30388.72	-40082.01	2.87262	2.035	0.00
0.00	-30388.98	-40081.93	2.84988	-30388.98	-40081.93	2.84988	2.028	0.00
0.00	-30389.24	-40081.85	2.82777	-30389.24	-40081.85	2.82777	2.062	0.00
0.00	-30390.08	-40081.55	2.75527	-30390.08	-40081.55	2.75527	4.536	0.00
0.00	-30390.13	-40081.53	2.75154	-30390.13	-40081.53	2.75154	2.325	0.00
0.00	-30390.21	-40081.49	2.74445	-30390.21	-40081.49	2.74445	1.905	0.00
0.00	-30390.00	-40081.57	2.73450	-30390.00	-40081.57	2.73450	1.979	0.00
0.00	-30390.49	-40081.37	2.71156	-30390.49	-40081.37	2.71156	2.556	0.00
0.00	-30390.83	-40081.22	2.68819	-30390.83	-40081.22	2.68819	1.995	0.00
0.00	-30391.09	-40081.10	2.66446	-30391.09	-40081.10	2.66446	1.969	0.00
0.00	-30391.37	-40080.95	2.64036	-30391.37	-40080.95	2.64036	2.006	0.00
0.00	-30391.60	-40080.83	2.61589	-30391.60	-40080.83	2.61589	2.273	0.00
0.00	-30391.86	-40080.68	2.59113	-30391.86	-40080.68	2.59113	2.180	0.00
0.00	-30392.10	-40080.53	2.56654	-30392.10	-40080.53	2.56654	2.232	0.00
0.00	-30392.35	-40080.37	2.54247	-30392.35	-40080.37	2.54247	2.203	0.00
0.00	-30392.61	-40080.19	2.51816	-30392.61	-40080.19	2.51816	2.167	0.00
0.00	-30392.85	-40080.02	2.49412	-30392.85	-40080.02	2.49412	2.354	0.00
0.00	-30393.12	-40079.82	2.47013	-30393.12	-40079.82	2.47013	2.408	0.00
0.00	-30393.37	-40079.62	2.44661	-30393.37	-40079.62	2.44661	2.555	0.00
0.00	-30393.57	-40079.44	2.42330	-30393.57	-40079.44	2.42330	2.726	0.00
0.00	-30393.78	-40079.26	2.39998	-30393.78	-40079.26	2.39998	2.717	0.00
0.00	-30394.01	-40079.05	2.37724	-30394.01	-40079.05	2.37724	2.827	0.00
0.00	-30394.28	-40078.79	2.35388	-30394.28	-40078.79	2.35388	2.772	0.00
0.00	-30394.44	-40078.62	2.33481	-30394.44	-40078.62	2.33481	4.383	0.00
0.00	-30394.67	-40078.38	2.31532	-30394.67	-40078.38	2.31532	3.140	0.00
0.00	-30394.89	-40078.15	2.29545	-30394.89	-40078.15	2.29545	3.121	0.00
0.00	-30395.09	-40077.91	2.27596	-30395.09	-40077.91	2.27596	3.221	0.00
0.00	-30395.33	-40077.62	2.25665	-30395.33	-40077.62	2.25665	3.200	0.00
0.00	-30395.52	-40077.39	2.23747	-30395.52	-40077.39	2.23747	3.554	0.00
0.00	-30395.70	-40077.15	2.21865	-30395.70	-40077.15	2.21865	3.713	0.00
0.00	-30395.88	-40076.89	2.20055	-30395.88	-40076.89	2.20055	4.105	0.00
0.00	-30396.06	-40076.63	2.18334	-30396.06	-40076.63	2.18334	3.925	0.00
0.00	-30396.25	-40076.36	2.16677	-30396.25	-40076.36	2.16677	3.879	0.00
0.00	-30396.48	-40076.00	2.14900	-30396.48	-40076.00	2.14900	4.047	0.00
0.00	-30396.60	-40075.82	2.13554	-30396.60	-40075.82	2.13554	3.368	0.00
0.00	-30396.78	-40075.51	2.12019	-30396.78	-40075.51	2.12019	3.876	0.00
0.00	-30396.96	-40075.21	2.10478	-30396.96	-40075.21	2.10478	4.174	0.00
0.00	-30397.14	-40074.89	2.08953	-30397.14	-40074.89	2.08953	4.236	0.00
0.00	-3873613.39	2908658.04	-2.87075	-3873613.39	2908658.04	-2.87075	4.551	0.00
0.00	-5981473.66	1210435.19	0.26138	-5981473.66	1210435.19	0.26138	4.490	0.00
0.00	-1589610.64	1536790.62	-1.30278	-1589610.64	1536790.62	-1.30278	3.607	0.00
0.00	-678451.10	181399.40	1.71718	-678451.10	181399.40	1.71718	4.987	0.00
0.00	-442905.22	-46807.46	2.20683	-442905.22	-46807.46	2.20683	5.017	0.00
0.00	-248100.90	-138187.81	-0.83779	-248100.90	-138187.81	-0.83779	5.080	0.00
0.00	-185658.43	-152494.53	1.96098	-185658.43	-152494.53	1.96098	4.960	0.00
0.00	-156003.14	-108291.68	-2.58515	-156003.14	-108291.68	-2.58515	4.787	0.00
0.00	-58235.67	-50482.18	-0.28419	-58235.67	-50482.18	-0.28419	5.056	0.00
0.00	-37358.58	-48760.27	-1.34915	-37358.58	-48760.27	-1.34915	5.160	0.00
0.00	-35543.63	-43148.07	2.41201	-35543.63	-43148.07	2.41201	5.362	0.00
0.00	-33298.39	-42545.01	1.06925	-33298.39	-42545.01	1.06925	5.175	0.00
0.00	-31507.02	-40375.30	1.81317	-31507.02	-40375.30	1.81317	5.781	0.00
0.00	-31106.25	-40226.96	0.67064	-31106.25	-40226.96	0.67064	5.749	0.00
0.00	-30639.32	-40005.84	-1.04341	-30639.32	-40005.84	-1.04341	5.820	0.00
0.00	-30505.39	-40086.59	-0.28121	-30505.39	-40086.59	-0.28121	5.687	0.00
0.00	-30425.86	-40091.82	0.73769	-30425.86	-40091.82	0.73769	5.817	0.00
0.00	-30404.31	-40073.65	0.85019	-30404.31	-40073.65	0.85019	5.855	0.00
0.00	-30400.14	-40069.23	0.83852	-30400.14	-40069.23	0.83852	6.173	0.00
0.00	-30399.55	-40068.53	0.84178	-30399.55	-40068.53	0.84178	4.654	0.00
0.00	-30399.39	-40068.22	0.85685	-30399.39	-40068.22	0.85685	10.990	0.00
0.00	-30399.35	-40067.98	0.88925	-30399.35	-40067.98	0.88925	25.454	0.00
0.00	-30399.37	-40067.71	0.93756	-30399.37	-40067.71	0.93756	5.501	0.00
0.00	-30399.39	-40067.41	0.99328	-30399.39	-40067.41	0.99328	5.884	0.00
0.00	-30399.47	-40067.06	1.06750	-30399.47	-40067.06	1.06750	5.807	0.00
0.00	-30399.61	-40066.60	1.16322	-30399.61	-40066.60	1.16322	6.202	0.00
0.00	-30399.76	-40066.11	1.25374	-30399.76	-40066.11	1.25374	11.253	0.00
0.00	-30399.83	-40065.68	1.30751	-30399.83	-40065.68	1.30751	5.835	0.00
0.00	-30400.03	-40065.32	1.38198	-30400.03	-40065.32	1.38198	8.580	0.00
0.00	-30400.19	-40064.85	1.44537	-30400.19	-40064.85	1.44537	5.702	0.00
0.00	-30400.37	-40064.46	1.50163	-30400.37	-40064.46	1.50163	5.981	0.00
0.00	-30400.58	-40064.13	1.55781	-30400.58	-40064.13	1.55781	5.922	0.00
0.00	-30400.76	-40063.72	1.60244	-30400.76	-40063.72	1.60244	8.922	0.00
0.00	-30400.93	-40063.32	1.63946	-30400.93	-40063.32	1.63946	6.080	0.00
0.00	-30401.12	-40062.95	1.67855	-30401.12	-40062.95	1.67855	6.023	0.00
0.00	-30401.31	-40062.59	1.71333	-30401.31	-40062.59	1.71333	5.991	0.00
0.00	-30401.50	-40062.23	1.74424	-30401.50	-40062.23	1.74424	6.212	0.00
0.00	-30401.68	-40061.86	1.76908	-30401.68	-40061.86	1.76908	6.463	0.00
0.00	-30401.87	-40061.51	1.79756	-30401.87	-40061.51	1.79756	6.675	0.00
0.00	-30402.07	-40061.13	1.82175	-30402.07	-40061.13	1.82175	6.565	0.00
0.00	-30402.26	-40060.77	1.84244	-30402.26	-40060.77	1.84244	6.826	0.00
0.00	-30402.41	-40060.47	1.85817	-30402.41	-40060.47	1.85817	6.374	0.00
0.00	-30402.57	-40060.16	1.87322	-30402.57	-40060.16	1.87322	6.419	0.00
0.00	-30402.71	-40059.86	1.88484	-30402.71	-40059.86	1.88484	6.894	0.00
0.00	-30402.85	-40059.58	1.89480	-30402.85	-40059.58	1.89480	6.540	0.00
0.00	-30402.98	-40059.28	1.90120	-30402.98	-40059.28	1.90120	6.797	0.00
0.00	-30403.12	-40058.96	1.90706	-30403.12	-40058.96	1.90706	6.969	0.00
0.00	-30403.24	-40058.69	1.91251	-30403.24	-40058.69	1.91251	6.777	0.00
0.00	-30403.36	-40058.41	1.91798	-30403.36	-40058.41	1.91798	7.857	0.00
0.00	-30403.49	-40058.11	1.92339	-30403.49	-40058.11	1.92339	6.828	0.00
0.00	-30403.68	-40057.66	1.92801	-30403.68	-40057.66	1.92801	7.299	0.00
0.00	-30403.71	-40057.59	1.92911	-30403.71	-40057.59	1.92911	6.872	0.00
0.00	-30403.85	-40057.23	1.92925	-30403.85	-40057.23	1.92925	7.123	0.00
0.00	-30403.97	-40056.92	1.92855	-30403.97	-40056.92	1.92855	7.130	0.00
0.00	-30404.09	-40056.59	1.92795	-30404.09	-40056.59	1.92795	6.987	0.00
0.00	-30404.19	-40056.31	1.92702	-30404.19	-40056.31	1.92702	7.481	0.00
0.00	-30404.30	-40056.03	1.92563	-30404.30	-40056.03	1.92563	7.275	0.00
0.00	-30404.41	-40055.71	1.92420	-30404.41	-40055.71	1.92420	7.989	0.00
0.00	-30404.53	-40055.37	1.92269	-30404.53	-40055.37	1.92269	7.615	0.00
0.00	-30404.65	-40055.03	1.92131	-30404.65	-40055.03	1.92131	7.808	0.00
0.00	-30404.75	-40054.75	1.91899	-30404.75	-40054.75	1.91899	7.507	0.00
0.00	-30404.84	-40054.48	1.91657	-30404.84	-40054.48	1.91657	7.096	0.00
0.00	-30404.92	-40054.24	1.91431	-30404.92	-40054.24	1.91431	7.909	0.00
0.00	-30405.02	-40053.94	1.91209	-30405.02	-40053.94	1.91209	7.815	0.00
0.00	-30405.13	-40053.61	1.90969	-30405.13	-40053.61	1.90969	10.733	0.00
0.00	-30405.30	-40053.11	1.90705	-30405.30	-40053.11	1.90705	9.882	0.00
0.00	-30405.33	-40053.01	1.90548	-30405.33	-40053.01	1.90548	7.412	0.00
0.00	-30405.44	-40052.68	1.90310	-30405.44	-40052.68	1.90310	9.749	0.00
0.00	-30405.53	-40052.39	1.90048	-30405.53	-40052.39	1.90048	7.607	0.00
0.00	-30405.64	-40052.07	1.89787	-30405.64	-40052.07	1.89787	8.322	0.00
0.00	-30405.76	-40051.71	1.89590	-30405.76	-40051.71	1.89590	8.155	0.00
0.00	-30405.86	-40051.39	1.89323	-30405.86	-40051.39	1.89323	8.323	0.00
0.00	-30405.99	-40050.99	1.89071	-30405.99	-40050.99	1.89071	10.417	0.00
0.00	-30406.07	-40050.73	1.88817	-30406.07	-40050.73	1.88817	10.695	0.00
0.00	-30406.17	-40050.42	1.88557	-30406.17	-40050.42	1.88557	8.164	0.00
0.00	-30406.27	-40050.10	1.88327	-30406.27	-40050.10	1.88327	8.457	0.00
0.00	-30406.38	-40049.73	1.88117	-30406.38	-40049.73	1.88117	7.783	0.00
0.00	-30406.46	-40049.46	1.87922	-30406.46	-40049.46	1.87922	8.220	0.00
0.00	-30406.57	-40049.12	1.87727	-30406.57	-40049.12	1.87727	8.492	0.00
0.00	-30406.68	-40048.79	1.87527	-30406.68	-40048.79	1.87527	13.026	0.00
0.00	-30406.80	-40048.39	1.87360	-30406.80	-40048.39	1.87360	8.714	0.00
0.00	-30406.93	-40047.98	1.87230	-30406.93	-40047.98	1.87230	8.788	0.00
0.00	-30407.04	-40047.63	1.87131	-30407.04	-40047.63	1.87131	8.820	0.00
0.00	-30407.13	-40047.34	1.87007	-30407.13	-40047.34	1.87007	12.339	0.00
0.00	-30407.24	-40047.00	1.86885	-30407.24	-40047.00	1.86885	9.149	0.00
0.00	-30407.35	-40046.64	1.86774	-30407.35	-40046.64	1.86774	8.767	0.00
0.00	-30407.47	-40046.26	1.86676	-30407.47	-40046.26	1.86676	8.932	0.00
0.00	-30407.58	-40045.87	1.86578	-30407.58	-40045.87	1.86578	9.078	0.00
0.00	-30407.71	-40045.43	1.86419	-30407.71	-40045.43	1.86419	8.868	0.00
0.00	-30407.78	-40045.18	1.86265	-30407.78	-40045.18	1.86265	9.186	0.00
0.00	-30407.90	-40044.76	1.86067	-30407.90	-40044.76	1.86067	9.602	0.00
0.00	-30408.00	-40044.41	1.85864	-30408.00	-40044.41	1.85864	8.733	0.00
0.00	-30408.11	-40044.04	1.85635	-30408.11	-40044.04	1.85635	13.327	0.00
0.00	-30408.19	-40043.72	1.85409	-30408.19	-40043.72	1.85409	17.248	0.00
0.00	-30408.30	-40043.34	1.85198	-30408.30	-40043.34	1.85198	9.479	0.00
0.00	-30408.40	-40042.97	1.85038	-30408.40	-40042.97	1.85038	12.223	0.00
0.00	-30408.50	-40042.63	1.84876	-30408.50	-40042.63	1.84876	11.291	0.00
0.00	-30408.58	-40042.32	1.84741	-30408.58	-40042.32	1.84741	11.617	0.00
0.00	-30408.69	-40041.96	1.84695	-30408.69	-40041.96	1.84695	9.593	0.00
0.00	-30408.84	-40041.43	1.84710	-30408.84	-40041.43	1.84710	15.220	0.00
0.00	-30408.91	-40041.22	1.84761	-30408.91	-40041.22	1.84761	14.224	0.00
0.00	-30409.01	-40040.87	1.84806	-30409.01	-40040.87	1.84806	22.290	0.00
0.00	-30409.11	-40040.55	1.84883	-30409.11	-40040.55	1.84883	15.754	0.00
0.00	-30409.21	-40040.23	1.84983	-30409.21	-40040.23	1.84983	19.399	0.00
0.00	-30409.31	-40039.89	1.85019	-30409.31	-40039.89	1.85019	15.390	0.00
0.00	-30409.40	-40039.58	1.85045	-30409.40	-40039.58	1.85045	16.179	0.00
0.00	-30409.50	-40039.24	1.85004	-30409.50	-40039.24	1.85004	15.682	0.00
0.00	-30409.60	-40038.90	1.84932	-30409.60	-40038.90	1.84932	16.656	0.00
0.00	-30409.71	-40038.52	1.84863	-30409.71	-40038.52	1.84863	17.776	0.00
0.00	-30409.80	-40038.18	1.84838	-30409.80	-40038.18	1.84838	17.469	0.00
0.00	-30409.89	-40037.87	1.84791	-30409.89	-40037.87	1.84791	16.764	0.00
0.00	-30409.99	-40037.51	1.84721	-30409.99	-40037.51	1.84721	20.114	0.00
0.00	-30410.10	-40037.12	1.84656	-30410.10	-40037.12	1.84656	15.679	0.00
0.00	-30410.18	-40036.81	1.84577	-30410.18	-40036.81	1.84577	17.607	0.00
0.00	-30410.27	-40036.50	1.84484	-30410.27	-40036.50	1.84484	17.712	0.00
0.00	-30410.35	-40036.18	1.84404	-30410.35	-40036.18	1.84404	19.312	0.00
0.00	-30410.46	-40035.79	1.84361	-30410.46	-40035.79	1.84361	17.644	0.00
0.00	-30410.55	-40035.45	1.84313	-30410.55	-40035.45	1.84313	17.016	0.00
0.00	-30410.66	-40035.07	1.84289	-30410.66	-40035.07	1.84289	18.858	0.00
0.00	-30410.74	-40034.80	1.84303	-30410.74	-40034.80	1.84303	20.665	0.00
0.00	-30410.84	-40034.44	1.84346	-30410.84	-40034.44	1.84346	17.574	0.00
0.00	-30410.94	-40034.07	1.84399	-30410.94	-40034.07	1.84399	19.818	0.00
0.00	-30411.04	-40033.72	1.84480	-30411.04	-40033.72	1.84480	20.615	0.00
0.00	-30411.12	-40033.46	1.84588	-30411.12	-40033.46	1.84588	21.279	0.00
0.00	-30411.21	-40033.16	1.84688	-30411.21	-40033.16	1.84688	19.650	0.00
0.00	-30411.30	-40032.85	1.84804	-30411.30	-40032.85	1.84804	20.139	0.00
0.00	-30411.41	-40032.50	1.84941	-30411.41	-40032.50	1.84941	20.587	0.00
0.00	-30411.51	-40032.18	1.85083	-30411.51	-40032.18	1.85083	21.727	0.00
0.00	-30411.63	-40031.77	1.85234	-30411.63	-40031.77	1.85234	19.698	0.00
0.00	-30411.73	-40031.43	1.85378	-30411.73	-40031.43	1.85378	21.184	0.00
0.00	-30411.84	-40031.09	1.85590	-30411.84	-40031.09	1.85590	21.999	0.00
0.00	-30411.95	-40030.73	1.85828	-30411.95	-40030.73	1.85828	22.400	0.00
0.00	-30412.08	-40030.30	1.86114	-30412.08	-40030.30	1.86114	22.117	0.00
0.00	-30412.20	-40029.94	1.86499	-30412.20	-40029.94	1.86499	22.698	0.00
0.00	-30412.27	-40029.73	1.86750	-30412.27	-40029.73	1.86750	26.387	0.00
0.00	-30412.39	-40029.33	1.87061	-30412.39	-40029.33	1.87061	24.642	0.00
0.00	-30412.51	-40028.98	1.87310	-30412.51	-40028.98	1.87310	24.257	0.00
0.00	-30412.62	-40028.61	1.87508	-30412.62	-40028.61	1.87508	24.683	0.00
0.00	-30412.76	-40028.17	1.87709	-30412.76	-40028.17	1.87709	26.557	0.00
0.00	-30412.88	-40027.78	1.87913	-30412.88	-40027.78	1.87913	26.564	0.00
0.00	-30412.99	-40027.45	1.88087	-30412.99	-40027.45	1.88087	24.577	0.00
0.00	-30413.09	-40027.12	1.88221	-30413.09	-40027.12	1.88221	25.283	0.00
0.00	-30413.22	-40026.69	1.88342	-30413.22	-40026.69	1.88342	26.074	0.00
0.00	-30413.33	-40026.34	1.88385	-30413.33	-40026.34	1.88385	26.943	0.00
0.00	-30413.45	-40025.95	1.88372	-30413.45	-40025.95	1.88372	26.602	0.00
0.00	-30413.58	-40025.52	1.88349	-30413.58	-40025.52	1.88349	25.850	0.00
0.00	-30413.71	-40025.12	1.88317	-30413.71	-40025.12	1.88317	26.199	0.00
0.00	-30413.81	-40024.81	1.88253	-30413.81	-40024.81	1.88253	25.927	0.00
0.00	-30413.91	-40024.46	1.88136	-30413.91	-40024.46	1.88136	27.397	0.00
0.00	-30414.05	-40024.03	1.88012	-30414.05	-40024.03	1.88012	28.373	0.00
0.00	-30414.15	-40023.68	1.87899	-30414.15	-40023.68	1.87899	25.808	0.00
0.00	-30414.27	-40023.30	1.87823	-30414.27	-40023.30	1.87823	28.306	0.00
0.00	-30414.39	-40022.93	1.87700	-30414.39	-40022.93	1.87700	26.994	0.00
0.00	-30414.50	-40022.56	1.87497	-30414.50	-40022.56	1.87497	27.602	0.00
0.00	-30414.63	-40022.13	1.87211	-30414.63	-40022.13	1.87211	27.464	0.00
0.00	-30414.73	-40021.78	1.86903	-30414.73	-40021.78	1.86903	27.823	0.00
0.00	-30414.84	-40021.38	1.86610	-30414.84	-40021.38	1.86610	28.506	0.00
0.00	-30415.00	-40020.85	1.86242	-30415.00	-40020.85	1.86242	27.759	0.00
0.00	-30415.06	-40020.61	1.85952	-30415.06	-40020.61	1.85952	27.862	0.00
0.00	-30415.18	-40020.20	1.85678	-30415.18	-40020.20	1.85678	29.317	0.00
0.00	-30415.31	-40019.75	1.85431	-30415.31	-40019.75	1.85431	26.944	0.00
0.00	-30415.42	-40019.36	1.85198	-30415.42	-40019.36	1.85198	30.161	0.00
0.00	-30415.52	-40019.00	1.85018	-30415.52	-40019.00	1.85018	28.596	0.00
0.00	-30415.63	-40018.61	1.84875	-30415.63	-40018.61	1.84875	29.235	0.00
0.00	-30415.75	-40018.22	1.84776	-30415.75	-40018.22	1.84776	29.277	0.00
0.00	-30415.90	-40017.71	1.84695	-30415.90	-40017.71	1.84695	29.730	0.00
0.00	-30416.03	-40017.27	1.84622	-30416.03	-40017.27	1.84622	29.098	0.00
0.00	-30416.13	-40016.93	1.84562	-30416.13	-40016.93	1.84562	28.923	0.00
0.00	-30416.27	-40016.43	1.84489	-30416.27	-40016.43	1.84489	29.640	0.00
0.00	-30416.35	-40016.14	1.84459	-30416.35	-40016.14	1.84459	29.444	0.00
0.00	-30416.47	-40015.75	1.84448	-30416.47	-40015.75	1.84448	29.105	0.00
0.00	-30416.61	-40015.28	1.84471	-30416.61	-40015.28	1.84471	30.611	0.00
0.00	-30416.73	-40014.86	1.84520	-30416.73	-40014.86	1.84520	29.141	0.00
0.00	-30416.83	-40014.54	1.84623	-30416.83	-40014.54	1.84623	30.333	0.00
0.00	-30416.93	-40014.18	1.84752	-30416.93	-40014.18	1.84752	30.847	0.00
0.00	-30417.06	-40013.78	1.84922	-30417.06	-40013.78	1.84922	29.886	0.00
0.00	-30417.18	-40013.36	1.85137	-30417.18	-40013.36	1.85137	30.762	0.00
0.00	-30417.30	-40013.01	1.85407	-30417.30	-40013.01	1.85407	30.841	0.00
0.00	-30417.43	-40012.58	1.85740	-30417.43	-40012.58	1.85740	31.493	0.00
0.00	-30417.62	-40011.97	1.86142	-30417.62	-40011.97	1.86142	32.514	0.00
0.00	-30417.68	-40011.78	1.86428	-30417.68	-40011.78	1.86428	30.316	0.00
0.00	-30417.79	-40011.43	1.86709	-30417.79	-40011.43	1.86709	31.804	0.00
0.00	-30417.93	-40010.99	1.86951	-30417.93	-40010.99	1.86951	31.870	0.00
0.00	-30418.04	-40010.65	1.87186	-30418.04	-40010.65	1.87186	31.378	0.00
0.00	-30418.17	-40010.24	1.87408	-30418.17	-40010.24	1.87408	30.940	0.00
0.00	-30418.28	-40009.89	1.87607	-30418.28	-40009.89	1.87607	32.561	0.00
0.00	-30418.41	-40009.49	1.87781	-30418.41	-40009.49	1.87781	32.877	0.00
0.00	-30418.53	-40009.10	1.87886	-30418.53	-40009.10	1.87886	30.944	0.00
0.00	-30418.65	-40008.71	1.87985	-30418.65	-40008.71	1.87985	32.380	0.00
0.00	-30418.77	-40008.30	1.88008	-30418.77	-40008.30	1.88008	33.581	0.00
0.00	-30418.90	-40007.89	1.87976	-30418.90	-40007.89	1.87976	31.558	0.00
0.00	-30419.09	-40007.25	1.87939	-30419.09	-40007.25	1.87939	34.139	0.00
0.00	-30419.14	-40007.06	1.87898	-30419.14	-40007.06	1.87898	32.810	0.00
0.00	-30419.28	-40006.61	1.87876	-30419.28	-40006.61	1.87876	33.942	0.00
0.00	-30419.41	-40006.19	1.87832	-30419.41	-40006.19	1.87832	33.567	0.00
0.00	-30419.50	-40005.87	1.87759	-30419.50	-40005.87	1.87759	32.614	0.00
0.00	-30419.62	-40005.46	1.87749	-30419.62	-40005.46	1.87749	33.734	0.00
0.00	-30419.73	-40005.10	1.87729	-30419.73	-40005.10	1.87729	34.360	0.00
0.00	-30419.84	-40004.73	1.87744	-30419.84	-40004.73	1.87744	34.465	0.00
0.00	-30419.98	-40004.29	1.87746	-30419.98	-40004.29	1.87746	34.391	0.00
0.00	-30420.13	-40003.79	1.87763	-30420.13	-40003.79	1.87763	33.620	0.00
0.00	-30420.26	-40003.39	1.87797	-30420.26	-40003.39	1.87797	35.708	0.00
0.00	-30420.36	-40003.05	1.87806	-30420.36	-40003.05	1.87806	33.664	0.00
0.00	-30420.50	-40002.59	1.87812	-30420.50	-40002.59	1.87812	36.314	0.00
0.00	-30420.61	-40002.24	1.87834	-30420.61	-40002.24	1.87834	35.743	0.00
0.00	-30420.71	-40001.93	1.87855	-30420.71	-40001.93	1.87855	36.533	0.00
0.00	-30420.82	-40001.57	1.87874	-30420.82	-40001.57	1.87874	34.865	0.00
0.00	-30420.95	-40001.18	1.87899	-30420.95	-40001.18	1.87899	35.622	0.00
0.00	-30421.10	-40000.71	1.87947	-30421.10	-40000.71	1.87947	36.480	0.00
0.00	-30421.22	-40000.33	1.88024	-30421.22	-40000.33	1.88024	36.019	0.00
0.00	-30421.35	-39999.96	1.88142	-30421.35	-39999.96	1.88142	35.039	0.00
0.00	-30421.49	-39999.55	1.88290	-30421.49	-39999.55	1.88290	35.337	0.00
0.00	-30421.61	-39999.18	1.88466	-30421.61	-39999.18	1.88466	37.451	0.00
0.00	-30421.77	-39998.72	1.88665	-30421.77	-39998.72	1.88665	36.027	0.00
0.00	-30421.88	-39998.44	1.88857	-30421.88	-39998.44	1.88857	35.621	0.00
0.00	-30422.03	-39997.99	1.88978	-30422.03	-39997.99	1.88978	36.918	0.00
0.00	-30422.15	-39997.68	1.89147	-30422.15	-39997.68	1.89147	37.223	0.00
0.00	-30422.27	-39997.35	1.89363	-30422.27	-39997.35	1.89363	38.098	0.00
0.00	-30422.40	-39996.99	1.89580	-30422.40	-39996.99	1.89580	35.759	0.00
0.00	-30422.53	-39996.60	1.89691	-30422.53	-39996.60	1.89691	37.421	0.00
0.00	-30422.67	-39996.22	1.89838	-30422.67	-39996.22	1.89838	36.906	0.00
0.00	-30422.81	-39995.83	1.89959	-30422.81	-39995.83	1.89959	37.499	0.00
0.00	-30422.96	-39995.41	1.90090	-30422.96	-39995.41	1.90090	38.099	0.00
0.00	-30423.11	-39995.00	1.90216	-30423.11	-39995.00	1.90216	37.005	0.00
0.00	-30423.23	-39994.65	1.90249	-30423.23	-39994.65	1.90249	38.033	0.00
0.00	-30423.37	-39994.27	1.90370	-30423.37	-39994.27	1.90370	37.754	0.00
0.00	-30423.52	-39993.85	1.90508	-30423.52	-39993.85	1.90508	38.544	0.00
0.00	-30423.62	-39993.58	1.90600	-30423.62	-39993.58	1.90600	36.706	0.00
0.00	-30423.78	-39993.12	1.90659	-30423.78	-39993.12	1.90659	38.554	0.00
0.00	-30423.92	-39992.75	1.90690	-30423.92	-39992.75	1.90690	39.327	0.00
0.00	-30424.06	-39992.34	1.90697	-30424.06	-39992.34	1.90697	38.067	0.00
0.00	-30424.17	-39992.02	1.90681	-30424.17	-39992.02	1.90681	39.423	0.00
0.00	-30424.29	-39991.69	1.90669	-30424.29	-39991.69	1.90669	38.372	0.00
0.00	-30424.42	-39991.31	1.90636	-30424.42	-39991.31	1.90636	38.728	0.00
0.00	-30424.54	-39990.95	1.90587	-30424.54	-39990.95	1.90587	39.258	0.00
0.00	-30424.68	-39990.54	1.90502	-30424.68	-39990.54	1.90502	39.239	0.00
0.00	-30424.82	-39990.11	1.90413	-30424.82	-39990.11	1.90413	39.809	0.00
0.00	-30424.96	-39989.71	1.90311	-30424.96	-39989.71	1.90311	40.355	0.00
0.00	-30425.03	-39989.48	1.90143	-30425.03	-39989.48	1.90143	39.636	0.00
0.00	-30425.14	-39989.12	1.89934	-30425.14	-39989.12	1.89934	37.584	0.00
0.00	-30425.26	-39988.77	1.89828	-30425.26	-39988.77	1.89828	40.440	0.00
0.00	-30425.35	-39988.46	1.89443	-30425.35	-39988.46	1.89443	41.132	0.00
0.00	-30425.49	-39988.03	1.89169	-30425.49	-39988.03	1.89169	40.426	0.00
0.00	-30425.61	-39987.65	1.89016	-30425.61	-39987.65	1.89016	40.849	0.00
0.00	-30425.71	-39987.31	1.88884	-30425.71	-39987.31	1.88884	41.514	0.00
0.00	-30425.85	-39986.87	1.88780	-30425.85	-39986.87	1.88780	41.401	0.00
0.00	-30425.97	-39986.50	1.88688	-30425.97	-39986.50	1.88688	42.233	0.00
0.00	-30426.09	-39986.15	1.88591	-30426.09	-39986.15	1.88591	41.361	0.00
0.00	-30426.19	-39985.82	1.88474	-30426.19	-39985.82	1.88474	39.276	0.00
0.00	-30426.35	-39985.33	1.88376	-30426.35	-39985.33	1.88376	42.179	0.00
0.00	-30426.40	-39985.17	1.88290	-30426.40	-39985.17	1.88290	42.125	0.00
0.00	-30426.52	-39984.80	1.88186	-30426.52	-39984.80	1.88186	42.316	0.00
0.00	-30426.63	-39984.45	1.88114	-30426.63	-39984.45	1.88114	43.581	0.00
0.00	-30426.75	-39984.05	1.88096	-30426.75	-39984.05	1.88096	41.863	0.00
0.00	-30426.87	-39983.68	1.88075	-30426.87	-39983.68	1.88075	42.996	0.00
0.00	-30426.99	-39983.30	1.88033	-30426.99	-39983.30	1.88033	42.657	0.00
0.00	-30427.09	-39982.99	1.88005	-30427.09	-39982.99	1.88005	41.626	0.00
0.00	-30427.21	-39982.61	1.87989	-30427.21	-39982.61	1.87989	41.787	0.00
0.00	-30427.33	-39982.27	1.87944	-30427.33	-39982.27	1.87944	44.834	0.00
0.00	-30427.43	-39981.94	1.87911	-30427.43	-39981.94	1.87911	44.178	0.00
0.00	-30427.56	-39981.54	1.87908	-30427.56	-39981.54	1.87908	44.454	0.00
0.00	-30427.70	-39981.12	1.87908	-30427.70	-39981.12	1.87908	43.755	0.00
0.00	-30427.76	-39980.91	1.87889	-30427.76	-39980.91	1.87889	43.974	0.00
0.00	-30427.90	-39980.49	1.87845	-30427.90	-39980.49	1.87845	43.661	0.00
0.00	-30428.02	-39980.11	1.87812	-30428.02	-39980.11	1.87812	45.132	0.00
0.00	-30428.14	-39979.76	1.87799	-30428.14	-39979.76	1.87799	43.410	0.00
0.00	-30428.24	-39979.44	1.87810	-30428.24	-39979.44	1.87810	45.404	0.00
0.00	-30428.37	-39979.02	1.87857	-30428.37	-39979.02	1.87857	45.081	0.00
0.00	-30428.51	-39978.59	1.87902	-30428.51	-39978.59	1.87902	45.787	0.00
0.00	-30428.61	-39978.29	1.87957	-30428.61	-39978.29	1.87957	44.543	0.00
0.00	-30428.74	-39977.91	1.88009	-30428.74	-39977.91	1.88009	44.568	0.00
0.00	-30428.83	-39977.64	1.88077	-30428.83	-39977.64	1.88077	44.965	0.00
0.00	-30428.95	-39977.27	1.88140	-30428.95	-39977.27	1.88140	44.344	0.00
0.00	-30429.07	-39976.90	1.88175	-30429.07	-39976.90	1.88175	46.635	0.00
0.00	-30429.18	-39976.57	1.88206	-30429.18	-39976.57	1.88206	45.937	0.00
0.00	-30429.30	-39976.19	1.88221	-30429.30	-39976.19	1.88221	44.468	0.00
0.00	-30429.43	-39975.80	1.88235	-30429.43	-39975.80	1.88235	45.220	0.00
0.00	-30429.53	-39975.48	1.88273	-30429.53	-39975.48	1.88273	46.656	0.00
0.00	-30429.64	-39975.16	1.88311	-30429.64	-39975.16	1.88311	47.362	0.00
0.00	-30429.75	-39974.82	1.88330	-30429.75	-39974.82	1.88330	46.645	0.00
0.00	-30429.87	-39974.46	1.88335	-30429.87	-39974.46	1.88335	47.360	0.00
0.00	-30429.97	-39974.14	1.88336	-30429.97	-39974.14	1.88336	47.551	0.00
0.00	-30430.09	-39973.78	1.88334	-30430.09	-39973.78	1.88334	46.344	0.00
0.00	-30430.21	-39973.39	1.88353	-30430.21	-39973.39	1.88353	47.314	0.00
0.00	-30430.32	-39973.05	1.88366	-30430.32	-39973.05	1.88366	47.143	0.00
0.00	-30430.47	-39972.61	1.88371	-30430.47	-39972.61	1.88371	47.430	0.00
0.00	-30430.53	-39972.41	1.88373	-30430.53	-39972.41	1.88373	47.465	0.00
0.00	-30430.66	-39972.02	1.88378	-30430.66	-39972.02	1.88378	46.930	0.00
0.00	-30430.79	-39971.64	1.88383	-30430.79	-39971.64	1.88383	48.312	0.00
0.00	-30430.91	-39971.25	1.88385	-30430.91	-39971.25	1.88385	47.924	0.00
0.00	-30431.04	-39970.86	1.88396	-30431.04	-39970.86	1.88396	48.063	0.00
0.00	-30431.17	-39970.47	1.88416	-30431.17	-39970.47	1.88416	46.704	0.00
0.00	-30431.27	-39970.15	1.88406	-30431.27	-39970.15	1.88406	47.849	0.00
0.00	-30431.39	-39969.79	1.88383	-30431.39	-39969.79	1.88383	47.559	0.00
0.00	-30431.53	-39969.34	1.88345	-30431.53	-39969.34	1.88345	48.136	0.00
0.00	-30431.61	-39969.09	1.88319	-30431.61	-39969.09	1.88319	47.957	0.00
0.00	-30431.74	-39968.71	1.88284	-30431.74	-39968.71	1.88284	49.347	0.00
0.00	-30431.85	-39968.36	1.88253	-30431.85	-39968.36	1.88253	47.895	0.00
0.00	-30431.96	-39968.00	1.88241	-30431.96	-39968.00	1.88241	48.576	0.00
0.00	-30432.08	-39967.63	1.88216	-30432.08	-39967.63	1.88216	49.953	0.00
0.00	-30432.20	-39967.27	1.88176	-30432.20	-39967.27	1.88176	49.369	0.00
0.00	-30432.31	-39966.90	1.88132	-30432.31	-39966.90	1.88132	50.371	0.00
0.00	-30432.42	-39966.57	1.88099	-30432.42	-39966.57	1.88099	49.623	0.00
0.00	-30432.53	-39966.23	1.88058	-30432.53	-39966.23	1.88058	48.563	0.00
0.00	-30432.65	-39965.84	1.88019	-30432.65	-39965.84	1.88019	49.417	0.00
0.00	-30432.75	-39965.52	1.87987	-30432.75	-39965.52	1.87987	48.807	0.00
0.00	-30432.88	-39965.11	1.87961	-30432.88	-39965.11	1.87961	50.712	0.00
0.00	-30433.00	-39964.75	1.87939	-30433.00	-39964.75	1.87939	49.324	0.00
0.00	-30433.11	-39964.40	1.87928	-30433.11	-39964.40	1.87928	49.266	0.00
0.00	-30433.22	-39964.05	1.87949	-30433.22	-39964.05	1.87949	50.653	0.00
0.00	-30433.33	-39963.70	1.87985	-30433.33	-39963.70	1.87985	50.131	0.00
0.00	-30433.45	-39963.35	1.88018	-30433.45	-39963.35	1.88018	51.473	0.00
0.00	-30433.55	-39963.02	1.88048	-30433.55	-39963.02	1.88048	50.935	0.00
0.00	-30433.67	-39962.65	1.88088	-30433.67	-39962.65	1.88088	50.635	0.00
0.00	-30433.79	-39962.28	1.88125	-30433.79	-39962.28	1.88125	51.420	0.00
0.00	-30433.91	-39961.92	1.88151	-30433.91	-39961.92	1.88151	51.980	0.00
0.00	-30434.02	-39961.57	1.88184	-30434.02	-39961.57	1.88184	50.548	0.00
0.00	-30434.16	-39961.14	1.88222	-30434.16	-39961.14	1.88222	51.784	0.00
0.00	-30434.28	-39960.77	1.88256	-30434.28	-39960.77	1.88256	51.906	0.00
0.00	-30434.39	-39960.44	1.88286	-30434.39	-39960.44	1.88286	51.656	0.00
0.00	-30434.52	-39960.05	1.88306	-30434.52	-39960.05	1.88306	52.702	0.00
0.00	-30434.63	-39959.69	1.88331	-30434.63	-39959.69	1.88331	52.726	0.00
0.00	-30434.75	-39959.32	1.88346	-30434.75	-39959.32	1.88346	51.322	0.00
0.00	-30434.87	-39958.96	1.88373	-30434.87	-39958.96	1.88373	52.765	0.00
0.00	-30435.00	-39958.56	1.88413	-30435.00	-39958.56	1.88413	52.538	0.00
0.00	-30435.11	-39958.21	1.88455	-30435.11	-39958.21	1.88455	50.870	0.00
0.00	-30435.24	-39957.83	1.88495	-30435.24	-39957.83	1.88495	54.325	0.00
0.00	-30435.36	-39957.44	1.88550	-30435.36	-39957.44	1.88550	53.434	0.00
0.00	-30435.49	-39957.05	1.88624	-30435.49	-39957.05	1.88624	54.619	0.00
0.00	-30435.66	-39956.54	1.88718	-30435.66	-39956.54	1.88718	53.428	0.00
0.00	-30435.75	-39956.26	1.88805	-30435.75	-39956.26	1.88805	53.751	0.00
0.00	-30435.91	-39955.80	1.88911	-30435.91	-39955.80	1.88911	54.385	0.00
0.00	-30436.03	-39955.44	1.89031	-30436.03	-39955.44	1.89031	54.226	0.00
0.00	-30436.15	-39955.06	1.89150	-30436.15	-39955.06	1.89150	52.841	0.00
0.00	-30436.30	-39954.63	1.89260	-30436.30	-39954.63	1.89260	53.606	0.00
0.00	-30436.40	-39954.33	1.89356	-30436.40	-39954.33	1.89356	56.896	0.00
0.00	-30436.52	-39953.95	1.89414	-30436.52	-39953.95	1.89414	54.138	0.00
0.00	-30436.65	-39953.56	1.89456	-30436.65	-39953.56	1.89456	54.319	0.00
0.00	-30436.78	-39953.18	1.89504	-30436.78	-39953.18	1.89504	55.431	0.00
0.00	-30436.91	-39952.79	1.89545	-30436.91	-39952.79	1.89545	55.208	0.00
0.00	-30437.05	-39952.37	1.89601	-30437.05	-39952.37	1.89601	54.913	0.00
0.00	-30437.18	-39952.01	1.89665	-30437.18	-39952.01	1.89665	54.327	0.00
0.00	-30437.30	-39951.63	1.89693	-30437.30	-39951.63	1.89693	55.471	0.00
0.00	-30437.43	-39951.27	1.89690	-30437.43	-39951.27	1.89690	54.531	0.00
0.00	-30437.56	-39950.88	1.89707	-30437.56	-39950.88	1.89707	55.920	0.00
0.00	-30437.68	-39950.51	1.89735	-30437.68	-39950.51	1.89735	54.353	0.00
0.00	-30437.93	-39949.79	1.89715	-30437.93	-39949.79	1.89715	58.424	0.00
0.00	-30437.91	-39949.85	1.89700	-30437.91	-39949.85	1.89700	56.926	0.00
0.00	-30438.05	-39949.44	1.89688	-30438.05	-39949.44	1.89688	56.871	0.00
0.00	-30438.21	-39948.97	1.89697	-30438.21	-39948.97	1.89697	57.123	0.00
0.00	-30438.35	-39948.55	1.89701	-30438.35	-39948.55	1.89701	58.364	0.00
0.00	-30438.45	-39948.26	1.89686	-30438.45	-39948.26	1.89686	56.441	0.00
0.00	-30438.60	-39947.81	1.89645	-30438.60	-39947.81	1.89645	58.238	0.00
0.00	-30438.71	-39947.48	1.89609	-30438.71	-39947.48	1.89609	57.152	0.00
0.00	-30438.85	-39947.06	1.89608	-30438.85	-39947.06	1.89608	56.683	0.00
0.00	-30438.99	-39946.64	1.89605	-30438.99	-39946.64	1.89605	56.046	0.00
0.00	-30439.10	-39946.34	1.89631	-30439.10	-39946.34	1.89631	58.377	0.00
0.00	-30439.22	-39945.98	1.89655	-30439.22	-39945.98	1.89655	58.660	0.00
0.00	-30439.33	-39945.67	1.89665	-30439.33	-39945.67	1.89665	58.677	0.00
0.00	-30439.46	-39945.28	1.89653	-30439.46	-39945.28	1.89653	59.369	0.00
0.00	-30439.59	-39944.90	1.89646	-30439.59	-39944.90	1.89646	59.193	0.00
0.00	-30439.70	-39944.57	1.89647	-30439.70	-39944.57	1.89647	58.041	0.00
0.00	-30439.84	-39944.16	1.89651	-30439.84	-39944.16	1.89651	58.258	0.00
0.00	-30439.98	-39943.75	1.89665	-30439.98	-39943.75	1.89665	58.606	0.00
0.00	-30440.10	-39943.41	1.89676	-30440.10	-39943.41	1.89676	60.130	0.00
0.00	-30440.21	-39943.10	1.89682	-30440.21	-39943.10	1.89682	59.149	0.00
0.00	-30440.32	-39942.77	1.89686	-30440.32	-39942.77	1.89686	59.676	0.00
0.00	-30440.46	-39942.36	1.89674	-30440.46	-39942.36	1.89674	60.643	0.00
0.00	-30440.56	-39942.06	1.89655	-30440.56	-39942.06	1.89655	60.089	0.00
0.00	-30440.69	-39941.69	1.89612	-30440.69	-39941.69	1.89612	60.118	0.00
0.00	-30440.80	-39941.34	1.89548	-30440.80	-39941.34	1.89548	61.144	0.00
0.00	-30440.94	-39940.95	1.89471	-30440.94	-39940.95	1.89471	60.624	0.00
0.00	-30441.06	-39940.58	1.89395	-30441.06	-39940.58	1.89395	69.045	0.00
0.00	-30441.17	-39940.25	1.89343	-30441.17	-39940.25	1.89343	63.045	0.00
0.00	-30441.30	-39939.85	1.89312	-30441.30	-39939.85	1.89312	61.862	0.00
0.00	-30441.39	-39939.60	1.89289	-30441.39	-39939.60	1.89289	61.355	0.00
0.00	-30441.55	-39939.13	1.89242	-30441.55	-39939.13	1.89242	61.843	0.00
0.00	-30441.66	-39938.79	1.89162	-30441.66	-39938.79	1.89162	62.566	0.00
0.00	-30441.78	-39938.43	1.89066	-30441.78	-39938.43	1.89066	60.824	0.00
0.00	-30441.90	-39938.07	1.88964	-30441.90	-39938.07	1.88964	62.213	0.00
0.00	-30442.02	-39937.68	1.88876	-30442.02	-39937.68	1.88876	61.409	0.00
0.00	-30442.15	-39937.31	1.88783	-30442.15	-39937.31	1.88783	62.139	0.00
0.00	-30442.26	-39936.96	1.88670	-30442.26	-39936.96	1.88670	61.519	0.00
0.00	-30442.39	-39936.57	1.88561	-30442.39	-39936.57	1.88561	63.408	0.00
0.00	-30442.51	-39936.18	1.88460	-30442.51	-39936.18	1.88460	62.236	0.00
0.00	-30442.64	-39935.80	1.88386	-30442.64	-39935.80	1.88386	63.087	0.00
0.00	-30442.78	-39935.37	1.88346	-30442.78	-39935.37	1.88346	63.002	0.00
0.00	-30442.93	-39934.90	1.88306	-30442.93	-39934.90	1.88306	63.063	0.00
0.00	-30443.05	-39934.52	1.88259	-30443.05	-39934.52	1.88259	63.300	0.00
0.00	-30443.16	-39934.18	1.88215	-30443.16	-39934.18	1.88215	64.714	0.00
0.00	-30443.28	-39933.83	1.88169	-30443.28	-39933.83	1.88169	63.809	0.00
0.00	-30443.40	-39933.45	1.88120	-30443.40	-39933.45	1.88120	65.210	0.00
0.00	-30443.53	-39933.05	1.88076	-30443.53	-39933.05	1.88076	64.447	0.00
0.00	-30443.66	-39932.64	1.88050	-30443.66	-39932.64	1.88050	64.022	0.00
0.00	-30443.82	-39932.16	1.88026	-30443.82	-39932.16	1.88026	65.900	0.00
0.00	-30443.91	-39931.87	1.88012	-30443.91	-39931.87	1.88012	64.833	0.00
0.00	-30444.04	-39931.47	1.87981	-30444.04	-39931.47	1.87981	64.378	0.00
0.00	-30444.19	-39931.01	1.87937	-30444.19	-39931.01	1.87937	65.098	0.00
0.00	-30444.35	-39930.52	1.87901	-30444.35	-39930.52	1.87901	66.284	0.00
0.00	-30444.44	-39930.24	1.87874	-30444.44	-39930.24	1.87874	64.986	0.00
0.00	-30444.56	-39929.87	1.87867	-30444.56	-39929.87	1.87867	65.393	0.00
0.00	-30444.69	-39929.47	1.87867	-30444.69	-39929.47	1.87867	64.455	0.00
0.00	-30444.83	-39929.03	1.87858	-30444.83	-39929.03	1.87858	65.278	0.00
0.00	-30444.96	-39928.63	1.87878	-30444.96	-39928.63	1.87878	64.583	0.00
0.00	-30445.08	-39928.25	1.87924	-30445.08	-39928.25	1.87924	66.223	0.00
0.00	-30445.20	-39927.89	1.87958	-30445.20	-39927.89	1.87958	66.799	0.00
0.00	-30445.34	-39927.45	1.87980	-30445.34	-39927.45	1.87980	67.670	0.00
0.00	-30445.47	-39927.04	1.87987	-30445.47	-39927.04	1.87987	69.094	0.00
0.00	-30445.60	-39926.63	1.87978	-30445.60	-39926.63	1.87978	68.545	0.00
0.00	-30445.72	-39926.25	1.87962	-30445.72	-39926.25	1.87962	66.793	0.00
0.00	-30445.86	-39925.82	1.87922	-30445.86	-39925.82	1.87922	67.142	0.00
0.00	-30445.97	-39925.46	1.87866	-30445.97	-39925.46	1.87866	70.344	0.00
0.00	-30446.09	-39925.06	1.87825	-30446.09	-39925.06	1.87825	80.865	0.00
0.00	-30446.40	-39924.08	1.87749	-30446.40	-39924.08	1.87749	72.212	0.00
0.00	-30446.44	-39923.96	1.87720	-30446.44	-39923.96	1.87720	70.275	0.00
0.00	-30446.50	-39923.77	1.87709	-30446.50	-39923.77	1.87709	69.519	0.00
0.00	-30446.59	-39923.47	1.87711	-30446.59	-39923.47	1.87711	67.257	0.00
0.00	-30446.68	-39923.19	1.87702	-30446.68	-39923.19	1.87702	69.661	0.00
0.00	-30446.83	-39922.72	1.87699	-30446.83	-39922.72	1.87699	67.036	0.00
0.00	-30446.98	-39922.27	1.87732	-30446.98	-39922.27	1.87732	67.589	0.00
0.00	-30447.09	-39921.92	1.87779	-30447.09	-39921.92	1.87779	68.499	0.00
0.00	-30447.23	-39921.47	1.87843	-30447.23	-39921.47	1.87843	74.315	0.00
0.00	-30447.31	-39921.24	1.87886	-30447.31	-39921.24	1.87886	70.144	0.00
0.00	-30447.44	-39920.82	1.87911	-30447.44	-39920.82	1.87911	68.586	0.00
0.00	-30447.55	-39920.50	1.87956	-30447.55	-39920.50	1.87956	73.755	0.00
0.00	-30447.67	-39920.12	1.88049	-30447.67	-39920.12	1.88049	69.317	0.00
0.00	-30447.79	-39919.72	1.88151	-30447.79	-39919.72	1.88151	68.942	0.00
0.00	-30447.92	-39919.32	1.88214	-30447.92	-39919.32	1.88214	70.625	0.00
0.00	-30448.06	-39918.89	1.88254	-30448.06	-39918.89	1.88254	73.712	0.00
0.00	-30448.17	-39918.55	1.88301	-30448.17	-39918.55	1.88301	71.331	0.00
0.00	-30448.27	-39918.23	1.88374	-30448.27	-39918.23	1.88374	70.102	0.00
0.00	-30448.39	-39917.85	1.88457	-30448.39	-39917.85	1.88457	70.366	0.00
0.00	-30448.50	-39917.53	1.88541	-30448.50	-39917.53	1.88541	69.929	0.00
0.00	-30448.66	-39917.05	1.88641	-30448.66	-39917.05	1.88641	70.757	0.00
0.00	-30448.76	-39916.74	1.88711	-30448.76	-39916.74	1.88711	69.828	0.00
0.00	-30448.88	-39916.38	1.88739	-30448.88	-39916.38	1.88739	71.131	0.00
0.00	-30449.03	-39915.94	1.88755	-30449.03	-39915.94	1.88755	70.347	0.00
0.00	-30449.14	-39915.61	1.88815	-30449.14	-39915.61	1.88815	70.677	0.00
0.00	-30449.23	-39915.33	1.88839	-30449.23	-39915.33	1.88839	71.323	0.00
0.00	-30449.35	-39914.98	1.88803	-30449.35	-39914.98	1.88803	76.204	0.00
0.00	-30449.47	-39914.59	1.88764	-30449.47	-39914.59	1.88764	28.580	0.00
0.00	-30449.58	-39914.26	1.88726	-30449.58	-39914.26	1.88726	30.889	0.00
0.00	-30449.67	-39913.96	1.88656	-30449.67	-39913.96	1.88656	25.853	0.00
0.00	-30449.78	-39913.63	1.88578	-30449.78	-39913.63	1.88578	24.614	0.00
0.00	-30449.90	-39913.24	1.88491	-30449.90	-39913.24	1.88491	25.016	0.00
0.00	-30450.00	-39912.92	1.88409	-30450.00	-39912.92	1.88409	25.462	0.00
0.00	-30450.13	-39912.51	1.88335	-30450.13	-39912.51	1.88335	25.121	0.00
0.00	-30450.24	-39912.19	1.88303	-30450.24	-39912.19	1.88303	25.386	0.00
0.00	-30450.33	-39911.89	1.88304	-30450.33	-39911.89	1.88304	24.479	0.00
0.00	-30450.44	-39911.56	1.88282	-30450.44	-39911.56	1.88282	24.863	0.00
0.00	-30450.55	-39911.22	1.88246	-30450.55	-39911.22	1.88246	26.478	0.00
0.00	-30450.66	-39910.87	1.88223	-30450.66	-39910.87	1.88223	26.175	0.00
0.00	-30450.78	-39910.49	1.88221	-30450.78	-39910.49	1.88221	24.524	0.00
0.00	-30450.88	-39910.19	1.88201	-30450.88	-39910.19	1.88201	26.291	0.00
0.00	-30450.97	-39909.93	1.88169	-30450.97	-39909.93	1.88169	25.649	0.00
0.00	-30451.08	-39909.56	1.88141	-30451.08	-39909.56	1.88141	25.563	0.00
0.00	-30451.21	-39909.18	1.88111	-30451.21	-39909.18	1.88111	25.821	0.00
0.00	-30451.29	-39908.91	1.88036	-30451.29	-39908.91	1.88036	25.510	0.00
0.00	-30451.40	-39908.57	1.87966	-30451.40	-39908.57	1.87966	25.266	0.00
0.00	-30451.51	-39908.23	1.87935	-30451.51	-39908.23	1.87935	25.350	0.00
0.00	-30451.62	-39907.90	1.87934	-30451.62	-39907.90	1.87934	25.905	0.00
0.00	-30451.74	-39907.53	1.87948	-30451.74	-39907.53	1.87948	26.006	0.00
0.00	-30451.85	-39907.19	1.87962	-30451.85	-39907.19	1.87962	25.964	0.00
0.00	-30451.95	-39906.87	1.87945	-30451.95	-39906.87	1.87945	26.941	0.00
0.00	-30452.06	-39906.54	1.87934	-30452.06	-39906.54	1.87934	26.192	0.00
0.00	-30452.16	-39906.22	1.87935	-30452.16	-39906.22	1.87935	26.213	0.00
0.00	-30452.26	-39905.93	1.87955	-30452.26	-39905.93	1.87955	26.602	0.00
0.00	-30452.37	-39905.57	1.87983	-30452.37	-39905.57	1.87983	25.837	0.00
0.00	-30452.48	-39905.25	1.88016	-30452.48	-39905.25	1.88016	25.919	0.00
0.00	-30452.59	-39904.92	1.88040	-30452.59	-39904.92	1.88040	25.879	0.00
0.00	-30452.68	-39904.62	1.88055	-30452.68	-39904.62	1.88055	26.882	0.00
0.00	-30452.80	-39904.26	1.88056	-30452.80	-39904.26	1.88056	26.384	0.00
0.00	-30452.92	-39903.90	1.88049	-30452.92	-39903.90	1.88049	25.741	0.00
0.00	-30453.02	-39903.58	1.88052	-30453.02	-39903.58	1.88052	26.749	0.00
0.00	-30453.12	-39903.27	1.88060	-30453.12	-39903.27	1.88060	27.084	0.00
0.00	-30453.20	-39903.02	1.88026	-30453.20	-39903.02	1.88026	27.354	0.00
0.00	-30453.32	-39902.65	1.87960	-30453.32	-39902.65	1.87960	27.134	0.00
0.00	-30453.42	-39902.34	1.87890	-30453.42	-39902.34	1.87890	26.885	0.00
0.00	-30453.54	-39901.95	1.87807	-30453.54	-39901.95	1.87807	26.333	0.00
0.00	-30453.61	-39901.74	1.87738	-30453.61	-39901.74	1.87738	26.581	0.00
0.00	-30453.71	-39901.40	1.87651	-30453.71	-39901.40	1.87651	26.885	0.00
0.00	-30453.80	-39901.12	1.87573	-30453.80	-39901.12	1.87573	26.094	0.00
0.00	-30453.91	-39900.75	1.87503	-30453.91	-39900.75	1.87503	27.406	0.00
0.00	-30454.03	-39900.39	1.87436	-30454.03	-39900.39	1.87436	26.535	0.00
0.00	-30454.11	-39900.14	1.87372	-30454.11	-39900.14	1.87372	26.932	0.00
0.00	-30454.21	-39899.80	1.87342	-30454.21	-39899.80	1.87342	27.268	0.00
0.00	-30454.31	-39899.49	1.87338	-30454.31	-39899.49	1.87338	26.585	0.00
0.00	-30454.41	-39899.16	1.87335	-30454.41	-39899.16	1.87335	27.732	0.00
0.00	-30454.51	-39898.84	1.87352	-30454.51	-39898.84	1.87352	28.408	0.00
0.00	-30454.62	-39898.51	1.87373	-30454.62	-39898.51	1.87373	27.077	0.00
0.00	-30454.72	-39898.17	1.87404	-30454.72	-39898.17	1.87404	27.288	0.00
0.00	-30454.85	-39897.79	1.87411	-30454.85	-39897.79	1.87411	27.463	0.00
0.00	-30455.02	-39897.24	1.87377	-30455.02	-39897.24	1.87377	27.484	0.00
0.00	-30455.02	-39897.22	1.87343	-30455.02	-39897.22	1.87343	26.791	0.00
0.00	-30455.15	-39896.81	1.87292	-30455.15	-39896.81	1.87292	28.688	0.00
0.00	-30455.28	-39896.40	1.87250	-30455.28	-39896.40	1.87250	28.050	0.00
0.00	-30455.40	-39896.02	1.87219	-30455.40	-39896.02	1.87219	27.893	0.00
0.00	-30455.51	-39895.66	1.87180	-30455.51	-39895.66	1.87180	27.476	0.00
0.00	-30455.61	-39895.32	1.87128	-30455.61	-39895.32	1.87128	27.480	0.00
0.00	-30455.70	-39895.02	1.87069	-30455.70	-39895.02	1.87069	28.524	0.00
0.00	-30455.79	-39894.73	1.86998	-30455.79	-39894.73	1.86998	28.769	0.00
0.00	-30455.91	-39894.35	1.86941	-30455.91	-39894.35	1.86941	27.224	0.00
0.00	-30456.01	-39894.01	1.86909	-30456.01	-39894.01	1.86909	27.471	0.00
0.00	-30456.12	-39893.66	1.86882	-30456.12	-39893.66	1.86882	27.573	0.00
0.00	-30456.21	-39893.37	1.86855	-30456.21	-39893.37	1.86855	27.465	0.00
0.00	-30456.33	-39892.99	1.86839	-30456.33	-39892.99	1.86839	27.016	0.00
0.00	-30456.43	-39892.66	1.86833	-30456.43	-39892.66	1.86833	27.739	0.00
0.00	-30456.53	-39892.33	1.86826	-30456.53	-39892.33	1.86826	28.303	0.00
0.00	-30456.64	-39892.00	1.86823	-30456.64	-39892.00	1.86823	27.706	0.00
0.00	-30456.74	-39891.67	1.86838	-30456.74	-39891.67	1.86838	27.496	0.00
0.00	-30456.84	-39891.34	1.86841	-30456.84	-39891.34	1.86841	27.414	0.00
0.00	-30456.95	-39891.00	1.86814	-30456.95	-39891.00	1.86814	27.614	0.00
0.00	-30457.04	-39890.69	1.86789	-30457.04	-39890.69	1.86789	28.263	0.00
0.00	-30457.15	-39890.35	1.86755	-30457.15	-39890.35	1.86755	28.140	0.00
0.00	-30457.24	-39890.06	1.86709	-30457.24	-39890.06	1.86709	28.400	0.00
0.00	-30457.36	-39889.66	1.86648	-30457.36	-39889.66	1.86648	28.330	0.00
0.00	-30457.47	-39889.30	1.86579	-30457.47	-39889.30	1.86579	28.769	0.00
0.00	-30457.56	-39889.03	1.86493	-30457.56	-39889.03	1.86493	28.690	0.00
0.00	-30457.66	-39888.70	1.86369	-30457.66	-39888.70	1.86369	28.327	0.00
0.00	-30457.76	-39888.38	1.86220	-30457.76	-39888.38	1.86220	28.343	0.00
0.00	-30457.82	-39888.15	1.86048	-30457.82	-39888.15	1.86048	28.604	0.00
0.00	-30457.91	-39887.87	1.85894	-30457.91	-39887.87	1.85894	28.613	0.00
0.00	-30457.99	-39887.57	1.85755	-30457.99	-39887.57	1.85755	28.512	0.00
0.00	-30458.10	-39887.20	1.85588	-30458.10	-39887.20	1.85588	28.532	0.00
0.00	-30458.15	-39887.05	1.85450	-30458.15	-39887.05	1.85450	29.047	0.00
0.00	-30458.26	-39886.67	1.85295	-30458.26	-39886.67	1.85295	27.929	0.00
0.00	-30458.33	-39886.43	1.85131	-30458.33	-39886.43	1.85131	28.674	0.00
0.00	-30458.40	-39886.17	1.84962	-30458.40	-39886.17	1.84962	28.370	0.00
0.00	-30458.48	-39885.90	1.84769	-30458.48	-39885.90	1.84769	29.030	0.00
0.00	-30458.55	-39885.67	1.84565	-30458.55	-39885.67	1.84565	29.069	0.00
0.00	-30458.65	-39885.31	1.84348	-30458.65	-39885.31	1.84348	29.593	0.00
0.00	-30458.73	-39885.03	1.84139	-30458.73	-39885.03	1.84139	29.180	0.00
0.00	-30458.80	-39884.80	1.83958	-30458.80	-39884.80	1.83958	28.947	0.00
0.00	-30458.88	-39884.51	1.83770	-30458.88	-39884.51	1.83770	29.730	0.00
0.00	-30458.94	-39884.30	1.83584	-30458.94	-39884.30	1.83584	28.869	0.00
0.00	-30459.01	-39884.05	1.83368	-30459.01	-39884.05	1.83368	28.955	0.00
0.00	-30459.09	-39883.76	1.83097	-30459.09	-39883.76	1.83097	29.647	0.00
0.00	-30459.15	-39883.53	1.82795	-30459.15	-39883.53	1.82795	30.283	0.00
0.00	-30459.22	-39883.26	1.82465	-30459.22	-39883.26	1.82465	29.478	0.00
0.00	-30459.31	-39882.94	1.82184	-30459.31	-39882.94	1.82184	28.899	0.00
0.00	-30459.38	-39882.66	1.81866	-30459.38	-39882.66	1.81866	29.783	0.00
0.00	-30459.43	-39882.47	1.81447	-30459.43	-39882.47	1.81447	28.676	0.00
0.00	-30459.49	-39882.21	1.81085	-30459.49	-39882.21	1.81085	30.099	0.00
0.00	-30459.56	-39881.94	1.80709	-30459.56	-39881.94	1.80709	30.739	0.00
0.00	-30459.61	-39881.70	1.80227	-30459.61	-39881.70	1.80227	29.195	0.00
0.00	-30459.66	-39881.49	1.79727	-30459.66	-39881.49	1.79727	28.730	0.00
0.00	-30459.72	-39881.25	1.79236	-30459.72	-39881.25	1.79236	29.474	0.00
0.00	-30459.77	-39881.01	1.78650	-30459.77	-39881.01	1.78650	30.000	0.00
0.00	-30459.84	-39880.68	1.78000	-30459.84	-39880.68	1.78000	29.969	0.00
0.00	-30459.89	-39880.44	1.77336	-30459.89	-39880.44	1.77336	30.132	0.00
0.00	-30459.95	-39880.16	1.76660	-30459.95	-39880.16	1.76660	31.934	0.00
0.00	-30460.00	-39879.89	1.75985	-30460.00	-39879.89	1.75985	29.893	0.00
0.00	-30460.04	-39879.65	1.75308	-30460.04	-39879.65	1.75308	30.333	0.00
0.00	-30460.09	-39879.41	1.74640	-30460.09	-39879.41	1.74640	29.781	0.00
0.00	-30460.12	-39879.23	1.73938	-30460.12	-39879.23	1.73938	29.836	0.00
0.00	-30460.17	-39878.95	1.73182	-30460.17	-39878.95	1.73182	29.909	0.00
0.00	-30460.21	-39878.68	1.72424	-30460.21	-39878.68	1.72424	29.366	0.00
0.00	-30460.25	-39878.46	1.71679	-30460.25	-39878.46	1.71679	30.680	0.00
0.00	-30460.28	-39878.22	1.70895	-30460.28	-39878.22	1.70895	29.603	0.00
0.00	-30460.31	-39878.00	1.70055	-30460.31	-39878.00	1.70055	30.893	0.00
0.00	-30460.35	-39877.72	1.69134	-30460.35	-39877.72	1.69134	30.316	0.00
0.00	-30460.38	-39877.46	1.68118	-30460.38	-39877.46	1.68118	29.392	0.00
0.00	-30460.40	-39877.22	1.67031	-30460.40	-39877.22	1.67031	30.243	0.00
0.00	-30460.42	-39876.98	1.65893	-30460.42	-39876.98	1.65893	30.126	0.00
0.00	-30460.44	-39876.74	1.64708	-30460.44	-39876.74	1.64708	29.455	0.00
0.00	-30460.46	-39876.48	1.63494	-30460.46	-39876.48	1.63494	30.631	0.00
0.00	-30460.48	-39876.24	1.62294	-30460.48	-39876.24	1.62294	30.165	0.00
0.00	-30460.49	-39876.00	1.61114	-30460.49	-39876.00	1.61114	30.393	0.00
0.00	-30460.50	-39875.77	1.59937	-30460.50	-39875.77	1.59937	30.862	0.00
0.00	-30460.50	-39875.50	1.58756	-30460.50	-39875.50	1.58756	30.096	0.00
0.00	-30460.51	-39875.22	1.57572	-30460.51	-39875.22	1.57572	29.958	0.00
0.00	-30460.51	-39874.98	1.56374	-30460.51	-39874.98	1.56374	29.641	0.00
0.00	-30460.50	-39874.77	1.55119	-30460.50	-39874.77	1.55119	30.825	0.00
0.00	-30460.49	-39874.57	1.53796	-30460.49	-39874.57	1.53796	31.131	0.00
0.00	-30460.48	-39874.29	1.52426	-30460.48	-39874.29	1.52426	30.097	0.00
0.00	-30460.46	-39873.95	1.50883	-30460.46	-39873.95	1.50883	31.351	0.00
0.00	-30460.45	-39873.83	1.49619	-30460.45	-39873.83	1.49619	30.703	0.00
0.00	-30460.42	-39873.58	1.48121	-30460.42	-39873.58	1.48121	30.812	0.00
0.00	-30460.40	-39873.35	1.46580	-30460.40	-39873.35	1.46580	30.783	0.00
0.00	-30460.37	-39873.08	1.45028	-30460.37	-39873.08	1.45028	30.549	0.00
0.00	-30460.34	-39872.85	1.43473	-30460.34	-39872.85	1.43473	30.674	0.00
0.00	-30460.30	-39872.60	1.41819	-30460.30	-39872.60	1.41819	31.131	0.00
0.00	-30460.25	-39872.32	1.40088	-30460.25	-39872.32	1.40088	31.274	0.00
0.00	-30460.21	-39872.09	1.38341	-30460.21	-39872.09	1.38341	31.899	0.00
0.00	-30460.17	-39871.88	1.36553	-30460.17	-39871.88	1.36553	31.115	0.00
0.00	-30460.12	-39871.62	1.34736	-30460.12	-39871.62	1.34736	31.528	0.00
0.00	-30460.07	-39871.41	1.32862	-30460.07	-39871.41	1.32862	30.875	0.00
0.00	-30460.02	-39871.18	1.30913	-30460.02	-39871.18	1.30913	31.760	0.00
0.00	-30459.95	-39870.94	1.28883	-30459.95	-39870.94	1.28883	31.706	0.00
0.00	-30459.88	-39870.69	1.26747	-30459.88	-39870.69	1.26747	30.817	0.00
0.00	-30459.80	-39870.42	1.24492	-30459.80	-39870.42	1.24492	31.671	0.00
0.00	-30459.73	-39870.21	1.22237	-30459.73	-39870.21	1.22237	30.360	0.00
0.00	-30459.64	-39869.98	1.20001	-30459.64	-39869.98	1.20001	32.006	0.00
0.00	-30459.56	-39869.76	1.17766	-30459.56	-39869.76	1.17766	31.319	0.00
0.00	-30459.43	-39869.46	1.15443	-30459.43	-39869.46	1.15443	32.053	0.00
0.00	-30459.34	-39869.27	1.13057	-30459.34	-39869.27	1.13057	31.068	0.00
0.00	-30459.24	-39869.06	1.10640	-30459.24	-39869.06	1.10640	32.313	0.00
0.00	-30459.14	-39868.85	1.08171	-30459.14	-39868.85	1.08171	31.671	0.00
0.00	-30459.02	-39868.64	1.05715	-30459.02	-39868.64	1.05715	30.939	0.00
0.00	-30458.87	-39868.37	1.03124	-30458.87	-39868.37	1.03124	32.506	0.00
0.00	-30458.75	-39868.17	1.00509	-30458.75	-39868.17	1.00509	31.843	0.00
0.00	-30458.64	-39868.00	0.97876	-30458.64	-39868.00	0.97876	31.902	0.00
0.00	-30458.50	-39867.80	0.95170	-30458.50	-39867.80	0.95170	32.948	0.00
0.00	-30458.34	-39867.58	0.92452	-30458.34	-39867.58	0.92452	31.475	0.00
0.00	-30458.16	-39867.34	0.89689	-30458.16	-39867.34	0.89689	32.575	0.00
0.00	-30457.99	-39867.13	0.86617	-30457.99	-39867.13	0.86617	32.484	0.00
0.00	-30457.88	-39867.00	0.84098	-30457.88	-39867.00	0.84098	31.202	0.00
0.00	-30457.70	-39866.81	0.81245	-30457.70	-39866.81	0.81245	32.925	0.00
0.00	-30457.52	-39866.61	0.78427	-30457.52	-39866.61	0.78427	32.790	0.00
0.00	-30457.33	-39866.43	0.75682	-30457.33	-39866.43	0.75682	32.484	0.00
0.00	-30457.13	-39866.24	0.73060	-30457.13	-39866.24	0.73060	32.077	0.00
0.00	-30456.93	-39866.06	0.70448	-30456.93	-39866.06	0.70448	32.581	0.00
0.00	-30456.72	-39865.89	0.67934	-30456.72	-39865.89	0.67934	32.571	0.00
0.00	-30456.47	-39865.69	0.65555	-30456.47	-39865.69	0.65555	33.013	0.00
0.00	-30456.22	-39865.50	0.63236	-30456.22	-39865.50	0.63236	33.293	0.00
0.00	-30456.03	-39865.36	0.61001	-30456.03	-39865.36	0.61001	33.098	0.00
0.00	-30455.81	-39865.20	0.58882	-30455.81	-39865.20	0.58882	32.054	0.00
0.00	-30455.50	-39865.00	0.56887	-30455.50	-39865.00	0.56887	33.048	0.00
0.00	-30455.27	-39864.85	0.54962	-30455.27	-39864.85	0.54962	33.004	0.00
0.00	-30455.03	-39864.71	0.53159	-30455.03	-39864.71	0.53159	32.402	0.00
0.00	-30454.79	-39864.56	0.51464	-30454.79	-39864.56	0.51464	32.746	0.00
0.00	-30454.50	-39864.40	0.49848	-30454.50	-39864.40	0.49848	32.247	0.00
0.00	-30454.22	-39864.25	0.48261	-30454.22	-39864.25	0.48261	33.086	0.00
0.00	-30453.96	-39864.12	0.46517	-30453.96	-39864.12	0.46517	33.602	0.00
0.00	-30453.51	-39863.89	0.44629	-30453.51	-39863.89	0.44629	35.619	0.00
0.00	-30453.19	-39863.75	0.42882	-30453.19	-39863.75	0.42882	32.794	0.00
0.00	-30452.88	-39863.61	0.41605	-30452.88	-39863.61	0.41605	34.190	0.00
0.00	-30452.80	-39863.57	0.41186	-30452.80	-39863.57	0.41186	36.312	0.00
0.00	-30452.55	-39863.47	0.40259	-30452.55	-39863.47	0.40259	33.930	0.00
0.00	-30452.17	-39863.31	0.39180	-30452.17	-39863.31	0.39180	33.631	0.00
0.00	-30451.88	-39863.19	0.38147	-30451.88	-39863.19	0.38147	34.242	0.00
0.00	-30451.53	-39863.05	0.37139	-30451.53	-39863.05	0.37139	32.856	0.00
0.00	-30451.26	-39862.96	0.36169	-30451.26	-39862.96	0.36169	33.571	0.00
0.00	-30450.97	-39862.85	0.35227	-30450.97	-39862.85	0.35227	32.934	0.00
0.00	-30450.59	-39862.72	0.34399	-30450.59	-39862.72	0.34399	33.592	0.00
0.00	-30450.30	-39862.62	0.33669	-30450.30	-39862.62	0.33669	33.013	0.00
0.00	-30449.99	-39862.52	0.32997	-30449.99	-39862.52	0.32997	33.007	0.00
0.00	-30449.65	-39862.40	0.32359	-30449.65	-39862.40	0.32359	34.271	0.00
0.00	-30449.31	-39862.30	0.31793	-30449.31	-39862.30	0.31793	34.290	0.00
0.00	-30448.95	-39862.18	0.31331	-30448.95	-39862.18	0.31331	33.591	0.00
0.00	-30448.55	-39862.06	0.30865	-30448.55	-39862.06	0.30865	33.723	0.00
0.00	-30448.31	-39861.98	0.30572	-30448.31	-39861.98	0.30572	35.227	0.00
0.00	-30447.86	-39861.84	0.30302	-30447.86	-39861.84	0.30302	33.757	0.00
0.00	-30447.52	-39861.74	0.30108	-30447.52	-39861.74	0.30108	33.962	0.00
0.00	-30447.16	-39861.63	0.29989	-30447.16	-39861.63	0.29989	33.557	0.00
0.00	-30446.85	-39861.53	0.29968	-30446.85	-39861.53	0.29968	35.209	0.00
0.00	-30446.51	-39861.42	0.29954	-30446.51	-39861.42	0.29954	32.844	0.00
0.00	-30446.07	-39861.29	0.29897	-30446.07	-39861.29	0.29897	33.640	0.00
0.00	-30445.76	-39861.19	0.29829	-30445.76	-39861.19	0.29829	34.378	0.00
0.00	-30445.35	-39861.07	0.29802	-30445.35	-39861.07	0.29802	34.024	0.00
0.00	-30444.96	-39860.95	0.29836	-30444.96	-39860.95	0.29836	34.114	0.00
0.00	-30444.52	-39860.81	0.29903	-30444.52	-39860.81	0.29903	33.824	0.00
0.00	-30444.33	-39860.75	0.29968	-30444.33	-39860.75	0.29968	35.121	0.00
0.00	-30443.96	-39860.64	0.29997	-30443.96	-39860.64	0.29997	34.740	0.00
0.00	-30443.59	-39860.52	0.30000	-30443.59	-39860.52	0.30000	33.214	0.00
0.00	-30443.25	-39860.41	0.30044	-30443.25	-39860.41	0.30044	33.889	0.00
0.00	-30442.88	-39860.30	0.30103	-30442.88	-39860.30	0.30103	34.061	0.00
0.00	-30442.52	-39860.18	0.30128	-30442.52	-39860.18	0.30128	34.562	0.00
0.00	-30442.14	-39860.07	0.30132	-30442.14	-39860.07	0.30132	35.773	0.00
0.00	-30441.72	-39859.94	0.30138	-30441.72	-39859.94	0.30138	35.486	0.00
0.00	-30441.30	-39859.81	0.30147	-30441.30	-39859.81	0.30147	34.680	0.00
0.00	-30440.93	-39859.69	0.30149	-30440.93	-39859.69	0.30149	35.369	0.00
0.00	-30440.54	-39859.57	0.30172	-30440.54	-39859.57	0.30172	36.547	0.00
0.00	-30440.07	-39859.42	0.30192	-30440.07	-39859.42	0.30192	36.177	0.00
0.00	-30439.94	-39859.38	0.30184	-30439.94	-39859.38	0.30184	37.240	0.00
0.00	-30439.54	-39859.26	0.30183	-30439.54	-39859.26	0.30183	36.658	0.00
0.00	-30439.21	-39859.15	0.30201	-30439.21	-39859.15	0.30201	37.867	0.00
0.00	-30438.86	-39859.05	0.30228	-30438.86	-39859.05	0.30228	37.535	0.00
0.00	-30438.49	-39858.93	0.30229	-30438.49	-39858.93	0.30229	38.972	0.00
0.00	-30438.12	-39858.82	0.30199	-30438.12	-39858.82	0.30199	38.319	0.00
0.00	-30437.76	-39858.70	0.30152	-30437.76	-39858.70	0.30152	38.539	0.00
0.00	-30437.40	-39858.59	0.30110	-30437.40	-39858.59	0.30110	39.510	0.00
0.00	-30437.03	-39858.48	0.30091	-30437.03	-39858.48	0.30091	40.233	0.00
0.00	-30436.67	-39858.37	0.30078	-30436.67	-39858.37	0.30078	39.375	0.00
0.00	-30436.27	-39858.24	0.30070	-30436.27	-39858.24	0.30070	41.287	0.00
0.00	-30435.92	-39858.13	0.30077	-30435.92	-39858.13	0.30077	41.716	0.00
0.00	-30435.55	-39858.02	0.30089	-30435.55	-39858.02	0.30089	41.389	0.00
0.00	-30435.21	-39857.91	0.30095	-30435.21	-39857.91	0.30095	43.259	0.00
0.00	-30434.86	-39857.80	0.30089	-30434.86	-39857.80	0.30089	42.509	0.00
0.00	-30434.51	-39857.69	0.30068	-30434.51	-39857.69	0.30068	42.213	0.00
0.00	-30434.16	-39857.58	0.30051	-30434.16	-39857.58	0.30051	42.993	0.00
0.00	-30433.77	-39857.46	0.30029	-30433.77	-39857.46	0.30029	41.822	0.00
0.00	-30433.42	-39857.35	0.30001	-30433.42	-39857.35	0.30001	42.605	0.00
0.00	-30433.06	-39857.24	0.29963	-30433.06	-39857.24	0.29963	45.709	0.00
0.00	-30432.68	-39857.12	0.29919	-30432.68	-39857.12	0.29919	45.089	0.00
0.00	-30432.28	-39857.00	0.29892	-30432.28	-39857.00	0.29892	44.997	0.00
0.00	-30431.77	-39856.84	0.29921	-30431.77	-39856.84	0.29921	45.341	0.00
0.00	-30431.69	-39856.81	0.29955	-30431.69	-39856.81	0.29955	45.763	0.00
0.00	-30431.32	-39856.70	0.29976	-30431.32	-39856.70	0.29976	45.378	0.00
0.00	-30430.95	-39856.58	0.29961	-30430.95	-39856.58	0.29961	44.322	0.00
0.00	-30430.60	-39856.47	0.29919	-30430.60	-39856.47	0.29919	46.597	0.00
0.00	-30430.21	-39856.35	0.29881	-30430.21	-39856.35	0.29881	46.359	0.00
0.00	-30429.80	-39856.23	0.29859	-30429.80	-39856.23	0.29859	47.774	0.00
0.00	-30429.55	-39856.15	0.29831	-30429.55	-39856.15	0.29831	47.096	0.00
0.00	-30429.08	-39856.01	0.29796	-30429.08	-39856.01	0.29796	47.881	0.00
0.00	-30428.64	-39855.87	0.29796	-30428.64	-39855.87	0.29796	47.410	0.00
0.00	-30428.19	-39855.73	0.29796	-30428.19	-39855.73	0.29796	49.126	0.00
0.00	-30427.92	-39855.65	0.29756	-30427.92	-39855.65	0.29756	46.430	0.00
0.00	-30427.64	-39855.57	0.29708	-30427.64	-39855.57	0.29708	49.439	0.00
0.00	-30427.26	-39855.45	0.29642	-30427.26	-39855.45	0.29642	48.876	0.00
0.00	-30426.87	-39855.33	0.29589	-30426.87	-39855.33	0.29589	49.339	0.00
0.00	-30426.47	-39855.21	0.29568	-30426.47	-39855.21	0.29568	48.050	0.00
0.00	-30426.11	-39855.10	0.29562	-30426.11	-39855.10	0.29562	49.362	0.00
0.00	-30425.68	-39854.97	0.29532	-30425.68	-39854.97	0.29532	50.153	0.00
0.00	-30425.33	-39854.87	0.29505	-30425.33	-39854.87	0.29505	51.895	0.00
0.00	-30424.96	-39854.75	0.29488	-30424.96	-39854.75	0.29488	48.059	0.00
0.00	-30424.52	-39854.62	0.29467	-30424.52	-39854.62	0.29467	51.460	0.00
0.00	-30424.11	-39854.50	0.29445	-30424.11	-39854.50	0.29445	50.397	0.00
0.00	-30423.83	-39854.41	0.29439	-30423.83	-39854.41	0.29439	52.051	0.00
0.00	-30423.46	-39854.29	0.29462	-30423.46	-39854.29	0.29462	50.394	0.00
0.00	-30423.11	-39854.18	0.29480	-30423.11	-39854.18	0.29480	50.422	0.00
0.00	-30422.76	-39854.08	0.29480	-30422.76	-39854.08	0.29480	52.258	0.00
0.00	-30422.43	-39853.97	0.29467	-30422.43	-39853.97	0.29467	52.240	0.00
0.00	-30421.98	-39853.84	0.29429	-30421.98	-39853.84	0.29429	50.143	0.00
0.00	-30421.66	-39853.74	0.29419	-30421.66	-39853.74	0.29419	51.354	0.00
0.00	-30421.25	-39853.61	0.29471	-30421.25	-39853.61	0.29471	52.246	0.00
0.00	-30420.84	-39853.48	0.29531	-30420.84	-39853.48	0.29531	52.834	0.00
0.00	-30420.48	-39853.37	0.29599	-30420.48	-39853.37	0.29599	52.530	0.00
0.00	-30420.20	-39853.28	0.29688	-30420.20	-39853.28	0.29688	52.371	0.00
0.00	-30419.86	-39853.17	0.29717	-30419.86	-39853.17	0.29717	52.728	0.00
0.00	-30419.52	-39853.07	0.29706	-30419.52	-39853.07	0.29706	53.955	0.00
0.00	-30419.20	-39852.97	0.29691	-30419.20	-39852.97	0.29691	53.839	0.00
0.00	-30418.87	-39852.87	0.29694	-30418.87	-39852.87	0.29694	53.244	0.00
0.00	-30418.43	-39852.73	0.29705	-30418.43	-39852.73	0.29705	54.642	0.00
0.00	-30418.13	-39852.64	0.29706	-30418.13	-39852.64	0.29706	59.059	0.00
0.00	-30417.77	-39852.53	0.29707	-30417.77	-39852.53	0.29707	53.044	0.00
0.00	-30417.41	-39852.41	0.29721	-30417.41	-39852.41	0.29721	55.134	0.00
0.00	-30417.08	-39852.31	0.29733	-30417.08	-39852.31	0.29733	54.801	0.00
0.00	-30416.55	-39852.15	0.29738	-30416.55	-39852.15	0.29738	57.938	0.00
0.00	-30416.40	-39852.10	0.29729	-30416.40	-39852.10	0.29729	57.038	0.00
0.00	-30416.06	-39852.00	0.29676	-30416.06	-39852.00	0.29676	55.125	0.00
0.00	-30415.71	-39851.89	0.29656	-30415.71	-39851.89	0.29656	57.207	0.00
0.00	-30415.26	-39851.75	0.29663	-30415.26	-39851.75	0.29663	60.256	0.00
0.00	-30415.09	-39851.70	0.29639	-30415.09	-39851.70	0.29639	55.805	0.00
0.00	-30414.69	-39851.58	0.29619	-30414.69	-39851.58	0.29619	56.088	0.00
0.00	-30414.35	-39851.48	0.29598	-30414.35	-39851.48	0.29598	57.646	0.00
0.00	-30414.05	-39851.38	0.29555	-30414.05	-39851.38	0.29555	61.866	0.00
0.00	-30413.78	-39851.30	0.29484	-30413.78	-39851.30	0.29484	57.409	0.00
0.00	-30413.43	-39851.20	0.29443	-30413.43	-39851.20	0.29443	60.535	0.00
0.00	-30413.11	-39851.10	0.29414	-30413.11	-39851.10	0.29414	57.953	0.00
0.00	-30412.81	-39851.01	0.29365	-30412.81	-39851.01	0.29365	62.729	0.00
0.00	-30412.43	-39850.90	0.29327	-30412.43	-39850.90	0.29327	58.939	0.00
0.00	-30412.10	-39850.80	0.29306	-30412.10	-39850.80	0.29306	59.605	0.00
0.00	-30411.78	-39850.70	0.29270	-30411.78	-39850.70	0.29270	60.149	0.00
0.00	-30411.35	-39850.58	0.29233	-30411.35	-39850.58	0.29233	62.838	0.00
0.00	-30411.08	-39850.50	0.29193	-30411.08	-39850.50	0.29193	59.277	0.00
0.00	-30410.76	-39850.40	0.29155	-30410.76	-39850.40	0.29155	60.661	0.00
0.00	-30410.40	-39850.30	0.29112	-30410.40	-39850.30	0.29112	61.242	0.00
0.00	-30410.04	-39850.19	0.29070	-30410.04	-39850.19	0.29070	62.045	0.00
0.00	-30409.70	-39850.09	0.29043	-30409.70	-39850.09	0.29043	60.508	0.00
0.00	-30409.35	-39849.98	0.29055	-30409.35	-39849.98	0.29055	61.007	0.00
0.00	-30409.01	-39849.88	0.29078	-30409.01	-39849.88	0.29078	61.634	0.00
0.00	-30408.62	-39849.76	0.29072	-30408.62	-39849.76	0.29072	63.351	0.00
0.00	-30408.26	-39849.65	0.29061	-30408.26	-39849.65	0.29061	60.179	0.00
0.00	-30407.89	-39849.54	0.29060	-30407.89	-39849.54	0.29060	63.303	0.00
0.00	-30407.48	-39849.42	0.29070	-30407.48	-39849.42	0.29070	62.410	0.00
0.00	-30407.17	-39849.33	0.29097	-30407.17	-39849.33	0.29097	64.530	0.00
0.00	-30406.81	-39849.22	0.29143	-30406.81	-39849.22	0.29143	62.528	0.00
0.00	-30406.44	-39849.11	0.29165	-30406.44	-39849.11	0.29165	64.858	0.00
0.00	-30406.06	-39848.99	0.29182	-30406.06	-39848.99	0.29182	62.964	0.00
0.00	-30405.66	-39848.87	0.29239	-30405.66	-39848.87	0.29239	65.565	0.00
0.00	-30405.29	-39848.76	0.29312	-30405.29	-39848.76	0.29312	63.127	0.00
0.00	-30404.87	-39848.63	0.29372	-30404.87	-39848.63	0.29372	63.893	0.00
0.00	-30404.42	-39848.49	0.29434	-30404.42	-39848.49	0.29434	63.698	0.00
0.00	-30403.99	-39848.36	0.29475	-30403.99	-39848.36	0.29475	66.353	0.00
0.00	-30403.66	-39848.26	0.29496	-30403.66	-39848.26	0.29496	64.208	0.00
0.00	-30403.28	-39848.15	0.29530	-30403.28	-39848.15	0.29530	65.563	0.00
0.00	-30402.91	-39848.03	0.29561	-30402.91	-39848.03	0.29561	64.614	0.00
0.00	-30402.52	-39847.91	0.29597	-30402.52	-39847.91	0.29597	67.234	0.00
0.00	-30402.13	-39847.79	0.29631	-30402.13	-39847.79	0.29631	63.948	0.00
0.00	-30401.74	-39847.67	0.29648	-30401.74	-39847.67	0.29648	64.565	0.00
0.00	-30401.33	-39847.55	0.29659	-30401.33	-39847.55	0.29659	66.035	0.00
0.00	-30400.89	-39847.41	0.29697	-30400.89	-39847.41	0.29697	70.852	0.00
0.00	-30400.47	-39847.28	0.29750	-30400.47	-39847.28	0.29750	66.538	0.00
0.00	-30400.04	-39847.15	0.29786	-30400.04	-39847.15	0.29786	67.559	0.00
0.00	-30399.63	-39847.02	0.29806	-30399.63	-39847.02	0.29806	67.812	0.00
0.00	-30399.24	-39846.90	0.29839	-30399.24	-39846.90	0.29839	71.624	0.00
0.00	-30398.88	-39846.79	0.29887	-30398.88	-39846.79	0.29887	67.496	0.00
0.00	-30398.45	-39846.66	0.29937	-30398.45	-39846.66	0.29937	68.932	0.00
0.00	-30398.09	-39846.55	0.29972	-30398.09	-39846.55	0.29972	67.788	0.00
0.00	-30397.71	-39846.42	0.30007	-30397.71	-39846.42	0.30007	71.292	0.00
0.00	-30397.34	-39846.31	0.30051	-30397.34	-39846.31	0.30051	66.851	0.00
0.00	-30396.91	-39846.18	0.30067	-30396.91	-39846.18	0.30067	67.800	0.00
0.00	-30396.52	-39846.06	0.30062	-30396.52	-39846.06	0.30062	67.229	0.00
0.00	-30396.11	-39845.93	0.30058	-30396.11	-39845.93	0.30058	74.094	0.00
0.00	-30395.68	-39845.80	0.30053	-30395.68	-39845.80	0.30053	71.092	0.00
0.00	-30395.24	-39845.66	0.30060	-30395.24	-39845.66	0.30060	70.864	0.00
0.00	-30394.86	-39845.54	0.30079	-30394.86	-39845.54	0.30079	71.654	0.00
0.00	-30394.51	-39845.43	0.30094	-30394.51	-39845.43	0.30094	73.680	0.00
0.00	-30394.16	-39845.33	0.30103	-30394.16	-39845.33	0.30103	70.922	0.00
0.00	-30393.71	-39845.19	0.30105	-30393.71	-39845.19	0.30105	72.228	0.00
0.00	-30393.40	-39845.09	0.30106	-30393.40	-39845.09	0.30106	73.385	0.00
0.00	-30392.99	-39844.96	0.30117	-30392.99	-39844.96	0.30117	74.498	0.00
0.00	-30392.61	-39844.85	0.30134	-30392.61	-39844.85	0.30134	72.167	0.00
0.00	-30392.22	-39844.72	0.30161	-30392.22	-39844.72	0.30161	72.947	0.00
0.00	-30391.83	-39844.60	0.30194	-30391.83	-39844.60	0.30194	71.223	0.00
0.00	-30391.40	-39844.46	0.30228	-30391.40	-39844.46	0.30228	75.463	0.00
0.00	-30391.11	-39844.37	0.30270	-30391.11	-39844.37	0.30270	72.862	0.00
0.00	-30390.75	-39844.26	0.30333	-30390.75	-39844.26	0.30333	75.396	0.00
0.00	-30390.40	-39844.15	0.30396	-30390.40	-39844.15	0.30396	74.943	0.00
0.00	-30390.05	-39844.03	0.30428	-30390.05	-39844.03	0.30428	75.224	0.00
0.00	-30389.69	-39843.92	0.30443	-30389.69	-39843.92	0.30443	73.065	0.00
0.00	-30389.31	-39843.80	0.30461	-30389.31	-39843.80	0.30461	74.672	0.00
0.00	-30388.94	-39843.68	0.30503	-30388.94	-39843.68	0.30503	73.389	0.00
0.00	-30388.58	-39843.57	0.30531	-30388.58	-39843.57	0.30531	78.983	0.00
0.00	-30388.21	-39843.45	0.30540	-30388.21	-39843.45	0.30540	76.288	0.00
0.00	-30387.84	-39843.34	0.30556	-30387.84	-39843.34	0.30556	75.853	0.00
0.00	-30387.45	-39843.21	0.30583	-30387.45	-39843.21	0.30583	76.707	0.00
0.00	-30387.03	-39843.08	0.30621	-30387.03	-39843.08	0.30621	79.068	0.00
0.00	-30386.67	-39842.96	0.30671	-30386.67	-39842.96	0.30671	76.072	0.00
0.00	-30386.32	-39842.85	0.30705	-30386.32	-39842.85	0.30705	74.635	0.00
0.00	-30385.94	-39842.73	0.30700	-30385.94	-39842.73	0.30700	75.842	0.00
0.00	-30385.45	-39842.58	0.30680	-30385.45	-39842.58	0.30680	76.646	0.00
0.00	-30385.27	-39842.52	0.30676	-30385.27	-39842.52	0.30676	75.841	0.00
0.00	-30384.88	-39842.40	0.30683	-30384.88	-39842.40	0.30683	86.714	0.00
0.00	-30384.50	-39842.28	0.30687	-30384.50	-39842.28	0.30687	75.847	0.00
0.00	-30384.11	-39842.15	0.30685	-30384.11	-39842.15	0.30685	84.384	0.00
0.00	-30383.73	-39842.04	0.30678	-30383.73	-39842.04	0.30678	77.606	0.00
0.00	-30383.28	-39841.89	0.30679	-30383.28	-39841.89	0.30679	76.713	0.00
0.00	-30382.83	-39841.75	0.30700	-30382.83	-39841.75	0.30700	77.649	0.00
0.00	-30382.46	-39841.63	0.30719	-30382.46	-39841.63	0.30719	80.022	0.00
0.00	-30382.15	-39841.53	0.30722	-30382.15	-39841.53	0.30722	80.143	0.00
0.00	-30381.71	-39841.39	0.30721	-30381.71	-39841.39	0.30721	80.241	0.00
0.00	-30381.29	-39841.26	0.30688	-30381.29	-39841.26	0.30688	77.745	0.00
0.00	-30380.97	-39841.16	0.30637	-30380.97	-39841.16	0.30637	83.042	0.00
0.00	-30380.67	-39841.06	0.30624	-30380.67	-39841.06	0.30624	80.802	0.00
0.00	-30380.25	-39840.93	0.30644	-30380.25	-39840.93	0.30644	85.836	0.00
0.00	-30379.81	-39840.79	0.30659	-30379.81	-39840.79	0.30659	81.029	0.00
0.00	-30379.30	-39840.63	0.30652	-30379.30	-39840.63	0.30652	86.598	0.00
0.00	-30378.96	-39840.52	0.30626	-30378.96	-39840.52	0.30626	85.334	0.00
0.00	-30378.59	-39840.40	0.30607	-30378.59	-39840.40	0.30607	88.576	0.00
0.00	-30378.17	-39840.27	0.30616	-30378.17	-39840.27	0.30616	80.942	0.00
0.00	-30377.74	-39840.13	0.30635	-30377.74	-39840.13	0.30635	86.364	0.00
0.00	-30377.31	-39840.00	0.30634	-30377.31	-39840.00	0.30634	81.858	0.00
0.00	-30376.89	-39839.86	0.30637	-30376.89	-39839.86	0.30637	82.723	0.00
0.00	-30376.45	-39839.72	0.30646	-30376.45	-39839.72	0.30646	80.223	0.00
0.00	-30376.20	-39839.64	0.30654	-30376.20	-39839.64	0.30654	92.931	0.00
0.00	-30375.79	-39839.51	0.30670	-30375.79	-39839.51	0.30670	82.527	0.00
0.00	-30375.38	-39839.38	0.30689	-30375.38	-39839.38	0.30689	81.776	0.00
0.00	-30374.98	-39839.25	0.30705	-30374.98	-39839.25	0.30705	82.141	0.00
0.00	-30374.56	-39839.12	0.30713	-30374.56	-39839.12	0.30713	89.989	0.00
0.00	-30374.13	-39838.98	0.30712	-30374.13	-39838.98	0.30712	88.552	0.00
0.00	-30373.65	-39838.83	0.30721	-30373.65	-39838.83	0.30721	90.150	0.00
0.00	-30373.28	-39838.71	0.30729	-30373.28	-39838.71	0.30729	80.109	0.00
0.00	-30372.84	-39838.56	0.30744	-30372.84	-39838.56	0.30744	88.456	0.00
0.00	-30372.42	-39838.43	0.30760	-30372.42	-39838.43	0.30760	84.597	0.00
0.00	-30371.97	-39838.29	0.30754	-30371.97	-39838.29	0.30754	86.427	0.00
0.00	-30371.78	-39838.23	0.30743	-30371.78	-39838.23	0.30743	85.506	0.00
0.00	-30371.34	-39838.08	0.30742	-30371.34	-39838.08	0.30742	84.446	0.00
0.00	-30370.97	-39837.97	0.30737	-30370.97	-39837.97	0.30737	84.779	0.00
0.00	-30370.58	-39837.84	0.30726	-30370.58	-39837.84	0.30726	83.574	0.00
0.00	-30370.18	-39837.72	0.30712	-30370.18	-39837.72	0.30712	83.908	0.00
0.00	-30369.71	-39837.57	0.30709	-30369.71	-39837.57	0.30709	89.902	0.00
0.00	-30369.37	-39837.46	0.30713	-30369.37	-39837.46	0.30713	95.691	0.00
0.00	-30369.00	-39837.34	0.30714	-30369.00	-39837.34	0.30714	88.885	0.00
0.00	-30368.62	-39837.22	0.30711	-30368.62	-39837.22	0.30711	83.600	0.00
0.00	-30368.21	-39837.09	0.30705	-30368.21	-39837.09	0.30705	87.393	0.00
0.00	-30367.79	-39836.96	0.30695	-30367.79	-39836.96	0.30695	85.398	0.00
0.00	-30367.38	-39836.83	0.30672	-30367.38	-39836.83	0.30672	84.712	0.00
0.00	-30367.01	-39836.71	0.30651	-30367.01	-39836.71	0.30651	87.095	0.00
0.00	-30366.63	-39836.59	0.30649	-30366.63	-39836.59	0.30649	87.041	0.00
0.00	-30366.22	-39836.46	0.30644	-30366.22	-39836.46	0.30644	88.386	0.00
0.00	-30365.81	-39836.33	0.30658	-30365.81	-39836.33	0.30658	86.929	0.00
0.00	-30365.43	-39836.21	0.30666	-30365.43	-39836.21	0.30666	84.231	0.00
0.00	-30364.87	-39836.03	0.30628	-30364.87	-39836.03	0.30628	91.170	0.00
0.00	-30364.58	-39835.94	0.30577	-30364.58	-39835.94	0.30577	86.750	0.00
0.00	-30364.32	-39835.86	0.30521	-30364.32	-39835.86	0.30521	86.770	0.00
0.00	-30363.88	-39835.72	0.30450	-30363.88	-39835.72	0.30450	84.634	0.00
0.00	-30363.47	-39835.60	0.30369	-30363.47	-39835.60	0.30369	92.613	0.00
0.00	-30363.05	-39835.47	0.30286	-30363.05	-39835.47	0.30286	86.071	0.00
0.00	-30362.61	-39835.33	0.30206	-30362.61	-39835.33	0.30206	94.013	0.00
0.00	-30362.22	-39835.21	0.30146	-30362.22	-39835.21	0.30146	94.226	0.00
0.00	-30361.72	-39835.06	0.30102	-30361.72	-39835.06	0.30102	90.190	0.00
0.00	-30361.29	-39834.93	0.30076	-30361.29	-39834.93	0.30076	87.557	0.00
0.00	-30360.85	-39834.79	0.30054	-30360.85	-39834.79	0.30054	85.491	0.00
0.00	-30360.53	-39834.69	0.30045	-30360.53	-39834.69	0.30045	85.973	0.00
0.00	-30360.16	-39834.57	0.30073	-30360.16	-39834.57	0.30073	92.079	0.00
0.00	-30359.72	-39834.43	0.30098	-30359.72	-39834.43	0.30098	92.314	0.00
0.00	-30359.31	-39834.31	0.30137	-30359.31	-39834.31	0.30137	89.692	0.00
0.00	-30358.85	-39834.16	0.30184	-30358.85	-39834.16	0.30184	94.542	0.00
0.00	-30358.46	-39834.03	0.30241	-30358.46	-39834.03	0.30241	91.046	0.00
0.00	-30357.93	-39833.87	0.30278	-30357.93	-39833.87	0.30278	89.083	0.00
0.00	-30357.50	-39833.73	0.30332	-30357.50	-39833.73	0.30332	88.825	0.00
0.00	-30357.14	-39833.61	0.30370	-30357.14	-39833.61	0.30370	87.873	0.00
0.00	-30356.70	-39833.47	0.30383	-30356.70	-39833.47	0.30383	91.178	0.00
0.00	-30356.26	-39833.33	0.30379	-30356.26	-39833.33	0.30379	97.705	0.00
0.00	-30355.83	-39833.20	0.30392	-30355.83	-39833.20	0.30392	88.856	0.00
