0.00	-30158.40	-39800.17	0.35000	-30158.40	-39800.17	0.35000	2.473	0.00
0.00	-30158.05	-39800.20	0.35179	-30158.05	-39800.20	0.35179	2.292	0.00
0.00	-30157.96	-39800.96	-0.92983	-30157.96	-39800.96	-0.92983	2.602	0.00
0.00	-30157.96	-39801.21	-1.11213	-30157.96	-39801.21	-1.11213	2.219	0.00
0.00	-30157.89	-39801.55	-1.20384	-30157.89	-39801.55	-1.20384	2.206	0.00
0.00	-30157.80	-39801.88	-1.23492	-30157.80	-39801.88	-1.23492	2.589	0.00
0.00	-30157.72	-39802.16	-1.24413	-30157.72	-39802.16	-1.24413	2.254	0.00
0.00	-30157.59	-39802.55	-1.24589	-30157.59	-39802.55	-1.24589	2.643	0.00
0.00	-30157.50	-39802.82	-1.24519	-30157.50	-39802.82	-1.24519	2.236	0.00
0.00	-30157.40	-39803.11	-1.24394	-30157.40	-39803.11	-1.24394	2.263	0.00
0.00	-30157.30	-39803.39	-1.24302	-30157.30	-39803.39	-1.24302	2.243	0.00
0.00	-30157.20	-39803.70	-1.24243	-30157.20	-39803.70	-1.24243	2.277	0.00
0.00	-30157.09	-39804.02	-1.24178	-30157.09	-39804.02	-1.24178	2.260	0.00
0.00	-30156.99	-39804.32	-1.24137	-30156.99	-39804.32	-1.24137	2.246	0.00
0.00	-30156.87	-39804.66	-1.24129	-30156.87	-39804.66	-1.24129	2.194	0.00
0.00	-30156.78	-39804.93	-1.24123	-30156.78	-39804.93	-1.24123	2.370	0.00
0.00	-30156.67	-39805.26	-1.24109	-30156.67	-39805.26	-1.24109	2.374	0.00
0.00	-30156.55	-39805.58	-1.24076	-30156.55	-39805.58	-1.24076	2.233	0.00
0.00	-30156.44	-39805.93	-1.24055	-30156.44	-39805.93	-1.24055	2.639	0.00
0.00	-30156.32	-39806.28	-1.24049	-30156.32	-39806.28	-1.24049	2.263	0.00
0.00	-30156.22	-39806.56	-1.24057	-30156.22	-39806.56	-1.24057	2.364	0.00
0.00	-30156.12	-39806.85	-1.24071	-30156.12	-39806.85	-1.24071	2.264	0.00
0.00	-30156.01	-39807.17	-1.24090	-30156.01	-39807.17	-1.24090	2.433	0.00
0.00	-30155.90	-39807.49	-1.24112	-30155.90	-39807.49	-1.24112	2.465	0.00
0.00	-30155.67	-39808.20	-1.24194	-30155.67	-39808.20	-1.24194	2.236	0.00
0.00	-30155.68	-39808.17	-1.24223	-30155.68	-39808.17	-1.24223	2.481	0.00
0.00	-30155.55	-39808.55	-1.24296	-30155.55	-39808.55	-1.24296	2.204	0.00
0.00	-30155.44	-39808.89	-1.24329	-30155.44	-39808.89	-1.24329	3.753	0.00
0.00	-30155.33	-39809.21	-1.24344	-30155.33	-39809.21	-1.24344	2.295	0.00
0.00	-30155.23	-39809.52	-1.24386	-30155.23	-39809.52	-1.24386	2.267	0.00
0.00	-30155.12	-39809.85	-1.24451	-30155.12	-39809.85	-1.24451	2.301	0.00
0.00	-30155.02	-39810.14	-1.24499	-30155.02	-39810.14	-1.24499	2.592	0.00
0.00	-30154.92	-39810.47	-1.24573	-30154.92	-39810.47	-1.24573	2.622	0.00
0.00	-30154.80	-39810.81	-1.24627	-30154.80	-39810.81	-1.24627	2.388	0.00
0.00	-30154.69	-39811.17	-1.24720	-30154.69	-39811.17	-1.24720	2.585	0.00
0.00	-30154.58	-39811.50	-1.24804	-30154.58	-39811.50	-1.24804	2.414	0.00
0.00	-30154.48	-39811.82	-1.24879	-30154.48	-39811.82	-1.24879	2.939	0.00
0.00	-30154.33	-39812.29	-1.24959	-30154.33	-39812.29	-1.24959	2.294	0.00
0.00	-30154.22	-39812.64	-1.25026	-30154.22	-39812.64	-1.25026	2.357	0.00
0.00	-30154.10	-39813.00	-1.25083	-30154.10	-39813.00	-1.25083	2.483	0.00
0.00	-30154.01	-39813.28	-1.25140	-30154.01	-39813.28	-1.25140	2.269	0.00
0.00	-30153.88	-39813.70	-1.25178	-30153.88	-39813.70	-1.25178	2.243	0.00
0.00	-30153.74	-39814.12	-1.25220	-30153.74	-39814.12	-1.25220	2.651	0.00
0.00	-30153.64	-39814.43	-1.25275	-30153.64	-39814.43	-1.25275	2.360	0.00
0.00	-30153.54	-39814.75	-1.25391	-30153.54	-39814.75	-1.25391	2.329	0.00
0.00	-30153.44	-39815.08	-1.25520	-30153.44	-39815.08	-1.25520	2.395	0.00
0.00	-30153.34	-39815.39	-1.25600	-30153.34	-39815.39	-1.25600	2.314	0.00
0.00	-30153.20	-39815.85	-1.25620	-30153.20	-39815.85	-1.25620	2.287	0.00
0.00	-30153.08	-39816.23	-1.25643	-30153.08	-39816.23	-1.25643	2.215	0.00
0.00	-30152.97	-39816.57	-1.25672	-30152.97	-39816.57	-1.25672	2.299	0.00
0.00	-30152.86	-39816.92	-1.25693	-30152.86	-39816.92	-1.25693	2.372	0.00
0.00	-30152.74	-39817.31	-1.25711	-30152.74	-39817.31	-1.25711	2.102	0.00
0.00	-30152.61	-39817.71	-1.25724	-30152.61	-39817.71	-1.25724	2.289	0.00
0.00	-30152.50	-39818.04	-1.25724	-30152.50	-39818.04	-1.25724	2.208	0.00
0.00	-30152.39	-39818.40	-1.25726	-30152.39	-39818.40	-1.25726	2.330	0.00
0.00	-30152.27	-39818.76	-1.25749	-30152.27	-39818.76	-1.25749	2.336	0.00
0.00	-30152.17	-39819.09	-1.25799	-30152.17	-39819.09	-1.25799	2.619	0.00
0.00	-30152.04	-39819.51	-1.25859	-30152.04	-39819.51	-1.25859	2.357	0.00
0.00	-30151.91	-39819.91	-1.25932	-30151.91	-39819.91	-1.25932	2.304	0.00
0.00	-30151.79	-39820.29	-1.25984	-30151.79	-39820.29	-1.25984	2.528	0.00
0.00	-30151.69	-39820.62	-1.26003	-30151.69	-39820.62	-1.26003	2.238	0.00
0.00	-30151.59	-39820.95	-1.25989	-30151.59	-39820.95	-1.25989	2.489	0.00
0.00	-30151.46	-39821.36	-1.26018	-30151.46	-39821.36	-1.26018	2.282	0.00
0.00	-30151.34	-39821.74	-1.26055	-30151.34	-39821.74	-1.26055	2.390	0.00
0.00	-30151.22	-39822.11	-1.26071	-30151.22	-39822.11	-1.26071	2.299	0.00
0.00	-30151.12	-39822.43	-1.26103	-30151.12	-39822.43	-1.26103	2.190	0.00
0.00	-30151.03	-39822.75	-1.26160	-30151.03	-39822.75	-1.26160	2.218	0.00
0.00	-30150.91	-39823.15	-1.26209	-30150.91	-39823.15	-1.26209	2.281	0.00
0.00	-30150.81	-39823.47	-1.26270	-30150.81	-39823.47	-1.26270	2.336	0.00
0.00	-30150.69	-39823.85	-1.26340	-30150.69	-39823.85	-1.26340	2.335	0.00
0.00	-30150.58	-39824.21	-1.26430	-30150.58	-39824.21	-1.26430	2.347	0.00
0.00	-30150.48	-39824.56	-1.26529	-30150.48	-39824.56	-1.26529	2.301	0.00
0.00	-30150.35	-39824.97	-1.26619	-30150.35	-39824.97	-1.26619	2.391	0.00
0.00	-30150.25	-39825.31	-1.26684	-30150.25	-39825.31	-1.26684	2.333	0.00
0.00	-30150.12	-39825.74	-1.26766	-30150.12	-39825.74	-1.26766	2.341	0.00
0.00	-30150.01	-39826.12	-1.26843	-30150.01	-39826.12	-1.26843	2.408	0.00
0.00	-30149.90	-39826.49	-1.26925	-30149.90	-39826.49	-1.26925	2.373	0.00
0.00	-30149.77	-39826.91	-1.26988	-30149.77	-39826.91	-1.26988	2.407	0.00
0.00	-30149.65	-39827.31	-1.27038	-30149.65	-39827.31	-1.27038	2.288	0.00
0.00	-30149.56	-39827.61	-1.27047	-30149.56	-39827.61	-1.27047	2.735	0.00
0.00	-30149.46	-39827.94	-1.27070	-30149.46	-39827.94	-1.27070	2.322	0.00
0.00	-30149.36	-39828.28	-1.27154	-30149.36	-39828.28	-1.27154	2.301	0.00
0.00	-30149.25	-39828.66	-1.27230	-30149.25	-39828.66	-1.27230	2.357	0.00
0.00	-30149.11	-39829.12	-1.27287	-30149.11	-39829.12	-1.27287	2.199	0.00
0.00	-30148.99	-39829.52	-1.27336	-30148.99	-39829.52	-1.27336	2.562	0.00
0.00	-30148.87	-39829.92	-1.27333	-30148.87	-39829.92	-1.27333	2.215	0.00
0.00	-30148.79	-39830.20	-1.27289	-30148.79	-39830.20	-1.27289	2.280	0.00
0.00	-30148.69	-39830.52	-1.27270	-30148.69	-39830.52	-1.27270	2.286	0.00
0.00	-30148.58	-39830.89	-1.27287	-30148.58	-39830.89	-1.27287	2.345	0.00
0.00	-30148.48	-39831.24	-1.27335	-30148.48	-39831.24	-1.27335	2.358	0.00
0.00	-30148.36	-39831.64	-1.27390	-30148.36	-39831.64	-1.27390	2.516	0.00
0.00	-30148.26	-39831.97	-1.27420	-30148.26	-39831.97	-1.27420	2.182	0.00
0.00	-30148.13	-39832.44	-1.27425	-30148.13	-39832.44	-1.27425	2.415	0.00
0.00	-30148.02	-39832.79	-1.27437	-30148.02	-39832.79	-1.27437	2.312	0.00
0.00	-30147.91	-39833.17	-1.27467	-30147.91	-39833.17	-1.27467	2.311	0.00
0.00	-30147.79	-39833.58	-1.27480	-30147.79	-39833.58	-1.27480	2.301	0.00
0.00	-30147.71	-39833.85	-1.27552	-30147.71	-39833.85	-1.27552	2.252	0.00
0.00	-30147.60	-39834.23	-1.27636	-30147.60	-39834.23	-1.27636	2.270	0.00
0.00	-30147.50	-39834.59	-1.27704	-30147.50	-39834.59	-1.27704	2.202	0.00
0.00	-30147.41	-39834.90	-1.27776	-30147.41	-39834.90	-1.27776	2.280	0.00
0.00	-30147.30	-39835.26	-1.27840	-30147.30	-39835.26	-1.27840	2.498	0.00
0.00	-30147.20	-39835.63	-1.27866	-30147.20	-39835.63	-1.27866	2.310	0.00
0.00	-30147.10	-39835.97	-1.27886	-30147.10	-39835.97	-1.27886	2.230	0.00
0.00	-30147.00	-39836.31	-1.27888	-30147.00	-39836.31	-1.27888	2.226	0.00
0.00	-30146.89	-39836.68	-1.27898	-30146.89	-39836.68	-1.27898	2.255	0.00
0.00	-30146.74	-39837.18	-1.27905	-30146.74	-39837.18	-1.27905	2.232	0.00
0.00	-30146.70	-39837.36	-1.27913	-30146.70	-39837.36	-1.27913	2.267	0.00
0.00	-30146.56	-39837.80	-1.27907	-30146.56	-39837.80	-1.27907	2.147	0.00
0.00	-30146.47	-39838.12	-1.27903	-30146.47	-39838.12	-1.27903	2.349	0.00
0.00	-30146.36	-39838.49	-1.27891	-30146.36	-39838.49	-1.27891	2.382	0.00
0.00	-30146.25	-39838.87	-1.27881	-30146.25	-39838.87	-1.27881	2.255	0.00
0.00	-30146.17	-39839.15	-1.27852	-30146.17	-39839.15	-1.27852	2.188	0.00
0.00	-30146.07	-39839.48	-1.27850	-30146.07	-39839.48	-1.27850	2.254	0.00
0.00	-30145.97	-39839.83	-1.27840	-30145.97	-39839.83	-1.27840	2.243	0.00
0.00	-30145.88	-39840.13	-1.27836	-30145.88	-39840.13	-1.27836	2.393	0.00
0.00	-30145.77	-39840.51	-1.27807	-30145.77	-39840.51	-1.27807	2.293	0.00
0.00	-30145.67	-39840.85	-1.27784	-30145.67	-39840.85	-1.27784	2.332	0.00
0.00	-30145.57	-39841.17	-1.27757	-30145.57	-39841.17	-1.27757	2.224	0.00
0.00	-30145.44	-39841.62	-1.27692	-30145.44	-39841.62	-1.27692	2.284	0.00
0.00	-30145.37	-39841.85	-1.27650	-30145.37	-39841.85	-1.27650	2.304	0.00
0.00	-30145.27	-39842.17	-1.27585	-30145.27	-39842.17	-1.27585	2.380	0.00
0.00	-30145.17	-39842.53	-1.27513	-30145.17	-39842.53	-1.27513	2.220	0.00
0.00	-30145.08	-39842.82	-1.27461	-30145.08	-39842.82	-1.27461	2.367	0.00
0.00	-30144.98	-39843.15	-1.27429	-30144.98	-39843.15	-1.27429	2.303	0.00
0.00	-30144.89	-39843.48	-1.27399	-30144.89	-39843.48	-1.27399	2.328	0.00
0.00	-30144.78	-39843.82	-1.27357	-30144.78	-39843.82	-1.27357	2.287	0.00
0.00	-30144.68	-39844.18	-1.27330	-30144.68	-39844.18	-1.27330	2.300	0.00
0.00	-30144.57	-39844.53	-1.27285	-30144.57	-39844.53	-1.27285	2.243	0.00
0.00	-30144.42	-39845.02	-1.27244	-30144.42	-39845.02	-1.27244	2.337	0.00
0.00	-30144.37	-39845.22	-1.27226	-30144.37	-39845.22	-1.27226	2.289	0.00
0.00	-30144.27	-39845.54	-1.27178	-30144.27	-39845.54	-1.27178	2.286	0.00
0.00	-30144.15	-39845.95	-1.27087	-30144.15	-39845.95	-1.27087	2.295	0.00
0.00	-30144.06	-39846.25	-1.26979	-30144.06	-39846.25	-1.26979	2.267	0.00
0.00	-30143.96	-39846.58	-1.26862	-30143.96	-39846.58	-1.26862	2.223	0.00
0.00	-30143.85	-39846.96	-1.26791	-30143.85	-39846.96	-1.26791	2.256	0.00
0.00	-30143.72	-39847.38	-1.26729	-30143.72	-39847.38	-1.26729	2.135	0.00
0.00	-30143.60	-39847.78	-1.26685	-30143.60	-39847.78	-1.26685	2.426	0.00
0.00	-30143.51	-39848.09	-1.26621	-30143.51	-39848.09	-1.26621	2.329	0.00
0.00	-30143.40	-39848.45	-1.26533	-30143.40	-39848.45	-1.26533	2.285	0.00
0.00	-30143.28	-39848.84	-1.26428	-30143.28	-39848.84	-1.26428	2.260	0.00
0.00	-30143.18	-39849.16	-1.26319	-30143.18	-39849.16	-1.26319	2.245	0.00
0.00	-30143.09	-39849.47	-1.26233	-30143.09	-39849.47	-1.26233	2.283	0.00
0.00	-30142.98	-39849.83	-1.26159	-30142.98	-39849.83	-1.26159	2.156	0.00
0.00	-30142.87	-39850.18	-1.26100	-30142.87	-39850.18	-1.26100	2.220	0.00
0.00	-30142.76	-39850.54	-1.26036	-30142.76	-39850.54	-1.26036	2.216	0.00
0.00	-30142.64	-39850.92	-1.25929	-30142.64	-39850.92	-1.25929	2.242	0.00
0.00	-30142.50	-39851.37	-1.25777	-30142.50	-39851.37	-1.25777	2.388	0.00
0.00	-30142.41	-39851.67	-1.25620	-30142.41	-39851.67	-1.25620	2.548	0.00
0.00	-30142.30	-39852.00	-1.25450	-30142.30	-39852.00	-1.25450	2.636	0.00
0.00	-30142.20	-39852.31	-1.25364	-30142.20	-39852.31	-1.25364	2.389	0.00
0.00	-30142.06	-39852.77	-1.25251	-30142.06	-39852.77	-1.25251	2.482	0.00
0.00	-30141.98	-39853.03	-1.25119	-30141.98	-39853.03	-1.25119	2.580	0.00
0.00	-30141.86	-39853.39	-1.24909	-30141.86	-39853.39	-1.24909	2.676	0.00
0.00	-30141.75	-39853.74	-1.24742	-30141.75	-39853.74	-1.24742	2.748	0.00
0.00	-30141.63	-39854.10	-1.24611	-30141.63	-39854.10	-1.24611	2.639	0.00
0.00	-30141.51	-39854.47	-1.24476	-30141.51	-39854.47	-1.24476	2.844	0.00
0.00	-30141.38	-39854.86	-1.24328	-30141.38	-39854.86	-1.24328	2.795	0.00
0.00	-30141.27	-39855.18	-1.24148	-30141.27	-39855.18	-1.24148	3.011	0.00
0.00	-30141.16	-39855.52	-1.23990	-30141.16	-39855.52	-1.23990	3.099	0.00
0.00	-30141.05	-39855.84	-1.23877	-30141.05	-39855.84	-1.23877	3.122	0.00
0.00	-30140.94	-39856.17	-1.23759	-30140.94	-39856.17	-1.23759	3.476	0.00
0.00	-30140.82	-39856.54	-1.23619	-30140.82	-39856.54	-1.23619	3.542	0.00
0.00	-30140.71	-39856.85	-1.23466	-30140.71	-39856.85	-1.23466	3.673	0.00
0.00	-30140.60	-39857.19	-1.23333	-30140.60	-39857.19	-1.23333	3.615	0.00
0.00	-30140.49	-39857.52	-1.23222	-30140.49	-39857.52	-1.23222	3.498	0.00
0.00	-30140.36	-39857.88	-1.23118	-30140.36	-39857.88	-1.23118	3.818	0.00
0.00	-30140.23	-39858.26	-1.23000	-30140.23	-39858.26	-1.23000	3.941	0.00
0.00	-30140.11	-39858.59	-1.22866	-30140.11	-39858.59	-1.22866	4.017	0.00
0.00	-30140.01	-39858.89	-1.22760	-30140.01	-39858.89	-1.22760	3.804	0.00
0.00	-30139.89	-39859.23	-1.22673	-30139.89	-39859.23	-1.22673	4.201	0.00
0.00	-30139.74	-39859.68	-1.22638	-30139.74	-39859.68	-1.22638	3.910	0.00
0.00	-30139.65	-39859.92	-1.22663	-30139.65	-39859.92	-1.22663	4.203	0.00
0.00	-30139.52	-39860.30	-1.22694	-30139.52	-39860.30	-1.22694	4.305	0.00
0.00	-30139.40	-39860.65	-1.22691	-30139.40	-39860.65	-1.22691	4.413	0.00
0.00	-30139.26	-39861.05	-1.22646	-30139.26	-39861.05	-1.22646	3.343	0.00
0.00	-30139.13	-39861.41	-1.22601	-30139.13	-39861.41	-1.22601	4.254	0.00
0.00	-30139.00	-39861.80	-1.22584	-30139.00	-39861.80	-1.22584	4.917	0.00
0.00	-30138.88	-39862.13	-1.22587	-30138.88	-39862.13	-1.22587	4.537	0.00
0.00	-30138.76	-39862.47	-1.22628	-30138.76	-39862.47	-1.22628	4.763	0.00
0.00	-30138.64	-39862.84	-1.22667	-30138.64	-39862.84	-1.22667	4.825	0.00
0.00	-30138.51	-39863.19	-1.22699	-30138.51	-39863.19	-1.22699	3.981	0.00
0.00	-30138.38	-39863.57	-1.22713	-30138.38	-39863.57	-1.22713	4.866	0.00
0.00	-30138.25	-39863.95	-1.22673	-30138.25	-39863.95	-1.22673	5.013	0.00
0.00	-30138.11	-39864.33	-1.22641	-30138.11	-39864.33	-1.22641	4.804	0.00
0.00	-30137.98	-39864.69	-1.22612	-30137.98	-39864.69	-1.22612	4.828	0.00
0.00	-30137.82	-39865.16	-1.22597	-30137.82	-39865.16	-1.22597	4.099	0.00
0.00	-30137.71	-39865.48	-1.22586	-30137.71	-39865.48	-1.22586	5.094	0.00
0.00	-30137.56	-39865.88	-1.22560	-30137.56	-39865.88	-1.22560	5.188	0.00
0.00	-30137.46	-39866.18	-1.22541	-30137.46	-39866.18	-1.22541	5.322	0.00
0.00	-30137.33	-39866.55	-1.22525	-30137.33	-39866.55	-1.22525	5.167	0.00
0.00	-30137.20	-39866.92	-1.22519	-30137.20	-39866.92	-1.22519	5.101	0.00
0.00	-30137.07	-39867.27	-1.22534	-30137.07	-39867.27	-1.22534	5.217	0.00
0.00	-30136.94	-39867.65	-1.22536	-30136.94	-39867.65	-1.22536	5.423	0.00
0.00	-30136.81	-39868.02	-1.22541	-30136.81	-39868.02	-1.22541	5.497	0.00
0.00	-30136.68	-39868.40	-1.22548	-30136.68	-39868.40	-1.22548	5.607	0.00
0.00	-30136.53	-39868.82	-1.22562	-30136.53	-39868.82	-1.22562	7.203	0.00
0.00	-30136.40	-39869.20	-1.22587	-30136.40	-39869.20	-1.22587	6.507	0.00
0.00	-30136.29	-39869.51	-1.22626	-30136.29	-39869.51	-1.22626	6.101	0.00
0.00	-30136.14	-39869.94	-1.22664	-30136.14	-39869.94	-1.22664	5.560	0.00
0.00	-30136.04	-39870.23	-1.22709	-30136.04	-39870.23	-1.22709	5.210	0.00
0.00	-30135.91	-39870.61	-1.22754	-30135.91	-39870.61	-1.22754	5.203	0.00
0.00	-30135.78	-39870.98	-1.22812	-30135.78	-39870.98	-1.22812	5.182	0.00
0.00	-30135.66	-39871.35	-1.22856	-30135.66	-39871.35	-1.22856	5.270	0.00
0.00	-30135.53	-39871.73	-1.22900	-30135.53	-39871.73	-1.22900	5.310	0.00
0.00	-30135.40	-39872.10	-1.22954	-30135.40	-39872.10	-1.22954	6.178	0.00
0.00	-30135.24	-39872.56	-1.23036	-30135.24	-39872.56	-1.23036	5.538	0.00
0.00	-30135.10	-39872.97	-1.23097	-30135.10	-39872.97	-1.23097	5.868	0.00
0.00	-30134.99	-39873.30	-1.23143	-30134.99	-39873.30	-1.23143	5.303	0.00
0.00	-30134.86	-39873.70	-1.23173	-30134.86	-39873.70	-1.23173	5.862	0.00
0.00	-30134.76	-39874.00	-1.23215	-30134.76	-39874.00	-1.23215	5.921	0.00
0.00	-30134.60	-39874.44	-1.23260	-30134.60	-39874.44	-1.23260	5.439	0.00
0.00	-30134.46	-39874.85	-1.23270	-30134.46	-39874.85	-1.23270	6.060	0.00
0.00	-30134.34	-39875.20	-1.23288	-30134.34	-39875.20	-1.23288	5.604	0.00
0.00	-30134.22	-39875.57	-1.23327	-30134.22	-39875.57	-1.23327	5.776	0.00
0.00	-30134.10	-39875.93	-1.23407	-30134.10	-39875.93	-1.23407	5.890	0.00
0.00	-30133.95	-39876.36	-1.23523	-30133.95	-39876.36	-1.23523	5.723	0.00
0.00	-30133.83	-39876.74	-1.23618	-30133.83	-39876.74	-1.23618	5.726	0.00
0.00	-30133.72	-39877.07	-1.23715	-30133.72	-39877.07	-1.23715	5.711	0.00
0.00	-30133.59	-39877.45	-1.23831	-30133.59	-39877.45	-1.23831	6.121	0.00
0.00	-30133.46	-39877.84	-1.23930	-30133.46	-39877.84	-1.23930	5.582	0.00
0.00	-30133.31	-39878.29	-1.24033	-30133.31	-39878.29	-1.24033	6.251	0.00
0.00	-30133.23	-39878.56	-1.24124	-30133.23	-39878.56	-1.24124	5.827	0.00
0.00	-30133.11	-39878.93	-1.24229	-30133.11	-39878.93	-1.24229	5.584	0.00
0.00	-30132.97	-39879.33	-1.24298	-30132.97	-39879.33	-1.24298	6.395	0.00
0.00	-30132.87	-39879.66	-1.24391	-30132.87	-39879.66	-1.24391	6.051	0.00
0.00	-30132.72	-39880.10	-1.24499	-30132.72	-39880.10	-1.24499	6.053	0.00
0.00	-30132.61	-39880.46	-1.24609	-30132.61	-39880.46	-1.24609	6.428	0.00
0.00	-30132.50	-39880.80	-1.24706	-30132.50	-39880.80	-1.24706	6.129	0.00
0.00	-30132.39	-39881.13	-1.24779	-30132.39	-39881.13	-1.24779	6.603	0.00
0.00	-30132.27	-39881.50	-1.24835	-30132.27	-39881.50	-1.24835	6.199	0.00
0.00	-30132.14	-39881.90	-1.24861	-30132.14	-39881.90	-1.24861	6.453	0.00
0.00	-30132.02	-39882.26	-1.24878	-30132.02	-39882.26	-1.24878	6.461	0.00
0.00	-30131.88	-39882.69	-1.24923	-30131.88	-39882.69	-1.24923	6.631	0.00
0.00	-30131.80	-39882.94	-1.24945	-30131.80	-39882.94	-1.24945	6.893	0.00
0.00	-30131.69	-39883.30	-1.24956	-30131.69	-39883.30	-1.24956	6.648	0.00
0.00	-30131.54	-39883.75	-1.24965	-30131.54	-39883.75	-1.24965	6.206	0.00
0.00	-30131.43	-39884.08	-1.24990	-30131.43	-39884.08	-1.24990	6.485	0.00
0.00	-30131.33	-39884.39	-1.25026	-30131.33	-39884.39	-1.25026	6.372	0.00
0.00	-30131.22	-39884.74	-1.25038	-30131.22	-39884.74	-1.25038	6.629	0.00
0.00	-30131.10	-39885.09	-1.25016	-30131.10	-39885.09	-1.25016	6.941	0.00
0.00	-30130.99	-39885.44	-1.24982	-30130.99	-39885.44	-1.24982	6.713	0.00
0.00	-30130.87	-39885.79	-1.24966	-30130.87	-39885.79	-1.24966	6.695	0.00
0.00	-30130.77	-39886.11	-1.24974	-30130.77	-39886.11	-1.24974	7.146	0.00
0.00	-30130.65	-39886.47	-1.24966	-30130.65	-39886.47	-1.24966	6.833	0.00
0.00	-30130.54	-39886.80	-1.24942	-30130.54	-39886.80	-1.24942	6.798	0.00
0.00	-30130.41	-39887.20	-1.24915	-30130.41	-39887.20	-1.24915	6.525	0.00
0.00	-30130.31	-39887.50	-1.24883	-30130.31	-39887.50	-1.24883	6.858	0.00
0.00	-30130.21	-39887.80	-1.24870	-30130.21	-39887.80	-1.24870	6.922	0.00
0.00	-30130.11	-39888.11	-1.24915	-30130.11	-39888.11	-1.24915	7.105	0.00
0.00	-30130.00	-39888.44	-1.24972	-30130.00	-39888.44	-1.24972	7.199	0.00
0.00	-30129.89	-39888.77	-1.24994	-30129.89	-39888.77	-1.24994	6.584	0.00
0.00	-30129.76	-39889.18	-1.24958	-30129.76	-39889.18	-1.24958	8.015	0.00
0.00	-30129.64	-39889.52	-1.24911	-30129.64	-39889.52	-1.24911	7.142	0.00
0.00	-30129.54	-39889.84	-1.24888	-30129.54	-39889.84	-1.24888	7.315	0.00
0.00	-30129.46	-39890.10	-1.24863	-30129.46	-39890.10	-1.24863	7.064	0.00
0.00	-30129.34	-39890.44	-1.24847	-30129.34	-39890.44	-1.24847	7.338	0.00
0.00	-30129.26	-39890.70	-1.24823	-30129.26	-39890.70	-1.24823	7.286	0.00
0.00	-30129.15	-39891.01	-1.24728	-30129.15	-39891.01	-1.24728	7.639	0.00
0.00	-30129.06	-39891.29	-1.24639	-30129.06	-39891.29	-1.24639	7.511	0.00
0.00	-30128.95	-39891.62	-1.24573	-30128.95	-39891.62	-1.24573	7.342	0.00
0.00	-30128.85	-39891.92	-1.24532	-30128.85	-39891.92	-1.24532	7.316	0.00
0.00	-30128.74	-39892.27	-1.24467	-30128.74	-39892.27	-1.24467	7.985	0.00
0.00	-30128.63	-39892.61	-1.24391	-30128.63	-39892.61	-1.24391	7.821	0.00
0.00	-30128.54	-39892.88	-1.24323	-30128.54	-39892.88	-1.24323	7.872	0.00
0.00	-30128.43	-39893.20	-1.24290	-30128.43	-39893.20	-1.24290	8.197	0.00
0.00	-30128.28	-39893.67	-1.24217	-30128.28	-39893.67	-1.24217	8.365	0.00
0.00	-30128.19	-39893.94	-1.24226	-30128.19	-39893.94	-1.24226	8.110	0.00
0.00	-30128.10	-39894.22	-1.24237	-30128.10	-39894.22	-1.24237	12.199	0.00
0.00	-30127.99	-39894.57	-1.24179	-30127.99	-39894.57	-1.24179	7.852	0.00
0.00	-30127.89	-39894.86	-1.24224	-30127.89	-39894.86	-1.24224	7.914	0.00
0.00	-30127.78	-39895.22	-1.24250	-30127.78	-39895.22	-1.24250	7.885	0.00
0.00	-30127.70	-39895.47	-1.24281	-30127.70	-39895.47	-1.24281	8.113	0.00
0.00	-30127.59	-39895.79	-1.24322	-30127.59	-39895.79	-1.24322	8.658	0.00
0.00	-30127.50	-39896.10	-1.24375	-30127.50	-39896.10	-1.24375	8.564	0.00
0.00	-30127.40	-39896.41	-1.24406	-30127.40	-39896.41	-1.24406	14.559	0.00
0.00	-30127.28	-39896.78	-1.24428	-30127.28	-39896.78	-1.24428	8.444	0.00
0.00	-30127.17	-39897.13	-1.24393	-30127.17	-39897.13	-1.24393	8.700	0.00
0.00	-30127.06	-39897.46	-1.24415	-30127.06	-39897.46	-1.24415	8.494	0.00
0.00	-30126.97	-39897.75	-1.24452	-30126.97	-39897.75	-1.24452	8.372	0.00
0.00	-30126.85	-39898.10	-1.24478	-30126.85	-39898.10	-1.24478	9.020	0.00
0.00	-30126.74	-39898.47	-1.24515	-30126.74	-39898.47	-1.24515	8.479	0.00
0.00	-30126.62	-39898.82	-1.24517	-30126.62	-39898.82	-1.24517	10.971	0.00
0.00	-30126.52	-39899.14	-1.24501	-30126.52	-39899.14	-1.24501	15.729	0.00
0.00	-30126.41	-39899.45	-1.24486	-30126.41	-39899.45	-1.24486	10.998	0.00
0.00	-30126.31	-39899.78	-1.24436	-30126.31	-39899.78	-1.24436	8.529	0.00
0.00	-30126.19	-39900.13	-1.24352	-30126.19	-39900.13	-1.24352	10.227	0.00
0.00	-30126.07	-39900.49	-1.24258	-30126.07	-39900.49	-1.24258	10.629	0.00
0.00	-30125.94	-39900.86	-1.24208	-30125.94	-39900.86	-1.24208	10.544	0.00
0.00	-30125.83	-39901.19	-1.24194	-30125.83	-39901.19	-1.24194	9.311	0.00
0.00	-30125.67	-39901.66	-1.24181	-30125.67	-39901.66	-1.24181	10.397	0.00
0.00	-30125.60	-39901.89	-1.24183	-30125.60	-39901.89	-1.24183	11.939	0.00
0.00	-30125.45	-39902.31	-1.24176	-30125.45	-39902.31	-1.24176	10.850	0.00
0.00	-30125.33	-39902.67	-1.24151	-30125.33	-39902.67	-1.24151	10.892	0.00
0.00	-30125.19	-39903.09	-1.24124	-30125.19	-39903.09	-1.24124	15.514	0.00
0.00	-30125.12	-39903.29	-1.24122	-30125.12	-39903.29	-1.24122	11.911	0.00
0.00	-30125.00	-39903.68	-1.24109	-30125.00	-39903.68	-1.24109	11.927	0.00
0.00	-30124.88	-39904.03	-1.24087	-30124.88	-39904.03	-1.24087	11.987	0.00
0.00	-30124.74	-39904.43	-1.24033	-30124.74	-39904.43	-1.24033	12.639	0.00
0.00	-30124.62	-39904.80	-1.24135	-30124.62	-39904.80	-1.24135	11.362	0.00
0.00	-30124.51	-39905.15	-1.24247	-30124.51	-39905.15	-1.24247	11.516	0.00
0.00	-30124.38	-39905.58	-1.24364	-30124.38	-39905.58	-1.24364	12.162	0.00
0.00	-30124.25	-39905.98	-1.24483	-30124.25	-39905.98	-1.24483	12.250	0.00
0.00	-30124.14	-39906.31	-1.24575	-30124.14	-39906.31	-1.24575	13.558	0.00
0.00	-30124.02	-39906.69	-1.24642	-30124.02	-39906.69	-1.24642	13.002	0.00
0.00	-30123.91	-39907.04	-1.24720	-30123.91	-39907.04	-1.24720	11.687	0.00
0.00	-30123.79	-39907.42	-1.24774	-30123.79	-39907.42	-1.24774	12.934	0.00
0.00	-30123.66	-39907.82	-1.24789	-30123.66	-39907.82	-1.24789	13.163	0.00
0.00	-30123.55	-39908.16	-1.24786	-30123.55	-39908.16	-1.24786	13.373	0.00
0.00	-30123.44	-39908.51	-1.24801	-30123.44	-39908.51	-1.24801	13.812	0.00
0.00	-30123.31	-39908.89	-1.24752	-30123.31	-39908.89	-1.24752	14.419	0.00
0.00	-30123.19	-39909.26	-1.24653	-30123.19	-39909.26	-1.24653	14.141	0.00
0.00	-30123.07	-39909.62	-1.24560	-30123.07	-39909.62	-1.24560	14.209	0.00
0.00	-30122.94	-39910.00	-1.24504	-30122.94	-39910.00	-1.24504	13.618	0.00
0.00	-30122.83	-39910.34	-1.24492	-30122.83	-39910.34	-1.24492	14.850	0.00
0.00	-30122.70	-39910.71	-1.24514	-30122.70	-39910.71	-1.24514	14.420	0.00
0.00	-30122.58	-39911.09	-1.24505	-30122.58	-39911.09	-1.24505	14.649	0.00
0.00	-30122.47	-39911.42	-1.24543	-30122.47	-39911.42	-1.24543	13.932	0.00
0.00	-30122.35	-39911.79	-1.24594	-30122.35	-39911.79	-1.24594	14.904	0.00
0.00	-30122.23	-39912.15	-1.24640	-30122.23	-39912.15	-1.24640	15.399	0.00
0.00	-30122.12	-39912.48	-1.24657	-30122.12	-39912.48	-1.24657	16.426	0.00
0.00	-30121.98	-39912.90	-1.24671	-30121.98	-39912.90	-1.24671	14.696	0.00
0.00	-30121.89	-39913.19	-1.24671	-30121.89	-39913.19	-1.24671	15.231	0.00
0.00	-30121.76	-39913.57	-1.24634	-30121.76	-39913.57	-1.24634	15.719	0.00
0.00	-30121.64	-39913.94	-1.24588	-30121.64	-39913.94	-1.24588	16.701	0.00
0.00	-30121.51	-39914.31	-1.24551	-30121.51	-39914.31	-1.24551	15.378	0.00
0.00	-30121.38	-39914.68	-1.24512	-30121.38	-39914.68	-1.24512	16.215	0.00
0.00	-30121.27	-39915.03	-1.24458	-30121.27	-39915.03	-1.24458	17.087	0.00
0.00	-30121.15	-39915.38	-1.24411	-30121.15	-39915.38	-1.24411	16.565	0.00
0.00	-30121.03	-39915.74	-1.24384	-30121.03	-39915.74	-1.24384	14.935	0.00
0.00	-30120.91	-39916.09	-1.24341	-30120.91	-39916.09	-1.24341	16.750	0.00
0.00	-30120.79	-39916.44	-1.24326	-30120.79	-39916.44	-1.24326	17.244	0.00
0.00	-30120.68	-39916.78	-1.24352	-30120.68	-39916.78	-1.24352	18.462	0.00
0.00	-30120.55	-39917.17	-1.24375	-30120.55	-39917.17	-1.24375	16.890	0.00
0.00	-30120.44	-39917.49	-1.24382	-30120.44	-39917.49	-1.24382	17.813	0.00
0.00	-30120.32	-39917.85	-1.24380	-30120.32	-39917.85	-1.24380	17.879	0.00
0.00	-30120.20	-39918.23	-1.24409	-30120.20	-39918.23	-1.24409	17.398	0.00
0.00	-30120.10	-39918.55	-1.24493	-30120.10	-39918.55	-1.24493	17.378	0.00
0.00	-30119.98	-39918.89	-1.24577	-30119.98	-39918.89	-1.24577	17.939	0.00
0.00	-30119.87	-39919.24	-1.24600	-30119.87	-39919.24	-1.24600	18.626	0.00
0.00	-30119.76	-39919.59	-1.24611	-30119.76	-39919.59	-1.24611	18.942	0.00
0.00	-30119.65	-39919.92	-1.24667	-30119.65	-39919.92	-1.24667	18.358	0.00
0.00	-30119.54	-39920.26	-1.24738	-30119.54	-39920.26	-1.24738	18.994	0.00
0.00	-30119.43	-39920.61	-1.24766	-30119.43	-39920.61	-1.24766	19.568	0.00
0.00	-30119.33	-39920.93	-1.24817	-30119.33	-39920.93	-1.24817	19.251	0.00
0.00	-30119.22	-39921.28	-1.24910	-30119.22	-39921.28	-1.24910	20.012	0.00
0.00	-30119.10	-39921.67	-1.24967	-30119.10	-39921.67	-1.24967	18.638	0.00
0.00	-30119.00	-39921.98	-1.25027	-30119.00	-39921.98	-1.25027	19.479	0.00
0.00	-30118.90	-39922.31	-1.25106	-30118.90	-39922.31	-1.25106	20.196	0.00
0.00	-30118.79	-39922.65	-1.25176	-30118.79	-39922.65	-1.25176	19.677	0.00
0.00	-30118.67	-39923.03	-1.25182	-30118.67	-39923.03	-1.25182	19.687	0.00
0.00	-30118.57	-39923.34	-1.25227	-30118.57	-39923.34	-1.25227	20.976	0.00
0.00	-30118.46	-39923.70	-1.25279	-30118.46	-39923.70	-1.25279	20.134	0.00
0.00	-30118.37	-39923.98	-1.25388	-30118.37	-39923.98	-1.25388	19.823	0.00
0.00	-30118.27	-39924.31	-1.25511	-30118.27	-39924.31	-1.25511	20.437	0.00
0.00	-30118.17	-39924.62	-1.25625	-30118.17	-39924.62	-1.25625	21.577	0.00
0.00	-30118.04	-39925.04	-1.25742	-30118.04	-39925.04	-1.25742	20.259	0.00
0.00	-30117.96	-39925.31	-1.25854	-30117.96	-39925.31	-1.25854	20.403	0.00
0.00	-30117.84	-39925.70	-1.25899	-30117.84	-39925.70	-1.25899	21.007	0.00
0.00	-30117.70	-39926.16	-1.25970	-30117.70	-39926.16	-1.25970	22.042	0.00
0.00	-30117.63	-39926.37	-1.26049	-30117.63	-39926.37	-1.26049	22.057	0.00
0.00	-30117.53	-39926.72	-1.26125	-30117.53	-39926.72	-1.26125	21.399	0.00
0.00	-30117.42	-39927.07	-1.26205	-30117.42	-39927.07	-1.26205	22.413	0.00
0.00	-30117.33	-39927.37	-1.26303	-30117.33	-39927.37	-1.26303	21.570	0.00
0.00	-30117.24	-39927.66	-1.26365	-30117.24	-39927.66	-1.26365	23.111	0.00
0.00	-30117.13	-39928.01	-1.26403	-30117.13	-39928.01	-1.26403	21.291	0.00
0.00	-30117.01	-39928.40	-1.26411	-30117.01	-39928.40	-1.26411	22.385	0.00
0.00	-30116.91	-39928.73	-1.26453	-30116.91	-39928.73	-1.26453	23.065	0.00
0.00	-30116.82	-39929.04	-1.26518	-30116.82	-39929.04	-1.26518	22.979	0.00
0.00	-30116.70	-39929.43	-1.26556	-30116.70	-39929.43	-1.26556	22.297	0.00
0.00	-30116.62	-39929.70	-1.26583	-30116.62	-39929.70	-1.26583	23.834	0.00
0.00	-30116.52	-39930.03	-1.26605	-30116.52	-39930.03	-1.26605	23.682	0.00
0.00	-30116.42	-39930.36	-1.26633	-30116.42	-39930.36	-1.26633	24.004	0.00
0.00	-30116.31	-39930.69	-1.26612	-30116.31	-39930.69	-1.26612	22.727	0.00
0.00	-30116.21	-39931.02	-1.26590	-30116.21	-39931.02	-1.26590	23.557	0.00
0.00	-30116.11	-39931.36	-1.26562	-30116.11	-39931.36	-1.26562	24.038	0.00
0.00	-30115.99	-39931.73	-1.26518	-30115.99	-39931.73	-1.26518	24.059	0.00
0.00	-30115.91	-39931.99	-1.26509	-30115.91	-39931.99	-1.26509	24.635	0.00
0.00	-30115.81	-39932.34	-1.26509	-30115.81	-39932.34	-1.26509	25.177	0.00
0.00	-30115.70	-39932.70	-1.26502	-30115.70	-39932.70	-1.26502	23.361	0.00
0.00	-30115.61	-39932.98	-1.26481	-30115.61	-39932.98	-1.26481	25.209	0.00
0.00	-30115.52	-39933.28	-1.26467	-30115.52	-39933.28	-1.26467	23.710	0.00
0.00	-30115.41	-39933.63	-1.26457	-30115.41	-39933.63	-1.26457	25.606	0.00
0.00	-30115.29	-39934.03	-1.26444	-30115.29	-39934.03	-1.26444	26.085	0.00
0.00	-30115.23	-39934.21	-1.26407	-30115.23	-39934.21	-1.26407	25.298	0.00
0.00	-30115.12	-39934.58	-1.26330	-30115.12	-39934.58	-1.26330	25.483	0.00
0.00	-30115.02	-39934.89	-1.26273	-30115.02	-39934.89	-1.26273	27.157	0.00
0.00	-30114.93	-39935.21	-1.26249	-30114.93	-39935.21	-1.26249	26.637	0.00
0.00	-30114.81	-39935.59	-1.26241	-30114.81	-39935.59	-1.26241	26.066	0.00
0.00	-30114.70	-39935.97	-1.26234	-30114.70	-39935.97	-1.26234	26.080	0.00
0.00	-30114.60	-39936.30	-1.26233	-30114.60	-39936.30	-1.26233	26.780	0.00
0.00	-30114.51	-39936.59	-1.26255	-30114.51	-39936.59	-1.26255	25.966	0.00
0.00	-30114.40	-39936.94	-1.26287	-30114.40	-39936.94	-1.26287	27.164	0.00
0.00	-30114.32	-39937.23	-1.26355	-30114.32	-39937.23	-1.26355	25.313	0.00
0.00	-30114.22	-39937.57	-1.26387	-30114.22	-39937.57	-1.26387	26.988	0.00
0.00	-30114.14	-39937.84	-1.26435	-30114.14	-39937.84	-1.26435	28.314	0.00
0.00	-30114.04	-39938.16	-1.26458	-30114.04	-39938.16	-1.26458	26.559	0.00
0.00	-30113.95	-39938.47	-1.26454	-30113.95	-39938.47	-1.26454	27.998	0.00
0.00	-30113.85	-39938.79	-1.26390	-30113.85	-39938.79	-1.26390	27.643	0.00
0.00	-30113.77	-39939.08	-1.26395	-30113.77	-39939.08	-1.26395	28.193	0.00
0.00	-30113.67	-39939.38	-1.26415	-30113.67	-39939.38	-1.26415	27.194	0.00
0.00	-30113.58	-39939.69	-1.26371	-30113.58	-39939.69	-1.26371	27.178	0.00
0.00	-30113.48	-39939.99	-1.26286	-30113.48	-39939.99	-1.26286	28.356	0.00
0.00	-30113.39	-39940.29	-1.26168	-30113.39	-39940.29	-1.26168	28.527	0.00
0.00	-30113.30	-39940.59	-1.26071	-30113.30	-39940.59	-1.26071	29.713	0.00
0.00	-30113.19	-39940.91	-1.25980	-30113.19	-39940.91	-1.25980	27.758	0.00
0.00	-30113.10	-39941.19	-1.25861	-30113.10	-39941.19	-1.25861	28.936	0.00
0.00	-30113.01	-39941.48	-1.25751	-30113.01	-39941.48	-1.25751	28.651	0.00
0.00	-30112.91	-39941.79	-1.25672	-30112.91	-39941.79	-1.25672	28.489	0.00
0.00	-30112.81	-39942.11	-1.25571	-30112.81	-39942.11	-1.25571	29.225	0.00
0.00	-30112.72	-39942.39	-1.25437	-30112.72	-39942.39	-1.25437	28.950	0.00
0.00	-30112.61	-39942.70	-1.25325	-30112.61	-39942.70	-1.25325	29.415	0.00
0.00	-30112.52	-39942.99	-1.25256	-30112.52	-39942.99	-1.25256	30.121	0.00
0.00	-30112.43	-39943.26	-1.25179	-30112.43	-39943.26	-1.25179	28.175	0.00
0.00	-30112.32	-39943.58	-1.25055	-30112.32	-39943.58	-1.25055	30.445	0.00
0.00	-30112.21	-39943.91	-1.24931	-30112.21	-39943.91	-1.24931	29.371	0.00
0.00	-30112.11	-39944.22	-1.24815	-30112.11	-39944.22	-1.24815	31.080	0.00
0.00	-30112.02	-39944.48	-1.24699	-30112.02	-39944.48	-1.24699	28.881	0.00
0.00	-30111.88	-39944.89	-1.24593	-30111.88	-39944.89	-1.24593	30.299	0.00
0.00	-30111.79	-39945.18	-1.24512	-30111.79	-39945.18	-1.24512	30.755	0.00
0.00	-30111.70	-39945.45	-1.24444	-30111.70	-39945.45	-1.24444	30.778	0.00
0.00	-30111.59	-39945.77	-1.24370	-30111.59	-39945.77	-1.24370	30.426	0.00
0.00	-30111.47	-39946.13	-1.24305	-30111.47	-39946.13	-1.24305	31.854	0.00
0.00	-30111.36	-39946.47	-1.24259	-30111.36	-39946.47	-1.24259	32.116	0.00
0.00	-30111.27	-39946.73	-1.24247	-30111.27	-39946.73	-1.24247	31.290	0.00
0.00	-30111.15	-39947.08	-1.24234	-30111.15	-39947.08	-1.24234	30.130	0.00
0.00	-30111.05	-39947.39	-1.24230	-30111.05	-39947.39	-1.24230	31.822	0.00
0.00	-30110.94	-39947.75	-1.24201	-30110.94	-39947.75	-1.24201	33.407	0.00
0.00	-30110.81	-39948.12	-1.24162	-30110.81	-39948.12	-1.24162	31.916	0.00
0.00	-30110.69	-39948.49	-1.24119	-30110.69	-39948.49	-1.24119	31.661	0.00
0.00	-30110.58	-39948.82	-1.24090	-30110.58	-39948.82	-1.24090	32.372	0.00
0.00	-30110.46	-39949.18	-1.24043	-30110.46	-39949.18	-1.24043	32.719	0.00
0.00	-30110.35	-39949.53	-1.23990	-30110.35	-39949.53	-1.23990	32.548	0.00
0.00	-30110.23	-39949.88	-1.23979	-30110.23	-39949.88	-1.23979	31.820	0.00
0.00	-30110.12	-39950.20	-1.24012	-30110.12	-39950.20	-1.24012	33.019	0.00
0.00	-30110.00	-39950.57	-1.24044	-30110.00	-39950.57	-1.24044	32.225	0.00
0.00	-30109.87	-39950.95	-1.24035	-30109.87	-39950.95	-1.24035	32.378	0.00
0.00	-30109.77	-39951.28	-1.24053	-30109.77	-39951.28	-1.24053	31.737	0.00
0.00	-30109.66	-39951.61	-1.24052	-30109.66	-39951.61	-1.24052	34.075	0.00
0.00	-30109.54	-39951.96	-1.24013	-30109.54	-39951.96	-1.24013	34.032	0.00
0.00	-30109.42	-39952.32	-1.23976	-30109.42	-39952.32	-1.23976	33.585	0.00
0.00	-30109.32	-39952.64	-1.23955	-30109.32	-39952.64	-1.23955	32.858	0.00
0.00	-30109.21	-39952.97	-1.23892	-30109.21	-39952.97	-1.23892	34.002	0.00
0.00	-30109.08	-39953.34	-1.23837	-30109.08	-39953.34	-1.23837	33.158	0.00
0.00	-30108.96	-39953.70	-1.23862	-30108.96	-39953.70	-1.23862	34.965	0.00
0.00	-30108.85	-39954.03	-1.23924	-30108.85	-39954.03	-1.23924	32.938	0.00
0.00	-30108.75	-39954.35	-1.23948	-30108.75	-39954.35	-1.23948	33.252	0.00
0.00	-30108.63	-39954.71	-1.23937	-30108.63	-39954.71	-1.23937	34.621	0.00
0.00	-30108.51	-39955.08	-1.23936	-30108.51	-39955.08	-1.23936	33.805	0.00
0.00	-30108.40	-39955.41	-1.23929	-30108.40	-39955.41	-1.23929	33.311	0.00
0.00	-30108.29	-39955.74	-1.23936	-30108.29	-39955.74	-1.23936	34.809	0.00
0.00	-30108.20	-39956.04	-1.23979	-30108.20	-39956.04	-1.23979	34.207	0.00
0.00	-30108.04	-39956.49	-1.23996	-30108.04	-39956.49	-1.23996	34.693	0.00
0.00	-30107.92	-39956.87	-1.23960	-30107.92	-39956.87	-1.23960	33.450	0.00
0.00	-30107.81	-39957.21	-1.23967	-30107.81	-39957.21	-1.23967	35.385	0.00
0.00	-30107.68	-39957.60	-1.24020	-30107.68	-39957.60	-1.24020	37.144	0.00
0.00	-30107.58	-39957.92	-1.24072	-30107.58	-39957.92	-1.24072	35.220	0.00
0.00	-30107.48	-39958.21	-1.24125	-30107.48	-39958.21	-1.24125	35.374	0.00
0.00	-30107.38	-39958.53	-1.24148	-30107.38	-39958.53	-1.24148	35.256	0.00
0.00	-30107.26	-39958.90	-1.24191	-30107.26	-39958.90	-1.24191	35.999	0.00
0.00	-30107.11	-39959.35	-1.24185	-30107.11	-39959.35	-1.24185	38.057	0.00
0.00	-30107.01	-39959.66	-1.24140	-30107.01	-39959.66	-1.24140	36.082	0.00
0.00	-30106.89	-39960.00	-1.24128	-30106.89	-39960.00	-1.24128	36.822	0.00
0.00	-30106.80	-39960.29	-1.24120	-30106.80	-39960.29	-1.24120	36.204	0.00
0.00	-30106.67	-39960.66	-1.24084	-30106.67	-39960.66	-1.24084	37.048	0.00
0.00	-30106.56	-39961.01	-1.24043	-30106.56	-39961.01	-1.24043	34.356	0.00
0.00	-30106.44	-39961.35	-1.24008	-30106.44	-39961.35	-1.24008	37.493	0.00
0.00	-30106.32	-39961.70	-1.23950	-30106.32	-39961.70	-1.23950	36.664	0.00
0.00	-30106.19	-39962.09	-1.23869	-30106.19	-39962.09	-1.23869	36.660	0.00
0.00	-30106.08	-39962.41	-1.23799	-30106.08	-39962.41	-1.23799	36.518	0.00
0.00	-30105.97	-39962.73	-1.23743	-30105.97	-39962.73	-1.23743	37.820	0.00
0.00	-30105.85	-39963.08	-1.23680	-30105.85	-39963.08	-1.23680	38.054	0.00
0.00	-30105.72	-39963.46	-1.23616	-30105.72	-39963.46	-1.23616	38.149	0.00
0.00	-30105.61	-39963.78	-1.23570	-30105.61	-39963.78	-1.23570	37.526	0.00
0.00	-30105.45	-39964.26	-1.23506	-30105.45	-39964.26	-1.23506	38.828	0.00
0.00	-30105.37	-39964.49	-1.23480	-30105.37	-39964.49	-1.23480	37.528	0.00
0.00	-30105.24	-39964.86	-1.23465	-30105.24	-39964.86	-1.23465	38.713	0.00
0.00	-30105.11	-39965.24	-1.23465	-30105.11	-39965.24	-1.23465	37.939	0.00
0.00	-30104.98	-39965.64	-1.23459	-30104.98	-39965.64	-1.23459	38.703	0.00
0.00	-30104.87	-39965.95	-1.23469	-30104.87	-39965.95	-1.23469	40.271	0.00
0.00	-30104.76	-39966.29	-1.23535	-30104.76	-39966.29	-1.23535	38.208	0.00
0.00	-30104.65	-39966.62	-1.23636	-30104.65	-39966.62	-1.23636	38.025	0.00
0.00	-30104.54	-39966.96	-1.23791	-30104.54	-39966.96	-1.23791	40.642	0.00
0.00	-30104.41	-39967.34	-1.23968	-30104.41	-39967.34	-1.23968	38.859	0.00
0.00	-30104.29	-39967.72	-1.24158	-30104.29	-39967.72	-1.24158	40.524	0.00
0.00	-30104.16	-39968.10	-1.24310	-30104.16	-39968.10	-1.24310	38.348	0.00
0.00	-30104.06	-39968.42	-1.24498	-30104.06	-39968.42	-1.24498	38.589	0.00
0.00	-30103.93	-39968.83	-1.24667	-30103.93	-39968.83	-1.24667	39.721	0.00
0.00	-30103.81	-39969.18	-1.24855	-30103.81	-39969.18	-1.24855	40.236	0.00
0.00	-30103.70	-39969.54	-1.25056	-30103.70	-39969.54	-1.25056	40.968	0.00
0.00	-30103.58	-39969.91	-1.25245	-30103.58	-39969.91	-1.25245	39.292	0.00
0.00	-30103.49	-39970.19	-1.25411	-30103.49	-39970.19	-1.25411	40.936	0.00
0.00	-30103.39	-39970.50	-1.25575	-30103.39	-39970.50	-1.25575	41.148	0.00
0.00	-30103.30	-39970.81	-1.25746	-30103.30	-39970.81	-1.25746	39.210	0.00
0.00	-30103.17	-39971.21	-1.25919	-30103.17	-39971.21	-1.25919	40.762	0.00
0.00	-30103.08	-39971.52	-1.26063	-30103.08	-39971.52	-1.26063	39.670	0.00
0.00	-30102.97	-39971.86	-1.26182	-30102.97	-39971.86	-1.26182	40.024	0.00
0.00	-30102.85	-39972.23	-1.26322	-30102.85	-39972.23	-1.26322	42.159	0.00
0.00	-30102.72	-39972.67	-1.26477	-30102.72	-39972.67	-1.26477	41.992	0.00
0.00	-30102.65	-39972.90	-1.26591	-30102.65	-39972.90	-1.26591	42.050	0.00
0.00	-30102.54	-39973.26	-1.26745	-30102.54	-39973.26	-1.26745	42.737	0.00
0.00	-30102.42	-39973.64	-1.26924	-30102.42	-39973.64	-1.26924	40.484	0.00
0.00	-30102.29	-39974.06	-1.27084	-30102.29	-39974.06	-1.27084	42.836	0.00
0.00	-30102.21	-39974.33	-1.27260	-30102.21	-39974.33	-1.27260	41.651	0.00
0.00	-30102.11	-39974.65	-1.27482	-30102.11	-39974.65	-1.27482	42.961	0.00
0.00	-30102.02	-39974.99	-1.27730	-30102.02	-39974.99	-1.27730	40.543	0.00
0.00	-30101.92	-39975.34	-1.27991	-30101.92	-39975.34	-1.27991	43.350	0.00
0.00	-30101.79	-39975.76	-1.28277	-30101.79	-39975.76	-1.28277	43.355	0.00
0.00	-30101.72	-39976.05	-1.28635	-30101.72	-39976.05	-1.28635	42.424	0.00
0.00	-30101.63	-39976.36	-1.29085	-30101.63	-39976.36	-1.29085	42.004	0.00
0.00	-30101.53	-39976.71	-1.29557	-30101.53	-39976.71	-1.29557	42.768	0.00
0.00	-30101.44	-39977.08	-1.30067	-30101.44	-39977.08	-1.30067	43.377	0.00
0.00	-30101.35	-39977.39	-1.30598	-30101.35	-39977.39	-1.30598	43.219	0.00
0.00	-30101.29	-39977.66	-1.31160	-30101.29	-39977.66	-1.31160	42.331	0.00
0.00	-30101.20	-39978.01	-1.31772	-30101.20	-39978.01	-1.31772	45.119	0.00
0.00	-30101.11	-39978.36	-1.32544	-30101.11	-39978.36	-1.32544	43.617	0.00
0.00	-30101.03	-39978.69	-1.33450	-30101.03	-39978.69	-1.33450	44.319	0.00
0.00	-30100.96	-39979.02	-1.34456	-30100.96	-39979.02	-1.34456	43.414	0.00
0.00	-30100.89	-39979.34	-1.35565	-30100.89	-39979.34	-1.35565	42.990	0.00
0.00	-30100.81	-39979.71	-1.36785	-30100.81	-39979.71	-1.36785	44.396	0.00
0.00	-30100.75	-39980.04	-1.38117	-30100.75	-39980.04	-1.38117	44.405	0.00
0.00	-30100.67	-39980.46	-1.39772	-30100.67	-39980.46	-1.39772	42.927	0.00
0.00	-30100.63	-39980.68	-1.40917	-30100.63	-39980.68	-1.40917	45.678	0.00
0.00	-30100.57	-39981.06	-1.42359	-30100.57	-39981.06	-1.42359	43.334	0.00
0.00	-30100.53	-39981.36	-1.43836	-30100.53	-39981.36	-1.43836	45.179	0.00
0.00	-30100.49	-39981.67	-1.45345	-30100.49	-39981.67	-1.45345	43.964	0.00
0.00	-30100.46	-39981.97	-1.46975	-30100.46	-39981.97	-1.46975	47.449	0.00
0.00	-30100.43	-39982.34	-1.48743	-30100.43	-39982.34	-1.48743	45.224	0.00
0.00	-30100.41	-39982.65	-1.50660	-30100.41	-39982.65	-1.50660	45.155	0.00
0.00	-30100.39	-39983.00	-1.52638	-30100.39	-39983.00	-1.52638	45.322	0.00
0.00	-30100.38	-39983.31	-1.54601	-30100.38	-39983.31	-1.54601	44.645	0.00
0.00	-30100.38	-39983.59	-1.56539	-30100.38	-39983.59	-1.56539	44.459	0.00
0.00	-30100.38	-39984.02	-1.58534	-30100.38	-39984.02	-1.58534	46.077	0.00
0.00	-30100.39	-39984.35	-1.60846	-30100.39	-39984.35	-1.60846	44.766	0.00
0.00	-30100.40	-39984.57	-1.62653	-30100.40	-39984.57	-1.62653	46.658	0.00
0.00	-30100.43	-39984.92	-1.64829	-30100.43	-39984.92	-1.64829	44.965	0.00
0.00	-30100.46	-39985.23	-1.67059	-30100.46	-39985.23	-1.67059	48.245	0.00
0.00	-30100.49	-39985.54	-1.69372	-30100.49	-39985.54	-1.69372	44.565	0.00
0.00	-30100.54	-39985.86	-1.71764	-30100.54	-39985.86	-1.71764	46.441	0.00
0.00	-30100.59	-39986.16	-1.74220	-30100.59	-39986.16	-1.74220	46.955	0.00
0.00	-30100.65	-39986.48	-1.76719	-30100.65	-39986.48	-1.76719	45.573	0.00
0.00	-30100.73	-39986.83	-1.79308	-30100.73	-39986.83	-1.79308	46.121	0.00
0.00	-30100.80	-39987.11	-1.81962	-30100.80	-39987.11	-1.81962	47.234	0.00
0.00	-30100.88	-39987.42	-1.84664	-30100.88	-39987.42	-1.84664	47.387	0.00
0.00	-30100.99	-39987.77	-1.87337	-30100.99	-39987.77	-1.87337	47.497	0.00
0.00	-30101.08	-39988.06	-1.90062	-30101.08	-39988.06	-1.90062	47.617	0.00
0.00	-30101.17	-39988.30	-1.92907	-30101.17	-39988.30	-1.92907	47.410	0.00
0.00	-30101.30	-39988.62	-1.95763	-30101.30	-39988.62	-1.95763	48.881	0.00
0.00	-30101.44	-39988.95	-1.98617	-30101.44	-39988.95	-1.98617	48.247	0.00
0.00	-30101.55	-39989.17	-2.01442	-30101.55	-39989.17	-2.01442	49.120	0.00
0.00	-30101.67	-39989.41	-2.04326	-30101.67	-39989.41	-2.04326	49.333	0.00
0.00	-30101.81	-39989.67	-2.07159	-30101.81	-39989.67	-2.07159	50.410	0.00
0.00	-30101.96	-39989.93	-2.09973	-30101.96	-39989.93	-2.09973	49.003	0.00
0.00	-30102.14	-39990.22	-2.12850	-30102.14	-39990.22	-2.12850	47.910	0.00
0.00	-30102.31	-39990.49	-2.15698	-30102.31	-39990.49	-2.15698	49.825	0.00
0.00	-30102.49	-39990.74	-2.18593	-30102.49	-39990.74	-2.18593	49.804	0.00
0.00	-30102.70	-39991.03	-2.21480	-30102.70	-39991.03	-2.21480	49.977	0.00
0.00	-30102.88	-39991.26	-2.24416	-30102.88	-39991.26	-2.24416	48.985	0.00
0.00	-30103.10	-39991.52	-2.27297	-30103.10	-39991.52	-2.27297	49.902	0.00
0.00	-30103.29	-39991.74	-2.30170	-30103.29	-39991.74	-2.30170	48.330	0.00
0.00	-30103.48	-39991.92	-2.33078	-30103.48	-39991.92	-2.33078	48.371	0.00
0.00	-30103.69	-39992.13	-2.36007	-30103.69	-39992.13	-2.36007	49.419	0.00
0.00	-30103.91	-39992.34	-2.38818	-30103.91	-39992.34	-2.38818	51.661	0.00
0.00	-30104.19	-39992.59	-2.41623	-30104.19	-39992.59	-2.41623	49.157	0.00
0.00	-30104.45	-39992.81	-2.44326	-30104.45	-39992.81	-2.44326	49.503	0.00
0.00	-30104.66	-39992.97	-2.46864	-30104.66	-39992.97	-2.46864	49.034	0.00
0.00	-30104.91	-39993.17	-2.49282	-30104.91	-39993.17	-2.49282	50.864	0.00
0.00	-30105.17	-39993.35	-2.51562	-30105.17	-39993.35	-2.51562	50.603	0.00
0.00	-30105.44	-39993.54	-2.53731	-30105.44	-39993.54	-2.53731	50.283	0.00
0.00	-30105.70	-39993.71	-2.55821	-30105.70	-39993.71	-2.55821	50.268	0.00
0.00	-30105.98	-39993.89	-2.57777	-30105.98	-39993.89	-2.57777	51.939	0.00
0.00	-30106.26	-39994.06	-2.59613	-30106.26	-39994.06	-2.59613	51.003	0.00
0.00	-30106.55	-39994.22	-2.61278	-30106.55	-39994.22	-2.61278	51.376	0.00
0.00	-30106.89	-39994.42	-2.62824	-30106.89	-39994.42	-2.62824	50.600	0.00
0.00	-30107.17	-39994.57	-2.64190	-30107.17	-39994.57	-2.64190	52.212	0.00
0.00	-30107.43	-39994.70	-2.65550	-30107.43	-39994.70	-2.65550	52.240	0.00
0.00	-30107.74	-39994.86	-2.66944	-30107.74	-39994.86	-2.66944	51.345	0.00
0.00	-30108.10	-39995.04	-2.68140	-30108.10	-39995.04	-2.68140	51.425	0.00
0.00	-30108.38	-39995.17	-2.69343	-30108.38	-39995.17	-2.69343	52.290	0.00
0.00	-30108.62	-39995.28	-2.70539	-30108.62	-39995.28	-2.70539	52.586	0.00
0.00	-30108.92	-39995.41	-2.71679	-30108.92	-39995.41	-2.71679	51.781	0.00
0.00	-30109.25	-39995.55	-2.72637	-30109.25	-39995.55	-2.72637	50.053	0.00
0.00	-30109.51	-39995.66	-2.73552	-30109.51	-39995.66	-2.73552	53.067	0.00
0.00	-30109.85	-39995.80	-2.74458	-30109.85	-39995.80	-2.74458	52.337	0.00
0.00	-30110.17	-39995.93	-2.75159	-30110.17	-39995.93	-2.75159	52.675	0.00
0.00	-30110.39	-39996.02	-2.75817	-30110.39	-39996.02	-2.75817	51.737	0.00
0.00	-30110.70	-39996.13	-2.76702	-30110.70	-39996.13	-2.76702	53.911	0.00
0.00	-30111.02	-39996.25	-2.77563	-30111.02	-39996.25	-2.77563	53.419	0.00
0.00	-30111.34	-39996.36	-2.78321	-30111.34	-39996.36	-2.78321	53.810	0.00
0.00	-30111.62	-39996.46	-2.79002	-30111.62	-39996.46	-2.79002	52.700	0.00
0.00	-30112.02	-39996.60	-2.79608	-30112.02	-39996.60	-2.79608	53.432	0.00
0.00	-30112.34	-39996.71	-2.80130	-30112.34	-39996.71	-2.80130	53.991	0.00
0.00	-30112.65	-39996.81	-2.80601	-30112.65	-39996.81	-2.80601	54.021	0.00
0.00	-30113.05	-39996.94	-2.81010	-30113.05	-39996.94	-2.81010	52.586	0.00
0.00	-30113.38	-39997.05	-2.81350	-30113.38	-39997.05	-2.81350	54.533	0.00
0.00	-30113.67	-39997.14	-2.81683	-30113.67	-39997.14	-2.81683	53.820	0.00
0.00	-30113.99	-39997.25	-2.82017	-30113.99	-39997.25	-2.82017	53.934	0.00
0.00	-30114.37	-39997.37	-2.82395	-30114.37	-39997.37	-2.82395	53.785	0.00
0.00	-30114.66	-39997.45	-2.82743	-30114.66	-39997.45	-2.82743	54.260	0.00
0.00	-30115.06	-39997.58	-2.83034	-30115.06	-39997.58	-2.83034	56.656	0.00
0.00	-30115.40	-39997.68	-2.83218	-30115.40	-39997.68	-2.83218	55.096	0.00
0.00	-30115.77	-39997.79	-2.83343	-30115.77	-39997.79	-2.83343	54.488	0.00
0.00	-30116.13	-39997.90	-2.83464	-30116.13	-39997.90	-2.83464	55.973	0.00
0.00	-30116.56	-39998.03	-2.83595	-30116.56	-39998.03	-2.83595	55.451	0.00
0.00	-30116.88	-39998.13	-2.83702	-30116.88	-39998.13	-2.83702	57.101	0.00
0.00	-30117.20	-39998.23	-2.83781	-30117.20	-39998.23	-2.83781	55.408	0.00
0.00	-30117.54	-39998.33	-2.83851	-30117.54	-39998.33	-2.83851	57.459	0.00
0.00	-30117.89	-39998.43	-2.83915	-30117.89	-39998.43	-2.83915	55.862	0.00
0.00	-30118.25	-39998.54	-2.83935	-30118.25	-39998.54	-2.83935	57.305	0.00
0.00	-30118.60	-39998.65	-2.83908	-30118.60	-39998.65	-2.83908	54.760	0.00
0.00	-30118.99	-39998.76	-2.83831	-30118.99	-39998.76	-2.83831	57.058	0.00
0.00	-30119.32	-39998.87	-2.83714	-30119.32	-39998.87	-2.83714	56.909	0.00
0.00	-30119.68	-39998.98	-2.83615	-30119.68	-39998.98	-2.83615	56.630	0.00
0.00	-30120.11	-39999.11	-2.83568	-30120.11	-39999.11	-2.83568	55.105	0.00
0.00	-30120.41	-39999.20	-2.83537	-30120.41	-39999.20	-2.83537	56.668	0.00
0.00	-30120.72	-39999.30	-2.83484	-30120.72	-39999.30	-2.83484	57.479	0.00
0.00	-30121.06	-39999.40	-2.83422	-30121.06	-39999.40	-2.83422	56.748	0.00
0.00	-30121.40	-39999.51	-2.83358	-30121.40	-39999.51	-2.83358	56.969	0.00
0.00	-30121.75	-39999.62	-2.83281	-30121.75	-39999.62	-2.83281	56.566	0.00
0.00	-30122.10	-39999.73	-2.83212	-30122.10	-39999.73	-2.83212	57.881	0.00
0.00	-30122.45	-39999.84	-2.83149	-30122.45	-39999.84	-2.83149	57.391	0.00
0.00	-30122.80	-39999.95	-2.83083	-30122.80	-39999.95	-2.83083	58.927	0.00
0.00	-30123.21	-40000.08	-2.83030	-30123.21	-40000.08	-2.83030	58.557	0.00
0.00	-30123.62	-40000.21	-2.82989	-30123.62	-40000.21	-2.82989	58.585	0.00
0.00	-30123.93	-40000.31	-2.82942	-30123.93	-40000.31	-2.82942	58.447	0.00
0.00	-30124.27	-40000.41	-2.82903	-30124.27	-40000.41	-2.82903	57.936	0.00
0.00	-30124.62	-40000.52	-2.82892	-30124.62	-40000.52	-2.82892	58.498	0.00
0.00	-30124.98	-40000.63	-2.82875	-30124.98	-40000.63	-2.82875	59.757	0.00
0.00	-30125.35	-40000.75	-2.82856	-30125.35	-40000.75	-2.82856	57.889	0.00
0.00	-30125.71	-40000.86	-2.82834	-30125.71	-40000.86	-2.82834	58.076	0.00
0.00	-30126.12	-40000.99	-2.82783	-30126.12	-40000.99	-2.82783	58.130	0.00
0.00	-30126.46	-40001.10	-2.82758	-30126.46	-40001.10	-2.82758	58.195	0.00
0.00	-30126.85	-40001.22	-2.82735	-30126.85	-40001.22	-2.82735	59.338	0.00
0.00	-30127.28	-40001.36	-2.82709	-30127.28	-40001.36	-2.82709	57.838	0.00
0.00	-30127.67	-40001.48	-2.82704	-30127.67	-40001.48	-2.82704	59.287	0.00
0.00	-30128.01	-40001.58	-2.82737	-30128.01	-40001.58	-2.82737	59.820	0.00
0.00	-30128.37	-40001.70	-2.82758	-30128.37	-40001.70	-2.82758	59.932	0.00
0.00	-30128.75	-40001.81	-2.82766	-30128.75	-40001.81	-2.82766	57.959	0.00
0.00	-30129.18	-40001.95	-2.82732	-30129.18	-40001.95	-2.82732	59.868	0.00
0.00	-30129.52	-40002.06	-2.82744	-30129.52	-40002.06	-2.82744	58.211	0.00
0.00	-30129.90	-40002.17	-2.82767	-30129.90	-40002.17	-2.82767	59.639	0.00
0.00	-30130.33	-40002.31	-2.82769	-30130.33	-40002.31	-2.82769	59.748	0.00
0.00	-30130.71	-40002.42	-2.82823	-30130.71	-40002.42	-2.82823	60.268	0.00
0.00	-30131.23	-40002.59	-2.82803	-30131.23	-40002.59	-2.82803	61.636	0.00
0.00	-30131.47	-40002.66	-2.82813	-30131.47	-40002.66	-2.82813	61.291	0.00
0.00	-30131.91	-40002.80	-2.82827	-30131.91	-40002.80	-2.82827	62.240	0.00
0.00	-30132.28	-40002.91	-2.82839	-30132.28	-40002.91	-2.82839	60.597	0.00
0.00	-30132.63	-40003.02	-2.82854	-30132.63	-40003.02	-2.82854	61.780	0.00
0.00	-30133.01	-40003.14	-2.82857	-30133.01	-40003.14	-2.82857	61.027	0.00
0.00	-30133.39	-40003.25	-2.82859	-30133.39	-40003.25	-2.82859	60.291	0.00
0.00	-30133.77	-40003.37	-2.82861	-30133.77	-40003.37	-2.82861	61.215	0.00
0.00	-30134.15	-40003.49	-2.82861	-30134.15	-40003.49	-2.82861	61.912	0.00
0.00	-30134.57	-40003.63	-2.82851	-30134.57	-40003.63	-2.82851	60.950	0.00
0.00	-30134.97	-40003.75	-2.82814	-30134.97	-40003.75	-2.82814	60.477	0.00
0.00	-30135.32	-40003.86	-2.82727	-30135.32	-40003.86	-2.82727	62.739	0.00
0.00	-30135.69	-40003.98	-2.82663	-30135.69	-40003.98	-2.82663	63.475	0.00
0.00	-30136.03	-40004.09	-2.82621	-30136.03	-40004.09	-2.82621	61.780	0.00
0.00	-30136.42	-40004.22	-2.82588	-30136.42	-40004.22	-2.82588	62.386	0.00
0.00	-30136.80	-40004.34	-2.82548	-30136.80	-40004.34	-2.82548	62.717	0.00
0.00	-30137.15	-40004.45	-2.82482	-30137.15	-40004.45	-2.82482	62.807	0.00
0.00	-30137.52	-40004.57	-2.82413	-30137.52	-40004.57	-2.82413	63.287	0.00
0.00	-30137.89	-40004.69	-2.82355	-30137.89	-40004.69	-2.82355	62.419	0.00
0.00	-30138.31	-40004.83	-2.82326	-30138.31	-40004.83	-2.82326	64.457	0.00
0.00	-30138.71	-40004.96	-2.82300	-30138.71	-40004.96	-2.82300	63.990	0.00
0.00	-30139.01	-40005.05	-2.82253	-30139.01	-40005.05	-2.82253	63.142	0.00
0.00	-30139.37	-40005.17	-2.82174	-30139.37	-40005.17	-2.82174	63.569	0.00
0.00	-30139.72	-40005.28	-2.82123	-30139.72	-40005.28	-2.82123	64.277	0.00
0.00	-30140.14	-40005.42	-2.82076	-30140.14	-40005.42	-2.82076	63.066	0.00
0.00	-30140.46	-40005.52	-2.82025	-30140.46	-40005.52	-2.82025	63.177	0.00
0.00	-30140.82	-40005.64	-2.81972	-30140.82	-40005.64	-2.81972	62.669	0.00
0.00	-30141.18	-40005.76	-2.81913	-30141.18	-40005.76	-2.81913	62.577	0.00
0.00	-30141.53	-40005.88	-2.81848	-30141.53	-40005.88	-2.81848	63.907	0.00
0.00	-30141.98	-40006.02	-2.81815	-30141.98	-40006.02	-2.81815	64.962	0.00
0.00	-30142.34	-40006.14	-2.81803	-30142.34	-40006.14	-2.81803	62.866	0.00
0.00	-30142.67	-40006.25	-2.81800	-30142.67	-40006.25	-2.81800	66.928	0.00
0.00	-30143.02	-40006.36	-2.81813	-30143.02	-40006.36	-2.81813	65.821	0.00
0.00	-30143.40	-40006.49	-2.81821	-30143.40	-40006.49	-2.81821	65.962	0.00
0.00	-30143.83	-40006.63	-2.81811	-30143.83	-40006.63	-2.81811	65.778	0.00
0.00	-30144.18	-40006.74	-2.81803	-30144.18	-40006.74	-2.81803	66.105	0.00
0.00	-30144.57	-40006.86	-2.81815	-30144.57	-40006.86	-2.81815	68.112	0.00
0.00	-30144.95	-40006.99	-2.81834	-30144.95	-40006.99	-2.81834	65.175	0.00
0.00	-30145.37	-40007.12	-2.81811	-30145.37	-40007.12	-2.81811	65.607	0.00
0.00	-30145.78	-40007.26	-2.81850	-30145.78	-40007.26	-2.81850	65.753	0.00
0.00	-30146.16	-40007.38	-2.81884	-30146.16	-40007.38	-2.81884	66.343	0.00
0.00	-30146.50	-40007.49	-2.81930	-30146.50	-40007.49	-2.81930	66.243	0.00
0.00	-30146.87	-40007.61	-2.81977	-30146.87	-40007.61	-2.81977	66.214	0.00
0.00	-30147.26	-40007.73	-2.81987	-30147.26	-40007.73	-2.81987	67.263	0.00
0.00	-30147.69	-40007.87	-2.81952	-30147.69	-40007.87	-2.81952	68.073	0.00
0.00	-30148.08	-40008.00	-2.81937	-30148.08	-40008.00	-2.81937	66.356	0.00
0.00	-30148.48	-40008.13	-2.81934	-30148.48	-40008.13	-2.81934	65.968	0.00
0.00	-30148.82	-40008.23	-2.81918	-30148.82	-40008.23	-2.81918	67.037	0.00
0.00	-30149.37	-40008.42	-2.81871	-30149.37	-40008.42	-2.81871	67.643	0.00
0.00	-30149.71	-40008.53	-2.81863	-30149.71	-40008.53	-2.81863	67.165	0.00
0.00	-30150.08	-40008.65	-2.81844	-30150.08	-40008.65	-2.81844	66.565	0.00
0.00	-30150.46	-40008.77	-2.81794	-30150.46	-40008.77	-2.81794	67.368	0.00
0.00	-30150.83	-40008.89	-2.81737	-30150.83	-40008.89	-2.81737	68.536	0.00
0.00	-30151.21	-40009.02	-2.81668	-30151.21	-40009.02	-2.81668	67.738	0.00
0.00	-30151.60	-40009.15	-2.81616	-30151.60	-40009.15	-2.81616	66.038	0.00
0.00	-30151.99	-40009.28	-2.81584	-30151.99	-40009.28	-2.81584	67.586	0.00
0.00	-30152.35	-40009.39	-2.81555	-30152.35	-40009.39	-2.81555	67.823	0.00
0.00	-30152.75	-40009.53	-2.81512	-30152.75	-40009.53	-2.81512	66.792	0.00
0.00	-30153.12	-40009.65	-2.81453	-30153.12	-40009.65	-2.81453	67.764	0.00
0.00	-30153.56	-40009.80	-2.81387	-30153.56	-40009.80	-2.81387	70.217	0.00
0.00	-30153.93	-40009.92	-2.81321	-30153.93	-40009.92	-2.81321	68.983	0.00
0.00	-30154.27	-40010.04	-2.81277	-30154.27	-40010.04	-2.81277	68.716	0.00
0.00	-30154.65	-40010.17	-2.81241	-30154.65	-40010.17	-2.81241	69.559	0.00
0.00	-30155.03	-40010.29	-2.81210	-30155.03	-40010.29	-2.81210	72.279	0.00
0.00	-30155.40	-40010.41	-2.81170	-30155.40	-40010.41	-2.81170	71.194	0.00
0.00	-30155.80	-40010.55	-2.81086	-30155.80	-40010.55	-2.81086	69.448	0.00
0.00	-30156.16	-40010.67	-2.81009	-30156.16	-40010.67	-2.81009	69.948	0.00
0.00	-30156.55	-40010.80	-2.80958	-30156.55	-40010.80	-2.80958	70.310	0.00
0.00	-30156.92	-40010.92	-2.80944	-30156.92	-40010.92	-2.80944	69.210	0.00
0.00	-30157.37	-40011.07	-2.80932	-30157.37	-40011.07	-2.80932	69.751	0.00
0.00	-30157.75	-40011.20	-2.80853	-30157.75	-40011.20	-2.80853	69.721	0.00
0.00	-30158.12	-40011.33	-2.80831	-30158.12	-40011.33	-2.80831	71.208	0.00
0.00	-30158.50	-40011.45	-2.80812	-30158.50	-40011.45	-2.80812	71.835	0.00
0.00	-30158.89	-40011.58	-2.80785	-30158.89	-40011.58	-2.80785	71.807	0.00
0.00	-30159.28	-40011.71	-2.80748	-30159.28	-40011.71	-2.80748	70.780	0.00
0.00	-30159.68	-40011.85	-2.80709	-30159.68	-40011.85	-2.80709	71.213	0.00
0.00	-30160.09	-40011.99	-2.80654	-30160.09	-40011.99	-2.80654	70.706	0.00
0.00	-30160.47	-40012.12	-2.80638	-30160.47	-40012.12	-2.80638	72.193	0.00
0.00	-30160.88	-40012.26	-2.80609	-30160.88	-40012.26	-2.80609	70.197	0.00
0.00	-30161.40	-40012.43	-2.80568	-30161.40	-40012.43	-2.80568	71.308	0.00
0.00	-30161.70	-40012.53	-2.80509	-30161.70	-40012.53	-2.80509	70.219	0.00
0.00	-30162.10	-40012.67	-2.80427	-30162.10	-40012.67	-2.80427	71.159	0.00
0.00	-30162.49	-40012.80	-2.80370	-30162.49	-40012.80	-2.80370	70.689	0.00
0.00	-30162.92	-40012.95	-2.80324	-30162.92	-40012.95	-2.80324	72.642	0.00
0.00	-30163.30	-40013.08	-2.80278	-30163.30	-40013.08	-2.80278	72.903	0.00
0.00	-30163.70	-40013.22	-2.80246	-30163.70	-40013.22	-2.80246	72.075	0.00
0.00	-30164.09	-40013.35	-2.80206	-30164.09	-40013.35	-2.80206	72.862	0.00
0.00	-30164.50	-40013.49	-2.80174	-30164.50	-40013.49	-2.80174	70.364	0.00
0.00	-30164.91	-40013.64	-2.80089	-30164.91	-40013.64	-2.80089	72.123	0.00
0.00	-30165.30	-40013.77	-2.80080	-30165.30	-40013.77	-2.80080	72.399	0.00
0.00	-30165.66	-40013.89	-2.80064	-30165.66	-40013.89	-2.80064	71.602	0.00
0.00	-30166.06	-40014.03	-2.80073	-30166.06	-40014.03	-2.80073	73.708	0.00
0.00	-30166.45	-40014.17	-2.80072	-30166.45	-40014.17	-2.80072	73.897	0.00
0.00	-30166.98	-40014.35	-2.80071	-30166.98	-40014.35	-2.80071	74.563	0.00
0.00	-30167.23	-40014.43	-2.80121	-30167.23	-40014.43	-2.80121	77.055	0.00
0.00	-30167.63	-40014.57	-2.80168	-30167.63	-40014.57	-2.80168	74.303	0.00
0.00	-30168.01	-40014.70	-2.80211	-30168.01	-40014.70	-2.80211	73.867	0.00
0.00	-30168.39	-40014.83	-2.80259	-30168.39	-40014.83	-2.80259	72.553	0.00
0.00	-30168.81	-40014.98	-2.80247	-30168.81	-40014.98	-2.80247	73.855	0.00
0.00	-30169.20	-40015.11	-2.80255	-30169.20	-40015.11	-2.80255	73.579	0.00
0.00	-30169.54	-40015.22	-2.80280	-30169.54	-40015.22	-2.80280	74.739	0.00
0.00	-30169.89	-40015.35	-2.80299	-30169.89	-40015.35	-2.80299	73.038	0.00
0.00	-30170.30	-40015.49	-2.80322	-30170.30	-40015.49	-2.80322	73.576	0.00
0.00	-30170.62	-40015.59	-2.80372	-30170.62	-40015.59	-2.80372	75.211	0.00
0.00	-30171.03	-40015.73	-2.80427	-30171.03	-40015.73	-2.80427	74.760	0.00
0.00	-30171.43	-40015.87	-2.80480	-30171.43	-40015.87	-2.80480	74.574	0.00
0.00	-30171.82	-40016.00	-2.80516	-30171.82	-40016.00	-2.80516	73.481	0.00
0.00	-30172.11	-40016.10	-2.80529	-30172.11	-40016.10	-2.80529	73.585	0.00
0.00	-30172.52	-40016.24	-2.80540	-30172.52	-40016.24	-2.80540	75.107	0.00
0.00	-30172.93	-40016.38	-2.80537	-30172.93	-40016.38	-2.80537	75.098	0.00
0.00	-30173.24	-40016.48	-2.80529	-30173.24	-40016.48	-2.80529	75.260	0.00
0.00	-30173.62	-40016.61	-2.80495	-30173.62	-40016.61	-2.80495	76.111	0.00
0.00	-30173.96	-40016.72	-2.80476	-30173.96	-40016.72	-2.80476	75.178	0.00
0.00	-30174.31	-40016.84	-2.80459	-30174.31	-40016.84	-2.80459	75.445	0.00
0.00	-30174.67	-40016.96	-2.80422	-30174.67	-40016.96	-2.80422	74.967	0.00
0.00	-30175.07	-40017.10	-2.80364	-30175.07	-40017.10	-2.80364	78.007	0.00
0.00	-30175.40	-40017.21	-2.80324	-30175.40	-40017.21	-2.80324	76.722	0.00
0.00	-30175.75	-40017.34	-2.80301	-30175.75	-40017.34	-2.80301	76.641	0.00
0.00	-30176.15	-40017.47	-2.80270	-30176.15	-40017.47	-2.80270	75.167	0.00
0.00	-30176.55	-40017.61	-2.80236	-30176.55	-40017.61	-2.80236	76.857	0.00
0.00	-30176.89	-40017.73	-2.80239	-30176.89	-40017.73	-2.80239	74.706	0.00
0.00	-30177.26	-40017.86	-2.80262	-30177.26	-40017.86	-2.80262	77.798	0.00
0.00	-30177.62	-40017.98	-2.80290	-30177.62	-40017.98	-2.80290	76.417	0.00
0.00	-30177.99	-40018.11	-2.80282	-30177.99	-40018.11	-2.80282	78.634	0.00
0.00	-30178.39	-40018.25	-2.80262	-30178.39	-40018.25	-2.80262	79.977	0.00
0.00	-30178.75	-40018.37	-2.80225	-30178.75	-40018.37	-2.80225	78.412	0.00
0.00	-30179.12	-40018.50	-2.80188	-30179.12	-40018.50	-2.80188	75.875	0.00
0.00	-30179.45	-40018.61	-2.80170	-30179.45	-40018.61	-2.80170	77.678	0.00
0.00	-30180.03	-40018.82	-2.80143	-30180.03	-40018.82	-2.80143	78.993	0.00
0.00	-30180.29	-40018.91	-2.80125	-30180.29	-40018.91	-2.80125	78.791	0.00
0.00	-30180.63	-40019.02	-2.80126	-30180.63	-40019.02	-2.80126	77.677	0.00
0.00	-30181.02	-40019.16	-2.80161	-30181.02	-40019.16	-2.80161	83.744	0.00
0.00	-30181.37	-40019.28	-2.80241	-30181.37	-40019.28	-2.80241	80.096	0.00
0.00	-30181.73	-40019.41	-2.80316	-30181.73	-40019.41	-2.80316	78.616	0.00
0.00	-30182.10	-40019.54	-2.80361	-30182.10	-40019.54	-2.80361	79.205	0.00
0.00	-30182.47	-40019.66	-2.80406	-30182.47	-40019.66	-2.80406	80.864	0.00
0.00	-30182.84	-40019.79	-2.80476	-30182.84	-40019.79	-2.80476	79.519	0.00
0.00	-30183.21	-40019.92	-2.80551	-30183.21	-40019.92	-2.80551	80.650	0.00
0.00	-30183.69	-40020.08	-2.80625	-30183.69	-40020.08	-2.80625	79.324	0.00
0.00	-30184.05	-40020.20	-2.80673	-30184.05	-40020.20	-2.80673	79.242	0.00
0.00	-30184.36	-40020.31	-2.80721	-30184.36	-40020.31	-2.80721	79.683	0.00
0.00	-30184.71	-40020.43	-2.80802	-30184.71	-40020.43	-2.80802	78.764	0.00
0.00	-30185.07	-40020.55	-2.80924	-30185.07	-40020.55	-2.80924	77.746	0.00
0.00	-30185.45	-40020.68	-2.81043	-30185.45	-40020.68	-2.81043	79.230	0.00
0.00	-30185.82	-40020.80	-2.81163	-30185.82	-40020.80	-2.81163	83.568	0.00
0.00	-30186.19	-40020.92	-2.81324	-30186.19	-40020.92	-2.81324	79.177	0.00
0.00	-30186.57	-40021.04	-2.81490	-30186.57	-40021.04	-2.81490	78.099	0.00
0.00	-30186.94	-40021.16	-2.81633	-30186.94	-40021.16	-2.81633	79.979	0.00
0.00	-30187.43	-40021.32	-2.81793	-30187.43	-40021.32	-2.81793	79.119	0.00
0.00	-30187.75	-40021.42	-2.81936	-30187.75	-40021.42	-2.81936	80.091	0.00
0.00	-30188.18	-40021.56	-2.82050	-30188.18	-40021.56	-2.82050	78.631	0.00
0.00	-30188.57	-40021.69	-2.82229	-30188.57	-40021.69	-2.82229	80.610	0.00
0.00	-30188.83	-40021.77	-2.82377	-30188.83	-40021.77	-2.82377	82.992	0.00
0.00	-30189.24	-40021.89	-2.82557	-30189.24	-40021.89	-2.82557	97.502	0.00
0.00	-30189.59	-40022.00	-2.82725	-30189.59	-40022.00	-2.82725	83.344	0.00
0.00	-30189.98	-40022.13	-2.82885	-30189.98	-40022.13	-2.82885	83.659	0.00
0.00	-30190.36	-40022.24	-2.83027	-30190.36	-40022.24	-2.83027	82.162	0.00
0.00	-30190.71	-40022.35	-2.83168	-30190.71	-40022.35	-2.83168	88.107	0.00
0.00	-30191.14	-40022.48	-2.83326	-30191.14	-40022.48	-2.83326	83.046	0.00
0.00	-30191.52	-40022.60	-2.83471	-30191.52	-40022.60	-2.83471	84.468	0.00
0.00	-30191.88	-40022.71	-2.83623	-30191.88	-40022.71	-2.83623	82.956	0.00
0.00	-30192.20	-40022.81	-2.83766	-30192.20	-40022.81	-2.83766	80.587	0.00
0.00	-30192.55	-40022.92	-2.83916	-30192.55	-40022.92	-2.83916	81.174	0.00
0.00	-30192.91	-40023.02	-2.84068	-30192.91	-40023.02	-2.84068	82.948	0.00
0.00	-30193.32	-40023.15	-2.84169	-30193.32	-40023.15	-2.84169	82.066	0.00
0.00	-30193.66	-40023.25	-2.84260	-30193.66	-40023.25	-2.84260	82.758	0.00
0.00	-30194.02	-40023.36	-2.84372	-30194.02	-40023.36	-2.84372	83.518	0.00
0.00	-30194.38	-40023.46	-2.84469	-30194.38	-40023.46	-2.84469	93.444	0.00
0.00	-30194.82	-40023.60	-2.84565	-30194.82	-40023.60	-2.84565	81.254	0.00
0.00	-30195.18	-40023.71	-2.84622	-30195.18	-40023.71	-2.84622	99.856	0.00
0.00	-30195.51	-40023.80	-2.84706	-30195.51	-40023.80	-2.84706	84.284	0.00
0.00	-30195.88	-40023.91	-2.84783	-30195.88	-40023.91	-2.84783	83.418	0.00
0.00	-30196.26	-40024.02	-2.84866	-30196.26	-40024.02	-2.84866	97.316	0.00
0.00	-30196.68	-40024.14	-2.84946	-30196.68	-40024.14	-2.84946	84.479	0.00
0.00	-30197.14	-40024.28	-2.85007	-30197.14	-40024.28	-2.85007	86.086	0.00
0.00	-30197.43	-40024.36	-2.85043	-30197.43	-40024.36	-2.85043	84.044	0.00
0.00	-30197.75	-40024.45	-2.85091	-30197.75	-40024.45	-2.85091	84.336	0.00
0.00	-30198.15	-40024.57	-2.85147	-30198.15	-40024.57	-2.85147	84.511	0.00
0.00	-30198.62	-40024.71	-2.85147	-30198.62	-40024.71	-2.85147	87.867	0.00
0.00	-30198.91	-40024.79	-2.85192	-30198.91	-40024.79	-2.85192	83.631	0.00
0.00	-30199.27	-40024.90	-2.85228	-30199.27	-40024.90	-2.85228	82.548	0.00
0.00	-30199.63	-40025.00	-2.85286	-30199.63	-40025.00	-2.85286	85.725	0.00
0.00	-30200.04	-40025.12	-2.85318	-30200.04	-40025.12	-2.85318	81.558	0.00
0.00	-30200.37	-40025.21	-2.85384	-30200.37	-40025.21	-2.85384	86.343	0.00
0.00	-30200.75	-40025.32	-2.85432	-30200.75	-40025.32	-2.85432	87.068	0.00
0.00	-30201.16	-40025.44	-2.85488	-30201.16	-40025.44	-2.85488	86.328	0.00
0.00	-30201.50	-40025.53	-2.85554	-30201.50	-40025.53	-2.85554	85.159	0.00
0.00	-30201.87	-40025.63	-2.85618	-30201.87	-40025.63	-2.85618	85.583	0.00
0.00	-30202.33	-40025.77	-2.85671	-30202.33	-40025.77	-2.85671	91.230	0.00
0.00	-30202.65	-40025.85	-2.85705	-30202.65	-40025.85	-2.85705	88.393	0.00
0.00	-30202.99	-40025.95	-2.85730	-30202.99	-40025.95	-2.85730	85.547	0.00
0.00	-30203.37	-40026.06	-2.85748	-30203.37	-40026.06	-2.85748	87.002	0.00
0.00	-30203.70	-40026.15	-2.85811	-30203.70	-40026.15	-2.85811	87.144	0.00
0.00	-30204.07	-40026.25	-2.85847	-30204.07	-40026.25	-2.85847	88.232	0.00
0.00	-30204.43	-40026.35	-2.85866	-30204.43	-40026.35	-2.85866	87.902	0.00
0.00	-30204.83	-40026.47	-2.85879	-30204.83	-40026.47	-2.85879	88.833	0.00
0.00	-30205.19	-40026.57	-2.85868	-30205.19	-40026.57	-2.85868	89.616	0.00
0.00	-30205.56	-40026.67	-2.85839	-30205.56	-40026.67	-2.85839	88.446	0.00
0.00	-30206.01	-40026.80	-2.85783	-30206.01	-40026.80	-2.85783	87.288	0.00
0.00	-30206.33	-40026.89	-2.85718	-30206.33	-40026.89	-2.85718	88.431	0.00
0.00	-30206.70	-40026.99	-2.85674	-30206.70	-40026.99	-2.85674	88.239	0.00
0.00	-30207.08	-40027.10	-2.85632	-30207.08	-40027.10	-2.85632	88.034	0.00
0.00	-30207.46	-40027.21	-2.85596	-30207.46	-40027.21	-2.85596	87.910	0.00
0.00	-30207.84	-40027.32	-2.85577	-30207.84	-40027.32	-2.85577	87.978	0.00
0.00	-30208.22	-40027.43	-2.85573	-30208.22	-40027.43	-2.85573	86.985	0.00
0.00	-30208.61	-40027.54	-2.85537	-30208.61	-40027.54	-2.85537	88.369	0.00
0.00	-30208.99	-40027.65	-2.85461	-30208.99	-40027.65	-2.85461	87.047	0.00
0.00	-30209.40	-40027.77	-2.85396	-30209.40	-40027.77	-2.85396	87.868	0.00
0.00	-30209.85	-40027.90	-2.85343	-30209.85	-40027.90	-2.85343	88.728	0.00
0.00	-30210.23	-40028.01	-2.85286	-30210.23	-40028.01	-2.85286	88.762	0.00
0.00	-30210.56	-40028.10	-2.85227	-30210.56	-40028.10	-2.85227	85.731	0.00
0.00	-30210.93	-40028.21	-2.85142	-30210.93	-40028.21	-2.85142	88.239	0.00
0.00	-30211.33	-40028.33	-2.85068	-30211.33	-40028.33	-2.85068	87.761	0.00
0.00	-30211.73	-40028.45	-2.84994	-30211.73	-40028.45	-2.84994	88.416	0.00
0.00	-30212.08	-40028.55	-2.84942	-30212.08	-40028.55	-2.84942	88.737	0.00
0.00	-30212.45	-40028.66	-2.84893	-30212.45	-40028.66	-2.84893	88.897	0.00
0.00	-30212.82	-40028.77	-2.84821	-30212.82	-40028.77	-2.84821	88.390	0.00
0.00	-30213.19	-40028.88	-2.84757	-30213.19	-40028.88	-2.84757	89.914	0.00
0.00	-30213.63	-40029.01	-2.84704	-30213.63	-40029.01	-2.84704	87.680	0.00
0.00	-30213.94	-40029.10	-2.84660	-30213.94	-40029.10	-2.84660	89.410	0.00
0.00	-30214.39	-40029.23	-2.84600	-30214.39	-40029.23	-2.84600	90.120	0.00
0.00	-30214.74	-40029.33	-2.84557	-30214.74	-40029.33	-2.84557	89.869	0.00
0.00	-30215.01	-40029.41	-2.84507	-30215.01	-40029.41	-2.84507	89.551	0.00
0.00	-30215.40	-40029.53	-2.84460	-30215.40	-40029.53	-2.84460	90.321	0.00
0.00	-30215.76	-40029.64	-2.84410	-30215.76	-40029.64	-2.84410	90.082	0.00
0.00	-30216.13	-40029.74	-2.84382	-30216.13	-40029.74	-2.84382	89.409	0.00
0.00	-30216.49	-40029.85	-2.84316	-30216.49	-40029.85	-2.84316	88.471	0.00
0.00	-30216.87	-40029.96	-2.84228	-30216.87	-40029.96	-2.84228	90.890	0.00
0.00	-30217.30	-40030.09	-2.84146	-30217.30	-40030.09	-2.84146	91.810	0.00
0.00	-30217.59	-40030.18	-2.84083	-30217.59	-40030.18	-2.84083	91.321	0.00
0.00	-30217.95	-40030.29	-2.84002	-30217.95	-40030.29	-2.84002	89.448	0.00
0.00	-30218.28	-40030.39	-2.83916	-30218.28	-40030.39	-2.83916	91.320	0.00
0.00	-30218.63	-40030.49	-2.83832	-30218.63	-40030.49	-2.83832	91.958	0.00
0.00	-30218.98	-40030.60	-2.83747	-30218.98	-40030.60	-2.83747	92.061	0.00
0.00	-30219.34	-40030.71	-2.83687	-30219.34	-40030.71	-2.83687	89.087	0.00
0.00	-30219.70	-40030.82	-2.83639	-30219.70	-40030.82	-2.83639	91.903	0.00
0.00	-30220.05	-40030.93	-2.83604	-30220.05	-40030.93	-2.83604	91.090	0.00
0.00	-30220.45	-40031.05	-2.83565	-30220.45	-40031.05	-2.83565	92.036	0.00
0.00	-30220.83	-40031.17	-2.83518	-30220.83	-40031.17	-2.83518	89.754	0.00
0.00	-30221.13	-40031.26	-2.83441	-30221.13	-40031.26	-2.83441	91.405	0.00
0.00	-30221.44	-40031.35	-2.83352	-30221.44	-40031.35	-2.83352	92.001	0.00
0.00	-30221.80	-40031.46	-2.83268	-30221.80	-40031.46	-2.83268	95.203	0.00
0.00	-30222.15	-40031.57	-2.83223	-30222.15	-40031.57	-2.83223	92.807	0.00
0.00	-30222.48	-40031.67	-2.83182	-30222.48	-40031.67	-2.83182	94.530	0.00
0.00	-30222.86	-40031.79	-2.83125	-30222.86	-40031.79	-2.83125	94.289	0.00
0.00	-30223.17	-40031.89	-2.83069	-30223.17	-40031.89	-2.83069	95.600	0.00
0.00	-30223.51	-40031.99	-2.83007	-30223.51	-40031.99	-2.83007	92.865	0.00
0.00	-30223.91	-40032.12	-2.82951	-30223.91	-40032.12	-2.82951	94.625	0.00
0.00	-30224.30	-40032.24	-2.82902	-30224.30	-40032.24	-2.82902	92.886	0.00
0.00	-30224.59	-40032.33	-2.82878	-30224.59	-40032.33	-2.82878	93.658	0.00
0.00	-30224.92	-40032.43	-2.82836	-30224.92	-40032.43	-2.82836	93.639	0.00
0.00	-30225.27	-40032.54	-2.82807	-30225.27	-40032.54	-2.82807	94.613	0.00
0.00	-30225.62	-40032.65	-2.82795	-30225.62	-40032.65	-2.82795	93.696	0.00
0.00	-30225.97	-40032.76	-2.82780	-30225.97	-40032.76	-2.82780	99.042	0.00
0.00	-30226.37	-40032.88	-2.82757	-30226.37	-40032.88	-2.82757	92.965	0.00
0.00	-30226.70	-40032.99	-2.82736	-30226.70	-40032.99	-2.82736	112.206	0.00
0.00	-30227.12	-40033.12	-2.82705	-30227.12	-40033.12	-2.82705	96.193	0.00
0.00	-30227.49	-40033.24	-2.82677	-30227.49	-40033.24	-2.82677	93.891	0.00
0.00	-30227.91	-40033.37	-2.82659	-30227.91	-40033.37	-2.82659	92.362	0.00
0.00	-30228.18	-40033.45	-2.82631	-30228.18	-40033.45	-2.82631	95.700	0.00
0.00	-30228.54	-40033.57	-2.82579	-30228.54	-40033.57	-2.82579	94.300	0.00
0.00	-30228.90	-40033.68	-2.82523	-30228.90	-40033.68	-2.82523	94.374	0.00
0.00	-30229.28	-40033.81	-2.82455	-30229.28	-40033.81	-2.82455	95.333	0.00
0.00	-30229.64	-40033.92	-2.82425	-30229.64	-40033.92	-2.82425	104.181	0.00
0.00	-30230.01	-40034.04	-2.82387	-30230.01	-40034.04	-2.82387	96.158	0.00
0.00	-30230.40	-40034.16	-2.82343	-30230.40	-40034.16	-2.82343	96.094	0.00
0.00	-30230.78	-40034.29	-2.82304	-30230.78	-40034.29	-2.82304	94.784	0.00
0.00	-30231.20	-40034.42	-2.82261	-30231.20	-40034.42	-2.82261	97.670	0.00
0.00	-30231.57	-40034.54	-2.82213	-30231.57	-40034.54	-2.82213	102.019	0.00
0.00	-30231.92	-40034.65	-2.82184	-30231.92	-40034.65	-2.82184	97.413	0.00
0.00	-30232.28	-40034.77	-2.82164	-30232.28	-40034.77	-2.82164	95.656	0.00
0.00	-30232.64	-40034.89	-2.82138	-30232.64	-40034.89	-2.82138	96.609	0.00
0.00	-30233.00	-40035.00	-2.82105	-30233.00	-40035.00	-2.82105	96.155	0.00
0.00	-30233.37	-40035.12	-2.82065	-30233.37	-40035.12	-2.82065	98.727	0.00
0.00	-30233.73	-40035.24	-2.81992	-30233.73	-40035.24	-2.81992	95.357	0.00
0.00	-30234.12	-40035.37	-2.81913	-30234.12	-40035.37	-2.81913	96.582	0.00
0.00	-30234.43	-40035.47	-2.81865	-30234.43	-40035.47	-2.81865	96.026	0.00
0.00	-30234.83	-40035.60	-2.81797	-30234.83	-40035.60	-2.81797	99.323	0.00
0.00	-30235.25	-40035.74	-2.81697	-30235.25	-40035.74	-2.81697	96.528	0.00
0.00	-30235.56	-40035.85	-2.81628	-30235.56	-40035.85	-2.81628	98.535	0.00
0.00	-30235.92	-40035.96	-2.81576	-30235.92	-40035.96	-2.81576	99.020	0.00
0.00	-30236.31	-40036.09	-2.81493	-30236.31	-40036.09	-2.81493	100.501	0.00
0.00	-30236.69	-40036.22	-2.81441	-30236.69	-40036.22	-2.81441	98.193	0.00
0.00	-30237.04	-40036.33	-2.81437	-30237.04	-40036.33	-2.81437	97.683	0.00
0.00	-30237.42	-40036.46	-2.81431	-30237.42	-40036.46	-2.81431	99.150	0.00
