0.00	-30405.09	-40051.20	0.35000	-30405.09	-40051.20	0.35000	2.357	0.00
0.00	-30404.94	-40051.04	0.35016	-30404.94	-40051.04	0.35016	2.174	0.00
0.00	-30405.16	-40050.63	1.76679	-30405.16	-40050.63	1.76679	2.428	0.00
0.00	-30405.31	-40050.47	2.01534	-30405.31	-40050.47	2.01534	2.431	0.00
0.00	-30405.41	-40050.31	2.04158	-30405.41	-40050.31	2.04158	2.138	0.00
0.00	-30405.48	-40050.13	2.01830	-30405.48	-40050.13	2.01830	2.287	0.00
0.00	-30405.55	-40049.94	1.99040	-30405.55	-40049.94	1.99040	2.223	0.00
0.00	-30405.60	-40049.72	1.95294	-30405.60	-40049.72	1.95294	2.203	0.00
0.00	-30405.68	-40049.47	1.92963	-30405.68	-40049.47	1.92963	2.172	0.00
0.00	-30405.74	-40049.26	1.91906	-30405.74	-40049.26	1.91906	2.103	0.00
0.00	-30405.83	-40048.95	1.90513	-30405.83	-40048.95	1.90513	2.189	0.00
0.00	-30405.88	-40048.79	1.89932	-30405.88	-40048.79	1.89932	2.201	0.00
0.00	-30405.91	-40048.67	1.89559	-30405.91	-40048.67	1.89559	2.195	0.00
0.00	-30405.97	-40048.47	1.89142	-30405.97	-40048.47	1.89142	2.245	0.00
0.00	-30406.03	-40048.27	1.88864	-30406.03	-40048.27	1.88864	2.239	0.00
0.00	-30406.09	-40048.07	1.88628	-30406.09	-40048.07	1.88628	2.198	0.00
0.00	-30406.15	-40047.88	1.88451	-30406.15	-40047.88	1.88451	2.195	0.00
0.00	-30406.21	-40047.68	1.88332	-30406.21	-40047.68	1.88332	2.201	0.00
0.00	-30406.27	-40047.49	1.88266	-30406.27	-40047.49	1.88266	2.182	0.00
0.00	-30406.34	-40047.28	1.88235	-30406.34	-40047.28	1.88235	2.286	0.00
0.00	-30406.40	-40047.08	1.88237	-30406.40	-40047.08	1.88237	2.156	0.00
0.00	-30406.47	-40046.88	1.88257	-30406.47	-40046.88	1.88257	2.168	0.00
0.00	-30406.53	-40046.68	1.88293	-30406.53	-40046.68	1.88293	2.189	0.00
0.00	-30406.59	-40046.50	1.88336	-30406.59	-40046.50	1.88336	2.133	0.00
0.00	-30406.66	-40046.30	1.88413	-30406.66	-40046.30	1.88413	2.059	0.00
0.00	-30406.72	-40046.11	1.88490	-30406.72	-40046.11	1.88490	2.212	0.00
0.00	-30406.79	-40045.92	1.88542	-30406.79	-40045.92	1.88542	2.169	0.00
0.00	-30406.85	-40045.72	1.88608	-30406.85	-40045.72	1.88608	2.055	0.00
0.00	-30406.93	-40045.50	1.88672	-30406.93	-40045.50	1.88672	2.171	0.00
0.00	-30406.99	-40045.30	1.88712	-30406.99	-40045.30	1.88712	2.244	0.00
0.00	-30407.05	-40045.13	1.88742	-30407.05	-40045.13	1.88742	2.257	0.00
0.00	-30407.11	-40044.96	1.88761	-30407.11	-40044.96	1.88761	2.314	0.00
0.00	-30407.17	-40044.77	1.88764	-30407.17	-40044.77	1.88764	2.263	0.00
0.00	-30407.23	-40044.59	1.88774	-30407.23	-40044.59	1.88774	2.253	0.00
0.00	-30407.32	-40044.32	1.88785	-30407.32	-40044.32	1.88785	2.109	0.00
0.00	-30407.36	-40044.20	1.88791	-30407.36	-40044.20	1.88791	2.186	0.00
0.00	-30407.42	-40044.02	1.88800	-30407.42	-40044.02	1.88800	2.125	0.00
0.00	-30407.49	-40043.83	1.88807	-30407.49	-40043.83	1.88807	2.343	0.00
0.00	-30407.55	-40043.63	1.88819	-30407.55	-40043.63	1.88819	2.215	0.00
0.00	-30407.61	-40043.44	1.88831	-30407.61	-40043.44	1.88831	2.261	0.00
0.00	-30407.68	-40043.25	1.88847	-30407.68	-40043.25	1.88847	2.267	0.00
0.00	-30407.74	-40043.06	1.88864	-30407.74	-40043.06	1.88864	2.313	0.00
0.00	-30407.81	-40042.86	1.88879	-30407.81	-40042.86	1.88879	2.328	0.00
0.00	-30407.87	-40042.67	1.88885	-30407.87	-40042.67	1.88885	2.317	0.00
0.00	-30407.93	-40042.48	1.88889	-30407.93	-40042.48	1.88889	2.264	0.00
0.00	-30407.99	-40042.30	1.88900	-30407.99	-40042.30	1.88900	2.305	0.00
0.00	-30408.06	-40042.10	1.88920	-30408.06	-40042.10	1.88920	2.152	0.00
0.00	-30408.13	-40041.88	1.88945	-30408.13	-40041.88	1.88945	2.319	0.00
0.00	-30408.20	-40041.69	1.88964	-30408.20	-40041.69	1.88964	2.212	0.00
0.00	-30408.26	-40041.50	1.88980	-30408.26	-40041.50	1.88980	2.219	0.00
0.00	-30408.32	-40041.33	1.88998	-30408.32	-40041.33	1.88998	2.139	0.00
0.00	-30408.38	-40041.16	1.89026	-30408.38	-40041.16	1.89026	2.332	0.00
0.00	-30408.44	-40040.98	1.89061	-30408.44	-40040.98	1.89061	2.250	0.00
0.00	-30408.50	-40040.80	1.89105	-30408.50	-40040.80	1.89105	2.224	0.00
0.00	-30408.56	-40040.62	1.89160	-30408.56	-40040.62	1.89160	2.314	0.00
0.00	-30408.63	-40040.43	1.89212	-30408.63	-40040.43	1.89212	2.269	0.00
0.00	-30408.69	-40040.24	1.89254	-30408.69	-40040.24	1.89254	2.206	0.00
0.00	-30408.80	-40039.95	1.89310	-30408.80	-40039.95	1.89310	2.232	0.00
0.00	-30408.83	-40039.85	1.89339	-30408.83	-40039.85	1.89339	2.222	0.00
0.00	-30408.89	-40039.67	1.89377	-30408.89	-40039.67	1.89377	2.314	0.00
0.00	-30408.96	-40039.48	1.89394	-30408.96	-40039.48	1.89394	2.332	0.00
0.00	-30409.02	-40039.30	1.89399	-30409.02	-40039.30	1.89399	2.304	0.00
0.00	-30409.08	-40039.11	1.89390	-30409.08	-40039.11	1.89390	2.304	0.00
0.00	-30409.15	-40038.92	1.89377	-30409.15	-40038.92	1.89377	2.274	0.00
0.00	-30409.22	-40038.72	1.89374	-30409.22	-40038.72	1.89374	2.372	0.00
0.00	-30409.28	-40038.54	1.89376	-30409.28	-40038.54	1.89376	2.237	0.00
0.00	-30409.35	-40038.33	1.89369	-30409.35	-40038.33	1.89369	2.529	0.00
0.00	-30409.42	-40038.11	1.89360	-30409.42	-40038.11	1.89360	2.321	0.00
0.00	-30409.49	-40037.89	1.89340	-30409.49	-40037.89	1.89340	2.249	0.00
0.00	-30409.55	-40037.71	1.89300	-30409.55	-40037.71	1.89300	2.161	0.00
0.00	-30409.61	-40037.53	1.89248	-30409.61	-40037.53	1.89248	2.246	0.00
0.00	-30409.67	-40037.36	1.89184	-30409.67	-40037.36	1.89184	2.309	0.00
0.00	-30409.73	-40037.17	1.89114	-30409.73	-40037.17	1.89114	2.282	0.00
0.00	-30409.79	-40036.99	1.89037	-30409.79	-40036.99	1.89037	2.210	0.00
0.00	-30409.85	-40036.80	1.88970	-30409.85	-40036.80	1.88970	2.276	0.00
0.00	-30409.91	-40036.61	1.88895	-30409.91	-40036.61	1.88895	2.307	0.00
0.00	-30409.98	-40036.41	1.88825	-30409.98	-40036.41	1.88825	2.255	0.00
0.00	-30410.04	-40036.23	1.88750	-30410.04	-40036.23	1.88750	2.322	0.00
0.00	-30410.10	-40036.04	1.88676	-30410.10	-40036.04	1.88676	2.268	0.00
0.00	-30410.16	-40035.85	1.88609	-30410.16	-40035.85	1.88609	2.309	0.00
0.00	-30410.26	-40035.54	1.88517	-30410.26	-40035.54	1.88517	2.265	0.00
0.00	-30410.28	-40035.47	1.88473	-30410.28	-40035.47	1.88473	2.208	0.00
0.00	-30410.34	-40035.29	1.88413	-30410.34	-40035.29	1.88413	2.184	0.00
0.00	-30410.40	-40035.10	1.88361	-30410.40	-40035.10	1.88361	2.213	0.00
0.00	-30410.46	-40034.91	1.88313	-30410.46	-40034.91	1.88313	2.379	0.00
0.00	-30410.52	-40034.73	1.88256	-30410.52	-40034.73	1.88256	2.261	0.00
0.00	-30410.58	-40034.53	1.88195	-30410.58	-40034.53	1.88195	2.148	0.00
0.00	-30410.64	-40034.34	1.88126	-30410.64	-40034.34	1.88126	2.234	0.00
0.00	-30410.70	-40034.14	1.88057	-30410.70	-40034.14	1.88057	2.493	0.00
0.00	-30410.77	-40033.94	1.87996	-30410.77	-40033.94	1.87996	2.378	0.00
0.00	-30410.83	-40033.75	1.87932	-30410.83	-40033.75	1.87932	2.284	0.00
0.00	-30410.89	-40033.56	1.87872	-30410.89	-40033.56	1.87872	2.298	0.00
0.00	-30410.95	-40033.37	1.87802	-30410.95	-40033.37	1.87802	2.300	0.00
0.00	-30411.00	-40033.19	1.87725	-30411.00	-40033.19	1.87725	2.377	0.00
0.00	-30411.06	-40033.01	1.87639	-30411.06	-40033.01	1.87639	2.284	0.00
0.00	-30411.12	-40032.82	1.87550	-30411.12	-40032.82	1.87550	2.249	0.00
0.00	-30411.18	-40032.63	1.87465	-30411.18	-40032.63	1.87465	2.096	0.00
0.00	-30411.24	-40032.44	1.87388	-30411.24	-40032.44	1.87388	2.390	0.00
0.00	-30411.30	-40032.26	1.87316	-30411.30	-40032.26	1.87316	2.221	0.00
0.00	-30411.35	-40032.07	1.87242	-30411.35	-40032.07	1.87242	2.349	0.00
0.00	-30411.41	-40031.88	1.87172	-30411.41	-40031.88	1.87172	2.243	0.00
0.00	-30411.47	-40031.69	1.87109	-30411.47	-40031.69	1.87109	2.197	0.00
0.00	-30411.53	-40031.50	1.87059	-30411.53	-40031.50	1.87059	2.309	0.00
0.00	-30411.60	-40031.28	1.87016	-30411.60	-40031.28	1.87016	3.630	0.00
0.00	-30411.66	-40031.09	1.86976	-30411.66	-40031.09	1.86976	2.155	0.00
0.00	-30411.71	-40030.92	1.86932	-30411.71	-40030.92	1.86932	3.526	0.00
0.00	-30411.77	-40030.73	1.86870	-30411.77	-40030.73	1.86870	2.339	0.00
0.00	-30411.84	-40030.52	1.86823	-30411.84	-40030.52	1.86823	2.443	0.00
0.00	-30411.90	-40030.32	1.86778	-30411.90	-40030.32	1.86778	2.196	0.00
0.00	-30411.97	-40030.12	1.86768	-30411.97	-40030.12	1.86768	2.263	0.00
0.00	-30412.03	-40029.90	1.86788	-30412.03	-40029.90	1.86788	2.425	0.00
0.00	-30412.10	-40029.71	1.86854	-30412.10	-40029.71	1.86854	2.287	0.00
0.00	-30412.17	-40029.51	1.86900	-30412.17	-40029.51	1.86900	2.204	0.00
0.00	-30412.23	-40029.33	1.86985	-30412.23	-40029.33	1.86985	2.731	0.00
0.00	-30412.30	-40029.13	1.87034	-30412.30	-40029.13	1.87034	2.101	0.00
0.00	-30412.36	-40028.95	1.87089	-30412.36	-40028.95	1.87089	2.209	0.00
0.00	-30412.43	-40028.76	1.87184	-30412.43	-40028.76	1.87184	2.366	0.00
0.00	-30412.49	-40028.57	1.87239	-30412.49	-40028.57	1.87239	2.162	0.00
0.00	-30412.56	-40028.39	1.87323	-30412.56	-40028.39	1.87323	2.273	0.00
0.00	-30412.62	-40028.20	1.87399	-30412.62	-40028.20	1.87399	2.311	0.00
0.00	-30412.69	-40028.02	1.87474	-30412.69	-40028.02	1.87474	2.219	0.00
0.00	-30412.75	-40027.83	1.87521	-30412.75	-40027.83	1.87521	2.297	0.00
0.00	-30412.81	-40027.65	1.87592	-30412.81	-40027.65	1.87592	2.327	0.00
0.00	-30412.88	-40027.46	1.87627	-30412.88	-40027.46	1.87627	2.328	0.00
0.00	-30412.94	-40027.28	1.87678	-30412.94	-40027.28	1.87678	2.315	0.00
0.00	-30413.00	-40027.09	1.87676	-30413.00	-40027.09	1.87676	2.348	0.00
0.00	-30413.10	-40026.80	1.87726	-30413.10	-40026.80	1.87726	2.409	0.00
0.00	-30413.14	-40026.68	1.87741	-30413.14	-40026.68	1.87741	2.751	0.00
0.00	-30413.20	-40026.51	1.87751	-30413.20	-40026.51	1.87751	2.216	0.00
0.00	-30413.28	-40026.24	1.87765	-30413.28	-40026.24	1.87765	2.222	0.00
0.00	-30413.34	-40026.06	1.87758	-30413.34	-40026.06	1.87758	2.255	0.00
0.00	-30413.40	-40025.88	1.87749	-30413.40	-40025.88	1.87749	2.308	0.00
0.00	-30413.45	-40025.71	1.87742	-30413.45	-40025.71	1.87742	2.322	0.00
0.00	-30413.51	-40025.55	1.87730	-30413.51	-40025.55	1.87730	2.302	0.00
0.00	-30413.56	-40025.38	1.87708	-30413.56	-40025.38	1.87708	2.366	0.00
0.00	-30413.61	-40025.20	1.87687	-30413.61	-40025.20	1.87687	2.559	0.00
0.00	-30413.67	-40025.02	1.87647	-30413.67	-40025.02	1.87647	2.355	0.00
0.00	-30413.72	-40024.84	1.87588	-30413.72	-40024.84	1.87588	2.236	0.00
0.00	-30413.77	-40024.66	1.87522	-30413.77	-40024.66	1.87522	2.261	0.00
0.00	-30413.83	-40024.48	1.87454	-30413.83	-40024.48	1.87454	2.305	0.00
0.00	-30413.88	-40024.30	1.87382	-30413.88	-40024.30	1.87382	2.334	0.00
0.00	-30413.94	-40024.11	1.87324	-30413.94	-40024.11	1.87324	2.217	0.00
0.00	-30413.99	-40023.93	1.87245	-30413.99	-40023.93	1.87245	2.266	0.00
0.00	-30414.05	-40023.74	1.87191	-30414.05	-40023.74	1.87191	2.305	0.00
0.00	-30414.10	-40023.56	1.87122	-30414.10	-40023.56	1.87122	2.259	0.00
0.00	-30414.16	-40023.36	1.87085	-30414.16	-40023.36	1.87085	2.273	0.00
0.00	-30414.21	-40023.17	1.86999	-30414.21	-40023.17	1.86999	2.267	0.00
0.00	-30414.27	-40022.96	1.86906	-30414.27	-40022.96	1.86906	2.140	0.00
0.00	-30414.33	-40022.77	1.86816	-30414.33	-40022.77	1.86816	2.344	0.00
0.00	-30414.39	-40022.56	1.86729	-30414.39	-40022.56	1.86729	2.276	0.00
0.00	-30414.45	-40022.33	1.86620	-30414.45	-40022.33	1.86620	2.287	0.00
0.00	-30414.48	-40022.23	1.86557	-30414.48	-40022.23	1.86557	2.224	0.00
0.00	-30414.53	-40022.05	1.86496	-30414.53	-40022.05	1.86496	2.132	0.00
0.00	-30414.59	-40021.86	1.86454	-30414.59	-40021.86	1.86454	2.198	0.00
0.00	-30414.64	-40021.67	1.86392	-30414.64	-40021.67	1.86392	2.293	0.00
0.00	-30414.69	-40021.48	1.86359	-30414.69	-40021.48	1.86359	2.248	0.00
0.00	-30414.74	-40021.29	1.86303	-30414.74	-40021.29	1.86303	2.186	0.00
0.00	-30414.80	-40021.10	1.86218	-30414.80	-40021.10	1.86218	2.409	0.00
0.00	-30414.85	-40020.91	1.86130	-30414.85	-40020.91	1.86130	2.295	0.00
0.00	-30414.90	-40020.72	1.86045	-30414.90	-40020.72	1.86045	2.277	0.00
0.00	-30414.96	-40020.53	1.85966	-30414.96	-40020.53	1.85966	2.477	0.00
0.00	-30415.01	-40020.34	1.85899	-30415.01	-40020.34	1.85899	2.269	0.00
0.00	-30415.06	-40020.15	1.85843	-30415.06	-40020.15	1.85843	2.239	0.00
0.00	-30415.11	-40019.96	1.85791	-30415.11	-40019.96	1.85791	2.212	0.00
0.00	-30415.17	-40019.77	1.85752	-30415.17	-40019.77	1.85752	2.187	0.00
0.00	-30415.22	-40019.58	1.85694	-30415.22	-40019.58	1.85694	2.255	0.00
0.00	-30415.28	-40019.36	1.85639	-30415.28	-40019.36	1.85639	2.322	0.00
0.00	-30415.34	-40019.14	1.85594	-30415.34	-40019.14	1.85594	2.283	0.00
0.00	-30415.39	-40018.96	1.85567	-30415.39	-40018.96	1.85567	2.298	0.00
0.00	-30415.44	-40018.79	1.85552	-30415.44	-40018.79	1.85552	2.242	0.00
0.00	-30415.49	-40018.61	1.85545	-30415.49	-40018.61	1.85545	2.212	0.00
0.00	-30415.54	-40018.44	1.85539	-30415.54	-40018.44	1.85539	2.243	0.00
0.00	-30415.62	-40018.16	1.85524	-30415.62	-40018.16	1.85524	2.318	0.00
0.00	-30415.65	-40018.06	1.85515	-30415.65	-40018.06	1.85515	2.280	0.00
0.00	-30415.70	-40017.88	1.85515	-30415.70	-40017.88	1.85515	2.303	0.00
0.00	-30415.76	-40017.69	1.85522	-30415.76	-40017.69	1.85522	2.248	0.00
0.00	-30415.81	-40017.50	1.85528	-30415.81	-40017.50	1.85528	2.221	0.00
0.00	-30415.87	-40017.31	1.85533	-30415.87	-40017.31	1.85533	2.248	0.00
0.00	-30415.92	-40017.12	1.85540	-30415.92	-40017.12	1.85540	2.308	0.00
0.00	-30415.98	-40016.92	1.85548	-30415.98	-40016.92	1.85548	2.600	0.00
0.00	-30416.04	-40016.74	1.85561	-30416.04	-40016.74	1.85561	2.225	0.00
0.00	-30416.11	-40016.49	1.85588	-30416.11	-40016.49	1.85588	2.331	0.00
0.00	-30416.17	-40016.27	1.85614	-30416.17	-40016.27	1.85614	2.289	0.00
0.00	-30416.23	-40016.07	1.85636	-30416.23	-40016.07	1.85636	2.290	0.00
0.00	-30416.28	-40015.90	1.85652	-30416.28	-40015.90	1.85652	2.300	0.00
0.00	-30416.34	-40015.70	1.85665	-30416.34	-40015.70	1.85665	2.322	0.00
0.00	-30416.40	-40015.49	1.85680	-30416.40	-40015.49	1.85680	2.304	0.00
0.00	-30416.46	-40015.30	1.85695	-30416.46	-40015.30	1.85695	2.428	0.00
0.00	-30416.53	-40015.08	1.85713	-30416.53	-40015.08	1.85713	2.328	0.00
0.00	-30416.58	-40014.88	1.85741	-30416.58	-40014.88	1.85741	2.254	0.00
0.00	-30416.64	-40014.69	1.85772	-30416.64	-40014.69	1.85772	2.285	0.00
0.00	-30416.68	-40014.55	1.85798	-30416.68	-40014.55	1.85798	2.324	0.00
0.00	-30416.73	-40014.40	1.85814	-30416.73	-40014.40	1.85814	2.322	0.00
0.00	-30416.77	-40014.24	1.85823	-30416.77	-40014.24	1.85823	2.386	0.00
0.00	-30416.83	-40014.06	1.85825	-30416.83	-40014.06	1.85825	2.312	0.00
0.00	-30416.88	-40013.89	1.85824	-30416.88	-40013.89	1.85824	2.248	0.00
0.00	-30416.94	-40013.68	1.85828	-30416.94	-40013.68	1.85828	2.105	0.00
0.00	-30417.01	-40013.44	1.85827	-30417.01	-40013.44	1.85827	2.196	0.00
0.00	-30417.04	-40013.34	1.85828	-30417.04	-40013.34	1.85828	2.328	0.00
0.00	-30417.08	-40013.20	1.85837	-30417.08	-40013.20	1.85837	2.224	0.00
0.00	-30417.15	-40012.96	1.85848	-30417.15	-40012.96	1.85848	2.448	0.00
0.00	-30417.20	-40012.78	1.85871	-30417.20	-40012.78	1.85871	2.307	0.00
0.00	-30417.25	-40012.61	1.85888	-30417.25	-40012.61	1.85888	2.303	0.00
0.00	-30417.30	-40012.43	1.85916	-30417.30	-40012.43	1.85916	2.273	0.00
0.00	-30417.37	-40012.20	1.85935	-30417.37	-40012.20	1.85935	2.293	0.00
0.00	-30417.43	-40011.98	1.85947	-30417.43	-40011.98	1.85947	2.342	0.00
0.00	-30417.49	-40011.78	1.85956	-30417.49	-40011.78	1.85956	2.228	0.00
0.00	-30417.54	-40011.59	1.85966	-30417.54	-40011.59	1.85966	2.335	0.00
0.00	-30417.60	-40011.41	1.85980	-30417.60	-40011.41	1.85980	2.210	0.00
0.00	-30417.64	-40011.26	1.86000	-30417.64	-40011.26	1.86000	2.259	0.00
0.00	-30417.69	-40011.10	1.86024	-30417.69	-40011.10	1.86024	2.166	0.00
0.00	-30417.74	-40010.93	1.86055	-30417.74	-40010.93	1.86055	2.197	0.00
0.00	-30417.79	-40010.76	1.86081	-30417.79	-40010.76	1.86081	2.604	0.00
0.00	-30417.84	-40010.59	1.86111	-30417.84	-40010.59	1.86111	2.259	0.00
0.00	-30417.90	-40010.40	1.86137	-30417.90	-40010.40	1.86137	2.270	0.00
0.00	-30417.95	-40010.22	1.86154	-30417.95	-40010.22	1.86154	2.455	0.00
0.00	-30418.00	-40010.04	1.86175	-30418.00	-40010.04	1.86175	2.346	0.00
0.00	-30418.09	-40009.75	1.86211	-30418.09	-40009.75	1.86211	2.416	0.00
0.00	-30418.11	-40009.68	1.86228	-30418.11	-40009.68	1.86228	2.286	0.00
0.00	-30418.17	-40009.50	1.86244	-30418.17	-40009.50	1.86244	2.151	0.00
0.00	-30418.25	-40009.23	1.86278	-30418.25	-40009.23	1.86278	2.240	0.00
0.00	-30418.29	-40009.10	1.86302	-30418.29	-40009.10	1.86302	2.709	0.00
0.00	-30418.35	-40008.90	1.86317	-30418.35	-40008.90	1.86317	2.227	0.00
0.00	-30418.41	-40008.70	1.86336	-30418.41	-40008.70	1.86336	2.173	0.00
0.00	-30418.47	-40008.50	1.86346	-30418.47	-40008.50	1.86346	2.307	0.00
0.00	-30418.53	-40008.30	1.86354	-30418.53	-40008.30	1.86354	2.301	0.00
0.00	-30418.60	-40008.10	1.86352	-30418.60	-40008.10	1.86352	2.427	0.00
0.00	-30418.66	-40007.91	1.86358	-30418.66	-40007.91	1.86358	2.382	0.00
0.00	-30418.72	-40007.70	1.86365	-30418.72	-40007.70	1.86365	2.327	0.00
0.00	-30418.78	-40007.52	1.86367	-30418.78	-40007.52	1.86367	2.312	0.00
0.00	-30418.82	-40007.38	1.86377	-30418.82	-40007.38	1.86377	2.358	0.00
0.00	-30418.87	-40007.22	1.86367	-30418.87	-40007.22	1.86367	2.239	0.00
0.00	-30418.92	-40007.06	1.86384	-30418.92	-40007.06	1.86384	2.302	0.00
0.00	-30418.98	-40006.87	1.86397	-30418.98	-40006.87	1.86397	2.303	0.00
0.00	-30419.04	-40006.68	1.86419	-30419.04	-40006.68	1.86419	2.081	0.00
0.00	-30419.10	-40006.49	1.86429	-30419.10	-40006.49	1.86429	2.290	0.00
0.00	-30419.17	-40006.28	1.86414	-30419.17	-40006.28	1.86414	2.355	0.00
0.00	-30419.23	-40006.09	1.86400	-30419.23	-40006.09	1.86400	2.253	0.00
0.00	-30419.28	-40005.94	1.86368	-30419.28	-40005.94	1.86368	2.270	0.00
0.00	-30419.33	-40005.77	1.86331	-30419.33	-40005.77	1.86331	2.307	0.00
0.00	-30419.37	-40005.62	1.86325	-30419.37	-40005.62	1.86325	2.245	0.00
0.00	-30419.47	-40005.33	1.86323	-30419.47	-40005.33	1.86323	2.254	0.00
0.00	-30419.49	-40005.24	1.86318	-30419.49	-40005.24	1.86318	2.222	0.00
0.00	-30419.55	-40005.06	1.86294	-30419.55	-40005.06	1.86294	2.131	0.00
0.00	-30419.60	-40004.91	1.86265	-30419.60	-40004.91	1.86265	2.102	0.00
0.00	-30419.65	-40004.72	1.86231	-30419.65	-40004.72	1.86231	2.191	0.00
0.00	-30419.71	-40004.53	1.86190	-30419.71	-40004.53	1.86190	2.321	0.00
0.00	-30419.77	-40004.35	1.86148	-30419.77	-40004.35	1.86148	2.181	0.00
0.00	-30419.82	-40004.19	1.86102	-30419.82	-40004.19	1.86102	2.317	0.00
0.00	-30419.87	-40004.02	1.86045	-30419.87	-40004.02	1.86045	2.240	0.00
0.00	-30419.92	-40003.84	1.85982	-30419.92	-40003.84	1.85982	2.351	0.00
0.00	-30419.97	-40003.67	1.85916	-30419.97	-40003.67	1.85916	2.382	0.00
0.00	-30420.02	-40003.49	1.85852	-30420.02	-40003.49	1.85852	2.315	0.00
0.00	-30420.07	-40003.31	1.85785	-30420.07	-40003.31	1.85785	2.327	0.00
0.00	-30420.12	-40003.14	1.85715	-30420.12	-40003.14	1.85715	2.311	0.00
0.00	-30420.20	-40002.88	1.85624	-30420.20	-40002.88	1.85624	2.249	0.00
0.00	-30420.22	-40002.80	1.85569	-30420.22	-40002.80	1.85569	2.329	0.00
0.00	-30420.27	-40002.62	1.85503	-30420.27	-40002.62	1.85503	2.209	0.00
0.00	-30420.33	-40002.43	1.85445	-30420.33	-40002.43	1.85445	2.275	0.00
0.00	-30420.38	-40002.26	1.85379	-30420.38	-40002.26	1.85379	2.273	0.00
0.00	-30420.43	-40002.08	1.85304	-30420.43	-40002.08	1.85304	2.215	0.00
0.00	-30420.49	-40001.86	1.85240	-30420.49	-40001.86	1.85240	2.298	0.00
0.00	-30420.55	-40001.64	1.85160	-30420.55	-40001.64	1.85160	2.346	0.00
0.00	-30420.60	-40001.45	1.85078	-30420.60	-40001.45	1.85078	2.227	0.00
0.00	-30420.69	-40001.14	1.84965	-30420.69	-40001.14	1.84965	2.190	0.00
0.00	-30420.71	-40001.05	1.84914	-30420.71	-40001.05	1.84914	2.213	0.00
0.00	-30420.76	-40000.88	1.84852	-30420.76	-40000.88	1.84852	2.206	0.00
0.00	-30420.80	-40000.72	1.84815	-30420.80	-40000.72	1.84815	2.197	0.00
0.00	-30420.84	-40000.57	1.84786	-30420.84	-40000.57	1.84786	2.209	0.00
0.00	-30420.88	-40000.42	1.84772	-30420.88	-40000.42	1.84772	2.133	0.00
0.00	-30420.92	-40000.26	1.84765	-30420.92	-40000.26	1.84765	2.273	0.00
0.00	-30420.97	-40000.10	1.84763	-30420.97	-40000.10	1.84763	2.118	0.00
0.00	-30421.01	-39999.93	1.84771	-30421.01	-39999.93	1.84771	2.220	0.00
0.00	-30421.07	-39999.74	1.84783	-30421.07	-39999.74	1.84783	2.371	0.00
0.00	-30421.11	-39999.56	1.84780	-30421.11	-39999.56	1.84780	2.177	0.00
0.00	-30421.16	-39999.39	1.84789	-30421.16	-39999.39	1.84789	2.264	0.00
0.00	-30421.20	-39999.21	1.84811	-30421.20	-39999.21	1.84811	2.256	0.00
0.00	-30421.25	-39999.03	1.84843	-30421.25	-39999.03	1.84843	2.220	0.00
0.00	-30421.30	-39998.85	1.84888	-30421.30	-39998.85	1.84888	2.240	0.00
0.00	-30421.35	-39998.67	1.84940	-30421.35	-39998.67	1.84940	2.194	0.00
0.00	-30421.40	-39998.49	1.85007	-30421.40	-39998.49	1.85007	2.121	0.00
0.00	-30421.45	-39998.31	1.85096	-30421.45	-39998.31	1.85096	2.288	0.00
0.00	-30421.49	-39998.14	1.85182	-30421.49	-39998.14	1.85182	2.170	0.00
0.00	-30421.54	-39997.97	1.85291	-30421.54	-39997.97	1.85291	2.262	0.00
0.00	-30421.60	-39997.75	1.85430	-30421.60	-39997.75	1.85430	2.265	0.00
0.00	-30421.66	-39997.55	1.85575	-30421.66	-39997.55	1.85575	2.190	0.00
0.00	-30421.71	-39997.36	1.85738	-30421.71	-39997.36	1.85738	2.327	0.00
0.00	-30421.77	-39997.15	1.85921	-30421.77	-39997.15	1.85921	2.190	0.00
0.00	-30421.80	-39997.05	1.86108	-30421.80	-39997.05	1.86108	2.238	0.00
0.00	-30421.88	-39996.79	1.86392	-30421.88	-39996.79	1.86392	2.199	0.00
0.00	-30421.91	-39996.70	1.86551	-30421.91	-39996.70	1.86551	2.164	0.00
0.00	-30421.96	-39996.52	1.86768	-30421.96	-39996.52	1.86768	2.099	0.00
0.00	-30422.01	-39996.35	1.86990	-30422.01	-39996.35	1.86990	2.163	0.00
0.00	-30422.06	-39996.18	1.87218	-30422.06	-39996.18	1.87218	2.201	0.00
0.00	-30422.12	-39996.00	1.87455	-30422.12	-39996.00	1.87455	2.266	0.00
0.00	-30422.17	-39995.82	1.87695	-30422.17	-39995.82	1.87695	2.647	0.00
0.00	-30422.23	-39995.65	1.87929	-30422.23	-39995.65	1.87929	2.247	0.00
0.00	-30422.28	-39995.48	1.88168	-30422.28	-39995.48	1.88168	2.199	0.00
0.00	-30422.34	-39995.30	1.88411	-30422.34	-39995.30	1.88411	2.352	0.00
0.00	-30422.40	-39995.12	1.88648	-30422.40	-39995.12	1.88648	2.319	0.00
0.00	-30422.45	-39994.95	1.88873	-30422.45	-39994.95	1.88873	2.329	0.00
0.00	-30422.51	-39994.78	1.89131	-30422.51	-39994.78	1.89131	2.400	0.00
0.00	-30422.57	-39994.61	1.89389	-30422.57	-39994.61	1.89389	2.529	0.00
0.00	-30422.62	-39994.45	1.89646	-30422.62	-39994.45	1.89646	2.568	0.00
0.00	-30422.69	-39994.25	1.89907	-30422.69	-39994.25	1.89907	2.559	0.00
0.00	-30422.77	-39994.04	1.90171	-30422.77	-39994.04	1.90171	2.662	0.00
0.00	-30422.84	-39993.85	1.90429	-30422.84	-39993.85	1.90429	2.741	0.00
0.00	-30422.89	-39993.69	1.90659	-30422.89	-39993.69	1.90659	2.831	0.00
0.00	-30422.95	-39993.54	1.90913	-30422.95	-39993.54	1.90913	2.975	0.00
0.00	-30423.01	-39993.39	1.91175	-30423.01	-39993.39	1.91175	3.087	0.00
0.00	-30423.08	-39993.19	1.91438	-30423.08	-39993.19	1.91438	3.167	0.00
0.00	-30423.14	-39993.04	1.91681	-30423.14	-39993.04	1.91681	3.031	0.00
0.00	-30423.20	-39992.89	1.91946	-30423.20	-39992.89	1.91946	3.019	0.00
0.00	-30423.27	-39992.73	1.92176	-30423.27	-39992.73	1.92176	3.413	0.00
0.00	-30423.33	-39992.57	1.92367	-30423.33	-39992.57	1.92367	3.353	0.00
0.00	-30423.39	-39992.41	1.92585	-30423.39	-39992.41	1.92585	3.427	0.00
0.00	-30423.46	-39992.25	1.92799	-30423.46	-39992.25	1.92799	3.509	0.00
0.00	-30423.52	-39992.08	1.93001	-30423.52	-39992.08	1.93001	3.504	0.00
0.00	-30423.60	-39991.91	1.93216	-30423.60	-39991.91	1.93216	3.485	0.00
0.00	-30423.66	-39991.75	1.93380	-30423.66	-39991.75	1.93380	3.573	0.00
0.00	-30423.73	-39991.59	1.93545	-30423.73	-39991.59	1.93545	3.674	0.00
0.00	-30423.79	-39991.42	1.93642	-30423.79	-39991.42	1.93642	3.654	0.00
0.00	-30423.85	-39991.27	1.93749	-30423.85	-39991.27	1.93749	3.351	0.00
0.00	-30423.92	-39991.11	1.93863	-30423.92	-39991.11	1.93863	3.733	0.00
0.00	-30424.01	-39990.90	1.93965	-30424.01	-39990.90	1.93965	3.590	0.00
0.00	-30424.09	-39990.70	1.94044	-30424.09	-39990.70	1.94044	3.079	0.00
0.00	-30424.16	-39990.51	1.94106	-30424.16	-39990.51	1.94106	3.800	0.00
0.00	-30424.22	-39990.36	1.94166	-30424.22	-39990.36	1.94166	3.144	0.00
0.00	-30424.28	-39990.22	1.94211	-30424.28	-39990.22	1.94211	4.048	0.00
0.00	-30424.35	-39990.07	1.94236	-30424.35	-39990.07	1.94236	3.973	0.00
0.00	-30424.41	-39989.91	1.94240	-30424.41	-39989.91	1.94240	4.062	0.00
0.00	-30424.47	-39989.74	1.94237	-30424.47	-39989.74	1.94237	4.170	0.00
0.00	-30424.54	-39989.58	1.94240	-30424.54	-39989.58	1.94240	4.180	0.00
0.00	-30424.61	-39989.42	1.94245	-30424.61	-39989.42	1.94245	3.442	0.00
0.00	-30424.68	-39989.22	1.94228	-30424.68	-39989.22	1.94228	4.354	0.00
0.00	-30424.74	-39989.07	1.94181	-30424.74	-39989.07	1.94181	3.876	0.00
0.00	-30424.81	-39988.91	1.94116	-30424.81	-39988.91	1.94116	3.648	0.00
0.00	-30424.87	-39988.74	1.94046	-30424.87	-39988.74	1.94046	3.485	0.00
0.00	-30424.94	-39988.57	1.93981	-30424.94	-39988.57	1.93981	4.607	0.00
0.00	-30425.01	-39988.38	1.93918	-30425.01	-39988.38	1.93918	4.459	0.00
0.00	-30425.08	-39988.20	1.93847	-30425.08	-39988.20	1.93847	4.484	0.00
0.00	-30425.15	-39988.02	1.93777	-30425.15	-39988.02	1.93777	4.548	0.00
0.00	-30425.22	-39987.84	1.93719	-30425.22	-39987.84	1.93719	4.724	0.00
0.00	-30425.28	-39987.68	1.93666	-30425.28	-39987.68	1.93666	4.694	0.00
0.00	-30425.36	-39987.48	1.93609	-30425.36	-39987.48	1.93609	4.841	0.00
0.00	-30425.44	-39987.27	1.93547	-30425.44	-39987.27	1.93547	4.973	0.00
0.00	-30425.51	-39987.09	1.93478	-30425.51	-39987.09	1.93478	4.713	0.00
0.00	-30425.57	-39986.93	1.93420	-30425.57	-39986.93	1.93420	4.957	0.00
0.00	-30425.63	-39986.76	1.93377	-30425.63	-39986.76	1.93377	4.844	0.00
0.00	-30425.70	-39986.60	1.93341	-30425.70	-39986.60	1.93341	4.853	0.00
0.00	-30425.76	-39986.43	1.93297	-30425.76	-39986.43	1.93297	4.562	0.00
0.00	-30425.83	-39986.25	1.93243	-30425.83	-39986.25	1.93243	4.462	0.00
0.00	-30425.90	-39986.08	1.93178	-30425.90	-39986.08	1.93178	4.171	0.00
0.00	-30425.96	-39985.91	1.93113	-30425.96	-39985.91	1.93113	5.455	0.00
0.00	-30426.03	-39985.73	1.93057	-30426.03	-39985.73	1.93057	4.081	0.00
0.00	-30426.10	-39985.56	1.93003	-30426.10	-39985.56	1.93003	4.029	0.00
0.00	-30426.18	-39985.34	1.92946	-30426.18	-39985.34	1.92946	5.678	0.00
0.00	-30426.24	-39985.19	1.92889	-30426.24	-39985.19	1.92889	5.340	0.00
0.00	-30426.30	-39985.02	1.92831	-30426.30	-39985.02	1.92831	4.332	0.00
0.00	-30426.37	-39984.84	1.92769	-30426.37	-39984.84	1.92769	5.715	0.00
0.00	-30426.44	-39984.65	1.92697	-30426.44	-39984.65	1.92697	5.563	0.00
0.00	-30426.51	-39984.47	1.92622	-30426.51	-39984.47	1.92622	5.713	0.00
0.00	-30426.57	-39984.29	1.92544	-30426.57	-39984.29	1.92544	5.641	0.00
0.00	-30426.64	-39984.12	1.92460	-30426.64	-39984.12	1.92460	5.783	0.00
0.00	-30426.71	-39983.92	1.92378	-30426.71	-39983.92	1.92378	6.517	0.00
0.00	-30426.78	-39983.71	1.92284	-30426.78	-39983.71	1.92284	5.119	0.00
0.00	-30426.85	-39983.52	1.92178	-30426.85	-39983.52	1.92178	5.532	0.00
0.00	-30426.92	-39983.34	1.92071	-30426.92	-39983.34	1.92071	5.809	0.00
0.00	-30426.98	-39983.17	1.91963	-30426.98	-39983.17	1.91963	5.352	0.00
0.00	-30427.04	-39982.99	1.91852	-30427.04	-39982.99	1.91852	5.396	0.00
0.00	-30427.10	-39982.81	1.91737	-30427.10	-39982.81	1.91737	5.223	0.00
0.00	-30427.17	-39982.63	1.91625	-30427.17	-39982.63	1.91625	5.152	0.00
0.00	-30427.23	-39982.45	1.91512	-30427.23	-39982.45	1.91512	5.121	0.00
0.00	-30427.29	-39982.26	1.91402	-30427.29	-39982.26	1.91402	5.537	0.00
0.00	-30427.36	-39982.08	1.91284	-30427.36	-39982.08	1.91284	5.878	0.00
0.00	-30427.42	-39981.89	1.91158	-30427.42	-39981.89	1.91158	5.612	0.00
0.00	-30427.48	-39981.71	1.91026	-30427.48	-39981.71	1.91026	5.664	0.00
0.00	-30427.54	-39981.52	1.90893	-30427.54	-39981.52	1.90893	5.463	0.00
0.00	-30427.61	-39981.34	1.90764	-30427.61	-39981.34	1.90764	5.777	0.00
0.00	-30427.73	-39980.96	1.90568	-30427.73	-39980.96	1.90568	5.400	0.00
0.00	-30427.74	-39980.92	1.90532	-30427.74	-39980.92	1.90532	5.073	0.00
0.00	-30427.80	-39980.74	1.90440	-30427.80	-39980.74	1.90440	5.787	0.00
0.00	-30427.87	-39980.56	1.90349	-30427.87	-39980.56	1.90349	5.515	0.00
0.00	-30427.93	-39980.37	1.90238	-30427.93	-39980.37	1.90238	5.674	0.00
0.00	-30428.00	-39980.15	1.90143	-30428.00	-39980.15	1.90143	5.801	0.00
0.00	-30428.07	-39979.94	1.90049	-30428.07	-39979.94	1.90049	5.626	0.00
0.00	-30428.13	-39979.75	1.89959	-30428.13	-39979.75	1.89959	5.668	0.00
0.00	-30428.20	-39979.57	1.89888	-30428.20	-39979.57	1.89888	5.701	0.00
0.00	-30428.25	-39979.39	1.89797	-30428.25	-39979.39	1.89797	22.090	0.00
0.00	-30428.31	-39979.21	1.89701	-30428.31	-39979.21	1.89701	5.860	0.00
0.00	-30428.37	-39979.03	1.89602	-30428.37	-39979.03	1.89602	5.691	0.00
0.00	-30428.43	-39978.84	1.89510	-30428.43	-39978.84	1.89510	5.580	0.00
0.00	-30428.50	-39978.65	1.89422	-30428.50	-39978.65	1.89422	6.100	0.00
0.00	-30428.56	-39978.46	1.89337	-30428.56	-39978.46	1.89337	5.829	0.00
0.00	-30428.62	-39978.27	1.89260	-30428.62	-39978.27	1.89260	5.983	0.00
0.00	-30428.68	-39978.08	1.89188	-30428.68	-39978.08	1.89188	6.076	0.00
0.00	-30428.75	-39977.89	1.89119	-30428.75	-39977.89	1.89119	6.090	0.00
0.00	-30428.81	-39977.70	1.89057	-30428.81	-39977.70	1.89057	12.567	0.00
0.00	-30428.87	-39977.51	1.88994	-30428.87	-39977.51	1.88994	10.255	0.00
0.00	-30428.94	-39977.31	1.88931	-30428.94	-39977.31	1.88931	6.301	0.00
0.00	-30429.00	-39977.11	1.88867	-30429.00	-39977.11	1.88867	8.537	0.00
0.00	-30429.07	-39976.92	1.88803	-30429.07	-39976.92	1.88803	8.021	0.00
0.00	-30429.16	-39976.64	1.88730	-30429.16	-39976.64	1.88730	6.389	0.00
0.00	-30429.21	-39976.49	1.88691	-30429.21	-39976.49	1.88691	8.105	0.00
0.00	-30429.28	-39976.27	1.88647	-30429.28	-39976.27	1.88647	6.904	0.00
0.00	-30429.35	-39976.05	1.88609	-30429.35	-39976.05	1.88609	8.633	0.00
0.00	-30429.43	-39975.82	1.88563	-30429.43	-39975.82	1.88563	7.734	0.00
0.00	-30429.50	-39975.60	1.88517	-30429.50	-39975.60	1.88517	7.501	0.00
0.00	-30429.57	-39975.39	1.88463	-30429.57	-39975.39	1.88463	7.865	0.00
0.00	-30429.63	-39975.19	1.88404	-30429.63	-39975.19	1.88404	9.024	0.00
0.00	-30429.68	-39975.03	1.88344	-30429.68	-39975.03	1.88344	7.969	0.00
0.00	-30429.74	-39974.87	1.88282	-30429.74	-39974.87	1.88282	7.924	0.00
0.00	-30429.79	-39974.69	1.88227	-30429.79	-39974.69	1.88227	8.206	0.00
0.00	-30429.87	-39974.44	1.88179	-30429.87	-39974.44	1.88179	8.403	0.00
0.00	-30429.94	-39974.22	1.88143	-30429.94	-39974.22	1.88143	8.017	0.00
0.00	-30430.01	-39974.00	1.88110	-30430.01	-39974.00	1.88110	9.987	0.00
0.00	-30430.07	-39973.83	1.88075	-30430.07	-39973.83	1.88075	8.101	0.00
0.00	-30430.12	-39973.65	1.88042	-30430.12	-39973.65	1.88042	8.522	0.00
0.00	-30430.18	-39973.48	1.88005	-30430.18	-39973.48	1.88005	8.521	0.00
0.00	-30430.24	-39973.28	1.87970	-30430.24	-39973.28	1.87970	8.207	0.00
0.00	-30430.30	-39973.10	1.87931	-30430.30	-39973.10	1.87931	8.544	0.00
0.00	-30430.36	-39972.90	1.87891	-30430.36	-39972.90	1.87891	9.065	0.00
0.00	-30430.42	-39972.71	1.87851	-30430.42	-39972.71	1.87851	8.809	0.00
0.00	-30430.49	-39972.48	1.87821	-30430.49	-39972.48	1.87821	9.132	0.00
0.00	-30430.57	-39972.25	1.87803	-30430.57	-39972.25	1.87803	9.002	0.00
0.00	-30430.67	-39971.93	1.87788	-30430.67	-39971.93	1.87788	9.504	0.00
0.00	-30430.70	-39971.84	1.87781	-30430.70	-39971.84	1.87781	8.885	0.00
0.00	-30430.75	-39971.67	1.87769	-30430.75	-39971.67	1.87769	8.868	0.00
0.00	-30430.81	-39971.49	1.87751	-30430.81	-39971.49	1.87751	9.518	0.00
0.00	-30430.87	-39971.30	1.87733	-30430.87	-39971.30	1.87733	9.748	0.00
0.00	-30430.93	-39971.11	1.87723	-30430.93	-39971.11	1.87723	9.537	0.00
0.00	-30430.99	-39970.92	1.87724	-30430.99	-39970.92	1.87724	9.143	0.00
0.00	-30431.05	-39970.73	1.87729	-30431.05	-39970.73	1.87729	9.088	0.00
0.00	-30431.12	-39970.53	1.87735	-30431.12	-39970.53	1.87735	11.337	0.00
0.00	-30431.18	-39970.34	1.87746	-30431.18	-39970.34	1.87746	9.351	0.00
0.00	-30431.24	-39970.15	1.87757	-30431.24	-39970.15	1.87757	9.819	0.00
0.00	-30431.31	-39969.94	1.87777	-30431.31	-39969.94	1.87777	10.253	0.00
0.00	-30431.37	-39969.74	1.87798	-30431.37	-39969.74	1.87798	9.831	0.00
0.00	-30431.44	-39969.54	1.87806	-30431.44	-39969.54	1.87806	9.908	0.00
0.00	-30431.50	-39969.36	1.87822	-30431.50	-39969.36	1.87822	10.504	0.00
0.00	-30431.56	-39969.17	1.87835	-30431.56	-39969.17	1.87835	9.675	0.00
0.00	-30431.62	-39968.98	1.87842	-30431.62	-39968.98	1.87842	11.287	0.00
0.00	-30431.69	-39968.78	1.87840	-30431.69	-39968.78	1.87840	11.137	0.00
0.00	-30431.77	-39968.54	1.87851	-30431.77	-39968.54	1.87851	10.497	0.00
0.00	-30431.84	-39968.30	1.87874	-30431.84	-39968.30	1.87874	10.578	0.00
0.00	-30431.92	-39968.08	1.87900	-30431.92	-39968.08	1.87900	11.657	0.00
0.00	-30431.97	-39967.92	1.87918	-30431.97	-39967.92	1.87918	10.775	0.00
0.00	-30432.02	-39967.75	1.87926	-30432.02	-39967.75	1.87926	11.076	0.00
0.00	-30432.09	-39967.54	1.87927	-30432.09	-39967.54	1.87927	10.572	0.00
0.00	-30432.14	-39967.38	1.87929	-30432.14	-39967.38	1.87929	11.492	0.00
0.00	-30432.23	-39967.10	1.87942	-30432.23	-39967.10	1.87942	12.309	0.00
0.00	-30432.26	-39967.03	1.87949	-30432.26	-39967.03	1.87949	10.535	0.00
0.00	-30432.32	-39966.82	1.87956	-30432.32	-39966.82	1.87956	11.037	0.00
0.00	-30432.39	-39966.62	1.87963	-30432.39	-39966.62	1.87963	12.475	0.00
0.00	-30432.45	-39966.41	1.87973	-30432.45	-39966.41	1.87973	11.646	0.00
0.00	-30432.52	-39966.20	1.87983	-30432.52	-39966.20	1.87983	12.279	0.00
0.00	-30432.59	-39965.99	1.87998	-30432.59	-39965.99	1.87998	11.115	0.00
0.00	-30432.65	-39965.79	1.88014	-30432.65	-39965.79	1.88014	11.773	0.00
0.00	-30432.72	-39965.59	1.88015	-30432.72	-39965.59	1.88015	12.611	0.00
0.00	-30432.78	-39965.40	1.87996	-30432.78	-39965.40	1.87996	11.501	0.00
0.00	-30432.84	-39965.19	1.87968	-30432.84	-39965.19	1.87968	12.233	0.00
0.00	-30432.91	-39964.99	1.87941	-30432.91	-39964.99	1.87941	12.286	0.00
0.00	-30432.99	-39964.72	1.87919	-30432.99	-39964.72	1.87919	13.004	0.00
0.00	-30433.03	-39964.59	1.87917	-30433.03	-39964.59	1.87917	11.553	0.00
0.00	-30433.11	-39964.35	1.87926	-30433.11	-39964.35	1.87926	12.228	0.00
0.00	-30433.18	-39964.14	1.87932	-30433.18	-39964.14	1.87932	12.985	0.00
0.00	-30433.24	-39963.95	1.87933	-30433.24	-39963.95	1.87933	12.537	0.00
0.00	-30433.29	-39963.76	1.87924	-30433.29	-39963.76	1.87924	11.879	0.00
0.00	-30433.36	-39963.56	1.87911	-30433.36	-39963.56	1.87911	12.944	0.00
0.00	-30433.42	-39963.37	1.87893	-30433.42	-39963.37	1.87893	13.934	0.00
0.00	-30433.48	-39963.17	1.87868	-30433.48	-39963.17	1.87868	12.794	0.00
0.00	-30433.57	-39962.86	1.87841	-30433.57	-39962.86	1.87841	12.861	0.00
0.00	-30433.61	-39962.76	1.87815	-30433.61	-39962.76	1.87815	13.217	0.00
0.00	-30433.66	-39962.57	1.87785	-30433.66	-39962.57	1.87785	14.214	0.00
0.00	-30433.73	-39962.37	1.87775	-30433.73	-39962.37	1.87775	12.763	0.00
0.00	-30433.79	-39962.17	1.87775	-30433.79	-39962.17	1.87775	13.317	0.00
0.00	-30433.85	-39961.97	1.87778	-30433.85	-39961.97	1.87778	13.138	0.00
0.00	-30433.91	-39961.77	1.87776	-30433.91	-39961.77	1.87776	14.507	0.00
0.00	-30433.98	-39961.56	1.87765	-30433.98	-39961.56	1.87765	14.283	0.00
0.00	-30434.04	-39961.36	1.87750	-30434.04	-39961.36	1.87750	13.868	0.00
0.00	-30434.10	-39961.16	1.87740	-30434.10	-39961.16	1.87740	13.726	0.00
0.00	-30434.16	-39960.97	1.87724	-30434.16	-39960.97	1.87724	15.049	0.00
0.00	-30434.22	-39960.79	1.87715	-30434.22	-39960.79	1.87715	13.927	0.00
0.00	-30434.29	-39960.56	1.87712	-30434.29	-39960.56	1.87712	14.744	0.00
0.00	-30434.37	-39960.32	1.87716	-30434.37	-39960.32	1.87716	14.065	0.00
0.00	-30434.43	-39960.11	1.87734	-30434.43	-39960.11	1.87734	15.173	0.00
0.00	-30434.50	-39959.91	1.87759	-30434.50	-39959.91	1.87759	14.686	0.00
0.00	-30434.56	-39959.73	1.87781	-30434.56	-39959.73	1.87781	14.336	0.00
0.00	-30434.62	-39959.53	1.87807	-30434.62	-39959.53	1.87807	14.406	0.00
0.00	-30434.71	-39959.24	1.87831	-30434.71	-39959.24	1.87831	15.522	0.00
0.00	-30434.74	-39959.15	1.87846	-30434.74	-39959.15	1.87846	14.661	0.00
0.00	-30434.81	-39958.94	1.87864	-30434.81	-39958.94	1.87864	15.843	0.00
0.00	-30434.87	-39958.73	1.87885	-30434.87	-39958.73	1.87885	15.044	0.00
0.00	-30434.94	-39958.53	1.87921	-30434.94	-39958.53	1.87921	16.194	0.00
0.00	-30435.01	-39958.33	1.87959	-30435.01	-39958.33	1.87959	15.880	0.00
0.00	-30435.08	-39958.08	1.88000	-30435.08	-39958.08	1.88000	14.928	0.00
0.00	-30435.14	-39957.90	1.88051	-30435.14	-39957.90	1.88051	15.450	0.00
0.00	-30435.21	-39957.70	1.88089	-30435.21	-39957.70	1.88089	15.371	0.00
0.00	-30435.27	-39957.50	1.88142	-30435.27	-39957.50	1.88142	14.515	0.00
0.00	-30435.34	-39957.29	1.88192	-30435.34	-39957.29	1.88192	16.370	0.00
0.00	-30435.41	-39957.09	1.88237	-30435.41	-39957.09	1.88237	16.000	0.00
0.00	-30435.47	-39956.89	1.88272	-30435.47	-39956.89	1.88272	16.862	0.00
0.00	-30435.54	-39956.68	1.88307	-30435.54	-39956.68	1.88307	15.748	0.00
0.00	-30435.61	-39956.48	1.88353	-30435.61	-39956.48	1.88353	16.746	0.00
0.00	-30435.68	-39956.25	1.88400	-30435.68	-39956.25	1.88400	15.938	0.00
0.00	-30435.75	-39956.03	1.88450	-30435.75	-39956.03	1.88450	17.029	0.00
0.00	-30435.82	-39955.84	1.88492	-30435.82	-39955.84	1.88492	16.465	0.00
0.00	-30435.88	-39955.64	1.88537	-30435.88	-39955.64	1.88537	15.732	0.00
0.00	-30435.95	-39955.44	1.88571	-30435.95	-39955.44	1.88571	15.552	0.00
0.00	-30436.02	-39955.24	1.88594	-30436.02	-39955.24	1.88594	17.673	0.00
0.00	-30436.08	-39955.04	1.88602	-30436.08	-39955.04	1.88602	15.689	0.00
0.00	-30436.15	-39954.83	1.88596	-30436.15	-39954.83	1.88596	17.160	0.00
0.00	-30436.22	-39954.63	1.88592	-30436.22	-39954.63	1.88592	15.931	0.00
0.00	-30436.28	-39954.42	1.88585	-30436.28	-39954.42	1.88585	17.635	0.00
0.00	-30436.35	-39954.22	1.88579	-30436.35	-39954.22	1.88579	17.276	0.00
0.00	-30436.42	-39954.01	1.88579	-30436.42	-39954.01	1.88579	17.308	0.00
0.00	-30436.48	-39953.80	1.88585	-30436.48	-39953.80	1.88585	17.566	0.00
0.00	-30436.62	-39953.38	1.88594	-30436.62	-39953.38	1.88594	18.740	0.00
0.00	-30436.63	-39953.36	1.88596	-30436.63	-39953.36	1.88596	17.829	0.00
0.00	-30436.71	-39953.11	1.88591	-30436.71	-39953.11	1.88591	17.476	0.00
0.00	-30436.75	-39952.98	1.88582	-30436.75	-39952.98	1.88582	17.161	0.00
0.00	-30436.82	-39952.77	1.88571	-30436.82	-39952.77	1.88571	19.667	0.00
0.00	-30436.89	-39952.54	1.88555	-30436.89	-39952.54	1.88555	17.076	0.00
0.00	-30436.97	-39952.29	1.88543	-30436.97	-39952.29	1.88543	17.257	0.00
0.00	-30437.05	-39952.05	1.88547	-30437.05	-39952.05	1.88547	18.552	0.00
0.00	-30437.11	-39951.85	1.88563	-30437.11	-39951.85	1.88563	18.340	0.00
0.00	-30437.20	-39951.60	1.88579	-30437.20	-39951.60	1.88579	18.327	0.00
0.00	-30437.23	-39951.49	1.88581	-30437.23	-39951.49	1.88581	17.843	0.00
0.00	-30437.30	-39951.28	1.88575	-30437.30	-39951.28	1.88575	19.826	0.00
0.00	-30437.37	-39951.08	1.88570	-30437.37	-39951.08	1.88570	19.189	0.00
0.00	-30437.44	-39950.86	1.88567	-30437.44	-39950.86	1.88567	17.915	0.00
0.00	-30437.51	-39950.64	1.88567	-30437.51	-39950.64	1.88567	18.729	0.00
0.00	-30437.58	-39950.43	1.88559	-30437.58	-39950.43	1.88559	19.103	0.00
0.00	-30437.65	-39950.22	1.88551	-30437.65	-39950.22	1.88551	19.091	0.00
0.00	-30437.72	-39950.00	1.88549	-30437.72	-39950.00	1.88549	18.670	0.00
0.00	-30437.78	-39949.79	1.88541	-30437.78	-39949.79	1.88541	17.946	0.00
0.00	-30437.85	-39949.58	1.88526	-30437.85	-39949.58	1.88526	18.675	0.00
0.00	-30437.92	-39949.37	1.88508	-30437.92	-39949.37	1.88508	19.432	0.00
0.00	-30437.99	-39949.15	1.88494	-30437.99	-39949.15	1.88494	19.393	0.00
0.00	-30438.05	-39948.97	1.88470	-30438.05	-39948.97	1.88470	19.284	0.00
0.00	-30438.12	-39948.76	1.88442	-30438.12	-39948.76	1.88442	20.105	0.00
0.00	-30438.20	-39948.51	1.88411	-30438.20	-39948.51	1.88411	20.141	0.00
0.00	-30438.29	-39948.21	1.88360	-30438.29	-39948.21	1.88360	19.943	0.00
0.00	-30438.35	-39948.04	1.88330	-30438.35	-39948.04	1.88330	20.625	0.00
0.00	-30438.42	-39947.80	1.88302	-30438.42	-39947.80	1.88302	19.500	0.00
0.00	-30438.49	-39947.60	1.88282	-30438.49	-39947.60	1.88282	20.195	0.00
0.00	-30438.55	-39947.41	1.88265	-30438.55	-39947.41	1.88265	19.149	0.00
0.00	-30438.61	-39947.22	1.88243	-30438.61	-39947.22	1.88243	19.766	0.00
0.00	-30438.67	-39947.02	1.88212	-30438.67	-39947.02	1.88212	19.750	0.00
0.00	-30438.74	-39946.81	1.88169	-30438.74	-39946.81	1.88169	21.229	0.00
0.00	-30438.80	-39946.61	1.88122	-30438.80	-39946.61	1.88122	20.143	0.00
0.00	-30438.87	-39946.39	1.88078	-30438.87	-39946.39	1.88078	20.354	0.00
0.00	-30438.94	-39946.17	1.88048	-30438.94	-39946.17	1.88048	20.539	0.00
0.00	-30439.01	-39945.96	1.88028	-30439.01	-39945.96	1.88028	20.071	0.00
0.00	-30439.08	-39945.73	1.88014	-30439.08	-39945.73	1.88014	20.008	0.00
0.00	-30439.15	-39945.51	1.88002	-30439.15	-39945.51	1.88002	20.460	0.00
0.00	-30439.22	-39945.30	1.87992	-30439.22	-39945.30	1.87992	20.423	0.00
0.00	-30439.29	-39945.08	1.87981	-30439.29	-39945.08	1.87981	21.256	0.00
0.00	-30439.36	-39944.87	1.87968	-30439.36	-39944.87	1.87968	20.468	0.00
0.00	-30439.43	-39944.66	1.87958	-30439.43	-39944.66	1.87958	21.556	0.00
0.00	-30439.49	-39944.45	1.87955	-30439.49	-39944.45	1.87955	20.626	0.00
0.00	-30439.56	-39944.24	1.87957	-30439.56	-39944.24	1.87957	21.378	0.00
0.00	-30439.64	-39943.98	1.87973	-30439.64	-39943.98	1.87973	21.181	0.00
0.00	-30439.72	-39943.73	1.88004	-30439.72	-39943.73	1.88004	20.978	0.00
0.00	-30439.82	-39943.44	1.88031	-30439.82	-39943.44	1.88031	21.525	0.00
0.00	-30439.90	-39943.20	1.88076	-30439.90	-39943.20	1.88076	22.049	0.00
0.00	-30439.92	-39943.12	1.88103	-30439.92	-39943.12	1.88103	21.698	0.00
0.00	-30439.98	-39942.93	1.88135	-30439.98	-39942.93	1.88135	20.896	0.00
0.00	-30440.05	-39942.73	1.88155	-30440.05	-39942.73	1.88155	22.084	0.00
0.00	-30440.11	-39942.54	1.88177	-30440.11	-39942.54	1.88177	22.732	0.00
0.00	-30440.18	-39942.33	1.88190	-30440.18	-39942.33	1.88190	21.592	0.00
0.00	-30440.25	-39942.11	1.88203	-30440.25	-39942.11	1.88203	21.712	0.00
0.00	-30440.32	-39941.88	1.88217	-30440.32	-39941.88	1.88217	21.588	0.00
0.00	-30440.40	-39941.66	1.88230	-30440.40	-39941.66	1.88230	22.439	0.00
0.00	-30440.47	-39941.44	1.88249	-30440.47	-39941.44	1.88249	22.633	0.00
0.00	-30440.54	-39941.22	1.88269	-30440.54	-39941.22	1.88269	21.786	0.00
0.00	-30440.61	-39941.00	1.88277	-30440.61	-39941.00	1.88277	22.054	0.00
0.00	-30440.68	-39940.78	1.88277	-30440.68	-39940.78	1.88277	22.714	0.00
0.00	-30440.75	-39940.56	1.88282	-30440.75	-39940.56	1.88282	21.468	0.00
0.00	-30440.82	-39940.35	1.88283	-30440.82	-39940.35	1.88283	22.042	0.00
0.00	-30440.88	-39940.15	1.88281	-30440.88	-39940.15	1.88281	21.632	0.00
0.00	-30440.94	-39939.96	1.88284	-30440.94	-39939.96	1.88284	24.135	0.00
0.00	-30441.02	-39939.72	1.88296	-30441.02	-39939.72	1.88296	21.977	0.00
0.00	-30441.10	-39939.47	1.88314	-30441.10	-39939.47	1.88314	22.115	0.00
0.00	-30441.17	-39939.25	1.88331	-30441.17	-39939.25	1.88331	22.364	0.00
0.00	-30441.23	-39939.06	1.88336	-30441.23	-39939.06	1.88336	23.783	0.00
0.00	-30441.29	-39938.87	1.88326	-30441.29	-39938.87	1.88326	23.664	0.00
0.00	-30441.37	-39938.63	1.88298	-30441.37	-39938.63	1.88298	23.532	0.00
0.00	-30441.43	-39938.45	1.88256	-30441.43	-39938.45	1.88256	23.981	0.00
0.00	-30441.49	-39938.24	1.88203	-30441.49	-39938.24	1.88203	24.246	0.00
0.00	-30441.56	-39938.04	1.88149	-30441.56	-39938.04	1.88149	23.398	0.00
0.00	-30441.63	-39937.83	1.88107	-30441.63	-39937.83	1.88107	22.763	0.00
0.00	-30441.69	-39937.62	1.88081	-30441.69	-39937.62	1.88081	23.291	0.00
0.00	-30441.76	-39937.42	1.88062	-30441.76	-39937.42	1.88062	24.585	0.00
0.00	-30441.82	-39937.21	1.88039	-30441.82	-39937.21	1.88039	23.662	0.00
0.00	-30441.89	-39937.00	1.88008	-30441.89	-39937.00	1.88008	23.874	0.00
0.00	-30441.96	-39936.79	1.87971	-30441.96	-39936.79	1.87971	23.167	0.00
0.00	-30442.02	-39936.59	1.87929	-30442.02	-39936.59	1.87929	25.429	0.00
0.00	-30442.09	-39936.37	1.87881	-30442.09	-39936.37	1.87881	23.528	0.00
0.00	-30442.16	-39936.16	1.87835	-30442.16	-39936.16	1.87835	23.664	0.00
0.00	-30442.23	-39935.95	1.87795	-30442.23	-39935.95	1.87795	23.850	0.00
0.00	-30442.29	-39935.75	1.87767	-30442.29	-39935.75	1.87767	25.266	0.00
0.00	-30442.36	-39935.52	1.87761	-30442.36	-39935.52	1.87761	24.377	0.00
0.00	-30442.43	-39935.29	1.87765	-30442.43	-39935.29	1.87765	24.819	0.00
0.00	-30442.50	-39935.08	1.87765	-30442.50	-39935.08	1.87765	23.846	0.00
0.00	-30442.56	-39934.88	1.87755	-30442.56	-39934.88	1.87755	25.251	0.00
0.00	-30442.62	-39934.69	1.87739	-30442.62	-39934.69	1.87739	25.302	0.00
0.00	-30442.69	-39934.48	1.87716	-30442.69	-39934.48	1.87716	24.636	0.00
0.00	-30442.75	-39934.29	1.87681	-30442.75	-39934.29	1.87681	26.083	0.00
0.00	-30442.81	-39934.08	1.87649	-30442.81	-39934.08	1.87649	25.472	0.00
0.00	-30442.89	-39933.84	1.87628	-30442.89	-39933.84	1.87628	24.877	0.00
0.00	-30442.95	-39933.66	1.87611	-30442.95	-39933.66	1.87611	25.044	0.00
0.00	-30443.01	-39933.45	1.87601	-30443.01	-39933.45	1.87601	25.131	0.00
0.00	-30443.08	-39933.25	1.87592	-30443.08	-39933.25	1.87592	26.218	0.00
0.00	-30443.14	-39933.04	1.87581	-30443.14	-39933.04	1.87581	25.509	0.00
0.00	-30443.20	-39932.84	1.87563	-30443.20	-39932.84	1.87563	25.033	0.00
0.00	-30443.27	-39932.61	1.87538	-30443.27	-39932.61	1.87538	25.917	0.00
0.00	-30443.35	-39932.37	1.87517	-30443.35	-39932.37	1.87517	26.453	0.00
0.00	-30443.42	-39932.14	1.87504	-30443.42	-39932.14	1.87504	25.925	0.00
0.00	-30443.48	-39931.94	1.87491	-30443.48	-39931.94	1.87491	26.456	0.00
0.00	-30443.54	-39931.75	1.87480	-30443.54	-39931.75	1.87480	26.689	0.00
0.00	-30443.60	-39931.56	1.87471	-30443.60	-39931.56	1.87471	26.290	0.00
0.00	-30443.68	-39931.32	1.87461	-30443.68	-39931.32	1.87461	26.178	0.00
0.00	-30443.75	-39931.10	1.87458	-30443.75	-39931.10	1.87458	26.944	0.00
0.00	-30443.81	-39930.91	1.87454	-30443.81	-39930.91	1.87454	26.383	0.00
0.00	-30443.86	-39930.73	1.87451	-30443.86	-39930.73	1.87451	27.698	0.00
0.00	-30443.92	-39930.54	1.87449	-30443.92	-39930.54	1.87449	26.329	0.00
0.00	-30443.98	-39930.35	1.87451	-30443.98	-39930.35	1.87451	27.190	0.00
0.00	-30444.04	-39930.16	1.87459	-30444.04	-39930.16	1.87459	26.593	0.00
0.00	-30444.11	-39929.96	1.87470	-30444.11	-39929.96	1.87470	27.002	0.00
0.00	-30444.17	-39929.76	1.87489	-30444.17	-39929.76	1.87489	27.391	0.00
0.00	-30444.23	-39929.56	1.87516	-30444.23	-39929.56	1.87516	27.486	0.00
0.00	-30444.30	-39929.36	1.87553	-30444.30	-39929.36	1.87553	27.009	0.00
0.00	-30444.38	-39929.12	1.87590	-30444.38	-39929.12	1.87590	27.938	0.00
0.00	-30444.44	-39928.93	1.87621	-30444.44	-39928.93	1.87621	27.030	0.00
0.00	-30444.50	-39928.74	1.87651	-30444.50	-39928.74	1.87651	28.446	0.00
0.00	-30444.56	-39928.53	1.87678	-30444.56	-39928.53	1.87678	27.885	0.00
0.00	-30444.63	-39928.33	1.87692	-30444.63	-39928.33	1.87692	27.557	0.00
0.00	-30444.69	-39928.13	1.87687	-30444.69	-39928.13	1.87687	28.008	0.00
0.00	-30444.75	-39927.94	1.87690	-30444.75	-39927.94	1.87690	27.490	0.00
0.00	-30444.82	-39927.75	1.87699	-30444.82	-39927.75	1.87699	28.869	0.00
0.00	-30444.89	-39927.53	1.87719	-30444.89	-39927.53	1.87719	28.111	0.00
0.00	-30444.96	-39927.29	1.87749	-30444.96	-39927.29	1.87749	28.604	0.00
0.00	-30445.04	-39927.06	1.87779	-30445.04	-39927.06	1.87779	27.656	0.00
0.00	-30445.10	-39926.87	1.87806	-30445.10	-39926.87	1.87806	29.245	0.00
0.00	-30445.16	-39926.69	1.87826	-30445.16	-39926.69	1.87826	30.023	0.00
0.00	-30445.22	-39926.50	1.87846	-30445.22	-39926.50	1.87846	28.286	0.00
0.00	-30445.28	-39926.31	1.87863	-30445.28	-39926.31	1.87863	28.949	0.00
0.00	-30445.34	-39926.11	1.87872	-30445.34	-39926.11	1.87872	28.283	0.00
0.00	-30445.40	-39925.91	1.87874	-30445.40	-39925.91	1.87874	29.239	0.00
0.00	-30445.47	-39925.71	1.87870	-30445.47	-39925.71	1.87870	28.880	0.00
0.00	-30445.53	-39925.51	1.87872	-30445.53	-39925.51	1.87872	29.068	0.00
0.00	-30445.60	-39925.31	1.87890	-30445.60	-39925.31	1.87890	29.285	0.00
0.00	-30445.66	-39925.11	1.87921	-30445.66	-39925.11	1.87921	30.600	0.00
0.00	-30445.72	-39924.92	1.87951	-30445.72	-39924.92	1.87951	29.267	0.00
0.00	-30445.79	-39924.72	1.87969	-30445.79	-39924.72	1.87969	29.345	0.00
0.00	-30445.89	-39924.39	1.87969	-30445.89	-39924.39	1.87969	29.593	0.00
0.00	-30445.92	-39924.31	1.87963	-30445.92	-39924.31	1.87963	30.707	0.00
0.00	-30445.98	-39924.12	1.87955	-30445.98	-39924.12	1.87955	30.200	0.00
0.00	-30446.04	-39923.93	1.87953	-30446.04	-39923.93	1.87953	29.356	0.00
0.00	-30446.10	-39923.75	1.87961	-30446.10	-39923.75	1.87961	30.731	0.00
0.00	-30446.17	-39923.51	1.87972	-30446.17	-39923.51	1.87972	31.760	0.00
0.00	-30446.25	-39923.27	1.87979	-30446.25	-39923.27	1.87979	29.946	0.00
0.00	-30446.31	-39923.09	1.87981	-30446.31	-39923.09	1.87981	30.107	0.00
0.00	-30446.38	-39922.86	1.87989	-30446.38	-39922.86	1.87989	30.327	0.00
0.00	-30446.43	-39922.69	1.88003	-30446.43	-39922.69	1.88003	31.775	0.00
0.00	-30446.49	-39922.51	1.88015	-30446.49	-39922.51	1.88015	30.171	0.00
0.00	-30446.55	-39922.34	1.88024	-30446.55	-39922.34	1.88024	30.596	0.00
0.00	-30446.61	-39922.15	1.88032	-30446.61	-39922.15	1.88032	30.710	0.00
0.00	-30446.67	-39921.96	1.88045	-30446.67	-39921.96	1.88045	31.980	0.00
0.00	-30446.73	-39921.77	1.88059	-30446.73	-39921.77	1.88059	30.607	0.00
0.00	-30446.79	-39921.57	1.88076	-30446.79	-39921.57	1.88076	30.562	0.00
0.00	-30446.86	-39921.38	1.88096	-30446.86	-39921.38	1.88096	31.242	0.00
0.00	-30446.92	-39921.18	1.88111	-30446.92	-39921.18	1.88111	32.417	0.00
0.00	-30446.98	-39920.99	1.88125	-30446.98	-39920.99	1.88125	32.021	0.00
0.00	-30447.04	-39920.80	1.88140	-30447.04	-39920.80	1.88140	32.758	0.00
0.00	-30447.10	-39920.61	1.88152	-30447.10	-39920.61	1.88152	30.922	0.00
0.00	-30447.17	-39920.41	1.88164	-30447.17	-39920.41	1.88164	30.957	0.00
0.00	-30447.23	-39920.23	1.88173	-30447.23	-39920.23	1.88173	31.092	0.00
0.00	-30447.30	-39920.00	1.88183	-30447.30	-39920.00	1.88183	31.452	0.00
0.00	-30447.37	-39919.78	1.88188	-30447.37	-39919.78	1.88188	31.926	0.00
0.00	-30447.42	-39919.62	1.88185	-30447.42	-39919.62	1.88185	38.684	0.00
0.00	-30447.51	-39919.33	1.88189	-30447.51	-39919.33	1.88189	31.259	0.00
0.00	-30447.58	-39919.12	1.88185	-30447.58	-39919.12	1.88185	32.978	0.00
0.00	-30447.62	-39918.99	1.88180	-30447.62	-39918.99	1.88180	32.328	0.00
0.00	-30447.69	-39918.77	1.88175	-30447.69	-39918.77	1.88175	33.286	0.00
0.00	-30447.76	-39918.54	1.88165	-30447.76	-39918.54	1.88165	31.972	0.00
0.00	-30447.83	-39918.33	1.88163	-30447.83	-39918.33	1.88163	33.962	0.00
0.00	-30447.89	-39918.15	1.88166	-30447.89	-39918.15	1.88166	32.029	0.00
0.00	-30447.95	-39917.97	1.88168	-30447.95	-39917.97	1.88168	32.357	0.00
0.00	-30448.00	-39917.79	1.88165	-30448.00	-39917.79	1.88165	33.833	0.00
0.00	-30448.06	-39917.62	1.88162	-30448.06	-39917.62	1.88162	33.028	0.00
0.00	-30448.11	-39917.44	1.88170	-30448.11	-39917.44	1.88170	33.049	0.00
0.00	-30448.18	-39917.23	1.88183	-30448.18	-39917.23	1.88183	32.844	0.00
0.00	-30448.24	-39917.03	1.88195	-30448.24	-39917.03	1.88195	32.493	0.00
0.00	-30448.30	-39916.87	1.88195	-30448.30	-39916.87	1.88195	33.543	0.00
0.00	-30448.35	-39916.71	1.88180	-30448.35	-39916.71	1.88180	32.355	0.00
0.00	-30448.41	-39916.52	1.88160	-30448.41	-39916.52	1.88160	34.239	0.00
0.00	-30448.47	-39916.33	1.88145	-30448.47	-39916.33	1.88145	34.093	0.00
0.00	-30448.52	-39916.16	1.88127	-30448.52	-39916.16	1.88127	33.331	0.00
0.00	-30448.58	-39915.97	1.88113	-30448.58	-39915.97	1.88113	33.022	0.00
0.00	-30448.69	-39915.65	1.88100	-30448.69	-39915.65	1.88100	34.854	0.00
0.00	-30448.71	-39915.56	1.88095	-30448.71	-39915.56	1.88095	34.420	0.00
0.00	-30448.77	-39915.38	1.88091	-30448.77	-39915.38	1.88091	38.987	0.00
0.00	-30448.82	-39915.24	1.88086	-30448.82	-39915.24	1.88086	34.116	0.00
0.00	-30448.90	-39914.98	1.88085	-30448.90	-39914.98	1.88085	35.075	0.00
0.00	-30448.95	-39914.80	1.88092	-30448.95	-39914.80	1.88092	35.792	0.00
0.00	-30449.01	-39914.64	1.88093	-30449.01	-39914.64	1.88093	34.538	0.00
0.00	-30449.06	-39914.48	1.88091	-30449.06	-39914.48	1.88091	34.545	0.00
0.00	-30449.11	-39914.31	1.88092	-30449.11	-39914.31	1.88092	40.359	0.00
0.00	-30449.17	-39914.13	1.88093	-30449.17	-39914.13	1.88093	39.778	0.00
0.00	-30449.23	-39913.95	1.88103	-30449.23	-39913.95	1.88103	40.448	0.00
0.00	-30449.29	-39913.76	1.88123	-30449.29	-39913.76	1.88123	38.250	0.00
0.00	-30449.35	-39913.57	1.88146	-30449.35	-39913.57	1.88146	39.447	0.00
0.00	-30449.41	-39913.38	1.88168	-30449.41	-39913.38	1.88168	38.782	0.00
0.00	-30449.47	-39913.18	1.88193	-30449.47	-39913.18	1.88193	39.776	0.00
0.00	-30449.53	-39913.00	1.88219	-30449.53	-39913.00	1.88219	41.516	0.00
0.00	-30449.60	-39912.80	1.88232	-30449.60	-39912.80	1.88232	37.209	0.00
0.00	-30449.66	-39912.62	1.88236	-30449.66	-39912.62	1.88236	35.940	0.00
0.00	-30449.72	-39912.42	1.88242	-30449.72	-39912.42	1.88242	35.112	0.00
0.00	-30449.78	-39912.24	1.88269	-30449.78	-39912.24	1.88269	36.510	0.00
0.00	-30449.84	-39912.06	1.88304	-30449.84	-39912.06	1.88304	36.276	0.00
0.00	-30449.90	-39911.85	1.88326	-30449.90	-39911.85	1.88326	36.497	0.00
0.00	-30449.98	-39911.63	1.88335	-30449.98	-39911.63	1.88335	35.887	0.00
0.00	-30450.04	-39911.43	1.88339	-30450.04	-39911.43	1.88339	34.989	0.00
0.00	-30450.09	-39911.26	1.88346	-30450.09	-39911.26	1.88346	37.704	0.00
0.00	-30450.16	-39911.04	1.88359	-30450.16	-39911.04	1.88359	36.619	0.00
0.00	-30450.22	-39910.88	1.88376	-30450.22	-39910.88	1.88376	36.401	0.00
0.00	-30450.26	-39910.73	1.88392	-30450.26	-39910.73	1.88392	36.901	0.00
0.00	-30450.34	-39910.50	1.88403	-30450.34	-39910.50	1.88403	39.999	0.00
0.00	-30450.40	-39910.31	1.88405	-30450.40	-39910.31	1.88405	39.160	0.00
0.00	-30450.46	-39910.12	1.88398	-30450.46	-39910.12	1.88398	42.841	0.00
0.00	-30450.52	-39909.93	1.88383	-30450.52	-39909.93	1.88383	41.027	0.00
0.00	-30450.59	-39909.71	1.88360	-30450.59	-39909.71	1.88360	42.656	0.00
0.00	-30450.66	-39909.49	1.88335	-30450.66	-39909.49	1.88335	43.925	0.00
0.00	-30450.73	-39909.26	1.88310	-30450.73	-39909.26	1.88310	37.132	0.00
0.00	-30450.80	-39909.04	1.88286	-30450.80	-39909.04	1.88286	36.881	0.00
0.00	-30450.87	-39908.83	1.88268	-30450.87	-39908.83	1.88268	39.130	0.00
0.00	-30450.92	-39908.66	1.88227	-30450.92	-39908.66	1.88227	37.122	0.00
0.00	-30450.97	-39908.48	1.88166	-30450.97	-39908.48	1.88166	37.956	0.00
0.00	-30451.03	-39908.28	1.88105	-30451.03	-39908.28	1.88105	36.981	0.00
0.00	-30451.10	-39908.07	1.88046	-30451.10	-39908.07	1.88046	39.129	0.00
0.00	-30451.16	-39907.87	1.87985	-30451.16	-39907.87	1.87985	38.050	0.00
0.00	-30451.21	-39907.70	1.87927	-30451.21	-39907.70	1.87927	39.050	0.00
0.00	-30451.25	-39907.54	1.87873	-30451.25	-39907.54	1.87873	38.595	0.00
0.00	-30451.30	-39907.37	1.87826	-30451.30	-39907.37	1.87826	39.419	0.00
0.00	-30451.36	-39907.20	1.87786	-30451.36	-39907.20	1.87786	38.400	0.00
0.00	-30451.45	-39906.90	1.87721	-30451.45	-39906.90	1.87721	38.524	0.00
0.00	-30451.47	-39906.81	1.87687	-30451.47	-39906.81	1.87687	39.018	0.00
0.00	-30451.54	-39906.60	1.87648	-30451.54	-39906.60	1.87648	38.999	0.00
0.00	-30451.61	-39906.38	1.87620	-30451.61	-39906.38	1.87620	39.024	0.00
0.00	-30451.66	-39906.20	1.87593	-30451.66	-39906.20	1.87593	39.946	0.00
0.00	-30451.72	-39906.02	1.87567	-30451.72	-39906.02	1.87567	38.321	0.00
0.00	-30451.78	-39905.82	1.87541	-30451.78	-39905.82	1.87541	39.959	0.00
0.00	-30451.83	-39905.65	1.87521	-30451.83	-39905.65	1.87521	39.203	0.00
0.00	-30451.89	-39905.48	1.87510	-30451.89	-39905.48	1.87510	39.337	0.00
0.00	-30451.94	-39905.29	1.87512	-30451.94	-39905.29	1.87512	39.276	0.00
0.00	-30452.01	-39905.09	1.87524	-30452.01	-39905.09	1.87524	41.029	0.00
0.00	-30452.07	-39904.88	1.87529	-30452.07	-39904.88	1.87529	38.557	0.00
0.00	-30452.13	-39904.68	1.87536	-30452.13	-39904.68	1.87536	40.330	0.00
0.00	-30452.19	-39904.49	1.87544	-30452.19	-39904.49	1.87544	39.137	0.00
0.00	-30452.26	-39904.29	1.87546	-30452.26	-39904.29	1.87546	39.423	0.00
0.00	-30452.32	-39904.09	1.87543	-30452.32	-39904.09	1.87543	39.824	0.00
0.00	-30452.38	-39903.89	1.87544	-30452.38	-39903.89	1.87544	40.288	0.00
0.00	-30452.44	-39903.70	1.87550	-30452.44	-39903.70	1.87550	40.486	0.00
0.00	-30452.50	-39903.52	1.87561	-30452.50	-39903.52	1.87561	41.961	0.00
0.00	-30452.56	-39903.33	1.87582	-30452.56	-39903.33	1.87582	41.057	0.00
0.00	-30452.62	-39903.14	1.87600	-30452.62	-39903.14	1.87600	47.603	0.00
0.00	-30452.67	-39903.01	1.87630	-30452.67	-39903.01	1.87630	41.439	0.00
0.00	-30452.75	-39902.74	1.87682	-30452.75	-39902.74	1.87682	41.915	0.00
0.00	-30452.80	-39902.61	1.87711	-30452.80	-39902.61	1.87711	41.286	0.00
0.00	-30452.84	-39902.49	1.87728	-30452.84	-39902.49	1.87728	41.265	0.00
0.00	-30452.89	-39902.34	1.87758	-30452.89	-39902.34	1.87758	40.470	0.00
0.00	-30452.95	-39902.14	1.87778	-30452.95	-39902.14	1.87778	42.455	0.00
0.00	-30453.02	-39901.95	1.87798	-30453.02	-39901.95	1.87798	40.772	0.00
0.00	-30453.06	-39901.81	1.87820	-30453.06	-39901.81	1.87820	40.294	0.00
0.00	-30453.12	-39901.64	1.87814	-30453.12	-39901.64	1.87814	41.516	0.00
0.00	-30453.16	-39901.50	1.87847	-30453.16	-39901.50	1.87847	42.275	0.00
0.00	-30453.22	-39901.34	1.87883	-30453.22	-39901.34	1.87883	42.186	0.00
0.00	-30453.27	-39901.18	1.87919	-30453.27	-39901.18	1.87919	41.584	0.00
0.00	-30453.34	-39900.97	1.87953	-30453.34	-39900.97	1.87953	42.181	0.00
0.00	-30453.41	-39900.76	1.87990	-30453.41	-39900.76	1.87990	42.009	0.00
0.00	-30453.48	-39900.56	1.88030	-30453.48	-39900.56	1.88030	41.711	0.00
0.00	-30453.53	-39900.41	1.88058	-30453.53	-39900.41	1.88058	41.780	0.00
0.00	-30453.58	-39900.26	1.88071	-30453.58	-39900.26	1.88071	42.058	0.00
0.00	-30453.64	-39900.09	1.88091	-30453.64	-39900.09	1.88091	43.504	0.00
0.00	-30453.69	-39899.93	1.88105	-30453.69	-39899.93	1.88105	41.374	0.00
0.00	-30453.75	-39899.76	1.88121	-30453.75	-39899.76	1.88121	44.072	0.00
0.00	-30453.80	-39899.59	1.88142	-30453.80	-39899.59	1.88142	43.398	0.00
0.00	-30453.86	-39899.42	1.88167	-30453.86	-39899.42	1.88167	43.512	0.00
0.00	-30453.93	-39899.22	1.88187	-30453.93	-39899.22	1.88187	42.846	0.00
0.00	-30454.00	-39899.01	1.88187	-30454.00	-39899.01	1.88187	47.843	0.00
0.00	-30454.06	-39898.83	1.88203	-30454.06	-39898.83	1.88203	43.790	0.00
0.00	-30454.13	-39898.62	1.88218	-30454.13	-39898.62	1.88218	49.778	0.00
0.00	-30454.20	-39898.39	1.88246	-30454.20	-39898.39	1.88246	42.681	0.00
0.00	-30454.24	-39898.29	1.88257	-30454.24	-39898.29	1.88257	48.633	0.00
0.00	-30454.30	-39898.09	1.88257	-30454.30	-39898.09	1.88257	43.197	0.00
0.00	-30454.36	-39897.93	1.88265	-30454.36	-39897.93	1.88265	49.602	0.00
0.00	-30454.40	-39897.80	1.88265	-30454.40	-39897.80	1.88265	43.714	0.00
0.00	-30454.46	-39897.62	1.88257	-30454.46	-39897.62	1.88257	44.389	0.00
0.00	-30454.51	-39897.45	1.88241	-30454.51	-39897.45	1.88241	44.156	0.00
0.00	-30454.56	-39897.31	1.88223	-30454.56	-39897.31	1.88223	44.195	0.00
0.00	-30454.61	-39897.15	1.88203	-30454.61	-39897.15	1.88203	43.396	0.00
0.00	-30454.66	-39896.98	1.88186	-30454.66	-39896.98	1.88186	44.462	0.00
0.00	-30454.72	-39896.81	1.88172	-30454.72	-39896.81	1.88172	48.826	0.00
0.00	-30454.77	-39896.65	1.88161	-30454.77	-39896.65	1.88161	45.830	0.00
0.00	-30454.82	-39896.48	1.88146	-30454.82	-39896.48	1.88146	45.544	0.00
0.00	-30454.88	-39896.31	1.88125	-30454.88	-39896.31	1.88125	46.254	0.00
0.00	-30454.93	-39896.15	1.88103	-30454.93	-39896.15	1.88103	45.443	0.00
0.00	-30454.98	-39895.98	1.88076	-30454.98	-39895.98	1.88076	46.574	0.00
0.00	-30455.04	-39895.82	1.88042	-30455.04	-39895.82	1.88042	46.606	0.00
0.00	-30455.09	-39895.65	1.88008	-30455.09	-39895.65	1.88008	43.925	0.00
0.00	-30455.14	-39895.49	1.87975	-30455.14	-39895.49	1.87975	46.101	0.00
0.00	-30455.19	-39895.33	1.87944	-30455.19	-39895.33	1.87944	45.846	0.00
0.00	-30455.24	-39895.18	1.87909	-30455.24	-39895.18	1.87909	45.914	0.00
0.00	-30455.29	-39895.01	1.87876	-30455.29	-39895.01	1.87876	44.736	0.00
0.00	-30455.34	-39894.85	1.87844	-30455.34	-39894.85	1.87844	44.882	0.00
0.00	-30455.39	-39894.67	1.87807	-30455.39	-39894.67	1.87807	48.313	0.00
0.00	-30455.45	-39894.49	1.87768	-30455.45	-39894.49	1.87768	44.915	0.00
0.00	-30455.48	-39894.40	1.87739	-30455.48	-39894.40	1.87739	53.538	0.00
0.00	-30455.55	-39894.16	1.87711	-30455.55	-39894.16	1.87711	45.163	0.00
0.00	-30455.58	-39894.06	1.87684	-30455.58	-39894.06	1.87684	48.024	0.00
0.00	-30455.63	-39893.89	1.87652	-30455.63	-39893.89	1.87652	45.945	0.00
0.00	-30455.68	-39893.75	1.87617	-30455.68	-39893.75	1.87617	45.639	0.00
0.00	-30455.72	-39893.61	1.87591	-30455.72	-39893.61	1.87591	46.255	0.00
0.00	-30455.76	-39893.47	1.87566	-30455.76	-39893.47	1.87566	46.767	0.00
0.00	-30455.81	-39893.33	1.87541	-30455.81	-39893.33	1.87541	46.980	0.00
0.00	-30455.85	-39893.19	1.87516	-30455.85	-39893.19	1.87516	47.863	0.00
0.00	-30455.90	-39893.04	1.87494	-30455.90	-39893.04	1.87494	47.438	0.00
0.00	-30455.94	-39892.90	1.87469	-30455.94	-39892.90	1.87469	49.816	0.00
0.00	-30455.99	-39892.74	1.87437	-30455.99	-39892.74	1.87437	46.855	0.00
0.00	-30456.04	-39892.59	1.87408	-30456.04	-39892.59	1.87408	46.326	0.00
0.00	-30456.08	-39892.44	1.87372	-30456.08	-39892.44	1.87372	46.146	0.00
0.00	-30456.13	-39892.29	1.87340	-30456.13	-39892.29	1.87340	48.126	0.00
0.00	-30456.18	-39892.12	1.87316	-30456.18	-39892.12	1.87316	45.746	0.00
0.00	-30456.24	-39891.94	1.87296	-30456.24	-39891.94	1.87296	46.668	0.00
0.00	-30456.28	-39891.79	1.87284	-30456.28	-39891.79	1.87284	46.750	0.00
0.00	-30456.33	-39891.65	1.87269	-30456.33	-39891.65	1.87269	47.671	0.00
0.00	-30456.37	-39891.51	1.87245	-30456.37	-39891.51	1.87245	46.432	0.00
0.00	-30456.42	-39891.36	1.87219	-30456.42	-39891.36	1.87219	47.461	0.00
0.00	-30456.46	-39891.22	1.87200	-30456.46	-39891.22	1.87200	46.858	0.00
0.00	-30456.51	-39891.06	1.87188	-30456.51	-39891.06	1.87188	46.737	0.00
0.00	-30456.56	-39890.92	1.87180	-30456.56	-39890.92	1.87180	47.396	0.00
0.00	-30456.60	-39890.79	1.87177	-30456.60	-39890.79	1.87177	47.043	0.00
0.00	-30456.64	-39890.65	1.87172	-30456.64	-39890.65	1.87172	47.411	0.00
0.00	-30456.68	-39890.51	1.87162	-30456.68	-39890.51	1.87162	48.950	0.00
0.00	-30456.72	-39890.38	1.87160	-30456.72	-39890.38	1.87160	47.747	0.00
0.00	-30456.77	-39890.25	1.87159	-30456.77	-39890.25	1.87159	47.691	0.00
0.00	-30456.81	-39890.11	1.87159	-30456.81	-39890.11	1.87159	54.370	0.00
0.00	-30456.86	-39889.96	1.87164	-30456.86	-39889.96	1.87164	49.404	0.00
0.00	-30456.91	-39889.82	1.87169	-30456.91	-39889.82	1.87169	47.014	0.00
0.00	-30456.95	-39889.67	1.87171	-30456.95	-39889.67	1.87171	56.220	0.00
0.00	-30457.00	-39889.53	1.87163	-30457.00	-39889.53	1.87163	48.459	0.00
0.00	-30457.04	-39889.39	1.87153	-30457.04	-39889.39	1.87153	51.857	0.00
0.00	-30457.09	-39889.24	1.87148	-30457.09	-39889.24	1.87148	50.870	0.00
0.00	-30457.14	-39889.09	1.87140	-30457.14	-39889.09	1.87140	48.853	0.00
0.00	-30457.20	-39888.88	1.87109	-30457.20	-39888.88	1.87109	56.590	0.00
0.00	-30457.25	-39888.74	1.87077	-30457.25	-39888.74	1.87077	48.494	0.00
0.00	-30457.28	-39888.63	1.87046	-30457.28	-39888.63	1.87046	49.493	0.00
0.00	-30457.34	-39888.46	1.87005	-30457.34	-39888.46	1.87005	50.600	0.00
0.00	-30457.39	-39888.30	1.86953	-30457.39	-39888.30	1.86953	51.132	0.00
0.00	-30457.43	-39888.14	1.86887	-30457.43	-39888.14	1.86887	56.371	0.00
0.00	-30457.48	-39887.98	1.86807	-30457.48	-39887.98	1.86807	49.887	0.00
0.00	-30457.52	-39887.86	1.86736	-30457.52	-39887.86	1.86736	53.056	0.00
0.00	-30457.56	-39887.73	1.86654	-30457.56	-39887.73	1.86654	48.323	0.00
0.00	-30457.60	-39887.60	1.86570	-30457.60	-39887.60	1.86570	57.774	0.00
0.00	-30457.65	-39887.43	1.86460	-30457.65	-39887.43	1.86460	49.516	0.00
0.00	-30457.69	-39887.30	1.86351	-30457.69	-39887.30	1.86351	47.865	0.00
0.00	-30457.74	-39887.17	1.86238	-30457.74	-39887.17	1.86238	52.937	0.00
0.00	-30457.79	-39887.00	1.86107	-30457.79	-39887.00	1.86107	53.556	0.00
0.00	-30457.83	-39886.86	1.85962	-30457.83	-39886.86	1.85962	47.691	0.00
0.00	-30457.87	-39886.72	1.85827	-30457.87	-39886.72	1.85827	49.983	0.00
0.00	-30457.91	-39886.58	1.85679	-30457.91	-39886.58	1.85679	49.078	0.00
0.00	-30457.95	-39886.44	1.85519	-30457.95	-39886.44	1.85519	50.194	0.00
0.00	-30457.99	-39886.30	1.85344	-30457.99	-39886.30	1.85344	57.408	0.00
0.00	-30458.04	-39886.16	1.85143	-30458.04	-39886.16	1.85143	54.553	0.00
0.00	-30458.10	-39885.95	1.84967	-30458.10	-39885.95	1.84967	53.711	0.00
0.00	-30458.12	-39885.86	1.84755	-30458.12	-39885.86	1.84755	56.761	0.00
0.00	-30458.18	-39885.67	1.84507	-30458.18	-39885.67	1.84507	57.060	0.00
0.00	-30458.23	-39885.47	1.84276	-30458.23	-39885.47	1.84276	56.106	0.00
0.00	-30458.28	-39885.30	1.84010	-30458.28	-39885.30	1.84010	50.481	0.00
0.00	-30458.31	-39885.18	1.83734	-30458.31	-39885.18	1.83734	59.951	0.00
0.00	-30458.34	-39885.07	1.83433	-30458.34	-39885.07	1.83433	57.774	0.00
0.00	-30458.39	-39884.89	1.83161	-30458.39	-39884.89	1.83161	50.151	0.00
0.00	-30458.42	-39884.77	1.82927	-30458.42	-39884.77	1.82927	52.642	0.00
0.00	-30458.47	-39884.61	1.82663	-30458.47	-39884.61	1.82663	56.321	0.00
0.00	-30458.50	-39884.47	1.82382	-30458.50	-39884.47	1.82382	49.891	0.00
0.00	-30458.54	-39884.35	1.82123	-30458.54	-39884.35	1.82123	52.158	0.00
0.00	-30458.58	-39884.18	1.81842	-30458.58	-39884.18	1.81842	50.761	0.00
0.00	-30458.62	-39884.02	1.81550	-30458.62	-39884.02	1.81550	52.515	0.00
0.00	-30458.66	-39883.86	1.81235	-30458.66	-39883.86	1.81235	59.688	0.00
0.00	-30458.70	-39883.69	1.80871	-30458.70	-39883.69	1.80871	50.711	0.00
0.00	-30458.73	-39883.56	1.80546	-30458.73	-39883.56	1.80546	58.678	0.00
0.00	-30458.76	-39883.45	1.80147	-30458.76	-39883.45	1.80147	51.935	0.00
0.00	-30458.79	-39883.32	1.79782	-30458.79	-39883.32	1.79782	56.489	0.00
0.00	-30458.82	-39883.20	1.79395	-30458.82	-39883.20	1.79395	57.320	0.00
0.00	-30458.88	-39882.94	1.79068	-30458.88	-39882.94	1.79068	51.519	0.00
0.00	-30458.91	-39882.80	1.78776	-30458.91	-39882.80	1.78776	57.390	0.00
0.00	-30458.94	-39882.65	1.78346	-30458.94	-39882.65	1.78346	60.222	0.00
0.00	-30458.97	-39882.53	1.77866	-30458.97	-39882.53	1.77866	55.496	0.00
0.00	-30459.00	-39882.40	1.77446	-30459.00	-39882.40	1.77446	55.172	0.00
0.00	-30459.02	-39882.27	1.77098	-30459.02	-39882.27	1.77098	54.758	0.00
0.00	-30459.06	-39882.07	1.76802	-30459.06	-39882.07	1.76802	53.539	0.00
0.00	-30459.09	-39881.96	1.76473	-30459.09	-39881.96	1.76473	52.988	0.00
0.00	-30459.11	-39881.82	1.76062	-30459.11	-39881.82	1.76062	52.858	0.00
0.00	-30459.14	-39881.71	1.75594	-30459.14	-39881.71	1.75594	60.870	0.00
0.00	-30459.17	-39881.52	1.75078	-30459.17	-39881.52	1.75078	54.079	0.00
0.00	-30459.19	-39881.41	1.74662	-30459.19	-39881.41	1.74662	52.509	0.00
0.00	-30459.22	-39881.28	1.74278	-30459.22	-39881.28	1.74278	64.256	0.00
0.00	-30459.25	-39881.12	1.73803	-30459.25	-39881.12	1.73803	56.240	0.00
0.00	-30459.28	-39880.93	1.73338	-30459.28	-39880.93	1.73338	60.533	0.00
0.00	-30459.30	-39880.78	1.72792	-30459.30	-39880.78	1.72792	58.399	0.00
0.00	-30459.33	-39880.62	1.72257	-30459.33	-39880.62	1.72257	59.336	0.00
0.00	-30459.36	-39880.45	1.71695	-30459.36	-39880.45	1.71695	55.039	0.00
0.00	-30459.38	-39880.28	1.71191	-30459.38	-39880.28	1.71191	54.589	0.00
0.00	-30459.41	-39880.13	1.70707	-30459.41	-39880.13	1.70707	54.220	0.00
0.00	-30459.43	-39880.01	1.70262	-30459.43	-39880.01	1.70262	53.237	0.00
0.00	-30459.45	-39879.82	1.69821	-30459.45	-39879.82	1.69821	54.441	0.00
0.00	-30459.46	-39879.79	1.69381	-30459.46	-39879.79	1.69381	56.140	0.00
0.00	-30459.49	-39879.56	1.68900	-30459.49	-39879.56	1.68900	61.292	0.00
0.00	-30459.52	-39879.39	1.68377	-30459.52	-39879.39	1.68377	64.152	0.00
0.00	-30459.53	-39879.27	1.67812	-30459.53	-39879.27	1.67812	56.854	0.00
0.00	-30459.56	-39879.07	1.67327	-30459.56	-39879.07	1.67327	54.346	0.00
0.00	-30459.57	-39878.94	1.66867	-30459.57	-39878.94	1.66867	56.938	0.00
0.00	-30459.59	-39878.79	1.66387	-30459.59	-39878.79	1.66387	53.835	0.00
0.00	-30459.61	-39878.67	1.65924	-30459.61	-39878.67	1.65924	65.586	0.00
0.00	-30459.63	-39878.48	1.65376	-30459.63	-39878.48	1.65376	56.497	0.00
0.00	-30459.64	-39878.35	1.64850	-30459.64	-39878.35	1.64850	60.056	0.00
0.00	-30459.65	-39878.21	1.64291	-30459.65	-39878.21	1.64291	57.278	0.00
0.00	-30459.67	-39877.99	1.63742	-30459.67	-39877.99	1.63742	58.886	0.00
0.00	-30459.68	-39877.84	1.63156	-30459.68	-39877.84	1.63156	63.966	0.00
0.00	-30459.69	-39877.68	1.62529	-30459.69	-39877.68	1.62529	62.690	0.00
0.00	-30459.70	-39877.54	1.61895	-30459.70	-39877.54	1.61895	54.261	0.00
0.00	-30459.71	-39877.36	1.61322	-30459.71	-39877.36	1.61322	55.870	0.00
0.00	-30459.71	-39877.24	1.60684	-30459.71	-39877.24	1.60684	66.515	0.00
0.00	-30459.72	-39877.06	1.59923	-30459.72	-39877.06	1.59923	55.856	0.00
0.00	-30459.72	-39876.94	1.59262	-30459.72	-39876.94	1.59262	61.931	0.00
0.00	-30459.72	-39876.80	1.58524	-30459.72	-39876.80	1.58524	64.362	0.00
0.00	-30459.72	-39876.56	1.57737	-30459.72	-39876.56	1.57737	57.143	0.00
0.00	-30459.72	-39876.40	1.57028	-30459.72	-39876.40	1.57028	61.865	0.00
0.00	-30459.72	-39876.26	1.56227	-30459.72	-39876.26	1.56227	64.276	0.00
0.00	-30459.72	-39876.08	1.55389	-30459.72	-39876.08	1.55389	56.841	0.00
0.00	-30459.71	-39875.97	1.54623	-30459.71	-39875.97	1.54623	65.785	0.00
0.00	-30459.71	-39875.79	1.53757	-30459.71	-39875.79	1.53757	65.094	0.00
0.00	-30459.70	-39875.65	1.52896	-30459.70	-39875.65	1.52896	56.327	0.00
0.00	-30459.69	-39875.52	1.52142	-30459.69	-39875.52	1.52142	64.706	0.00
0.00	-30459.68	-39875.29	1.51244	-30459.68	-39875.29	1.51244	57.453	0.00
0.00	-30459.67	-39875.17	1.50464	-30459.67	-39875.17	1.50464	57.452	0.00
0.00	-30459.65	-39875.01	1.49660	-30459.65	-39875.01	1.49660	60.025	0.00
0.00	-30459.64	-39874.88	1.48813	-30459.64	-39874.88	1.48813	58.561	0.00
0.00	-30459.63	-39874.75	1.48005	-30459.63	-39874.75	1.48005	59.581	0.00
0.00	-30459.60	-39874.54	1.47151	-30459.60	-39874.54	1.47151	61.093	0.00
0.00	-30459.59	-39874.40	1.46331	-30459.59	-39874.40	1.46331	57.146	0.00
0.00	-30459.57	-39874.27	1.45528	-30459.57	-39874.27	1.45528	60.112	0.00
0.00	-30459.56	-39874.14	1.44702	-30459.56	-39874.14	1.44702	57.599	0.00
0.00	-30459.54	-39874.01	1.43893	-30459.54	-39874.01	1.43893	57.377	0.00
0.00	-30459.52	-39873.82	1.43075	-30459.52	-39873.82	1.43075	60.787	0.00
0.00	-30459.50	-39873.67	1.42185	-30459.50	-39873.67	1.42185	68.307	0.00
0.00	-30459.47	-39873.53	1.41190	-30459.47	-39873.53	1.41190	67.154	0.00
0.00	-30459.44	-39873.31	1.40217	-30459.44	-39873.31	1.40217	58.622	0.00
0.00	-30459.42	-39873.18	1.39331	-30459.42	-39873.18	1.39331	67.965	0.00
0.00	-30459.39	-39873.03	1.38295	-30459.39	-39873.03	1.38295	63.199	0.00
0.00	-30459.36	-39872.86	1.37279	-30459.36	-39872.86	1.37279	67.397	0.00
0.00	-30459.31	-39872.63	1.36174	-30459.31	-39872.63	1.36174	62.131	0.00
0.00	-30459.28	-39872.48	1.35149	-30459.28	-39872.48	1.35149	58.679	0.00
0.00	-30459.24	-39872.32	1.34159	-30459.24	-39872.32	1.34159	60.542	0.00
0.00	-30459.21	-39872.19	1.33097	-30459.21	-39872.19	1.33097	58.542	0.00
0.00	-30459.20	-39872.15	1.32055	-30459.20	-39872.15	1.32055	57.039	0.00
