0.00	-29338.35	-39915.09	0.00000	-29338.35	-39915.09	0.00000	23.540	0.00
0.00	-29338.09	-39915.19	0.00017	-29338.09	-39915.19	0.00017	2.724	0.00
0.00	-29338.42	-39915.97	-2.58254	-29338.42	-39915.97	-2.58254	2.613	0.00
0.00	-29338.11	-39916.44	-1.66729	-29338.11	-39916.44	-1.66729	3.425	0.00
0.00	-29337.84	-39916.84	-1.33696	-29337.84	-39916.84	-1.33696	2.475	0.00
0.00	-29337.68	-39917.20	-1.27070	-29337.68	-39917.20	-1.27070	2.555	0.00
0.00	-29337.55	-39917.55	-1.25215	-29337.55	-39917.55	-1.25215	2.479	0.00
0.00	-29337.43	-39917.89	-1.24660	-29337.43	-39917.89	-1.24660	2.375	0.00
0.00	-29337.31	-39918.23	-1.24476	-29337.31	-39918.23	-1.24476	2.443	0.00
0.00	-29337.20	-39918.56	-1.24434	-29337.20	-39918.56	-1.24434	2.732	0.00
0.00	-29337.08	-39918.91	-1.24488	-29337.08	-39918.91	-1.24488	3.766	0.00
0.00	-29336.93	-39919.38	-1.24615	-29336.93	-39919.38	-1.24615	2.652	0.00
0.00	-29336.84	-39919.67	-1.24770	-29336.84	-39919.67	-1.24770	2.445	0.00
0.00	-29336.76	-39919.91	-1.24870	-29336.76	-39919.91	-1.24870	2.502	0.00
0.00	-29336.63	-39920.31	-1.24920	-29336.63	-39920.31	-1.24920	2.446	0.00
0.00	-29336.52	-39920.67	-1.24935	-29336.52	-39920.67	-1.24935	2.559	0.00
0.00	-29336.41	-39921.00	-1.24976	-29336.41	-39921.00	-1.24976	2.416	0.00
0.00	-29336.30	-39921.34	-1.25011	-29336.30	-39921.34	-1.25011	2.455	0.00
0.00	-29336.19	-39921.69	-1.25018	-29336.19	-39921.69	-1.25018	2.491	0.00
0.00	-29336.09	-39922.00	-1.25031	-29336.09	-39922.00	-1.25031	2.884	0.00
0.00	-29335.97	-39922.36	-1.25079	-29335.97	-39922.36	-1.25079	2.387	0.00
0.00	-29335.87	-39922.70	-1.25108	-29335.87	-39922.70	-1.25108	2.886	0.00
0.00	-29335.75	-39923.07	-1.25137	-29335.75	-39923.07	-1.25137	2.521	0.00
0.00	-29335.64	-39923.39	-1.25172	-29335.64	-39923.39	-1.25172	3.524	0.00
0.00	-29335.54	-39923.72	-1.25204	-29335.54	-39923.72	-1.25204	2.526	0.00
0.00	-29335.43	-39924.06	-1.25211	-29335.43	-39924.06	-1.25211	2.422	0.00
0.00	-29335.32	-39924.41	-1.25247	-29335.32	-39924.41	-1.25247	2.677	0.00
0.00	-29335.21	-39924.77	-1.25291	-29335.21	-39924.77	-1.25291	2.679	0.00
0.00	-29335.12	-39925.05	-1.25385	-29335.12	-39925.05	-1.25385	2.403	0.00
0.00	-29335.01	-39925.38	-1.25480	-29335.01	-39925.38	-1.25480	3.553	0.00
0.00	-29334.91	-39925.72	-1.25559	-29334.91	-39925.72	-1.25559	2.693	0.00
0.00	-29334.79	-39926.11	-1.25637	-29334.79	-39926.11	-1.25637	2.465	0.00
0.00	-29334.69	-39926.42	-1.25740	-29334.69	-39926.42	-1.25740	2.593	0.00
0.00	-29334.59	-39926.76	-1.25805	-29334.59	-39926.76	-1.25805	2.454	0.00
0.00	-29334.47	-39927.15	-1.25863	-29334.47	-39927.15	-1.25863	2.478	0.00
0.00	-29334.37	-39927.47	-1.25920	-29334.37	-39927.47	-1.25920	2.463	0.00
0.00	-29334.27	-39927.78	-1.26001	-29334.27	-39927.78	-1.26001	2.462	0.00
0.00	-29334.17	-39928.11	-1.26084	-29334.17	-39928.11	-1.26084	2.479	0.00
0.00	-29334.06	-39928.46	-1.26167	-29334.06	-39928.46	-1.26167	2.606	0.00
0.00	-29333.97	-39928.77	-1.26223	-29333.97	-39928.77	-1.26223	2.368	0.00
0.00	-29333.87	-39929.11	-1.26273	-29333.87	-39929.11	-1.26273	2.439	0.00
0.00	-29333.76	-39929.46	-1.26305	-29333.76	-39929.46	-1.26305	2.943	0.00
0.00	-29333.66	-39929.78	-1.26375	-29333.66	-39929.78	-1.26375	2.725	0.00
0.00	-29333.56	-39930.10	-1.26444	-29333.56	-39930.10	-1.26444	3.455	0.00
0.00	-29333.47	-39930.41	-1.26474	-29333.47	-39930.41	-1.26474	3.129	0.00
0.00	-29333.35	-39930.80	-1.26489	-29333.35	-39930.80	-1.26489	2.227	0.00
0.00	-29333.21	-39931.24	-1.26515	-29333.21	-39931.24	-1.26515	2.918	0.00
0.00	-29333.16	-39931.42	-1.26540	-29333.16	-39931.42	-1.26540	2.409	0.00
0.00	-29333.06	-39931.74	-1.26529	-29333.06	-39931.74	-1.26529	2.639	0.00
0.00	-29332.96	-39932.08	-1.26526	-29332.96	-39932.08	-1.26526	3.438	0.00
0.00	-29332.85	-39932.43	-1.26508	-29332.85	-39932.43	-1.26508	2.749	0.00
0.00	-29332.74	-39932.80	-1.26491	-29332.74	-39932.80	-1.26491	2.670	0.00
0.00	-29332.65	-39933.09	-1.26457	-29332.65	-39933.09	-1.26457	3.667	0.00
0.00	-29332.56	-39933.38	-1.26477	-29332.56	-39933.38	-1.26477	2.891	0.00
0.00	-29332.45	-39933.72	-1.26483	-29332.45	-39933.72	-1.26483	3.084	0.00
0.00	-29332.35	-39934.06	-1.26460	-29332.35	-39934.06	-1.26460	2.882	0.00
0.00	-29332.25	-39934.37	-1.26445	-29332.25	-39934.37	-1.26445	2.957	0.00
0.00	-29332.16	-39934.69	-1.26442	-29332.16	-39934.69	-1.26442	3.249	0.00
0.00	-29332.03	-39935.11	-1.26427	-29332.03	-39935.11	-1.26427	3.248	0.00
0.00	-29331.98	-39935.27	-1.26380	-29331.98	-39935.27	-1.26380	3.225	0.00
0.00	-29331.87	-39935.62	-1.26309	-29331.87	-39935.62	-1.26309	3.267	0.00
0.00	-29331.76	-39935.96	-1.26241	-29331.76	-39935.96	-1.26241	4.242	0.00
0.00	-29331.64	-39936.37	-1.26212	-29331.64	-39936.37	-1.26212	3.743	0.00
0.00	-29331.56	-39936.65	-1.26212	-29331.56	-39936.65	-1.26212	4.320	0.00
0.00	-29331.43	-39937.07	-1.26197	-29331.43	-39937.07	-1.26197	3.431	0.00
0.00	-29331.33	-39937.40	-1.26178	-29331.33	-39937.40	-1.26178	3.524	0.00
0.00	-29331.24	-39937.70	-1.26200	-29331.24	-39937.70	-1.26200	3.982	0.00
0.00	-29331.15	-39938.00	-1.26256	-29331.15	-39938.00	-1.26256	3.676	0.00
0.00	-29331.06	-39938.30	-1.26307	-29331.06	-39938.30	-1.26307	4.192	0.00
0.00	-29330.97	-39938.61	-1.26370	-29330.97	-39938.61	-1.26370	4.010	0.00
0.00	-29330.88	-39938.93	-1.26383	-29330.88	-39938.93	-1.26383	3.668	0.00
0.00	-29330.78	-39939.23	-1.26395	-29330.78	-39939.23	-1.26395	4.212	0.00
0.00	-29330.68	-39939.56	-1.26360	-29330.68	-39939.56	-1.26360	5.505	0.00
0.00	-29330.60	-39939.85	-1.26355	-29330.60	-39939.85	-1.26355	4.568	0.00
0.00	-29330.51	-39940.15	-1.26358	-29330.51	-39940.15	-1.26358	5.513	0.00
0.00	-29330.41	-39940.46	-1.26367	-29330.41	-39940.46	-1.26367	4.622	0.00
0.00	-29330.32	-39940.76	-1.26347	-29330.32	-39940.76	-1.26347	4.071	0.00
0.00	-29330.23	-39941.06	-1.26263	-29330.23	-39941.06	-1.26263	4.970	0.00
0.00	-29330.13	-39941.37	-1.26148	-29330.13	-39941.37	-1.26148	4.877	0.00
0.00	-29330.04	-39941.65	-1.26049	-29330.04	-39941.65	-1.26049	3.876	0.00
0.00	-29329.94	-39941.96	-1.25963	-29329.94	-39941.96	-1.25963	5.055	0.00
0.00	-29329.82	-39942.34	-1.25833	-29329.82	-39942.34	-1.25833	5.225	0.00
0.00	-29329.76	-39942.52	-1.25740	-29329.76	-39942.52	-1.25740	5.307	0.00
0.00	-29329.66	-39942.84	-1.25661	-29329.66	-39942.84	-1.25661	6.119	0.00
0.00	-29329.56	-39943.15	-1.25563	-29329.56	-39943.15	-1.25563	5.290	0.00
0.00	-29329.46	-39943.45	-1.25430	-29329.46	-39943.45	-1.25430	5.643	0.00
0.00	-29329.36	-39943.77	-1.25319	-29329.36	-39943.77	-1.25319	5.472	0.00
0.00	-29329.25	-39944.08	-1.25250	-29329.25	-39944.08	-1.25250	5.613	0.00
0.00	-29329.16	-39944.37	-1.25174	-29329.16	-39944.37	-1.25174	5.698	0.00
0.00	-29329.07	-39944.64	-1.25055	-29329.07	-39944.64	-1.25055	5.506	0.00
0.00	-29328.95	-39945.01	-1.24932	-29328.95	-39945.01	-1.24932	5.882	0.00
0.00	-29328.85	-39945.30	-1.24822	-29328.85	-39945.30	-1.24822	12.711	0.00
0.00	-29328.76	-39945.57	-1.24713	-29328.76	-39945.57	-1.24713	7.758	0.00
0.00	-29328.64	-39945.91	-1.24611	-29328.64	-39945.91	-1.24611	5.773	0.00
0.00	-29328.54	-39946.22	-1.24529	-29328.54	-39946.22	-1.24529	7.054	0.00
0.00	-29328.44	-39946.53	-1.24454	-29328.44	-39946.53	-1.24454	5.704	0.00
0.00	-29328.32	-39946.87	-1.24379	-29328.32	-39946.87	-1.24379	8.368	0.00
0.00	-29328.20	-39947.25	-1.24309	-29328.20	-39947.25	-1.24309	9.624	0.00
0.00	-29328.08	-39947.58	-1.24252	-29328.08	-39947.58	-1.24252	15.747	0.00
0.00	-29328.00	-39947.84	-1.24245	-29328.00	-39947.84	-1.24245	8.831	0.00
0.00	-29327.90	-39948.15	-1.24225	-29327.90	-39948.15	-1.24225	9.606	0.00
0.00	-29327.79	-39948.49	-1.24218	-29327.79	-39948.49	-1.24218	11.227	0.00
0.00	-29327.68	-39948.81	-1.24195	-29327.68	-39948.81	-1.24195	9.776	0.00
0.00	-29327.56	-39949.18	-1.24150	-29327.56	-39949.18	-1.24150	11.636	0.00
0.00	-29327.44	-39949.54	-1.24101	-29327.44	-39949.54	-1.24101	9.816	0.00
0.00	-29327.32	-39949.90	-1.24051	-29327.32	-39949.90	-1.24051	10.944	0.00
0.00	-29327.21	-39950.23	-1.24013	-29327.21	-39950.23	-1.24013	9.038	0.00
0.00	-29327.10	-39950.56	-1.23964	-29327.10	-39950.56	-1.23964	10.455	0.00
0.00	-29326.98	-39950.91	-1.23955	-29326.98	-39950.91	-1.23955	9.844	0.00
0.00	-29326.87	-39951.26	-1.23990	-29326.87	-39951.26	-1.23990	10.279	0.00
0.00	-29326.74	-39951.65	-1.24022	-29326.74	-39951.65	-1.24022	10.194	0.00
0.00	-29326.62	-39952.01	-1.24023	-29326.62	-39952.01	-1.24023	13.452	0.00
0.00	-29326.51	-39952.34	-1.24014	-29326.51	-39952.34	-1.24014	11.360	0.00
0.00	-29326.41	-39952.65	-1.24005	-29326.41	-39952.65	-1.24005	10.242	0.00
0.00	-29326.29	-39953.03	-1.23955	-29326.29	-39953.03	-1.23955	13.343	0.00
0.00	-29326.16	-39953.40	-1.23910	-29326.16	-39953.40	-1.23910	9.806	0.00
0.00	-29326.06	-39953.70	-1.23893	-29326.06	-39953.70	-1.23893	11.601	0.00
0.00	-29325.95	-39954.02	-1.23839	-29325.95	-39954.02	-1.23839	10.753	0.00
0.00	-29325.83	-39954.40	-1.23800	-29325.83	-39954.40	-1.23800	12.019	0.00
0.00	-29325.70	-39954.78	-1.23802	-29325.70	-39954.78	-1.23802	10.516	0.00
0.00	-29325.60	-39955.07	-1.23864	-29325.60	-39955.07	-1.23864	14.009	0.00
0.00	-29325.47	-39955.49	-1.23891	-29325.47	-39955.49	-1.23891	11.749	0.00
0.00	-29325.35	-39955.84	-1.23880	-29325.35	-39955.84	-1.23880	11.928	0.00
0.00	-29325.24	-39956.17	-1.23874	-29325.24	-39956.17	-1.23874	13.282	0.00
0.00	-29325.14	-39956.49	-1.23885	-29325.14	-39956.49	-1.23885	12.790	0.00
0.00	-29325.03	-39956.81	-1.23889	-29325.03	-39956.81	-1.23889	14.047	0.00
0.00	-29324.93	-39957.14	-1.23931	-29324.93	-39957.14	-1.23931	11.739	0.00
0.00	-29324.79	-39957.56	-1.23959	-29324.79	-39957.56	-1.23959	12.936	0.00
0.00	-29324.66	-39957.93	-1.23932	-29324.66	-39957.93	-1.23932	11.890	0.00
0.00	-29324.56	-39958.25	-1.23944	-29324.56	-39958.25	-1.23944	14.867	0.00
0.00	-29324.42	-39958.66	-1.23986	-29324.42	-39958.66	-1.23986	16.065	0.00
0.00	-29324.32	-39958.97	-1.24064	-29324.32	-39958.97	-1.24064	14.131	0.00
0.00	-29324.22	-39959.30	-1.24076	-29324.22	-39959.30	-1.24076	15.799	0.00
0.00	-29324.11	-39959.62	-1.24099	-29324.11	-39959.62	-1.24099	13.209	0.00
0.00	-29323.99	-39959.99	-1.24147	-29323.99	-39959.99	-1.24147	18.489	0.00
0.00	-29323.86	-39960.39	-1.24151	-29323.86	-39960.39	-1.24151	15.749	0.00
0.00	-29323.76	-39960.70	-1.24123	-29323.76	-39960.70	-1.24123	16.045	0.00
0.00	-29323.63	-39961.07	-1.24101	-29323.63	-39961.07	-1.24101	12.236	0.00
0.00	-29323.54	-39961.35	-1.24094	-29323.54	-39961.35	-1.24094	15.348	0.00
0.00	-29323.42	-39961.72	-1.24058	-29323.42	-39961.72	-1.24058	14.306	0.00
0.00	-29323.29	-39962.10	-1.24008	-29323.29	-39962.10	-1.24008	13.699	0.00
0.00	-29323.18	-39962.43	-1.23975	-29323.18	-39962.43	-1.23975	15.339	0.00
0.00	-29323.05	-39962.79	-1.23923	-29323.05	-39962.79	-1.23923	14.331	0.00
0.00	-29322.93	-39963.14	-1.23849	-29322.93	-39963.14	-1.23849	16.576	0.00
0.00	-29322.82	-39963.47	-1.23785	-29322.82	-39963.47	-1.23785	13.935	0.00
0.00	-29322.70	-39963.82	-1.23732	-29322.70	-39963.82	-1.23732	18.921	0.00
0.00	-29322.58	-39964.19	-1.23666	-29322.58	-39964.19	-1.23666	15.154	0.00
0.00	-29322.47	-39964.52	-1.23618	-29322.47	-39964.52	-1.23618	17.544	0.00
0.00	-29322.35	-39964.85	-1.23568	-29322.35	-39964.85	-1.23568	16.440	0.00
0.00	-29322.17	-39965.36	-1.23494	-29322.17	-39965.36	-1.23494	15.844	0.00
0.00	-29322.11	-39965.55	-1.23466	-29322.11	-39965.55	-1.23466	16.092	0.00
0.00	-29321.98	-39965.94	-1.23436	-29321.98	-39965.94	-1.23436	15.856	0.00
0.00	-29321.85	-39966.32	-1.23434	-29321.85	-39966.32	-1.23434	19.226	0.00
0.00	-29321.71	-39966.72	-1.23408	-29321.71	-39966.72	-1.23408	17.545	0.00
0.00	-29321.62	-39966.99	-1.23436	-29321.62	-39966.99	-1.23436	16.923	0.00
0.00	-29321.50	-39967.36	-1.23517	-29321.50	-39967.36	-1.23517	16.315	0.00
0.00	-29321.40	-39967.67	-1.23639	-29321.40	-39967.67	-1.23639	18.441	0.00
0.00	-29321.27	-39968.04	-1.23782	-29321.27	-39968.04	-1.23782	19.675	0.00
0.00	-29321.16	-39968.40	-1.23972	-29321.16	-39968.40	-1.23972	20.813	0.00
0.00	-29321.04	-39968.77	-1.24142	-29321.04	-39968.77	-1.24142	16.456	0.00
0.00	-29320.90	-39969.18	-1.24278	-29320.90	-39969.18	-1.24278	18.635	0.00
0.00	-29320.76	-39969.60	-1.24486	-29320.76	-39969.60	-1.24486	21.330	0.00
0.00	-29320.70	-39969.80	-1.24680	-29320.70	-39969.80	-1.24680	18.852	0.00
0.00	-29320.57	-39970.21	-1.24845	-29320.57	-39970.21	-1.24845	20.403	0.00
0.00	-29320.45	-39970.58	-1.25042	-29320.45	-39970.58	-1.25042	20.170	0.00
0.00	-29320.33	-39970.96	-1.25216	-29320.33	-39970.96	-1.25216	20.981	0.00
0.00	-29320.24	-39971.24	-1.25393	-29320.24	-39971.24	-1.25393	18.380	0.00
0.00	-29320.12	-39971.61	-1.25530	-29320.12	-39971.61	-1.25530	26.014	0.00
0.00	-29320.02	-39971.92	-1.25697	-29320.02	-39971.92	-1.25697	17.785	0.00
0.00	-29319.91	-39972.27	-1.25875	-29319.91	-39972.27	-1.25875	19.471	0.00
0.00	-29319.80	-39972.63	-1.26021	-29319.80	-39972.63	-1.26021	19.505	0.00
0.00	-29319.71	-39972.94	-1.26163	-29319.71	-39972.94	-1.26163	20.523	0.00
0.00	-29319.60	-39973.29	-1.26312	-29319.60	-39973.29	-1.26312	21.962	0.00
0.00	-29319.48	-39973.68	-1.26436	-29319.48	-39973.68	-1.26436	19.310	0.00
0.00	-29319.38	-39973.99	-1.26559	-29319.38	-39973.99	-1.26559	22.301	0.00
0.00	-29319.27	-39974.35	-1.26705	-29319.27	-39974.35	-1.26705	23.720	0.00
0.00	-29319.16	-39974.71	-1.26876	-29319.16	-39974.71	-1.26876	22.544	0.00
0.00	-29319.04	-39975.09	-1.27051	-29319.04	-39975.09	-1.27051	22.320	0.00
0.00	-29318.95	-39975.40	-1.27231	-29318.95	-39975.40	-1.27231	24.646	0.00
0.00	-29318.84	-39975.77	-1.27449	-29318.84	-39975.77	-1.27449	19.946	0.00
0.00	-29318.75	-39976.09	-1.27697	-29318.75	-39976.09	-1.27697	24.401	0.00
0.00	-29318.65	-39976.42	-1.27971	-29318.65	-39976.42	-1.27971	21.586	0.00
0.00	-29318.54	-39976.82	-1.28252	-29318.54	-39976.82	-1.28252	21.210	0.00
0.00	-29318.45	-39977.12	-1.28606	-29318.45	-39977.12	-1.28606	27.335	0.00
0.00	-29318.36	-39977.46	-1.29047	-29318.36	-39977.46	-1.29047	19.967	0.00
0.00	-29318.27	-39977.78	-1.29500	-29318.27	-39977.78	-1.29500	21.984	0.00
0.00	-29318.17	-39978.15	-1.30003	-29318.17	-39978.15	-1.30003	19.700	0.00
0.00	-29318.09	-39978.46	-1.30529	-29318.09	-39978.46	-1.30529	23.843	0.00
0.00	-29318.02	-39978.73	-1.31090	-29318.02	-39978.73	-1.31090	23.253	0.00
0.00	-29317.93	-39979.08	-1.31702	-29317.93	-39979.08	-1.31702	26.906	0.00
0.00	-29317.85	-39979.43	-1.32472	-29317.85	-39979.43	-1.32472	21.963	0.00
0.00	-29317.77	-39979.76	-1.33414	-29317.77	-39979.76	-1.33414	25.012	0.00
0.00	-29317.70	-39980.09	-1.34430	-29317.70	-39980.09	-1.34430	25.138	0.00
0.00	-29317.63	-39980.42	-1.35539	-29317.63	-39980.42	-1.35539	24.361	0.00
0.00	-29317.56	-39980.74	-1.36757	-29317.56	-39980.74	-1.36757	23.492	0.00
0.00	-29317.47	-39981.21	-1.38397	-29317.47	-39981.21	-1.38397	27.862	0.00
0.00	-29317.39	-39981.64	-1.40248	-29317.39	-39981.64	-1.40248	27.729	0.00
0.00	-29317.38	-39981.70	-1.41150	-29317.38	-39981.70	-1.41150	27.161	0.00
0.00	-29317.34	-39982.00	-1.42335	-29317.34	-39982.00	-1.42335	27.528	0.00
0.00	-29317.28	-39982.37	-1.43831	-29317.28	-39982.37	-1.43831	24.790	0.00
0.00	-29317.24	-39982.73	-1.45314	-29317.24	-39982.73	-1.45314	25.640	0.00
0.00	-29317.20	-39983.07	-1.46940	-29317.20	-39983.07	-1.46940	23.311	0.00
0.00	-29317.17	-39983.40	-1.48707	-29317.17	-39983.40	-1.48707	31.446	0.00
0.00	-29317.15	-39983.74	-1.50616	-29317.15	-39983.74	-1.50616	24.675	0.00
0.00	-29317.13	-39984.07	-1.52615	-29317.13	-39984.07	-1.52615	25.358	0.00
0.00	-29317.12	-39984.40	-1.54557	-29317.12	-39984.40	-1.54557	26.218	0.00
0.00	-29317.11	-39984.71	-1.56509	-29317.11	-39984.71	-1.56509	23.245	0.00
0.00	-29317.12	-39985.08	-1.58492	-29317.12	-39985.08	-1.58492	25.786	0.00
0.00	-29317.13	-39985.50	-1.61084	-29317.13	-39985.50	-1.61084	26.426	0.00
0.00	-29317.14	-39985.62	-1.62610	-29317.14	-39985.62	-1.62610	26.470	0.00
0.00	-29317.17	-39985.99	-1.64796	-29317.17	-39985.99	-1.64796	25.144	0.00
0.00	-29317.20	-39986.30	-1.67012	-29317.20	-39986.30	-1.67012	28.090	0.00
0.00	-29317.23	-39986.61	-1.69327	-29317.23	-39986.61	-1.69327	27.624	0.00
0.00	-29317.28	-39986.97	-1.71761	-29317.28	-39986.97	-1.71761	25.088	0.00
0.00	-29317.33	-39987.26	-1.74181	-29317.33	-39987.26	-1.74181	27.958	0.00
0.00	-29317.39	-39987.58	-1.76723	-29317.39	-39987.58	-1.76723	23.399	0.00
0.00	-29317.46	-39987.87	-1.79315	-29317.46	-39987.87	-1.79315	27.606	0.00
0.00	-29317.54	-39988.19	-1.81969	-29317.54	-39988.19	-1.81969	24.963	0.00
0.00	-29317.62	-39988.49	-1.84678	-29317.62	-39988.49	-1.84678	28.888	0.00
0.00	-29317.71	-39988.78	-1.87354	-29317.71	-39988.78	-1.87354	24.934	0.00
0.00	-29317.82	-39989.11	-1.90075	-29317.82	-39989.11	-1.90075	29.179	0.00
0.00	-29317.91	-39989.36	-1.92921	-29317.91	-39989.36	-1.92921	26.424	0.00
0.00	-29318.05	-39989.70	-1.95776	-29318.05	-39989.70	-1.95776	28.009	0.00
0.00	-29318.18	-39990.01	-1.98606	-29318.18	-39990.01	-1.98606	28.566	0.00
0.00	-29318.29	-39990.24	-2.01488	-29318.29	-39990.24	-2.01488	26.524	0.00
0.00	-29318.41	-39990.48	-2.04338	-29318.41	-39990.48	-2.04338	29.079	0.00
0.00	-29318.56	-39990.75	-2.07176	-29318.56	-39990.75	-2.07176	24.340	0.00
0.00	-29318.72	-39991.02	-2.09963	-29318.72	-39991.02	-2.09963	29.751	0.00
0.00	-29318.88	-39991.28	-2.12828	-29318.88	-39991.28	-2.12828	28.016	0.00
0.00	-29319.05	-39991.55	-2.15670	-29319.05	-39991.55	-2.15670	29.265	0.00
0.00	-29319.25	-39991.83	-2.18540	-29319.25	-39991.83	-2.18540	28.052	0.00
0.00	-29319.44	-39992.10	-2.21450	-29319.44	-39992.10	-2.21450	30.004	0.00
0.00	-29319.63	-39992.33	-2.24358	-29319.63	-39992.33	-2.24358	34.156	0.00
0.00	-29319.84	-39992.59	-2.27265	-29319.84	-39992.59	-2.27265	28.230	0.00
0.00	-29320.04	-39992.81	-2.30099	-29320.04	-39992.81	-2.30099	29.884	0.00
0.00	-29320.29	-39993.07	-2.33451	-29320.29	-39993.07	-2.33451	29.762	0.00
0.00	-29320.42	-39993.19	-2.35928	-29320.42	-39993.19	-2.35928	28.634	0.00
0.00	-29320.66	-39993.41	-2.38768	-29320.66	-39993.41	-2.38768	27.656	0.00
0.00	-29320.94	-39993.66	-2.41569	-29320.94	-39993.66	-2.41569	32.090	0.00
0.00	-29321.18	-39993.87	-2.44281	-29321.18	-39993.87	-2.44281	29.956	0.00
0.00	-29321.42	-39994.06	-2.46841	-29321.42	-39994.06	-2.46841	31.269	0.00
0.00	-29321.63	-39994.22	-2.49266	-29321.63	-39994.22	-2.49266	29.517	0.00
0.00	-29321.94	-39994.44	-2.51556	-29321.94	-39994.44	-2.51556	30.335	0.00
0.00	-29322.19	-39994.62	-2.53710	-29322.19	-39994.62	-2.53710	31.468	0.00
0.00	-29322.46	-39994.79	-2.55820	-29322.46	-39994.79	-2.55820	29.480	0.00
0.00	-29322.73	-39994.96	-2.57759	-29322.73	-39994.96	-2.57759	30.079	0.00
0.00	-29323.04	-39995.15	-2.59613	-29323.04	-39995.15	-2.59613	29.198	0.00
0.00	-29323.31	-39995.31	-2.61284	-29323.31	-39995.31	-2.61284	30.798	0.00
0.00	-29323.67	-39995.51	-2.62861	-29323.67	-39995.51	-2.62861	30.454	0.00
0.00	-29323.93	-39995.65	-2.64228	-29323.93	-39995.65	-2.64228	33.879	0.00
0.00	-29324.20	-39995.79	-2.65590	-29324.20	-39995.79	-2.65590	31.461	0.00
0.00	-29324.52	-39995.95	-2.66999	-29324.52	-39995.95	-2.66999	30.958	0.00
0.00	-29324.83	-39996.10	-2.68248	-29324.83	-39996.10	-2.68248	33.512	0.00
0.00	-29325.11	-39996.23	-2.69459	-29325.11	-39996.23	-2.69459	30.966	0.00
0.00	-29325.38	-39996.35	-2.70609	-29325.38	-39996.35	-2.70609	31.827	0.00
0.00	-29325.68	-39996.48	-2.71739	-29325.68	-39996.48	-2.71739	32.121	0.00
0.00	-29325.98	-39996.61	-2.72727	-29325.98	-39996.61	-2.72727	32.741	0.00
0.00	-29326.26	-39996.73	-2.73618	-29326.26	-39996.73	-2.73618	28.450	0.00
0.00	-29326.60	-39996.87	-2.74500	-29326.60	-39996.87	-2.74500	32.112	0.00
0.00	-29326.88	-39996.98	-2.75325	-29326.88	-39996.98	-2.75325	31.491	0.00
0.00	-29327.17	-39997.09	-2.76056	-29327.17	-39997.09	-2.76056	35.341	0.00
0.00	-29327.48	-39997.21	-2.76848	-29327.48	-39997.21	-2.76848	33.110	0.00
0.00	-29327.79	-39997.32	-2.77673	-29327.79	-39997.32	-2.77673	31.274	0.00
0.00	-29328.10	-39997.43	-2.78414	-29328.10	-39997.43	-2.78414	33.308	0.00
0.00	-29328.41	-39997.54	-2.79082	-29328.41	-39997.54	-2.79082	32.783	0.00
0.00	-29328.76	-39997.66	-2.79688	-29328.76	-39997.66	-2.79688	35.367	0.00
0.00	-29329.07	-39997.77	-2.80199	-29329.07	-39997.77	-2.80199	32.206	0.00
0.00	-29329.43	-39997.89	-2.80619	-29329.43	-39997.89	-2.80619	34.813	0.00
0.00	-29329.81	-39998.02	-2.81016	-29329.81	-39998.02	-2.81016	34.136	0.00
0.00	-29330.11	-39998.12	-2.81370	-29330.11	-39998.12	-2.81370	33.772	0.00
0.00	-29330.42	-39998.22	-2.81694	-29330.42	-39998.22	-2.81694	33.371	0.00
0.00	-29330.75	-39998.32	-2.82005	-29330.75	-39998.32	-2.82005	32.613	0.00
0.00	-29331.10	-39998.43	-2.82400	-29331.10	-39998.43	-2.82400	34.249	0.00
0.00	-29331.45	-39998.54	-2.82770	-29331.45	-39998.54	-2.82770	33.402	0.00
0.00	-29331.80	-39998.64	-2.83062	-29331.80	-39998.64	-2.83062	35.422	0.00
0.00	-29332.15	-39998.75	-2.83261	-29332.15	-39998.75	-2.83261	33.683	0.00
0.00	-29332.54	-39998.87	-2.83387	-29332.54	-39998.87	-2.83387	33.512	0.00
0.00	-29332.87	-39998.97	-2.83506	-29332.87	-39998.97	-2.83506	33.195	0.00
0.00	-29333.31	-39999.10	-2.83622	-29333.31	-39999.10	-2.83622	35.258	0.00
0.00	-29333.62	-39999.19	-2.83707	-29333.62	-39999.19	-2.83707	35.516	0.00
0.00	-29333.94	-39999.29	-2.83779	-29333.94	-39999.29	-2.83779	33.785	0.00
0.00	-29334.27	-39999.39	-2.83842	-29334.27	-39999.39	-2.83842	35.381	0.00
0.00	-29334.62	-39999.49	-2.83899	-29334.62	-39999.49	-2.83899	34.964	0.00
0.00	-29335.01	-39999.61	-2.83916	-29335.01	-39999.61	-2.83916	35.612	0.00
0.00	-29335.39	-39999.73	-2.83858	-29335.39	-39999.73	-2.83858	33.082	0.00
0.00	-29335.72	-39999.83	-2.83807	-29335.72	-39999.83	-2.83807	35.852	0.00
0.00	-29336.05	-39999.93	-2.83707	-29336.05	-39999.93	-2.83707	35.519	0.00
0.00	-29336.44	-40000.05	-2.83616	-29336.44	-40000.05	-2.83616	35.515	0.00
0.00	-29336.89	-40000.19	-2.83571	-29336.89	-40000.19	-2.83571	37.001	0.00
0.00	-29337.24	-40000.30	-2.83534	-29337.24	-40000.30	-2.83534	36.066	0.00
0.00	-29337.42	-40000.35	-2.83489	-29337.42	-40000.35	-2.83489	35.989	0.00
0.00	-29337.78	-40000.47	-2.83421	-29337.78	-40000.47	-2.83421	35.046	0.00
0.00	-29338.14	-40000.58	-2.83353	-29338.14	-40000.58	-2.83353	35.760	0.00
0.00	-29338.48	-40000.68	-2.83266	-29338.48	-40000.68	-2.83266	38.548	0.00
0.00	-29338.82	-40000.79	-2.83197	-29338.82	-40000.79	-2.83197	36.855	0.00
0.00	-29339.19	-40000.91	-2.83137	-29339.19	-40000.91	-2.83137	35.624	0.00
0.00	-29339.57	-40001.02	-2.83072	-29339.57	-40001.02	-2.83072	37.396	0.00
0.00	-29339.96	-40001.15	-2.83013	-29339.96	-40001.15	-2.83013	37.375	0.00
0.00	-29340.36	-40001.28	-2.82980	-29340.36	-40001.28	-2.82980	37.221	0.00
0.00	-29340.71	-40001.38	-2.82932	-29340.71	-40001.38	-2.82932	37.017	0.00
0.00	-29341.03	-40001.48	-2.82882	-29341.03	-40001.48	-2.82882	37.115	0.00
0.00	-29341.41	-40001.61	-2.82835	-29341.41	-40001.61	-2.82835	37.617	0.00
0.00	-29341.77	-40001.72	-2.82801	-29341.77	-40001.72	-2.82801	36.190	0.00
0.00	-29342.11	-40001.82	-2.82791	-29342.11	-40001.82	-2.82791	38.304	0.00
0.00	-29342.49	-40001.94	-2.82765	-29342.49	-40001.94	-2.82765	37.149	0.00
0.00	-29342.85	-40002.06	-2.82750	-29342.85	-40002.06	-2.82750	38.380	0.00
0.00	-29343.23	-40002.18	-2.82727	-29343.23	-40002.18	-2.82727	37.864	0.00
0.00	-29343.61	-40002.29	-2.82705	-29343.61	-40002.29	-2.82705	38.561	0.00
0.00	-29344.02	-40002.42	-2.82693	-29344.02	-40002.42	-2.82693	39.420	0.00
0.00	-29344.37	-40002.53	-2.82697	-29344.37	-40002.53	-2.82697	38.691	0.00
0.00	-29344.88	-40002.69	-2.82688	-29344.88	-40002.69	-2.82688	39.977	0.00
0.00	-29345.10	-40002.76	-2.82709	-29345.10	-40002.76	-2.82709	38.315	0.00
0.00	-29345.50	-40002.89	-2.82705	-29345.50	-40002.89	-2.82705	38.882	0.00
0.00	-29345.89	-40003.01	-2.82692	-29345.89	-40003.01	-2.82692	36.971	0.00
0.00	-29346.29	-40003.13	-2.82679	-29346.29	-40003.13	-2.82679	40.084	0.00
0.00	-29346.68	-40003.25	-2.82711	-29346.68	-40003.25	-2.82711	39.778	0.00
0.00	-29347.06	-40003.37	-2.82750	-29347.06	-40003.37	-2.82750	38.920	0.00
0.00	-29347.46	-40003.49	-2.82793	-29347.46	-40003.49	-2.82793	40.061	0.00
0.00	-29347.91	-40003.63	-2.82807	-29347.91	-40003.63	-2.82807	37.323	0.00
0.00	-29348.24	-40003.74	-2.82813	-29348.24	-40003.74	-2.82813	40.957	0.00
0.00	-29348.66	-40003.87	-2.82801	-29348.66	-40003.87	-2.82801	40.580	0.00
0.00	-29349.00	-40003.97	-2.82805	-29349.00	-40003.97	-2.82805	40.629	0.00
0.00	-29349.36	-40004.08	-2.82816	-29349.36	-40004.08	-2.82816	42.822	0.00
0.00	-29349.76	-40004.21	-2.82811	-29349.76	-40004.21	-2.82811	39.254	0.00
0.00	-29350.23	-40004.36	-2.82682	-29350.23	-40004.36	-2.82682	40.539	0.00
0.00	-29350.38	-40004.41	-2.82711	-29350.38	-40004.41	-2.82711	39.709	0.00
0.00	-29350.85	-40004.55	-2.82743	-29350.85	-40004.55	-2.82743	44.000	0.00
0.00	-29351.33	-40004.70	-2.82756	-29351.33	-40004.70	-2.82756	40.126	0.00
0.00	-29351.72	-40004.82	-2.82753	-29351.72	-40004.82	-2.82753	40.471	0.00
0.00	-29352.07	-40004.94	-2.82680	-29352.07	-40004.94	-2.82680	43.048	0.00
0.00	-29352.40	-40005.04	-2.82633	-29352.40	-40005.04	-2.82633	41.002	0.00
0.00	-29352.81	-40005.17	-2.82600	-29352.81	-40005.17	-2.82600	41.161	0.00
0.00	-29353.17	-40005.29	-2.82556	-29353.17	-40005.29	-2.82556	40.543	0.00
0.00	-29353.52	-40005.40	-2.82522	-29353.52	-40005.40	-2.82522	40.412	0.00
0.00	-29353.88	-40005.52	-2.82458	-29353.88	-40005.52	-2.82458	41.817	0.00
0.00	-29354.25	-40005.63	-2.82390	-29354.25	-40005.63	-2.82390	41.116	0.00
0.00	-29354.60	-40005.75	-2.82319	-29354.60	-40005.75	-2.82319	41.197	0.00
0.00	-29355.05	-40005.89	-2.82298	-29355.05	-40005.89	-2.82298	43.425	0.00
0.00	-29355.43	-40006.02	-2.82292	-29355.43	-40006.02	-2.82292	42.854	0.00
0.00	-29355.77	-40006.13	-2.82244	-29355.77	-40006.13	-2.82244	42.816	0.00
0.00	-29356.13	-40006.24	-2.82170	-29356.13	-40006.24	-2.82170	43.394	0.00
0.00	-29356.49	-40006.36	-2.82121	-29356.49	-40006.36	-2.82121	43.768	0.00
0.00	-29356.89	-40006.49	-2.82081	-29356.89	-40006.49	-2.82081	42.592	0.00
0.00	-29357.22	-40006.60	-2.82029	-29357.22	-40006.60	-2.82029	43.292	0.00
0.00	-29357.56	-40006.71	-2.81969	-29357.56	-40006.71	-2.81969	43.219	0.00
0.00	-29357.91	-40006.82	-2.81907	-29357.91	-40006.82	-2.81907	42.386	0.00
0.00	-29358.26	-40006.94	-2.81847	-29358.26	-40006.94	-2.81847	43.803	0.00
0.00	-29358.71	-40007.09	-2.81807	-29358.71	-40007.09	-2.81807	45.389	0.00
0.00	-29359.09	-40007.21	-2.81786	-29359.09	-40007.21	-2.81786	43.838	0.00
0.00	-29359.42	-40007.32	-2.81789	-29359.42	-40007.32	-2.81789	45.883	0.00
0.00	-29359.77	-40007.44	-2.81799	-29359.77	-40007.44	-2.81799	44.588	0.00
0.00	-29360.16	-40007.56	-2.81795	-29360.16	-40007.56	-2.81795	44.015	0.00
0.00	-29360.55	-40007.69	-2.81799	-29360.55	-40007.69	-2.81799	44.348	0.00
0.00	-29361.04	-40007.85	-2.81787	-29361.04	-40007.85	-2.81787	41.200	0.00
0.00	-29361.29	-40007.92	-2.81796	-29361.29	-40007.92	-2.81796	45.630	0.00
0.00	-29361.71	-40008.06	-2.81791	-29361.71	-40008.06	-2.81791	45.070	0.00
0.00	-29362.06	-40008.18	-2.81797	-29362.06	-40008.18	-2.81797	42.950	0.00
0.00	-29362.53	-40008.33	-2.81816	-29362.53	-40008.33	-2.81816	43.304	0.00
0.00	-29362.90	-40008.45	-2.81838	-29362.90	-40008.45	-2.81838	46.887	0.00
0.00	-29363.25	-40008.56	-2.81878	-29363.25	-40008.56	-2.81878	45.533	0.00
0.00	-29363.61	-40008.68	-2.81931	-29363.61	-40008.68	-2.81931	45.126	0.00
0.00	-29364.01	-40008.80	-2.81936	-29364.01	-40008.80	-2.81936	45.141	0.00
0.00	-29364.41	-40008.93	-2.81931	-29364.41	-40008.93	-2.81931	45.168	0.00
0.00	-29364.81	-40009.06	-2.81928	-29364.81	-40009.06	-2.81928	45.245	0.00
0.00	-29365.21	-40009.19	-2.81912	-29365.21	-40009.19	-2.81912	45.404	0.00
0.00	-29365.61	-40009.32	-2.81893	-29365.61	-40009.32	-2.81893	44.878	0.00
0.00	-29366.13	-40009.49	-2.81869	-29366.13	-40009.49	-2.81869	532.661	0.00
0.00	-29368.91	-40010.41	-2.81559	-29368.91	-40010.41	-2.81559	2.054	0.00
0.00	-29368.95	-40010.42	-2.81550	-29368.95	-40010.42	-2.81550	2.287	0.00
0.00	-29368.23	-40010.18	-2.81534	-29368.23	-40010.18	-2.81534	2.182	0.00
0.00	-29368.70	-40010.34	-2.81520	-29368.70	-40010.34	-2.81520	2.426	0.00
0.00	-29369.11	-40010.47	-2.81534	-29369.11	-40010.47	-2.81534	2.312	0.00
0.00	-29369.49	-40010.60	-2.81534	-29369.49	-40010.60	-2.81534	3.735	0.00
0.00	-29369.86	-40010.72	-2.81518	-29369.86	-40010.72	-2.81518	2.414	0.00
0.00	-29370.35	-40010.88	-2.81484	-29370.35	-40010.88	-2.81484	2.492	0.00
0.00	-29370.68	-40010.99	-2.81444	-29370.68	-40010.99	-2.81444	2.735	0.00
0.00	-29371.03	-40011.11	-2.81413	-29371.03	-40011.11	-2.81413	2.962	0.00
0.00	-29371.42	-40011.24	-2.81389	-29371.42	-40011.24	-2.81389	2.985	0.00
0.00	-29371.78	-40011.36	-2.81373	-29371.78	-40011.36	-2.81373	2.650	0.00
0.00	-29372.16	-40011.49	-2.81322	-29372.16	-40011.49	-2.81322	4.117	0.00
0.00	-29372.52	-40011.61	-2.81254	-29372.52	-40011.61	-2.81254	2.795	0.00
0.00	-29372.90	-40011.73	-2.81166	-29372.90	-40011.73	-2.81166	2.763	0.00
0.00	-29373.31	-40011.87	-2.81109	-29373.31	-40011.87	-2.81109	3.160	0.00
0.00	-29373.69	-40012.00	-2.81076	-29373.69	-40012.00	-2.81076	3.191	0.00
0.00	-29374.17	-40012.16	-2.81038	-29374.17	-40012.16	-2.81038	3.299	0.00
0.00	-29374.50	-40012.27	-2.80978	-29374.50	-40012.27	-2.80978	3.079	0.00
0.00	-29374.89	-40012.40	-2.80931	-29374.89	-40012.40	-2.80931	3.837	0.00
0.00	-29375.25	-40012.52	-2.80878	-29375.25	-40012.52	-2.80878	3.297	0.00
0.00	-29375.63	-40012.65	-2.80815	-29375.63	-40012.65	-2.80815	3.392	0.00
0.00	-29376.03	-40012.78	-2.80746	-29376.03	-40012.78	-2.80746	3.458	0.00
0.00	-29376.43	-40012.92	-2.80689	-29376.43	-40012.92	-2.80689	3.348	0.00
0.00	-29376.81	-40013.05	-2.80648	-29376.81	-40013.05	-2.80648	3.620	0.00
0.00	-29377.22	-40013.19	-2.80608	-29377.22	-40013.19	-2.80608	3.662	0.00
0.00	-29377.64	-40013.33	-2.80552	-29377.64	-40013.33	-2.80552	3.786	0.00
0.00	-29378.12	-40013.49	-2.80517	-29378.12	-40013.49	-2.80517	4.024	0.00
0.00	-29378.47	-40013.61	-2.80465	-29378.47	-40013.61	-2.80465	3.922	0.00
0.00	-29378.85	-40013.74	-2.80396	-29378.85	-40013.74	-2.80396	3.848	0.00
0.00	-29379.24	-40013.87	-2.80338	-29379.24	-40013.87	-2.80338	4.985	0.00
0.00	-29379.67	-40014.02	-2.80291	-29379.67	-40014.02	-2.80291	4.004	0.00
0.00	-29380.05	-40014.15	-2.80237	-29380.05	-40014.15	-2.80237	4.517	0.00
0.00	-29380.42	-40014.28	-2.80194	-29380.42	-40014.28	-2.80194	4.308	0.00
0.00	-29380.82	-40014.42	-2.80139	-29380.82	-40014.42	-2.80139	4.533	0.00
0.00	-29381.21	-40014.55	-2.80107	-29381.21	-40014.55	-2.80107	4.310	0.00
0.00	-29381.62	-40014.69	-2.80090	-29381.62	-40014.69	-2.80090	4.300	0.00
0.00	-29382.10	-40014.86	-2.80039	-29382.10	-40014.86	-2.80039	4.524	0.00
0.00	-29382.43	-40014.97	-2.80032	-29382.43	-40014.97	-2.80032	4.406	0.00
0.00	-29382.80	-40015.10	-2.80047	-29382.80	-40015.10	-2.80047	6.703	0.00
0.00	-29383.19	-40015.24	-2.80052	-29383.19	-40015.24	-2.80052	4.498	0.00
0.00	-29383.71	-40015.42	-2.80043	-29383.71	-40015.42	-2.80043	4.047	0.00
0.00	-29383.98	-40015.51	-2.80089	-29383.98	-40015.51	-2.80089	4.916	0.00
0.00	-29384.37	-40015.64	-2.80135	-29384.37	-40015.64	-2.80135	4.932	0.00
0.00	-29384.78	-40015.78	-2.80159	-29384.78	-40015.78	-2.80159	4.761	0.00
0.00	-29385.15	-40015.91	-2.80206	-29385.15	-40015.91	-2.80206	4.812	0.00
0.00	-29385.53	-40016.04	-2.80226	-29385.53	-40016.04	-2.80226	5.147	0.00
0.00	-29385.96	-40016.19	-2.80233	-29385.96	-40016.19	-2.80233	4.925	0.00
0.00	-29386.31	-40016.31	-2.80244	-29386.31	-40016.31	-2.80244	6.306	0.00
0.00	-29386.67	-40016.43	-2.80272	-29386.67	-40016.43	-2.80272	4.998	0.00
0.00	-29387.02	-40016.55	-2.80306	-29387.02	-40016.55	-2.80306	5.285	0.00
0.00	-29387.41	-40016.68	-2.80358	-29387.41	-40016.68	-2.80358	5.192	0.00
0.00	-29387.78	-40016.81	-2.80427	-29387.78	-40016.81	-2.80427	6.273	0.00
0.00	-29388.18	-40016.94	-2.80481	-29388.18	-40016.94	-2.80481	4.462	0.00
0.00	-29388.59	-40017.08	-2.80510	-29388.59	-40017.08	-2.80510	6.030	0.00
0.00	-29388.85	-40017.17	-2.80528	-29388.85	-40017.17	-2.80528	5.722	0.00
0.00	-29389.23	-40017.30	-2.80525	-29389.23	-40017.30	-2.80525	5.604	0.00
0.00	-29389.63	-40017.43	-2.80515	-29389.63	-40017.43	-2.80515	7.746	0.00
0.00	-29389.99	-40017.56	-2.80477	-29389.99	-40017.56	-2.80477	5.497	0.00
0.00	-29390.33	-40017.67	-2.80463	-29390.33	-40017.67	-2.80463	141.618	0.00
0.00	-29390.97	-40017.89	-2.80450	-29390.97	-40017.89	-2.80450	5.511	0.00
0.00	-29391.01	-40017.90	-2.80441	-29391.01	-40017.90	-2.80441	6.274	0.00
0.00	-29391.41	-40018.04	-2.80405	-29391.41	-40018.04	-2.80405	5.279	0.00
0.00	-29391.78	-40018.16	-2.80357	-29391.78	-40018.16	-2.80357	5.054	0.00
0.00	-29392.14	-40018.29	-2.80313	-29392.14	-40018.29	-2.80313	6.096	0.00
0.00	-29392.63	-40018.46	-2.80282	-29392.63	-40018.46	-2.80282	6.551	0.00
0.00	-29392.90	-40018.55	-2.80254	-29392.90	-40018.55	-2.80254	8.474	0.00
0.00	-29393.31	-40018.69	-2.80217	-29393.31	-40018.69	-2.80217	6.315	0.00
0.00	-29393.64	-40018.80	-2.80213	-29393.64	-40018.80	-2.80213	34.334	0.00
0.00	-29393.99	-40018.93	-2.80247	-29393.99	-40018.93	-2.80247	6.046	0.00
0.00	-29394.36	-40019.05	-2.80271	-29394.36	-40019.05	-2.80271	5.834	0.00
0.00	-29394.73	-40019.18	-2.80261	-29394.73	-40019.18	-2.80261	6.128	0.00
0.00	-29395.10	-40019.31	-2.80236	-29395.10	-40019.31	-2.80236	11.459	0.00
0.00	-29395.50	-40019.45	-2.80194	-29395.50	-40019.45	-2.80194	6.976	0.00
0.00	-29395.87	-40019.57	-2.80162	-29395.87	-40019.57	-2.80162	7.528	0.00
0.00	-29396.23	-40019.70	-2.80146	-29396.23	-40019.70	-2.80146	7.594	0.00
0.00	-29396.75	-40019.88	-2.80132	-29396.75	-40019.88	-2.80132	6.334	0.00
0.00	-29397.01	-40019.97	-2.80118	-29397.01	-40019.97	-2.80118	8.632	0.00
0.00	-29397.37	-40020.10	-2.80117	-29397.37	-40020.10	-2.80117	5.120	0.00
0.00	-29397.75	-40020.23	-2.80159	-29397.75	-40020.23	-2.80159	5.143	0.00
0.00	-29398.11	-40020.35	-2.80229	-29398.11	-40020.35	-2.80229	4.228	0.00
0.00	-29398.48	-40020.48	-2.80285	-29398.48	-40020.48	-2.80285	6.590	0.00
0.00	-29398.84	-40020.61	-2.80328	-29398.84	-40020.61	-2.80328	6.226	0.00
0.00	-29399.21	-40020.74	-2.80373	-29399.21	-40020.74	-2.80373	6.604	0.00
0.00	-29399.58	-40020.86	-2.80443	-29399.58	-40020.86	-2.80443	4.986	0.00
0.00	-29399.95	-40020.99	-2.80521	-29399.95	-40020.99	-2.80521	6.244	0.00
0.00	-29400.38	-40021.14	-2.80598	-29400.38	-40021.14	-2.80598	8.991	0.00
0.00	-29400.76	-40021.27	-2.80661	-29400.76	-40021.27	-2.80661	5.126	0.00
0.00	-29401.30	-40021.45	-2.80746	-29401.30	-40021.45	-2.80746	6.727	0.00
0.00	-29401.39	-40021.48	-2.80811	-29401.39	-40021.48	-2.80811	4.996	0.00
0.00	-29401.80	-40021.62	-2.80927	-29401.80	-40021.62	-2.80927	7.967	0.00
0.00	-29402.18	-40021.74	-2.81058	-29402.18	-40021.74	-2.81058	7.667	0.00
0.00	-29402.56	-40021.87	-2.81162	-29402.56	-40021.87	-2.81162	5.688	0.00
0.00	-29402.91	-40021.98	-2.81324	-29402.91	-40021.98	-2.81324	7.022	0.00
0.00	-29403.30	-40022.11	-2.81468	-29403.30	-40022.11	-2.81468	7.733	0.00
0.00	-29403.66	-40022.22	-2.81607	-29403.66	-40022.22	-2.81607	9.232	0.00
0.00	-29404.29	-40022.43	-2.81795	-29404.29	-40022.43	-2.81795	19.682	0.00
0.00	-29404.44	-40022.48	-2.81925	-29404.44	-40022.48	-2.81925	7.325	0.00
0.00	-29404.90	-40022.63	-2.82051	-29404.90	-40022.63	-2.82051	8.212	0.00
0.00	-29405.30	-40022.75	-2.82217	-29405.30	-40022.75	-2.82217	7.943	0.00
0.00	-29405.59	-40022.84	-2.82369	-29405.59	-40022.84	-2.82369	10.715	0.00
0.00	-29406.00	-40022.97	-2.82502	-29406.00	-40022.97	-2.82502	8.118	0.00
0.00	-29406.35	-40023.08	-2.82678	-29406.35	-40023.08	-2.82678	8.799	0.00
0.00	-29406.72	-40023.20	-2.82842	-29406.72	-40023.20	-2.82842	8.295	0.00
0.00	-29407.09	-40023.31	-2.82989	-29407.09	-40023.31	-2.82989	8.768	0.00
0.00	-29407.44	-40023.42	-2.83124	-29407.44	-40023.42	-2.83124	7.920	0.00
0.00	-29407.89	-40023.56	-2.83280	-29407.89	-40023.56	-2.83280	9.883	0.00
0.00	-29408.26	-40023.67	-2.83450	-29408.26	-40023.67	-2.83450	6.023	0.00
0.00	-29408.59	-40023.78	-2.83614	-29408.59	-40023.78	-2.83614	7.932	0.00
0.00	-29408.95	-40023.88	-2.83763	-29408.95	-40023.88	-2.83763	9.441	0.00
0.00	-29409.42	-40024.03	-2.83929	-29409.42	-40024.03	-2.83929	25.132	0.00
0.00	-29409.64	-40024.09	-2.84061	-29409.64	-40024.09	-2.84061	9.801	0.00
0.00	-29410.05	-40024.22	-2.84177	-29410.05	-40024.22	-2.84177	8.197	0.00
0.00	-29410.42	-40024.33	-2.84265	-29410.42	-40024.33	-2.84265	11.357	0.00
0.00	-29410.76	-40024.43	-2.84367	-29410.76	-40024.43	-2.84367	7.766	0.00
0.00	-29411.12	-40024.54	-2.84451	-29411.12	-40024.54	-2.84451	9.949	0.00
0.00	-29411.55	-40024.67	-2.84544	-29411.55	-40024.67	-2.84544	9.071	0.00
0.00	-29411.91	-40024.77	-2.84626	-29411.91	-40024.77	-2.84626	10.887	0.00
0.00	-29412.26	-40024.88	-2.84700	-29412.26	-40024.88	-2.84700	9.179	0.00
0.00	-29412.64	-40024.99	-2.84778	-29412.64	-40024.99	-2.84778	9.223	0.00
0.00	-29413.02	-40025.10	-2.84863	-29413.02	-40025.10	-2.84863	10.706	0.00
0.00	-29413.41	-40025.21	-2.84940	-29413.41	-40025.21	-2.84940	9.939	0.00
0.00	-29413.87	-40025.35	-2.84999	-29413.87	-40025.35	-2.84999	8.291	0.00
0.00	-29414.12	-40025.42	-2.85032	-29414.12	-40025.42	-2.85032	10.822	0.00
0.00	-29414.53	-40025.54	-2.85083	-29414.53	-40025.54	-2.85083	10.878	0.00
0.00	-29414.91	-40025.65	-2.85125	-29414.91	-40025.65	-2.85125	9.878	0.00
0.00	-29415.34	-40025.77	-2.85159	-29415.34	-40025.77	-2.85159	10.948	0.00
0.00	-29415.67	-40025.87	-2.85190	-29415.67	-40025.87	-2.85190	10.515	0.00
0.00	-29416.03	-40025.97	-2.85216	-29416.03	-40025.97	-2.85216	10.385	0.00
0.00	-29416.40	-40026.08	-2.85259	-29416.40	-40026.08	-2.85259	30.180	0.00
0.00	-29416.78	-40026.19	-2.85342	-29416.78	-40026.19	-2.85342	11.064	0.00
0.00	-29417.15	-40026.29	-2.85403	-29417.15	-40026.29	-2.85403	10.322	0.00
0.00	-29417.52	-40026.40	-2.85446	-29417.52	-40026.40	-2.85446	10.776	0.00
0.00	-29417.89	-40026.50	-2.85490	-29417.89	-40026.50	-2.85490	13.938	0.00
0.00	-29418.28	-40026.62	-2.85558	-29418.28	-40026.62	-2.85558	10.786	0.00
0.00	-29418.62	-40026.71	-2.85621	-29418.62	-40026.71	-2.85621	12.208	0.00
0.00	-29419.07	-40026.84	-2.85665	-29419.07	-40026.84	-2.85665	9.371	0.00
0.00	-29419.39	-40026.93	-2.85689	-29419.39	-40026.93	-2.85689	16.363	0.00
0.00	-29419.72	-40027.02	-2.85711	-29419.72	-40027.02	-2.85711	11.751	0.00
0.00	-29420.10	-40027.13	-2.85752	-29420.10	-40027.13	-2.85752	9.439	0.00
0.00	-29420.44	-40027.22	-2.85804	-29420.44	-40027.22	-2.85804	13.403	0.00
0.00	-29420.81	-40027.33	-2.85832	-29420.81	-40027.33	-2.85832	8.757	0.00
0.00	-29421.17	-40027.43	-2.85846	-29421.17	-40027.43	-2.85846	13.355	0.00
0.00	-29421.55	-40027.53	-2.85861	-29421.55	-40027.53	-2.85861	9.594	0.00
0.00	-29421.92	-40027.64	-2.85857	-29421.92	-40027.64	-2.85857	12.506	0.00
0.00	-29422.35	-40027.76	-2.85839	-29422.35	-40027.76	-2.85839	10.463	0.00
0.00	-29422.77	-40027.88	-2.85790	-29422.77	-40027.88	-2.85790	11.890	0.00
0.00	-29423.08	-40027.96	-2.85734	-29423.08	-40027.96	-2.85734	9.793	0.00
0.00	-29423.44	-40028.07	-2.85681	-29423.44	-40028.07	-2.85681	11.676	0.00
0.00	-29423.81	-40028.17	-2.85633	-29423.81	-40028.17	-2.85633	14.203	0.00
0.00	-29424.18	-40028.28	-2.85586	-29424.18	-40028.28	-2.85586	12.165	0.00
0.00	-29424.57	-40028.39	-2.85558	-29424.57	-40028.39	-2.85558	12.715	0.00
0.00	-29424.95	-40028.50	-2.85549	-29424.95	-40028.50	-2.85549	10.541	0.00
0.00	-29425.32	-40028.60	-2.85515	-29425.32	-40028.60	-2.85515	12.258	0.00
0.00	-29425.72	-40028.72	-2.85426	-29425.72	-40028.72	-2.85426	10.406	0.00
0.00	-29426.10	-40028.83	-2.85379	-29426.10	-40028.83	-2.85379	10.846	0.00
0.00	-29426.58	-40028.97	-2.85332	-29426.58	-40028.97	-2.85332	37.871	0.00
0.00	-29426.96	-40029.08	-2.85283	-29426.96	-40029.08	-2.85283	11.794	0.00
0.00	-29427.31	-40029.18	-2.85224	-29427.31	-40029.18	-2.85224	6.743	0.00
0.00	-29427.70	-40029.29	-2.85135	-29427.70	-40029.29	-2.85135	12.367	0.00
0.00	-29428.07	-40029.40	-2.85056	-29428.07	-40029.40	-2.85056	14.495	0.00
0.00	-29428.44	-40029.51	-2.84989	-29428.44	-40029.51	-2.84989	18.036	0.00
0.00	-29428.81	-40029.62	-2.84930	-29428.81	-40029.62	-2.84930	14.099	0.00
0.00	-29429.21	-40029.74	-2.84868	-29429.21	-40029.74	-2.84868	12.630	0.00
0.00	-29429.55	-40029.84	-2.84802	-29429.55	-40029.84	-2.84802	15.897	0.00
0.00	-29429.94	-40029.95	-2.84747	-29429.94	-40029.95	-2.84747	16.490	0.00
0.00	-29430.35	-40030.07	-2.84702	-29430.35	-40030.07	-2.84702	13.161	0.00
0.00	-29430.70	-40030.18	-2.84653	-29430.70	-40030.18	-2.84653	15.265	0.00
0.00	-29431.17	-40030.32	-2.84584	-29431.17	-40030.32	-2.84584	12.178	0.00
0.00	-29431.45	-40030.40	-2.84551	-29431.45	-40030.40	-2.84551	10.043	0.00
0.00	-29431.74	-40030.48	-2.84510	-29431.74	-40030.48	-2.84510	13.231	0.00
0.00	-29432.13	-40030.60	-2.84441	-29432.13	-40030.60	-2.84441	10.560	0.00
0.00	-29432.56	-40030.73	-2.84387	-29432.56	-40030.73	-2.84387	16.655	0.00
0.00	-29432.82	-40030.80	-2.84364	-29432.82	-40030.80	-2.84364	12.868	0.00
0.00	-29433.23	-40030.92	-2.84285	-29433.23	-40030.92	-2.84285	15.069	0.00
0.00	-29433.60	-40031.04	-2.84187	-29433.60	-40031.04	-2.84187	14.527	0.00
0.00	-29434.01	-40031.16	-2.84114	-29434.01	-40031.16	-2.84114	16.624	0.00
0.00	-29434.33	-40031.25	-2.84044	-29434.33	-40031.25	-2.84044	11.271	0.00
0.00	-29434.68	-40031.36	-2.83968	-29434.68	-40031.36	-2.83968	15.122	0.00
0.00	-29435.03	-40031.47	-2.83890	-29435.03	-40031.47	-2.83890	10.681	0.00
0.00	-29435.49	-40031.60	-2.83793	-29435.49	-40031.60	-2.83793	12.413	0.00
0.00	-29435.71	-40031.67	-2.83733	-29435.71	-40031.67	-2.83733	13.567	0.00
0.00	-29436.09	-40031.79	-2.83675	-29436.09	-40031.79	-2.83675	10.526	0.00
0.00	-29436.46	-40031.90	-2.83620	-29436.46	-40031.90	-2.83620	16.113	0.00
0.00	-29436.79	-40032.00	-2.83579	-29436.79	-40032.00	-2.83579	14.443	0.00
0.00	-29437.16	-40032.11	-2.83545	-29437.16	-40032.11	-2.83545	12.862	0.00
0.00	-29437.56	-40032.24	-2.83492	-29437.56	-40032.24	-2.83492	13.948	0.00
0.00	-29437.86	-40032.33	-2.83412	-29437.86	-40032.33	-2.83412	14.101	0.00
0.00	-29438.19	-40032.43	-2.83317	-29438.19	-40032.43	-2.83317	12.630	0.00
0.00	-29438.53	-40032.54	-2.83240	-29438.53	-40032.54	-2.83240	14.786	0.00
0.00	-29438.88	-40032.64	-2.83212	-29438.88	-40032.64	-2.83212	16.491	0.00
0.00	-29439.23	-40032.75	-2.83174	-29439.23	-40032.75	-2.83174	13.312	0.00
0.00	-29439.63	-40032.87	-2.83110	-29439.63	-40032.87	-2.83110	11.014	0.00
0.00	-29439.93	-40032.97	-2.83048	-29439.93	-40032.97	-2.83048	14.910	0.00
0.00	-29440.25	-40033.07	-2.82975	-29440.25	-40033.07	-2.82975	14.082	0.00
0.00	-29440.66	-40033.19	-2.82926	-29440.66	-40033.19	-2.82926	13.057	0.00
0.00	-29441.02	-40033.31	-2.82882	-29441.02	-40033.31	-2.82882	16.939	0.00
0.00	-29441.32	-40033.40	-2.82852	-29441.32	-40033.40	-2.82852	14.364	0.00
0.00	-29441.65	-40033.50	-2.82806	-29441.65	-40033.50	-2.82806	12.526	0.00
0.00	-29442.00	-40033.61	-2.82774	-29442.00	-40033.61	-2.82774	16.652	0.00
0.00	-29442.37	-40033.73	-2.82769	-29442.37	-40033.73	-2.82769	15.489	0.00
0.00	-29442.71	-40033.83	-2.82752	-29442.71	-40033.83	-2.82752	16.040	0.00
0.00	-29443.08	-40033.95	-2.82740	-29443.08	-40033.95	-2.82740	13.317	0.00
0.00	-29443.48	-40034.07	-2.82720	-29443.48	-40034.07	-2.82720	17.684	0.00
0.00	-29443.80	-40034.17	-2.82692	-29443.80	-40034.17	-2.82692	11.305	0.00
0.00	-29444.18	-40034.30	-2.82648	-29444.18	-40034.30	-2.82648	17.641	0.00
0.00	-29444.52	-40034.40	-2.82634	-29444.52	-40034.40	-2.82634	12.834	0.00
0.00	-29444.89	-40034.52	-2.82600	-29444.89	-40034.52	-2.82600	16.908	0.00
0.00	-29445.25	-40034.64	-2.82550	-29445.25	-40034.64	-2.82550	14.669	0.00
0.00	-29445.63	-40034.76	-2.82488	-29445.63	-40034.76	-2.82488	14.944	0.00
0.00	-29446.00	-40034.88	-2.82437	-29446.00	-40034.88	-2.82437	19.108	0.00
0.00	-29446.36	-40034.99	-2.82412	-29446.36	-40034.99	-2.82412	14.552	0.00
0.00	-29446.74	-40035.11	-2.82373	-29446.74	-40035.11	-2.82373	9.419	0.00
0.00	-29447.15	-40035.24	-2.82330	-29447.15	-40035.24	-2.82330	14.376	0.00
0.00	-29447.54	-40035.37	-2.82287	-29447.54	-40035.37	-2.82287	11.780	0.00
0.00	-29447.94	-40035.50	-2.82247	-29447.94	-40035.50	-2.82247	25.465	0.00
0.00	-29448.29	-40035.61	-2.82208	-29448.29	-40035.61	-2.82208	16.843	0.00
0.00	-29448.65	-40035.73	-2.82175	-29448.65	-40035.73	-2.82175	13.788	0.00
0.00	-29449.01	-40035.84	-2.82147	-29449.01	-40035.84	-2.82147	11.964	0.00
0.00	-29449.37	-40035.96	-2.82118	-29449.37	-40035.96	-2.82118	16.476	0.00
0.00	-29449.74	-40036.08	-2.82082	-29449.74	-40036.08	-2.82082	12.309	0.00
0.00	-29450.14	-40036.21	-2.82030	-29450.14	-40036.21	-2.82030	17.606	0.00
0.00	-29450.48	-40036.32	-2.81961	-29450.48	-40036.32	-2.81961	16.077	0.00
0.00	-29450.82	-40036.43	-2.81887	-29450.82	-40036.43	-2.81887	18.151	0.00
0.00	-29451.15	-40036.54	-2.81841	-29451.15	-40036.54	-2.81841	16.388	0.00
0.00	-29451.62	-40036.69	-2.81777	-29451.62	-40036.69	-2.81777	18.355	0.00
0.00	-29452.01	-40036.82	-2.81685	-29452.01	-40036.82	-2.81685	8.153	0.00
0.00	-29452.31	-40036.93	-2.81619	-29452.31	-40036.93	-2.81619	16.420	0.00
0.00	-29452.67	-40037.04	-2.81572	-29452.67	-40037.04	-2.81572	17.335	0.00
0.00	-29453.04	-40037.16	-2.81501	-29453.04	-40037.16	-2.81501	17.508	0.00
0.00	-29453.40	-40037.29	-2.81446	-29453.40	-40037.29	-2.81446	19.136	0.00
0.00	-29453.78	-40037.41	-2.81428	-29453.78	-40037.41	-2.81428	8.285	0.00
0.00	-29454.16	-40037.54	-2.81406	-29454.16	-40037.54	-2.81406	17.537	0.00
0.00	-29454.54	-40037.66	-2.81374	-29454.54	-40037.66	-2.81374	8.874	0.00
0.00	-29454.89	-40037.78	-2.81328	-29454.89	-40037.78	-2.81328	18.113	0.00
0.00	-29455.32	-40037.92	-2.81303	-29455.32	-40037.92	-2.81303	16.409	0.00
0.00	-29455.69	-40038.03	-2.81298	-29455.69	-40038.03	-2.81298	19.904	0.00
0.00	-29456.06	-40038.16	-2.81321	-29456.06	-40038.16	-2.81321	31.856	0.00
0.00	-29456.40	-40038.27	-2.81360	-29456.40	-40038.27	-2.81360	15.626	0.00
0.00	-29456.76	-40038.38	-2.81371	-29456.76	-40038.38	-2.81371	18.903	0.00
0.00	-29457.13	-40038.51	-2.81343	-29457.13	-40038.51	-2.81343	18.103	0.00
0.00	-29457.50	-40038.63	-2.81367	-29457.50	-40038.63	-2.81367	19.976	0.00
0.00	-29457.89	-40038.75	-2.81405	-29457.89	-40038.75	-2.81405	22.251	0.00
0.00	-29458.24	-40038.87	-2.81428	-29458.24	-40038.87	-2.81428	13.025	0.00
0.00	-29458.59	-40038.98	-2.81442	-29458.59	-40038.98	-2.81442	18.157	0.00
0.00	-29459.03	-40039.12	-2.81464	-29459.03	-40039.12	-2.81464	11.856	0.00
0.00	-29459.36	-40039.23	-2.81477	-29459.36	-40039.23	-2.81477	27.620	0.00
0.00	-29459.71	-40039.35	-2.81494	-29459.71	-40039.35	-2.81494	9.515	0.00
0.00	-29460.07	-40039.47	-2.81500	-29460.07	-40039.47	-2.81500	24.782	0.00
0.00	-29460.55	-40039.62	-2.81492	-29460.55	-40039.62	-2.81492	14.911	0.00
0.00	-29460.79	-40039.70	-2.81485	-29460.79	-40039.70	-2.81485	7.772	0.00
0.00	-29461.18	-40039.83	-2.81464	-29461.18	-40039.83	-2.81464	22.112	0.00
0.00	-29461.55	-40039.95	-2.81451	-29461.55	-40039.95	-2.81451	12.259	0.00
0.00	-29461.90	-40040.07	-2.81431	-29461.90	-40040.07	-2.81431	16.263	0.00
0.00	-29462.27	-40040.19	-2.81393	-29462.27	-40040.19	-2.81393	10.328	0.00
0.00	-29462.72	-40040.34	-2.81335	-29462.72	-40040.34	-2.81335	17.763	0.00
0.00	-29463.03	-40040.45	-2.81253	-29463.03	-40040.45	-2.81253	18.391	0.00
0.00	-29463.36	-40040.56	-2.81215	-29463.36	-40040.56	-2.81215	8.781	0.00
0.00	-29463.71	-40040.68	-2.81226	-29463.71	-40040.68	-2.81226	16.483	0.00
0.00	-29464.07	-40040.80	-2.81211	-29464.07	-40040.80	-2.81211	10.331	0.00
0.00	-29464.40	-40040.91	-2.81188	-29464.40	-40040.91	-2.81188	17.260	0.00
0.00	-29464.81	-40041.04	-2.81169	-29464.81	-40041.04	-2.81169	20.562	0.00
0.00	-29465.14	-40041.15	-2.81149	-29465.14	-40041.15	-2.81149	9.104	0.00
0.00	-29465.48	-40041.27	-2.81118	-29465.48	-40041.27	-2.81118	25.540	0.00
0.00	-29465.87	-40041.40	-2.81089	-29465.87	-40041.40	-2.81089	8.861	0.00
0.00	-29466.29	-40041.54	-2.81071	-29466.29	-40041.54	-2.81071	18.626	0.00
0.00	-29466.59	-40041.64	-2.81025	-29466.59	-40041.64	-2.81025	20.687	0.00
0.00	-29466.88	-40041.74	-2.80963	-29466.88	-40041.74	-2.80963	9.596	0.00
0.00	-29467.22	-40041.85	-2.80942	-29467.22	-40041.85	-2.80942	19.122	0.00
0.00	-29467.56	-40041.97	-2.80944	-29467.56	-40041.97	-2.80944	18.995	0.00
0.00	-29467.89	-40042.08	-2.80930	-29467.89	-40042.08	-2.80930	9.282	0.00
0.00	-29468.25	-40042.20	-2.80910	-29468.25	-40042.20	-2.80910	7.939	0.00
0.00	-29468.68	-40042.35	-2.80911	-29468.68	-40042.35	-2.80911	11.308	0.00
0.00	-29469.04	-40042.47	-2.80906	-29469.04	-40042.47	-2.80906	25.366	0.00
0.00	-29469.39	-40042.58	-2.80942	-29469.39	-40042.58	-2.80942	12.426	0.00
0.00	-29469.77	-40042.71	-2.80981	-29469.77	-40042.71	-2.80981	18.912	0.00
0.00	-29470.09	-40042.81	-2.81014	-29470.09	-40042.81	-2.81014	12.247	0.00
0.00	-29470.41	-40042.92	-2.81044	-29470.41	-40042.92	-2.81044	20.252	0.00
0.00	-29470.76	-40043.03	-2.81081	-29470.76	-40043.03	-2.81081	20.029	0.00
0.00	-29471.12	-40043.15	-2.81123	-29471.12	-40043.15	-2.81123	21.443	0.00
0.00	-29471.46	-40043.26	-2.81167	-29471.46	-40043.26	-2.81167	9.633	0.00
0.00	-29471.83	-40043.38	-2.81194	-29471.83	-40043.38	-2.81194	19.943	0.00
0.00	-29472.15	-40043.49	-2.81214	-29472.15	-40043.49	-2.81214	10.547	0.00
0.00	-29472.51	-40043.60	-2.81234	-29472.51	-40043.60	-2.81234	18.853	0.00
0.00	-29472.89	-40043.73	-2.81281	-29472.89	-40043.73	-2.81281	10.569	0.00
0.00	-29473.24	-40043.84	-2.81324	-29473.24	-40043.84	-2.81324	7.960	0.00
0.00	-29473.55	-40043.94	-2.81362	-29473.55	-40043.94	-2.81362	18.608	0.00
0.00	-29473.88	-40044.05	-2.81403	-29473.88	-40044.05	-2.81403	19.139	0.00
0.00	-29474.21	-40044.16	-2.81448	-29474.21	-40044.16	-2.81448	10.766	0.00
0.00	-29474.57	-40044.28	-2.81448	-29474.57	-40044.28	-2.81448	18.146	0.00
0.00	-29474.89	-40044.39	-2.81442	-29474.89	-40044.39	-2.81442	11.443	0.00
0.00	-29475.24	-40044.50	-2.81449	-29475.24	-40044.50	-2.81449	17.010	0.00
0.00	-29475.56	-40044.61	-2.81464	-29475.56	-40044.61	-2.81464	20.832	0.00
0.00	-29475.89	-40044.72	-2.81463	-29475.89	-40044.72	-2.81463	22.523	0.00
0.00	-29476.22	-40044.83	-2.81458	-29476.22	-40044.83	-2.81458	21.524	0.00
0.00	-29476.70	-40044.99	-2.81440	-29476.70	-40044.99	-2.81440	13.626	0.00
0.00	-29476.87	-40045.04	-2.81426	-29476.87	-40045.04	-2.81426	17.431	0.00
0.00	-29477.22	-40045.16	-2.81388	-29477.22	-40045.16	-2.81388	21.825	0.00
0.00	-29477.55	-40045.27	-2.81364	-29477.55	-40045.27	-2.81364	35.542	0.00
0.00	-29477.86	-40045.37	-2.81377	-29477.86	-40045.37	-2.81377	22.137	0.00
0.00	-29478.19	-40045.48	-2.81383	-29478.19	-40045.48	-2.81383	12.425	0.00
0.00	-29478.50	-40045.59	-2.81374	-29478.50	-40045.59	-2.81374	20.761	0.00
0.00	-29478.83	-40045.70	-2.81350	-29478.83	-40045.70	-2.81350	28.010	0.00
0.00	-29479.14	-40045.80	-2.81327	-29479.14	-40045.80	-2.81327	23.433	0.00
0.00	-29479.50	-40045.92	-2.81314	-29479.50	-40045.92	-2.81314	21.212	0.00
