0.00	-30409.19	-39850.02	0.35000	-30409.19	-39850.02	0.35000	2.428	0.00
0.00	-30408.92	-39849.92	0.34944	-30408.92	-39849.92	0.34944	2.454	0.00
0.00	-30408.70	-39849.87	0.29442	-30408.70	-39849.87	0.29442	2.223	0.00
0.00	-30408.50	-39849.80	0.30229	-30408.50	-39849.80	0.30229	2.240	0.00
0.00	-30408.30	-39849.74	0.30448	-30408.30	-39849.74	0.30448	2.107	0.00
0.00	-30408.09	-39849.67	0.30531	-30408.09	-39849.67	0.30531	2.210	0.00
0.00	-30407.87	-39849.60	0.30552	-30407.87	-39849.60	0.30552	2.606	0.00
0.00	-30407.70	-39849.55	0.30517	-30407.70	-39849.55	0.30517	2.623	0.00
0.00	-30407.51	-39849.48	0.30484	-30407.51	-39849.48	0.30484	2.414	0.00
0.00	-30407.30	-39849.42	0.30466	-30407.30	-39849.42	0.30466	2.234	0.00
0.00	-30407.12	-39849.36	0.30453	-30407.12	-39849.36	0.30453	2.277	0.00
0.00	-30406.96	-39849.31	0.30428	-30406.96	-39849.31	0.30428	2.391	0.00
0.00	-30406.79	-39849.26	0.30392	-30406.79	-39849.26	0.30392	2.123	0.00
0.00	-30406.62	-39849.20	0.30342	-30406.62	-39849.20	0.30342	2.284	0.00
0.00	-30406.19	-39849.07	0.30216	-30406.19	-39849.07	0.30216	2.169	0.00
0.00	-30406.18	-39849.06	0.30213	-30406.18	-39849.06	0.30213	2.175	0.00
0.00	-30406.11	-39849.04	0.30183	-30406.11	-39849.04	0.30183	2.240	0.00
0.00	-30405.91	-39848.98	0.30154	-30405.91	-39848.98	0.30154	2.227	0.00
0.00	-30405.69	-39848.91	0.30123	-30405.69	-39848.91	0.30123	2.253	0.00
0.00	-30405.47	-39848.84	0.30080	-30405.47	-39848.84	0.30080	2.251	0.00
0.00	-30405.28	-39848.78	0.30030	-30405.28	-39848.78	0.30030	2.373	0.00
0.00	-30405.11	-39848.73	0.29993	-30405.11	-39848.73	0.29993	2.300	0.00
0.00	-30404.95	-39848.68	0.29978	-30404.95	-39848.68	0.29978	2.259	0.00
0.00	-30404.77	-39848.63	0.29974	-30404.77	-39848.63	0.29974	2.226	0.00
0.00	-30404.60	-39848.57	0.29968	-30404.60	-39848.57	0.29968	2.259	0.00
0.00	-30404.42	-39848.52	0.29957	-30404.42	-39848.52	0.29957	2.236	0.00
0.00	-30404.25	-39848.46	0.29947	-30404.25	-39848.46	0.29947	2.251	0.00
0.00	-30403.80	-39848.32	0.29933	-30403.80	-39848.32	0.29933	2.393	0.00
0.00	-30403.80	-39848.32	0.29933	-30403.80	-39848.32	0.29933	2.128	0.00
0.00	-30403.67	-39848.29	0.29936	-30403.67	-39848.29	0.29936	2.225	0.00
0.00	-30403.42	-39848.21	0.29930	-30403.42	-39848.21	0.29930	2.376	0.00
0.00	-30403.22	-39848.15	0.29917	-30403.22	-39848.15	0.29917	2.405	0.00
0.00	-30403.01	-39848.08	0.29912	-30403.01	-39848.08	0.29912	2.245	0.00
0.00	-30402.84	-39848.03	0.29912	-30402.84	-39848.03	0.29912	2.113	0.00
0.00	-30402.63	-39847.96	0.29915	-30402.63	-39847.96	0.29915	2.244	0.00
0.00	-30402.47	-39847.91	0.29921	-30402.47	-39847.91	0.29921	2.267	0.00
0.00	-30402.29	-39847.86	0.29925	-30402.29	-39847.86	0.29925	2.204	0.00
0.00	-30402.13	-39847.80	0.29919	-30402.13	-39847.80	0.29919	2.225	0.00
0.00	-30401.96	-39847.75	0.29910	-30401.96	-39847.75	0.29910	2.317	0.00
0.00	-30401.78	-39847.70	0.29903	-30401.78	-39847.70	0.29903	2.204	0.00
0.00	-30401.60	-39847.64	0.29901	-30401.60	-39847.64	0.29901	2.346	0.00
0.00	-30401.41	-39847.58	0.29899	-30401.41	-39847.58	0.29899	3.435	0.00
0.00	-30401.19	-39847.52	0.29899	-30401.19	-39847.52	0.29899	3.192	0.00
0.00	-30400.97	-39847.45	0.29911	-30400.97	-39847.45	0.29911	2.316	0.00
0.00	-30400.75	-39847.38	0.29933	-30400.75	-39847.38	0.29933	2.830	0.00
0.00	-30400.57	-39847.32	0.29951	-30400.57	-39847.32	0.29951	2.433	0.00
0.00	-30400.37	-39847.26	0.29964	-30400.37	-39847.26	0.29964	3.167	0.00
0.00	-30400.15	-39847.20	0.29974	-30400.15	-39847.20	0.29974	2.189	0.00
0.00	-30399.94	-39847.13	0.29984	-30399.94	-39847.13	0.29984	2.281	0.00
0.00	-30399.72	-39847.06	0.30002	-30399.72	-39847.06	0.30002	2.143	0.00
0.00	-30399.50	-39847.00	0.30024	-30399.50	-39847.00	0.30024	2.225	0.00
0.00	-30399.33	-39846.95	0.30044	-30399.33	-39846.95	0.30044	2.360	0.00
0.00	-30399.13	-39846.88	0.30055	-30399.13	-39846.88	0.30055	2.353	0.00
0.00	-30398.97	-39846.83	0.30056	-30398.97	-39846.83	0.30056	2.362	0.00
0.00	-30398.79	-39846.78	0.30056	-30398.79	-39846.78	0.30056	2.424	0.00
0.00	-30398.60	-39846.72	0.30060	-30398.60	-39846.72	0.30060	2.332	0.00
0.00	-30398.39	-39846.65	0.30070	-30398.39	-39846.65	0.30070	2.185	0.00
0.00	-30398.16	-39846.58	0.30084	-30398.16	-39846.58	0.30084	2.263	0.00
0.00	-30397.94	-39846.51	0.30104	-30397.94	-39846.51	0.30104	2.225	0.00
0.00	-30397.76	-39846.46	0.30128	-30397.76	-39846.46	0.30128	2.590	0.00
0.00	-30397.27	-39846.31	0.30153	-30397.27	-39846.31	0.30153	3.158	0.00
0.00	-30397.25	-39846.30	0.30153	-30397.25	-39846.30	0.30153	2.187	0.00
0.00	-30397.30	-39846.32	0.30144	-30397.30	-39846.32	0.30144	2.190	0.00
0.00	-30397.09	-39846.25	0.30124	-30397.09	-39846.25	0.30124	2.403	0.00
0.00	-30396.85	-39846.18	0.30107	-30396.85	-39846.18	0.30107	2.260	0.00
0.00	-30396.63	-39846.11	0.30097	-30396.63	-39846.11	0.30097	2.249	0.00
0.00	-30396.38	-39846.03	0.30100	-30396.38	-39846.03	0.30100	2.191	0.00
0.00	-30396.10	-39845.95	0.30108	-30396.10	-39845.95	0.30108	2.279	0.00
0.00	-30395.85	-39845.87	0.30111	-30395.85	-39845.87	0.30111	2.167	0.00
0.00	-30395.65	-39845.81	0.30110	-30395.65	-39845.81	0.30110	2.225	0.00
0.00	-30395.45	-39845.75	0.30106	-30395.45	-39845.75	0.30106	2.254	0.00
0.00	-30395.25	-39845.68	0.30102	-30395.25	-39845.68	0.30102	2.288	0.00
0.00	-30395.05	-39845.62	0.30101	-30395.05	-39845.62	0.30101	2.289	0.00
0.00	-30394.84	-39845.56	0.30101	-30394.84	-39845.56	0.30101	2.240	0.00
0.00	-30394.63	-39845.49	0.30099	-30394.63	-39845.49	0.30099	2.719	0.00
0.00	-30394.42	-39845.43	0.30096	-30394.42	-39845.43	0.30096	2.235	0.00
0.00	-30394.16	-39845.35	0.30099	-30394.16	-39845.35	0.30099	3.418	0.00
0.00	-30393.96	-39845.28	0.30106	-30393.96	-39845.28	0.30106	2.434	0.00
0.00	-30393.75	-39845.22	0.30109	-30393.75	-39845.22	0.30109	2.288	0.00
0.00	-30393.53	-39845.15	0.30111	-30393.53	-39845.15	0.30111	2.291	0.00
0.00	-30393.32	-39845.08	0.30111	-30393.32	-39845.08	0.30111	2.434	0.00
0.00	-30393.10	-39845.02	0.30107	-30393.10	-39845.02	0.30107	2.291	0.00
0.00	-30392.88	-39844.95	0.30102	-30392.88	-39844.95	0.30102	2.165	0.00
0.00	-30392.66	-39844.88	0.30099	-30392.66	-39844.88	0.30099	2.320	0.00
0.00	-30392.38	-39844.79	0.30105	-30392.38	-39844.79	0.30105	2.208	0.00
0.00	-30392.13	-39844.71	0.30119	-30392.13	-39844.71	0.30119	2.269	0.00
0.00	-30391.92	-39844.65	0.30138	-30391.92	-39844.65	0.30138	2.116	0.00
0.00	-30391.69	-39844.58	0.30156	-30391.69	-39844.58	0.30156	2.255	0.00
0.00	-30391.46	-39844.50	0.30178	-30391.46	-39844.50	0.30178	2.273	0.00
0.00	-30391.26	-39844.44	0.30205	-30391.26	-39844.44	0.30205	2.363	0.00
0.00	-30391.07	-39844.38	0.30233	-30391.07	-39844.38	0.30233	2.330	0.00
0.00	-30390.86	-39844.31	0.30267	-30390.86	-39844.31	0.30267	2.153	0.00
0.00	-30390.65	-39844.25	0.30301	-30390.65	-39844.25	0.30301	2.302	0.00
0.00	-30390.44	-39844.18	0.30326	-30390.44	-39844.18	0.30326	2.185	0.00
0.00	-30390.22	-39844.11	0.30347	-30390.22	-39844.11	0.30347	2.319	0.00
0.00	-30390.00	-39844.04	0.30370	-30390.00	-39844.04	0.30370	2.285	0.00
0.00	-30389.78	-39843.97	0.30394	-30389.78	-39843.97	0.30394	2.217	0.00
0.00	-30389.56	-39843.90	0.30423	-30389.56	-39843.90	0.30423	2.211	0.00
0.00	-30389.29	-39843.81	0.30449	-30389.29	-39843.81	0.30449	2.232	0.00
0.00	-30389.08	-39843.75	0.30470	-30389.08	-39843.75	0.30470	2.382	0.00
0.00	-30388.86	-39843.68	0.30493	-30388.86	-39843.68	0.30493	2.354	0.00
0.00	-30388.64	-39843.61	0.30513	-30388.64	-39843.61	0.30513	2.349	0.00
0.00	-30388.42	-39843.54	0.30527	-30388.42	-39843.54	0.30527	2.290	0.00
0.00	-30388.20	-39843.47	0.30540	-30388.20	-39843.47	0.30540	2.190	0.00
0.00	-30387.98	-39843.40	0.30555	-30387.98	-39843.40	0.30555	2.209	0.00
0.00	-30387.79	-39843.34	0.30579	-30387.79	-39843.34	0.30579	2.327	0.00
0.00	-30387.52	-39843.26	0.30604	-30387.52	-39843.26	0.30604	2.192	0.00
0.00	-30387.25	-39843.17	0.30622	-30387.25	-39843.17	0.30622	2.266	0.00
0.00	-30387.01	-39843.09	0.30640	-30387.01	-39843.09	0.30640	2.236	0.00
0.00	-30386.81	-39843.03	0.30655	-30386.81	-39843.03	0.30655	2.296	0.00
0.00	-30386.60	-39842.97	0.30655	-30386.60	-39842.97	0.30655	2.272	0.00
0.00	-30386.39	-39842.90	0.30648	-30386.39	-39842.90	0.30648	2.190	0.00
0.00	-30386.17	-39842.83	0.30639	-30386.17	-39842.83	0.30639	2.265	0.00
0.00	-30385.89	-39842.74	0.30635	-30385.89	-39842.74	0.30635	2.491	0.00
0.00	-30385.62	-39842.66	0.30636	-30385.62	-39842.66	0.30636	2.287	0.00
0.00	-30385.41	-39842.59	0.30635	-30385.41	-39842.59	0.30635	2.293	0.00
0.00	-30385.21	-39842.53	0.30628	-30385.21	-39842.53	0.30628	2.257	0.00
0.00	-30385.02	-39842.47	0.30621	-30385.02	-39842.47	0.30621	2.249	0.00
0.00	-30384.81	-39842.41	0.30613	-30384.81	-39842.41	0.30613	2.258	0.00
0.00	-30384.60	-39842.34	0.30600	-30384.60	-39842.34	0.30600	2.261	0.00
0.00	-30384.38	-39842.27	0.30587	-30384.38	-39842.27	0.30587	2.266	0.00
0.00	-30384.11	-39842.19	0.30572	-30384.11	-39842.19	0.30572	2.273	0.00
0.00	-30383.90	-39842.12	0.30557	-30383.90	-39842.12	0.30557	2.329	0.00
0.00	-30383.68	-39842.05	0.30546	-30383.68	-39842.05	0.30546	2.301	0.00
0.00	-30383.46	-39841.99	0.30541	-30383.46	-39841.99	0.30541	2.249	0.00
0.00	-30383.25	-39841.92	0.30544	-30383.25	-39841.92	0.30544	2.174	0.00
0.00	-30382.98	-39841.84	0.30542	-30382.98	-39841.84	0.30542	2.231	0.00
0.00	-30382.72	-39841.75	0.30531	-30382.72	-39841.75	0.30531	2.151	0.00
0.00	-30382.49	-39841.68	0.30510	-30382.49	-39841.68	0.30510	2.253	0.00
0.00	-30382.28	-39841.62	0.30481	-30382.28	-39841.62	0.30481	2.126	0.00
0.00	-30382.08	-39841.55	0.30454	-30382.08	-39841.55	0.30454	2.266	0.00
0.00	-30381.84	-39841.48	0.30429	-30381.84	-39841.48	0.30429	2.227	0.00
0.00	-30381.57	-39841.40	0.30404	-30381.57	-39841.40	0.30404	2.388	0.00
0.00	-30381.32	-39841.32	0.30372	-30381.32	-39841.32	0.30372	2.221	0.00
0.00	-30381.10	-39841.25	0.30334	-30381.10	-39841.25	0.30334	2.274	0.00
0.00	-30380.91	-39841.19	0.30303	-30380.91	-39841.19	0.30303	2.382	0.00
0.00	-30380.71	-39841.13	0.30282	-30380.71	-39841.13	0.30282	2.273	0.00
0.00	-30380.48	-39841.06	0.30270	-30380.48	-39841.06	0.30270	2.233	0.00
0.00	-30380.26	-39840.99	0.30265	-30380.26	-39840.99	0.30265	2.278	0.00
0.00	-30380.04	-39840.92	0.30265	-30380.04	-39840.92	0.30265	2.232	0.00
0.00	-30379.81	-39840.85	0.30261	-30379.81	-39840.85	0.30261	2.355	0.00
0.00	-30379.58	-39840.78	0.30256	-30379.58	-39840.78	0.30256	2.179	0.00
0.00	-30379.31	-39840.70	0.30248	-30379.31	-39840.70	0.30248	2.174	0.00
0.00	-30379.05	-39840.62	0.30235	-30379.05	-39840.62	0.30235	2.249	0.00
0.00	-30378.81	-39840.54	0.30218	-30378.81	-39840.54	0.30218	2.372	0.00
0.00	-30378.55	-39840.46	0.30208	-30378.55	-39840.46	0.30208	2.370	0.00
0.00	-30378.32	-39840.39	0.30213	-30378.32	-39840.39	0.30213	2.411	0.00
0.00	-30378.07	-39840.31	0.30220	-30378.07	-39840.31	0.30220	2.208	0.00
0.00	-30377.81	-39840.23	0.30224	-30377.81	-39840.23	0.30224	2.292	0.00
0.00	-30377.56	-39840.15	0.30227	-30377.56	-39840.15	0.30227	2.183	0.00
0.00	-30377.37	-39840.09	0.30232	-30377.37	-39840.09	0.30232	2.241	0.00
0.00	-30377.18	-39840.03	0.30239	-30377.18	-39840.03	0.30239	2.211	0.00
0.00	-30376.98	-39839.97	0.30248	-30376.98	-39839.97	0.30248	2.310	0.00
0.00	-30376.78	-39839.90	0.30257	-30376.78	-39839.90	0.30257	2.221	0.00
0.00	-30376.56	-39839.84	0.30263	-30376.56	-39839.84	0.30263	2.744	0.00
0.00	-30376.34	-39839.77	0.30271	-30376.34	-39839.77	0.30271	2.213	0.00
0.00	-30376.12	-39839.70	0.30283	-30376.12	-39839.70	0.30283	2.130	0.00
0.00	-30375.90	-39839.63	0.30298	-30375.90	-39839.63	0.30298	2.142	0.00
0.00	-30375.68	-39839.56	0.30318	-30375.68	-39839.56	0.30318	2.190	0.00
0.00	-30375.45	-39839.49	0.30340	-30375.45	-39839.49	0.30340	2.124	0.00
0.00	-30375.20	-39839.41	0.30360	-30375.20	-39839.41	0.30360	2.282	0.00
0.00	-30374.93	-39839.32	0.30367	-30374.93	-39839.32	0.30367	2.353	0.00
0.00	-30374.66	-39839.24	0.30357	-30374.66	-39839.24	0.30357	2.161	0.00
0.00	-30374.45	-39839.17	0.30350	-30374.45	-39839.17	0.30350	2.101	0.00
0.00	-30374.25	-39839.10	0.30345	-30374.25	-39839.10	0.30345	2.140	0.00
0.00	-30373.99	-39839.02	0.30349	-30373.99	-39839.02	0.30349	2.094	0.00
0.00	-30373.29	-39838.80	0.30347	-30373.29	-39838.80	0.30347	2.029	0.00
0.00	-30373.20	-39838.77	0.30346	-30373.20	-39838.77	0.30346	2.336	0.00
0.00	-30373.20	-39838.77	0.30346	-30373.20	-39838.77	0.30346	2.260	0.00
0.00	-30373.17	-39838.76	0.30367	-30373.17	-39838.76	0.30367	2.275	0.00
0.00	-30372.95	-39838.69	0.30385	-30372.95	-39838.69	0.30385	2.071	0.00
0.00	-30372.73	-39838.62	0.30406	-30372.73	-39838.62	0.30406	2.592	0.00
0.00	-30372.50	-39838.55	0.30422	-30372.50	-39838.55	0.30422	2.255	0.00
0.00	-30372.12	-39838.43	0.30444	-30372.12	-39838.43	0.30444	2.013	0.00
0.00	-30371.97	-39838.38	0.30453	-30371.97	-39838.38	0.30453	2.150	0.00
0.00	-30371.72	-39838.30	0.30465	-30371.72	-39838.30	0.30465	2.109	0.00
0.00	-30371.47	-39838.22	0.30475	-30371.47	-39838.22	0.30475	2.145	0.00
0.00	-30371.22	-39838.14	0.30491	-30371.22	-39838.14	0.30491	2.190	0.00
0.00	-30370.99	-39838.07	0.30507	-30370.99	-39838.07	0.30507	2.221	0.00
0.00	-30370.80	-39838.01	0.30513	-30370.80	-39838.01	0.30513	2.213	0.00
0.00	-30370.63	-39837.96	0.30515	-30370.63	-39837.96	0.30515	2.108	0.00
0.00	-30370.41	-39837.89	0.30509	-30370.41	-39837.89	0.30509	2.049	0.00
0.00	-30370.17	-39837.81	0.30505	-30370.17	-39837.81	0.30505	2.238	0.00
0.00	-30369.94	-39837.74	0.30505	-30369.94	-39837.74	0.30505	2.199	0.00
0.00	-30369.69	-39837.66	0.30514	-30369.69	-39837.66	0.30514	2.170	0.00
0.00	-30369.46	-39837.59	0.30521	-30369.46	-39837.59	0.30521	2.051	0.00
0.00	-30369.22	-39837.51	0.30526	-30369.22	-39837.51	0.30526	2.263	0.00
0.00	-30368.99	-39837.44	0.30528	-30368.99	-39837.44	0.30528	2.133	0.00
0.00	-30368.83	-39837.39	0.30519	-30368.83	-39837.39	0.30519	2.041	0.00
0.00	-30368.65	-39837.33	0.30506	-30368.65	-39837.33	0.30506	2.200	0.00
0.00	-30368.46	-39837.27	0.30494	-30368.46	-39837.27	0.30494	2.180	0.00
0.00	-30368.26	-39837.21	0.30485	-30368.26	-39837.21	0.30485	2.201	0.00
0.00	-30368.05	-39837.15	0.30481	-30368.05	-39837.15	0.30481	2.119	0.00
0.00	-30367.78	-39837.06	0.30479	-30367.78	-39837.06	0.30479	2.224	0.00
0.00	-30367.51	-39836.97	0.30479	-30367.51	-39836.97	0.30479	2.205	0.00
0.00	-30367.26	-39836.90	0.30486	-30367.26	-39836.90	0.30486	2.163	0.00
0.00	-30366.83	-39836.76	0.30497	-30366.83	-39836.76	0.30497	2.232	0.00
0.00	-30366.84	-39836.76	0.30496	-30366.84	-39836.76	0.30496	2.198	0.00
0.00	-30366.61	-39836.69	0.30486	-30366.61	-39836.69	0.30486	2.068	0.00
0.00	-30366.36	-39836.62	0.30474	-30366.36	-39836.62	0.30474	2.141	0.00
0.00	-30366.12	-39836.54	0.30472	-30366.12	-39836.54	0.30472	2.078	0.00
0.00	-30365.90	-39836.47	0.30488	-30365.90	-39836.47	0.30488	2.100	0.00
0.00	-30365.70	-39836.41	0.30499	-30365.70	-39836.41	0.30499	2.144	0.00
0.00	-30365.47	-39836.34	0.30496	-30365.47	-39836.34	0.30496	2.203	0.00
0.00	-30365.25	-39836.27	0.30484	-30365.25	-39836.27	0.30484	2.339	0.00
0.00	-30365.06	-39836.22	0.30443	-30365.06	-39836.22	0.30443	2.592	0.00
0.00	-30364.85	-39836.15	0.30399	-30364.85	-39836.15	0.30399	2.274	0.00
0.00	-30364.62	-39836.09	0.30354	-30364.62	-39836.09	0.30354	2.288	0.00
0.00	-30364.40	-39836.02	0.30313	-30364.40	-39836.02	0.30313	2.033	0.00
0.00	-30364.16	-39835.95	0.30278	-30364.16	-39835.95	0.30278	2.154	0.00
0.00	-30363.89	-39835.87	0.30248	-30363.89	-39835.87	0.30248	1.938	0.00
0.00	-30363.65	-39835.80	0.30225	-30363.65	-39835.80	0.30225	2.146	0.00
0.00	-30363.44	-39835.73	0.30214	-30363.44	-39835.73	0.30214	2.076	0.00
0.00	-30363.21	-39835.66	0.30222	-30363.21	-39835.66	0.30222	2.115	0.00
0.00	-30362.99	-39835.60	0.30226	-30362.99	-39835.60	0.30226	2.171	0.00
0.00	-30362.79	-39835.53	0.30231	-30362.79	-39835.53	0.30231	2.824	0.00
0.00	-30362.58	-39835.47	0.30228	-30362.58	-39835.47	0.30228	2.180	0.00
0.00	-30362.35	-39835.40	0.30230	-30362.35	-39835.40	0.30230	2.018	0.00
0.00	-30362.15	-39835.33	0.30234	-30362.15	-39835.33	0.30234	2.143	0.00
0.00	-30361.79	-39835.22	0.30262	-30361.79	-39835.22	0.30262	2.151	0.00
0.00	-30361.70	-39835.20	0.30284	-30361.70	-39835.20	0.30284	2.103	0.00
0.00	-30361.47	-39835.12	0.30324	-30361.47	-39835.12	0.30324	2.007	0.00
0.00	-30361.23	-39835.05	0.30365	-30361.23	-39835.05	0.30365	2.171	0.00
0.00	-30361.00	-39834.97	0.30400	-30361.00	-39834.97	0.30400	2.162	0.00
0.00	-30360.77	-39834.90	0.30435	-30360.77	-39834.90	0.30435	2.089	0.00
0.00	-30360.54	-39834.83	0.30479	-30360.54	-39834.83	0.30479	2.181	0.00
0.00	-30360.32	-39834.76	0.30519	-30360.32	-39834.76	0.30519	2.055	0.00
0.00	-30360.10	-39834.69	0.30553	-30360.10	-39834.69	0.30553	2.199	0.00
0.00	-30359.90	-39834.62	0.30592	-30359.90	-39834.62	0.30592	2.202	0.00
0.00	-30359.69	-39834.55	0.30636	-30359.69	-39834.55	0.30636	2.398	0.00
0.00	-30359.46	-39834.48	0.30682	-30359.46	-39834.48	0.30682	2.206	0.00
0.00	-30359.24	-39834.41	0.30731	-30359.24	-39834.41	0.30731	2.153	0.00
0.00	-30359.02	-39834.34	0.30783	-30359.02	-39834.34	0.30783	2.134	0.00
0.00	-30358.80	-39834.27	0.30834	-30358.80	-39834.27	0.30834	2.189	0.00
0.00	-30358.59	-39834.20	0.30883	-30358.59	-39834.20	0.30883	2.147	0.00
0.00	-30358.39	-39834.13	0.30928	-30358.39	-39834.13	0.30928	2.181	0.00
0.00	-30358.17	-39834.06	0.30970	-30358.17	-39834.06	0.30970	2.137	0.00
0.00	-30357.94	-39833.99	0.31006	-30357.94	-39833.99	0.31006	2.182	0.00
0.00	-30357.74	-39833.92	0.31058	-30357.74	-39833.92	0.31058	2.112	0.00
0.00	-30357.52	-39833.85	0.31107	-30357.52	-39833.85	0.31107	2.240	0.00
0.00	-30357.31	-39833.78	0.31160	-30357.31	-39833.78	0.31160	2.071	0.00
0.00	-30357.09	-39833.71	0.31210	-30357.09	-39833.71	0.31210	2.072	0.00
0.00	-30356.73	-39833.59	0.31281	-30356.73	-39833.59	0.31281	2.314	0.00
0.00	-30356.58	-39833.54	0.31326	-30356.58	-39833.54	0.31326	2.192	0.00
0.00	-30356.47	-39833.50	0.31358	-30356.47	-39833.50	0.31358	2.126	0.00
0.00	-30356.22	-39833.42	0.31392	-30356.22	-39833.42	0.31392	2.098	0.00
0.00	-30355.96	-39833.33	0.31421	-30355.96	-39833.33	0.31421	2.172	0.00
0.00	-30355.69	-39833.25	0.31449	-30355.69	-39833.25	0.31449	2.142	0.00
0.00	-30355.43	-39833.16	0.31478	-30355.43	-39833.16	0.31478	2.229	0.00
0.00	-30355.19	-39833.08	0.31507	-30355.19	-39833.08	0.31507	2.276	0.00
0.00	-30354.99	-39833.02	0.31532	-30354.99	-39833.02	0.31532	2.163	0.00
0.00	-30354.80	-39832.95	0.31549	-30354.80	-39832.95	0.31549	2.061	0.00
0.00	-30354.60	-39832.89	0.31555	-30354.60	-39832.89	0.31555	2.212	0.00
0.00	-30354.39	-39832.82	0.31564	-30354.39	-39832.82	0.31564	2.254	0.00
0.00	-30354.18	-39832.75	0.31581	-30354.18	-39832.75	0.31581	2.276	0.00
0.00	-30353.96	-39832.68	0.31611	-30353.96	-39832.68	0.31611	2.277	0.00
0.00	-30353.74	-39832.61	0.31643	-30353.74	-39832.61	0.31643	2.225	0.00
0.00	-30353.52	-39832.53	0.31672	-30353.52	-39832.53	0.31672	2.651	0.00
0.00	-30353.31	-39832.46	0.31701	-30353.31	-39832.46	0.31701	2.273	0.00
0.00	-30353.08	-39832.39	0.31727	-30353.08	-39832.39	0.31727	2.311	0.00
0.00	-30352.83	-39832.31	0.31748	-30352.83	-39832.31	0.31748	2.155	0.00
0.00	-30352.58	-39832.23	0.31759	-30352.58	-39832.23	0.31759	2.320	0.00
0.00	-30352.37	-39832.16	0.31770	-30352.37	-39832.16	0.31770	2.138	0.00
0.00	-30352.17	-39832.09	0.31787	-30352.17	-39832.09	0.31787	2.325	0.00
0.00	-30351.95	-39832.02	0.31803	-30351.95	-39832.02	0.31803	2.194	0.00
0.00	-30351.55	-39831.89	0.31828	-30351.55	-39831.89	0.31828	2.241	0.00
0.00	-30351.44	-39831.85	0.31845	-30351.44	-39831.85	0.31845	2.197	0.00
0.00	-30351.24	-39831.78	0.31863	-30351.24	-39831.78	0.31863	2.120	0.00
0.00	-30351.04	-39831.72	0.31872	-30351.04	-39831.72	0.31872	2.204	0.00
0.00	-30350.85	-39831.65	0.31877	-30350.85	-39831.65	0.31877	2.143	0.00
0.00	-30350.64	-39831.59	0.31882	-30350.64	-39831.59	0.31882	2.119	0.00
0.00	-30350.43	-39831.52	0.31887	-30350.43	-39831.52	0.31887	2.128	0.00
0.00	-30350.22	-39831.45	0.31887	-30350.22	-39831.45	0.31887	2.205	0.00
0.00	-30350.01	-39831.38	0.31887	-30350.01	-39831.38	0.31887	2.145	0.00
0.00	-30349.80	-39831.31	0.31893	-30349.80	-39831.31	0.31893	2.185	0.00
0.00	-30349.58	-39831.24	0.31902	-30349.58	-39831.24	0.31902	2.637	0.00
0.00	-30349.30	-39831.15	0.31908	-30349.30	-39831.15	0.31908	2.165	0.00
0.00	-30349.05	-39831.07	0.31924	-30349.05	-39831.07	0.31924	2.254	0.00
0.00	-30348.85	-39831.00	0.31929	-30348.85	-39831.00	0.31929	2.219	0.00
0.00	-30348.64	-39830.93	0.31925	-30348.64	-39830.93	0.31925	2.266	0.00
0.00	-30348.40	-39830.85	0.31911	-30348.40	-39830.85	0.31911	2.232	0.00
0.00	-30348.16	-39830.78	0.31889	-30348.16	-39830.78	0.31889	2.283	0.00
0.00	-30347.97	-39830.71	0.31864	-30347.97	-39830.71	0.31864	2.184	0.00
0.00	-30347.76	-39830.65	0.31845	-30347.76	-39830.65	0.31845	2.228	0.00
0.00	-30347.52	-39830.57	0.31834	-30347.52	-39830.57	0.31834	2.255	0.00
0.00	-30347.29	-39830.49	0.31829	-30347.29	-39830.49	0.31829	2.323	0.00
0.00	-30347.06	-39830.42	0.31831	-30347.06	-39830.42	0.31831	2.243	0.00
0.00	-30346.76	-39830.32	0.31831	-30346.76	-39830.32	0.31831	2.240	0.00
0.00	-30346.73	-39830.31	0.31826	-30346.73	-39830.31	0.31826	2.163	0.00
0.00	-30346.48	-39830.23	0.31813	-30346.48	-39830.23	0.31813	2.133	0.00
0.00	-30346.24	-39830.15	0.31792	-30346.24	-39830.15	0.31792	2.259	0.00
0.00	-30346.00	-39830.07	0.31771	-30346.00	-39830.07	0.31771	2.141	0.00
0.00	-30345.77	-39830.00	0.31748	-30345.77	-39830.00	0.31748	2.143	0.00
0.00	-30345.54	-39829.92	0.31734	-30345.54	-39829.92	0.31734	2.122	0.00
0.00	-30345.32	-39829.85	0.31723	-30345.32	-39829.85	0.31723	2.251	0.00
0.00	-30345.16	-39829.80	0.31713	-30345.16	-39829.80	0.31713	2.406	0.00
0.00	-30344.99	-39829.74	0.31704	-30344.99	-39829.74	0.31704	2.351	0.00
0.00	-30344.81	-39829.68	0.31695	-30344.81	-39829.68	0.31695	2.300	0.00
0.00	-30344.61	-39829.62	0.31677	-30344.61	-39829.62	0.31677	2.459	0.00
0.00	-30344.41	-39829.55	0.31651	-30344.41	-39829.55	0.31651	2.446	0.00
0.00	-30344.17	-39829.47	0.31629	-30344.17	-39829.47	0.31629	2.494	0.00
0.00	-30343.91	-39829.39	0.31616	-30343.91	-39829.39	0.31616	2.399	0.00
0.00	-30343.67	-39829.31	0.31613	-30343.67	-39829.31	0.31613	2.532	0.00
0.00	-30343.49	-39829.25	0.31617	-30343.49	-39829.25	0.31617	2.597	0.00
0.00	-30343.26	-39829.17	0.31623	-30343.26	-39829.17	0.31623	2.490	0.00
0.00	-30343.02	-39829.10	0.31639	-30343.02	-39829.10	0.31639	2.772	0.00
0.00	-30342.81	-39829.03	0.31647	-30342.81	-39829.03	0.31647	2.986	0.00
0.00	-30342.59	-39828.95	0.31653	-30342.59	-39828.95	0.31653	2.814	0.00
0.00	-30342.36	-39828.88	0.31653	-30342.36	-39828.88	0.31653	2.741	0.00
0.00	-30342.19	-39828.82	0.31656	-30342.19	-39828.82	0.31656	3.004	0.00
0.00	-30342.00	-39828.76	0.31660	-30342.00	-39828.76	0.31660	3.096	0.00
0.00	-30341.75	-39828.67	0.31660	-30341.75	-39828.67	0.31660	3.171	0.00
0.00	-30341.49	-39828.59	0.31668	-30341.49	-39828.59	0.31668	2.984	0.00
0.00	-30341.42	-39828.56	0.31669	-30341.42	-39828.56	0.31669	3.163	0.00
0.00	-30341.22	-39828.50	0.31670	-30341.22	-39828.50	0.31670	4.525	0.00
0.00	-30341.01	-39828.43	0.31668	-30341.01	-39828.43	0.31668	3.188	0.00
0.00	-30340.79	-39828.36	0.31660	-30340.79	-39828.36	0.31660	3.262	0.00
0.00	-30340.58	-39828.28	0.31656	-30340.58	-39828.28	0.31656	3.266	0.00
0.00	-30340.35	-39828.21	0.31658	-30340.35	-39828.21	0.31658	5.927	0.00
0.00	-30340.14	-39828.14	0.31655	-30340.14	-39828.14	0.31655	3.343	0.00
0.00	-30339.93	-39828.07	0.31637	-30339.93	-39828.07	0.31637	3.172	0.00
0.00	-30339.68	-39827.99	0.31615	-30339.68	-39827.99	0.31615	3.877	0.00
0.00	-30339.44	-39827.91	0.31600	-30339.44	-39827.91	0.31600	3.631	0.00
0.00	-30339.22	-39827.84	0.31594	-30339.22	-39827.84	0.31594	5.283	0.00
0.00	-30338.99	-39827.76	0.31603	-30338.99	-39827.76	0.31603	3.673	0.00
0.00	-30338.77	-39827.69	0.31621	-30338.77	-39827.69	0.31621	3.692	0.00
0.00	-30338.59	-39827.63	0.31629	-30338.59	-39827.63	0.31629	3.067	0.00
0.00	-30338.38	-39827.56	0.31624	-30338.38	-39827.56	0.31624	3.815	0.00
0.00	-30338.18	-39827.50	0.31607	-30338.18	-39827.50	0.31607	3.743	0.00
0.00	-30337.98	-39827.43	0.31582	-30337.98	-39827.43	0.31582	3.881	0.00
0.00	-30337.79	-39827.37	0.31556	-30337.79	-39827.37	0.31556	3.842	0.00
0.00	-30337.59	-39827.31	0.31532	-30337.59	-39827.31	0.31532	4.113	0.00
0.00	-30337.39	-39827.24	0.31510	-30337.39	-39827.24	0.31510	3.321	0.00
0.00	-30337.18	-39827.17	0.31500	-30337.18	-39827.17	0.31500	3.965	0.00
0.00	-30336.87	-39827.07	0.31500	-30336.87	-39827.07	0.31500	4.050	0.00
0.00	-30336.74	-39827.03	0.31500	-30336.74	-39827.03	0.31500	3.648	0.00
0.00	-30336.53	-39826.96	0.31496	-30336.53	-39826.96	0.31496	3.303	0.00
0.00	-30336.32	-39826.89	0.31478	-30336.32	-39826.89	0.31478	4.264	0.00
0.00	-30336.11	-39826.83	0.31458	-30336.11	-39826.83	0.31458	4.402	0.00
0.00	-30335.91	-39826.76	0.31430	-30335.91	-39826.76	0.31430	6.549	0.00
0.00	-30335.73	-39826.70	0.31397	-30335.73	-39826.70	0.31397	3.979	0.00
0.00	-30335.43	-39826.61	0.31362	-30335.43	-39826.61	0.31362	4.480	0.00
0.00	-30335.21	-39826.54	0.31340	-30335.21	-39826.54	0.31340	3.898	0.00
0.00	-30335.00	-39826.47	0.31324	-30335.00	-39826.47	0.31324	4.774	0.00
0.00	-30334.78	-39826.40	0.31320	-30334.78	-39826.40	0.31320	4.547	0.00
0.00	-30334.56	-39826.33	0.31313	-30334.56	-39826.33	0.31313	4.636	0.00
0.00	-30334.33	-39826.25	0.31302	-30334.33	-39826.25	0.31302	5.232	0.00
0.00	-30334.10	-39826.18	0.31284	-30334.10	-39826.18	0.31284	4.770	0.00
0.00	-30333.90	-39826.11	0.31262	-30333.90	-39826.11	0.31262	4.800	0.00
0.00	-30333.73	-39826.06	0.31241	-30333.73	-39826.06	0.31241	4.803	0.00
0.00	-30333.55	-39826.00	0.31221	-30333.55	-39826.00	0.31221	4.194	0.00
0.00	-30333.36	-39825.94	0.31208	-30333.36	-39825.94	0.31208	5.154	0.00
0.00	-30333.16	-39825.87	0.31194	-30333.16	-39825.87	0.31194	5.043	0.00
0.00	-30332.96	-39825.81	0.31178	-30332.96	-39825.81	0.31178	4.520	0.00
0.00	-30332.75	-39825.74	0.31163	-30332.75	-39825.74	0.31163	3.889	0.00
0.00	-30332.55	-39825.67	0.31146	-30332.55	-39825.67	0.31146	5.015	0.00
0.00	-30332.20	-39825.56	0.31124	-30332.20	-39825.56	0.31124	5.307	0.00
0.00	-30332.10	-39825.53	0.31111	-30332.10	-39825.53	0.31111	5.191	0.00
0.00	-30331.87	-39825.46	0.31091	-30331.87	-39825.46	0.31091	5.222	0.00
0.00	-30331.63	-39825.38	0.31076	-30331.63	-39825.38	0.31076	3.975	0.00
0.00	-30331.39	-39825.30	0.31065	-30331.39	-39825.30	0.31065	5.103	0.00
0.00	-30331.19	-39825.23	0.31059	-30331.19	-39825.23	0.31059	5.492	0.00
0.00	-30330.99	-39825.17	0.31064	-30330.99	-39825.17	0.31064	5.538	0.00
0.00	-30330.82	-39825.12	0.31075	-30330.82	-39825.12	0.31075	5.277	0.00
0.00	-30330.60	-39825.05	0.31088	-30330.60	-39825.05	0.31088	5.437	0.00
0.00	-30330.40	-39824.98	0.31096	-30330.40	-39824.98	0.31096	5.524	0.00
0.00	-30330.20	-39824.91	0.31098	-30330.20	-39824.91	0.31098	5.410	0.00
0.00	-30330.00	-39824.85	0.31099	-30330.00	-39824.85	0.31099	6.104	0.00
0.00	-30329.78	-39824.78	0.31101	-30329.78	-39824.78	0.31101	36.529	0.00
0.00	-30329.57	-39824.71	0.31101	-30329.57	-39824.71	0.31101	5.110	0.00
0.00	-30329.36	-39824.64	0.31100	-30329.36	-39824.64	0.31100	5.240	0.00
0.00	-30329.14	-39824.57	0.31103	-30329.14	-39824.57	0.31103	5.465	0.00
0.00	-30328.91	-39824.49	0.31113	-30328.91	-39824.49	0.31113	5.518	0.00
0.00	-30328.70	-39824.42	0.31120	-30328.70	-39824.42	0.31120	5.943	0.00
0.00	-30328.47	-39824.35	0.31126	-30328.47	-39824.35	0.31126	5.724	0.00
0.00	-30328.26	-39824.28	0.31124	-30328.26	-39824.28	0.31124	5.755	0.00
0.00	-30328.05	-39824.21	0.31118	-30328.05	-39824.21	0.31118	5.608	0.00
0.00	-30327.82	-39824.14	0.31114	-30327.82	-39824.14	0.31114	5.515	0.00
0.00	-30327.62	-39824.07	0.31111	-30327.62	-39824.07	0.31111	9.931	0.00
0.00	-30327.42	-39824.01	0.31111	-30327.42	-39824.01	0.31111	5.411	0.00
0.00	-30327.12	-39823.91	0.31116	-30327.12	-39823.91	0.31116	9.969	0.00
0.00	-30327.00	-39823.87	0.31121	-30327.00	-39823.87	0.31121	5.277	0.00
0.00	-30326.85	-39823.82	0.31128	-30326.85	-39823.82	0.31128	5.913	0.00
0.00	-30326.58	-39823.74	0.31136	-30326.58	-39823.74	0.31136	10.685	0.00
0.00	-30326.35	-39823.66	0.31140	-30326.35	-39823.66	0.31140	5.554	0.00
0.00	-30326.14	-39823.60	0.31136	-30326.14	-39823.60	0.31136	7.242	0.00
0.00	-30325.93	-39823.53	0.31118	-30325.93	-39823.53	0.31118	6.824	0.00
0.00	-30325.72	-39823.46	0.31089	-30325.72	-39823.46	0.31089	5.805	0.00
0.00	-30325.47	-39823.38	0.31059	-30325.47	-39823.38	0.31059	6.885	0.00
0.00	-30325.23	-39823.30	0.31039	-30325.23	-39823.30	0.31039	7.606	0.00
0.00	-30324.98	-39823.22	0.31027	-30324.98	-39823.22	0.31027	7.722	0.00
0.00	-30324.73	-39823.14	0.31018	-30324.73	-39823.14	0.31018	7.031	0.00
0.00	-30324.55	-39823.09	0.31012	-30324.55	-39823.09	0.31012	8.249	0.00
0.00	-30324.37	-39823.03	0.31001	-30324.37	-39823.03	0.31001	9.144	0.00
0.00	-30324.18	-39822.97	0.30984	-30324.18	-39822.97	0.30984	8.094	0.00
0.00	-30323.98	-39822.91	0.30964	-30323.98	-39822.91	0.30964	8.422	0.00
0.00	-30323.77	-39822.84	0.30939	-30323.77	-39822.84	0.30939	9.023	0.00
0.00	-30323.56	-39822.77	0.30917	-30323.56	-39822.77	0.30917	9.315	0.00
0.00	-30323.36	-39822.71	0.30882	-30323.36	-39822.71	0.30882	9.714	0.00
0.00	-30323.15	-39822.64	0.30850	-30323.15	-39822.64	0.30850	9.568	0.00
0.00	-30322.94	-39822.58	0.30828	-30322.94	-39822.58	0.30828	8.585	0.00
0.00	-30322.72	-39822.51	0.30815	-30322.72	-39822.51	0.30815	10.394	0.00
0.00	-30322.52	-39822.45	0.30803	-30322.52	-39822.45	0.30803	10.439	0.00
0.00	-30322.18	-39822.34	0.30777	-30322.18	-39822.34	0.30777	9.803	0.00
0.00	-30322.02	-39822.29	0.30755	-30322.02	-39822.29	0.30755	10.218	0.00
0.00	-30321.79	-39822.22	0.30720	-30321.79	-39822.22	0.30720	9.760	0.00
0.00	-30321.54	-39822.14	0.30694	-30321.54	-39822.14	0.30694	10.999	0.00
0.00	-30321.30	-39822.07	0.30670	-30321.30	-39822.07	0.30670	10.724	0.00
0.00	-30321.07	-39822.00	0.30646	-30321.07	-39822.00	0.30646	10.682	0.00
0.00	-30320.90	-39821.94	0.30621	-30320.90	-39821.94	0.30621	10.675	0.00
0.00	-30320.72	-39821.89	0.30594	-30320.72	-39821.89	0.30594	11.693	0.00
0.00	-30320.54	-39821.83	0.30567	-30320.54	-39821.83	0.30567	10.403	0.00
0.00	-30320.35	-39821.77	0.30544	-30320.35	-39821.77	0.30544	10.703	0.00
0.00	-30320.16	-39821.71	0.30523	-30320.16	-39821.71	0.30523	11.098	0.00
0.00	-30319.95	-39821.65	0.30493	-30319.95	-39821.65	0.30493	11.253	0.00
0.00	-30319.74	-39821.58	0.30470	-30319.74	-39821.58	0.30470	10.843	0.00
0.00	-30319.53	-39821.52	0.30432	-30319.53	-39821.52	0.30432	11.724	0.00
0.00	-30319.31	-39821.45	0.30389	-30319.31	-39821.45	0.30389	10.944	0.00
0.00	-30319.10	-39821.39	0.30353	-30319.10	-39821.39	0.30353	11.805	0.00
0.00	-30318.89	-39821.32	0.30324	-30318.89	-39821.32	0.30324	11.532	0.00
0.00	-30318.68	-39821.25	0.30309	-30318.68	-39821.25	0.30309	11.756	0.00
0.00	-30318.40	-39821.17	0.30298	-30318.40	-39821.17	0.30298	12.043	0.00
0.00	-30318.15	-39821.09	0.30282	-30318.15	-39821.09	0.30282	14.985	0.00
0.00	-30317.95	-39821.03	0.30260	-30317.95	-39821.03	0.30260	11.875	0.00
0.00	-30317.76	-39820.97	0.30239	-30317.76	-39820.97	0.30239	12.294	0.00
0.00	-30317.55	-39820.90	0.30218	-30317.55	-39820.90	0.30218	11.811	0.00
0.00	-30317.24	-39820.81	0.30192	-30317.24	-39820.81	0.30192	12.097	0.00
0.00	-30317.02	-39820.74	0.30174	-30317.02	-39820.74	0.30174	11.226	0.00
0.00	-30316.83	-39820.68	0.30161	-30316.83	-39820.68	0.30161	11.858	0.00
0.00	-30316.64	-39820.62	0.30149	-30316.64	-39820.62	0.30149	15.435	0.00
0.00	-30316.42	-39820.55	0.30139	-30316.42	-39820.55	0.30139	11.742	0.00
0.00	-30316.19	-39820.48	0.30128	-30316.19	-39820.48	0.30128	12.162	0.00
0.00	-30315.97	-39820.42	0.30114	-30315.97	-39820.42	0.30114	12.198	0.00
0.00	-30315.75	-39820.35	0.30100	-30315.75	-39820.35	0.30100	11.819	0.00
0.00	-30315.53	-39820.28	0.30084	-30315.53	-39820.28	0.30084	12.215	0.00
0.00	-30315.33	-39820.22	0.30065	-30315.33	-39820.22	0.30065	12.944	0.00
0.00	-30315.04	-39820.13	0.30061	-30315.04	-39820.13	0.30061	13.363	0.00
0.00	-30314.87	-39820.07	0.30077	-30314.87	-39820.07	0.30077	12.003	0.00
0.00	-30314.61	-39819.99	0.30100	-30314.61	-39819.99	0.30100	13.957	0.00
0.00	-30314.37	-39819.91	0.30134	-30314.37	-39819.91	0.30134	12.942	0.00
0.00	-30314.15	-39819.84	0.30163	-30314.15	-39819.84	0.30163	13.624	0.00
0.00	-30313.94	-39819.78	0.30187	-30313.94	-39819.78	0.30187	13.440	0.00
0.00	-30313.75	-39819.72	0.30209	-30313.75	-39819.72	0.30209	12.995	0.00
0.00	-30313.50	-39819.64	0.30230	-30313.50	-39819.64	0.30230	13.509	0.00
0.00	-30313.27	-39819.56	0.30244	-30313.27	-39819.56	0.30244	13.196	0.00
0.00	-30313.05	-39819.49	0.30251	-30313.05	-39819.49	0.30251	13.449	0.00
0.00	-30312.82	-39819.42	0.30262	-30312.82	-39819.42	0.30262	14.555	0.00
0.00	-30312.60	-39819.35	0.30276	-30312.60	-39819.35	0.30276	13.227	0.00
0.00	-30312.37	-39819.27	0.30286	-30312.37	-39819.27	0.30286	13.693	0.00
0.00	-30312.03	-39819.16	0.30293	-30312.03	-39819.16	0.30293	13.401	0.00
0.00	-30311.79	-39819.09	0.30292	-30311.79	-39819.09	0.30292	13.070	0.00
0.00	-30311.69	-39819.06	0.30288	-30311.69	-39819.06	0.30288	14.325	0.00
0.00	-30311.44	-39818.98	0.30287	-30311.44	-39818.98	0.30287	13.643	0.00
0.00	-30311.20	-39818.91	0.30290	-30311.20	-39818.91	0.30290	13.908	0.00
0.00	-30310.98	-39818.83	0.30291	-30310.98	-39818.83	0.30291	14.618	0.00
0.00	-30310.73	-39818.76	0.30292	-30310.73	-39818.76	0.30292	13.354	0.00
0.00	-30310.50	-39818.68	0.30295	-30310.50	-39818.68	0.30295	14.896	0.00
0.00	-30310.28	-39818.61	0.30301	-30310.28	-39818.61	0.30301	13.986	0.00
0.00	-30310.04	-39818.54	0.30309	-30310.04	-39818.54	0.30309	14.992	0.00
0.00	-30309.82	-39818.47	0.30318	-30309.82	-39818.47	0.30318	15.185	0.00
0.00	-30309.60	-39818.40	0.30320	-30309.60	-39818.40	0.30320	15.364	0.00
0.00	-30309.38	-39818.33	0.30320	-30309.38	-39818.33	0.30320	14.954	0.00
0.00	-30309.18	-39818.27	0.30329	-30309.18	-39818.27	0.30329	14.380	0.00
0.00	-30308.94	-39818.19	0.30347	-30308.94	-39818.19	0.30347	14.934	0.00
0.00	-30308.70	-39818.12	0.30368	-30308.70	-39818.12	0.30368	14.803	0.00
0.00	-30308.47	-39818.05	0.30384	-30308.47	-39818.05	0.30384	17.675	0.00
0.00	-30308.24	-39817.97	0.30400	-30308.24	-39817.97	0.30400	16.013	0.00
0.00	-30308.01	-39817.90	0.30415	-30308.01	-39817.90	0.30415	15.452	0.00
0.00	-30307.78	-39817.83	0.30420	-30307.78	-39817.83	0.30420	15.743	0.00
0.00	-30307.55	-39817.76	0.30425	-30307.55	-39817.76	0.30425	16.010	0.00
0.00	-30307.21	-39817.65	0.30423	-30307.21	-39817.65	0.30423	15.577	0.00
0.00	-30307.01	-39817.59	0.30421	-30307.01	-39817.59	0.30421	16.046	0.00
0.00	-30306.86	-39817.54	0.30423	-30306.86	-39817.54	0.30423	15.753	0.00
0.00	-30306.55	-39817.45	0.30426	-30306.55	-39817.45	0.30426	15.447	0.00
0.00	-30306.44	-39817.41	0.30430	-30306.44	-39817.41	0.30430	16.498	0.00
0.00	-30306.14	-39817.32	0.30438	-30306.14	-39817.32	0.30438	15.867	0.00
0.00	-30305.92	-39817.25	0.30443	-30305.92	-39817.25	0.30443	16.728	0.00
0.00	-30305.71	-39817.18	0.30440	-30305.71	-39817.18	0.30440	15.817	0.00
0.00	-30305.49	-39817.11	0.30440	-30305.49	-39817.11	0.30440	15.871	0.00
0.00	-30305.27	-39817.04	0.30444	-30305.27	-39817.04	0.30444	16.347	0.00
0.00	-30305.05	-39816.97	0.30449	-30305.05	-39816.97	0.30449	17.251	0.00
0.00	-30304.83	-39816.90	0.30456	-30304.83	-39816.90	0.30456	16.900	0.00
0.00	-30304.61	-39816.83	0.30462	-30304.61	-39816.83	0.30462	16.253	0.00
0.00	-30304.37	-39816.75	0.30475	-30304.37	-39816.75	0.30475	17.066	0.00
0.00	-30304.15	-39816.68	0.30491	-30304.15	-39816.68	0.30491	17.471	0.00
0.00	-30303.88	-39816.60	0.30513	-30303.88	-39816.60	0.30513	16.794	0.00
0.00	-30303.62	-39816.52	0.30531	-30303.62	-39816.52	0.30531	17.820	0.00
0.00	-30303.36	-39816.43	0.30549	-30303.36	-39816.43	0.30549	17.067	0.00
0.00	-30303.11	-39816.35	0.30569	-30303.11	-39816.35	0.30569	17.418	0.00
0.00	-30302.92	-39816.29	0.30599	-30302.92	-39816.29	0.30599	17.969	0.00
0.00	-30302.74	-39816.23	0.30632	-30302.74	-39816.23	0.30632	16.859	0.00
0.00	-30302.54	-39816.17	0.30666	-30302.54	-39816.17	0.30666	17.705	0.00
0.00	-30302.35	-39816.10	0.30702	-30302.35	-39816.10	0.30702	17.311	0.00
0.00	-30302.14	-39816.04	0.30746	-30302.14	-39816.04	0.30746	17.847	0.00
0.00	-30301.93	-39815.97	0.30806	-30301.93	-39815.97	0.30806	18.041	0.00
0.00	-30301.61	-39815.86	0.30884	-30301.61	-39815.86	0.30884	17.245	0.00
0.00	-30301.49	-39815.82	0.30921	-30301.49	-39815.82	0.30921	18.977	0.00
0.00	-30301.27	-39815.75	0.30955	-30301.27	-39815.75	0.30955	17.945	0.00
0.00	-30301.05	-39815.68	0.30960	-30301.05	-39815.68	0.30960	18.252	0.00
0.00	-30300.83	-39815.61	0.30970	-30300.83	-39815.61	0.30970	17.950	0.00
0.00	-30300.62	-39815.54	0.30980	-30300.62	-39815.54	0.30980	18.024	0.00
0.00	-30300.41	-39815.47	0.31001	-30300.41	-39815.47	0.31001	18.432	0.00
0.00	-30300.19	-39815.40	0.31035	-30300.19	-39815.40	0.31035	18.783	0.00
0.00	-30299.95	-39815.32	0.31076	-30299.95	-39815.32	0.31076	18.834	0.00
0.00	-30299.71	-39815.24	0.31125	-30299.71	-39815.24	0.31125	19.640	0.00
0.00	-30299.48	-39815.16	0.31173	-30299.48	-39815.16	0.31173	18.475	0.00
0.00	-30299.27	-39815.10	0.31206	-30299.27	-39815.10	0.31206	18.927	0.00
0.00	-30299.06	-39815.03	0.31218	-30299.06	-39815.03	0.31218	19.083	0.00
0.00	-30298.85	-39814.96	0.31213	-30298.85	-39814.96	0.31213	19.055	0.00
0.00	-30298.64	-39814.89	0.31202	-30298.64	-39814.89	0.31202	20.370	0.00
0.00	-30298.42	-39814.82	0.31204	-30298.42	-39814.82	0.31204	19.253	0.00
0.00	-30298.21	-39814.75	0.31231	-30298.21	-39814.75	0.31231	19.862	0.00
0.00	-30298.00	-39814.68	0.31275	-30298.00	-39814.68	0.31275	19.529	0.00
0.00	-30297.79	-39814.61	0.31319	-30297.79	-39814.61	0.31319	19.761	0.00
0.00	-30297.57	-39814.54	0.31340	-30297.57	-39814.54	0.31340	20.247	0.00
0.00	-30297.35	-39814.46	0.31340	-30297.35	-39814.46	0.31340	19.779	0.00
0.00	-30297.13	-39814.39	0.31326	-30297.13	-39814.39	0.31326	20.310	0.00
0.00	-30296.92	-39814.33	0.31310	-30296.92	-39814.33	0.31310	19.337	0.00
0.00	-30296.67	-39814.25	0.31311	-30296.67	-39814.25	0.31311	20.363	0.00
0.00	-30296.52	-39814.20	0.31323	-30296.52	-39814.20	0.31323	20.082	0.00
0.00	-30296.23	-39814.10	0.31335	-30296.23	-39814.10	0.31335	19.399	0.00
0.00	-30296.00	-39814.03	0.31344	-30296.00	-39814.03	0.31344	20.728	0.00
0.00	-30295.80	-39813.97	0.31340	-30295.80	-39813.97	0.31340	20.289	0.00
0.00	-30295.60	-39813.90	0.31330	-30295.60	-39813.90	0.31330	19.706	0.00
0.00	-30295.41	-39813.84	0.31290	-30295.41	-39813.84	0.31290	20.698	0.00
0.00	-30295.15	-39813.76	0.31235	-30295.15	-39813.76	0.31235	20.104	0.00
0.00	-30294.91	-39813.68	0.31185	-30294.91	-39813.68	0.31185	20.507	0.00
0.00	-30294.72	-39813.62	0.31134	-30294.72	-39813.62	0.31134	22.370	0.00
0.00	-30294.52	-39813.56	0.31087	-30294.52	-39813.56	0.31087	20.540	0.00
0.00	-30294.33	-39813.50	0.31046	-30294.33	-39813.50	0.31046	20.886	0.00
0.00	-30294.12	-39813.44	0.31007	-30294.12	-39813.44	0.31007	21.389	0.00
0.00	-30293.90	-39813.37	0.30943	-30293.90	-39813.37	0.30943	20.964	0.00
0.00	-30293.68	-39813.31	0.30862	-30293.68	-39813.31	0.30862	21.487	0.00
0.00	-30293.47	-39813.25	0.30768	-30293.47	-39813.25	0.30768	21.388	0.00
0.00	-30293.23	-39813.18	0.30665	-30293.23	-39813.18	0.30665	22.146	0.00
0.00	-30292.98	-39813.10	0.30585	-30292.98	-39813.10	0.30585	21.340	0.00
0.00	-30292.73	-39813.03	0.30489	-30292.73	-39813.03	0.30489	21.783	0.00
0.00	-30292.49	-39812.96	0.30421	-30292.49	-39812.96	0.30421	22.261	0.00
0.00	-30292.32	-39812.91	0.30327	-30292.32	-39812.91	0.30327	21.831	0.00
0.00	-30292.08	-39812.84	0.30233	-30292.08	-39812.84	0.30233	21.437	0.00
0.00	-30291.83	-39812.77	0.30142	-30291.83	-39812.77	0.30142	21.162	0.00
0.00	-30291.49	-39812.67	0.30038	-30291.49	-39812.67	0.30038	22.240	0.00
0.00	-30291.41	-39812.65	0.29971	-30291.41	-39812.65	0.29971	21.419	0.00
0.00	-30291.25	-39812.61	0.29877	-30291.25	-39812.61	0.29877	22.577	0.00
0.00	-30291.06	-39812.56	0.29777	-30291.06	-39812.56	0.29777	21.990	0.00
0.00	-30290.87	-39812.50	0.29675	-30290.87	-39812.50	0.29675	22.323	0.00
0.00	-30290.62	-39812.43	0.29579	-30290.62	-39812.43	0.29579	23.088	0.00
0.00	-30290.38	-39812.36	0.29517	-30290.38	-39812.36	0.29517	22.400	0.00
0.00	-30290.16	-39812.30	0.29455	-30290.16	-39812.30	0.29455	21.966	0.00
0.00	-30289.95	-39812.24	0.29389	-30289.95	-39812.24	0.29389	23.382	0.00
0.00	-30289.74	-39812.18	0.29329	-30289.74	-39812.18	0.29329	22.429	0.00
0.00	-30289.53	-39812.12	0.29280	-30289.53	-39812.12	0.29280	23.518	0.00
0.00	-30289.28	-39812.05	0.29221	-30289.28	-39812.05	0.29221	24.204	0.00
0.00	-30289.06	-39811.98	0.29178	-30289.06	-39811.98	0.29178	23.141	0.00
0.00	-30288.81	-39811.91	0.29123	-30288.81	-39811.91	0.29123	25.145	0.00
0.00	-30288.60	-39811.85	0.29074	-30288.60	-39811.85	0.29074	23.130	0.00
0.00	-30288.41	-39811.80	0.29034	-30288.41	-39811.80	0.29034	23.881	0.00
0.00	-30288.20	-39811.74	0.29006	-30288.20	-39811.74	0.29006	24.629	0.00
0.00	-30287.99	-39811.68	0.28982	-30287.99	-39811.68	0.28982	24.103	0.00
0.00	-30287.76	-39811.61	0.28972	-30287.76	-39811.61	0.28972	24.166	0.00
0.00	-30287.55	-39811.54	0.28971	-30287.55	-39811.54	0.28971	24.108	0.00
0.00	-30287.32	-39811.48	0.28980	-30287.32	-39811.48	0.28980	24.118	0.00
0.00	-30287.11	-39811.41	0.28989	-30287.11	-39811.41	0.28989	24.668	0.00
0.00	-30286.79	-39811.32	0.28991	-30286.79	-39811.32	0.28991	23.271	0.00
0.00	-30286.70	-39811.29	0.28992	-30286.70	-39811.29	0.28992	24.653	0.00
0.00	-30286.42	-39811.21	0.28998	-30286.42	-39811.21	0.28998	23.055	0.00
0.00	-30286.22	-39811.15	0.29018	-30286.22	-39811.15	0.29018	24.932	0.00
0.00	-30286.02	-39811.09	0.29039	-30286.02	-39811.09	0.29039	23.782	0.00
0.00	-30285.85	-39811.03	0.29059	-30285.85	-39811.03	0.29059	23.510	0.00
0.00	-30285.66	-39810.98	0.29079	-30285.66	-39810.98	0.29079	24.715	0.00
0.00	-30285.43	-39810.91	0.29098	-30285.43	-39810.91	0.29098	23.859	0.00
0.00	-30285.22	-39810.84	0.29122	-30285.22	-39810.84	0.29122	24.812	0.00
0.00	-30285.01	-39810.78	0.29149	-30285.01	-39810.78	0.29149	24.520	0.00
0.00	-30284.78	-39810.71	0.29176	-30284.78	-39810.71	0.29176	25.466	0.00
0.00	-30284.57	-39810.64	0.29201	-30284.57	-39810.64	0.29201	26.877	0.00
0.00	-30284.40	-39810.59	0.29230	-30284.40	-39810.59	0.29230	24.809	0.00
0.00	-30284.23	-39810.54	0.29265	-30284.23	-39810.54	0.29265	25.455	0.00
0.00	-30284.03	-39810.47	0.29285	-30284.03	-39810.47	0.29285	26.569	0.00
0.00	-30283.83	-39810.41	0.29351	-30283.83	-39810.41	0.29351	26.138	0.00
0.00	-30283.61	-39810.34	0.29413	-30283.61	-39810.34	0.29413	25.943	0.00
0.00	-30283.40	-39810.28	0.29469	-30283.40	-39810.28	0.29469	25.901	0.00
0.00	-30283.23	-39810.22	0.29516	-30283.23	-39810.22	0.29516	25.506	0.00
0.00	-30283.01	-39810.15	0.29560	-30283.01	-39810.15	0.29560	26.695	0.00
0.00	-30282.79	-39810.08	0.29605	-30282.79	-39810.08	0.29605	26.067	0.00
0.00	-30282.57	-39810.01	0.29650	-30282.57	-39810.01	0.29650	25.970	0.00
0.00	-30282.33	-39809.94	0.29700	-30282.33	-39809.94	0.29700	25.955	0.00
0.00	-30282.13	-39809.87	0.29748	-30282.13	-39809.87	0.29748	26.570	0.00
0.00	-30281.89	-39809.80	0.29795	-30281.89	-39809.80	0.29795	26.606	0.00
0.00	-30281.67	-39809.73	0.29857	-30281.67	-39809.73	0.29857	25.274	0.00
0.00	-30281.57	-39809.69	0.29893	-30281.57	-39809.69	0.29893	30.180	0.00
0.00	-30281.36	-39809.63	0.29930	-30281.36	-39809.63	0.29930	26.830	0.00
0.00	-30281.16	-39809.57	0.29964	-30281.16	-39809.57	0.29964	27.129	0.00
0.00	-30280.98	-39809.51	0.29988	-30280.98	-39809.51	0.29988	26.904	0.00
0.00	-30280.79	-39809.45	0.30008	-30280.79	-39809.45	0.30008	27.374	0.00
0.00	-30280.60	-39809.39	0.30025	-30280.60	-39809.39	0.30025	26.545	0.00
0.00	-30280.40	-39809.33	0.30041	-30280.40	-39809.33	0.30041	26.334	0.00
0.00	-30280.21	-39809.26	0.30063	-30280.21	-39809.26	0.30063	26.420	0.00
0.00	-30280.01	-39809.20	0.30084	-30280.01	-39809.20	0.30084	27.194	0.00
0.00	-30279.81	-39809.14	0.30114	-30279.81	-39809.14	0.30114	27.286	0.00
0.00	-30279.61	-39809.08	0.30143	-30279.61	-39809.08	0.30143	28.672	0.00
0.00	-30279.42	-39809.01	0.30165	-30279.42	-39809.01	0.30165	27.860	0.00
0.00	-30279.23	-39808.95	0.30182	-30279.23	-39808.95	0.30182	28.411	0.00
0.00	-30279.01	-39808.89	0.30198	-30279.01	-39808.89	0.30198	27.251	0.00
0.00	-30278.79	-39808.82	0.30214	-30278.79	-39808.82	0.30214	27.263	0.00
0.00	-30278.58	-39808.75	0.30233	-30278.58	-39808.75	0.30233	28.436	0.00
0.00	-30278.38	-39808.69	0.30251	-30278.38	-39808.69	0.30251	28.152	0.00
0.00	-30278.20	-39808.63	0.30276	-30278.20	-39808.63	0.30276	27.878	0.00
0.00	-30278.01	-39808.57	0.30299	-30278.01	-39808.57	0.30299	27.958	0.00
0.00	-30277.82	-39808.51	0.30319	-30277.82	-39808.51	0.30319	27.467	0.00
0.00	-30277.63	-39808.45	0.30339	-30277.63	-39808.45	0.30339	28.093	0.00
0.00	-30277.39	-39808.37	0.30358	-30277.39	-39808.37	0.30358	28.253	0.00
0.00	-30277.22	-39808.32	0.30374	-30277.22	-39808.32	0.30374	28.213	0.00
0.00	-30277.03	-39808.26	0.30391	-30277.03	-39808.26	0.30391	29.348	0.00
0.00	-30276.83	-39808.19	0.30408	-30276.83	-39808.19	0.30408	27.351	0.00
0.00	-30276.63	-39808.13	0.30415	-30276.63	-39808.13	0.30415	27.585	0.00
0.00	-30276.44	-39808.07	0.30422	-30276.44	-39808.07	0.30422	28.122	0.00
0.00	-30276.24	-39808.01	0.30427	-30276.24	-39808.01	0.30427	28.472	0.00
0.00	-30276.04	-39807.94	0.30424	-30276.04	-39807.94	0.30424	28.612	0.00
0.00	-30275.84	-39807.88	0.30437	-30275.84	-39807.88	0.30437	28.624	0.00
0.00	-30275.65	-39807.82	0.30453	-30275.65	-39807.82	0.30453	28.863	0.00
0.00	-30275.46	-39807.76	0.30474	-30275.46	-39807.76	0.30474	29.757	0.00
0.00	-30275.27	-39807.70	0.30501	-30275.27	-39807.70	0.30501	34.651	0.00
0.00	-30275.05	-39807.63	0.30528	-30275.05	-39807.63	0.30528	29.984	0.00
0.00	-30274.83	-39807.56	0.30553	-30274.83	-39807.56	0.30553	28.911	0.00
0.00	-30274.63	-39807.50	0.30581	-30274.63	-39807.50	0.30581	29.719	0.00
0.00	-30274.45	-39807.44	0.30604	-30274.45	-39807.44	0.30604	30.949	0.00
0.00	-30274.26	-39807.38	0.30637	-30274.26	-39807.38	0.30637	29.908	0.00
0.00	-30274.02	-39807.30	0.30667	-30274.02	-39807.30	0.30667	29.285	0.00
0.00	-30273.80	-39807.23	0.30690	-30273.80	-39807.23	0.30690	30.259	0.00
0.00	-30273.63	-39807.17	0.30708	-30273.63	-39807.17	0.30708	30.401	0.00
0.00	-30273.46	-39807.12	0.30721	-30273.46	-39807.12	0.30721	29.272	0.00
0.00	-30273.27	-39807.06	0.30729	-30273.27	-39807.06	0.30729	30.428	0.00
0.00	-30273.05	-39806.99	0.30736	-30273.05	-39806.99	0.30736	30.370	0.00
0.00	-30272.83	-39806.92	0.30747	-30272.83	-39806.92	0.30747	30.279	0.00
0.00	-30272.56	-39806.83	0.30763	-30272.56	-39806.83	0.30763	30.294	0.00
0.00	-30272.35	-39806.77	0.30781	-30272.35	-39806.77	0.30781	30.762	0.00
0.00	-30272.21	-39806.72	0.30799	-30272.21	-39806.72	0.30799	30.605	0.00
0.00	-30272.02	-39806.66	0.30807	-30272.02	-39806.66	0.30807	31.693	0.00
0.00	-30271.86	-39806.61	0.30810	-30271.86	-39806.61	0.30810	30.524	0.00
0.00	-30271.69	-39806.56	0.30810	-30271.69	-39806.56	0.30810	31.015	0.00
0.00	-30271.52	-39806.50	0.30813	-30271.52	-39806.50	0.30813	29.904	0.00
0.00	-30271.32	-39806.44	0.30815	-30271.32	-39806.44	0.30815	31.328	0.00
0.00	-30271.10	-39806.37	0.30809	-30271.10	-39806.37	0.30809	30.360	0.00
0.00	-30270.88	-39806.30	0.30798	-30270.88	-39806.30	0.30798	31.043	0.00
0.00	-30270.71	-39806.24	0.30782	-30270.71	-39806.24	0.30782	31.046	0.00
0.00	-30270.53	-39806.19	0.30754	-30270.53	-39806.19	0.30754	31.123	0.00
0.00	-30270.35	-39806.13	0.30723	-30270.35	-39806.13	0.30723	30.461	0.00
0.00	-30270.16	-39806.07	0.30708	-30270.16	-39806.07	0.30708	31.677	0.00
0.00	-30269.93	-39806.00	0.30693	-30269.93	-39806.00	0.30693	31.840	0.00
0.00	-30269.69	-39805.92	0.30683	-30269.69	-39805.92	0.30683	32.038	0.00
0.00	-30269.47	-39805.85	0.30675	-30269.47	-39805.85	0.30675	31.151	0.00
0.00	-30269.24	-39805.78	0.30665	-30269.24	-39805.78	0.30665	31.312	0.00
0.00	-30269.03	-39805.72	0.30652	-30269.03	-39805.72	0.30652	32.056	0.00
0.00	-30268.88	-39805.67	0.30634	-30268.88	-39805.67	0.30634	30.344	0.00
0.00	-30268.74	-39805.62	0.30604	-30268.74	-39805.62	0.30604	31.409	0.00
0.00	-30268.52	-39805.56	0.30572	-30268.52	-39805.56	0.30572	32.923	0.00
0.00	-30268.20	-39805.46	0.30523	-30268.20	-39805.46	0.30523	32.333	0.00
0.00	-30268.14	-39805.44	0.30500	-30268.14	-39805.44	0.30500	32.103	0.00
0.00	-30267.97	-39805.38	0.30477	-30267.97	-39805.38	0.30477	31.833	0.00
0.00	-30267.79	-39805.33	0.30459	-30267.79	-39805.33	0.30459	32.770	0.00
0.00	-30267.61	-39805.27	0.30447	-30267.61	-39805.27	0.30447	32.273	0.00
0.00	-30267.39	-39805.20	0.30436	-30267.39	-39805.20	0.30436	33.437	0.00
0.00	-30267.16	-39805.13	0.30415	-30267.16	-39805.13	0.30415	32.767	0.00
0.00	-30266.94	-39805.06	0.30392	-30266.94	-39805.06	0.30392	32.983	0.00
0.00	-30266.74	-39805.00	0.30369	-30266.74	-39805.00	0.30369	31.216	0.00
0.00	-30266.55	-39804.94	0.30346	-30266.55	-39804.94	0.30346	32.531	0.00
0.00	-30266.38	-39804.89	0.30331	-30266.38	-39804.89	0.30331	33.297	0.00
0.00	-30266.14	-39804.81	0.30323	-30266.14	-39804.81	0.30323	33.079	0.00
0.00	-30265.92	-39804.74	0.30314	-30265.92	-39804.74	0.30314	32.641	0.00
0.00	-30265.71	-39804.68	0.30303	-30265.71	-39804.68	0.30303	32.772	0.00
0.00	-30265.48	-39804.61	0.30291	-30265.48	-39804.61	0.30291	33.032	0.00
0.00	-30265.26	-39804.54	0.30278	-30265.26	-39804.54	0.30278	34.226	0.00
0.00	-30265.10	-39804.49	0.30267	-30265.10	-39804.49	0.30267	34.225	0.00
0.00	-30264.93	-39804.43	0.30251	-30264.93	-39804.43	0.30251	33.483	0.00
0.00	-30264.75	-39804.38	0.30227	-30264.75	-39804.38	0.30227	34.740	0.00
0.00	-30264.57	-39804.32	0.30201	-30264.57	-39804.32	0.30201	34.363	0.00
0.00	-30264.38	-39804.26	0.30173	-30264.38	-39804.26	0.30173	33.494	0.00
0.00	-30264.18	-39804.20	0.30148	-30264.18	-39804.20	0.30148	34.509	0.00
0.00	-30263.99	-39804.14	0.30126	-30263.99	-39804.14	0.30126	32.405	0.00
0.00	-30263.79	-39804.08	0.30105	-30263.79	-39804.08	0.30105	34.287	0.00
0.00	-30263.58	-39804.01	0.30088	-30263.58	-39804.01	0.30088	34.130	0.00
0.00	-30263.38	-39803.95	0.30075	-30263.38	-39803.95	0.30075	34.541	0.00
0.00	-30263.16	-39803.88	0.30065	-30263.16	-39803.88	0.30065	33.860	0.00
0.00	-30262.94	-39803.81	0.30054	-30262.94	-39803.81	0.30054	33.118	0.00
0.00	-30262.70	-39803.74	0.30035	-30262.70	-39803.74	0.30035	34.512	0.00
0.00	-30262.50	-39803.68	0.30010	-30262.50	-39803.68	0.30010	33.768	0.00
0.00	-30262.33	-39803.63	0.29981	-30262.33	-39803.63	0.29981	36.829	0.00
0.00	-30262.15	-39803.57	0.29957	-30262.15	-39803.57	0.29957	34.558	0.00
0.00	-30261.97	-39803.52	0.29932	-30261.97	-39803.52	0.29932	34.769	0.00
0.00	-30261.78	-39803.46	0.29910	-30261.78	-39803.46	0.29910	35.558	0.00
0.00	-30261.61	-39803.40	0.29903	-30261.61	-39803.40	0.29903	34.662	0.00
0.00	-30261.42	-39803.35	0.29910	-30261.42	-39803.35	0.29910	34.944	0.00
0.00	-30261.23	-39803.29	0.29927	-30261.23	-39803.29	0.29927	35.611	0.00
0.00	-30261.06	-39803.23	0.29952	-30261.06	-39803.23	0.29952	35.175	0.00
0.00	-30260.86	-39803.17	0.29976	-30260.86	-39803.17	0.29976	35.069	0.00
0.00	-30260.61	-39803.09	0.29984	-30260.61	-39803.09	0.29984	34.880	0.00
0.00	-30260.47	-39803.05	0.29992	-30260.47	-39803.05	0.29992	37.341	0.00
0.00	-30260.22	-39802.97	0.29979	-30260.22	-39802.97	0.29979	37.133	0.00
0.00	-30260.06	-39802.92	0.29950	-30260.06	-39802.92	0.29950	39.207	0.00
0.00	-30259.81	-39802.85	0.29919	-30259.81	-39802.85	0.29919	36.471	0.00
0.00	-30259.66	-39802.80	0.29885	-30259.66	-39802.80	0.29885	35.483	0.00
0.00	-30259.39	-39802.72	0.29865	-30259.39	-39802.72	0.29865	34.942	0.00
0.00	-30259.24	-39802.67	0.29858	-30259.24	-39802.67	0.29858	35.336	0.00
0.00	-30258.99	-39802.60	0.29865	-30258.99	-39802.60	0.29865	34.623	0.00
0.00	-30258.83	-39802.55	0.29879	-30258.83	-39802.55	0.29879	35.481	0.00
0.00	-30258.64	-39802.49	0.29897	-30258.64	-39802.49	0.29897	35.383	0.00
0.00	-30258.47	-39802.43	0.29906	-30258.47	-39802.43	0.29906	36.093	0.00
0.00	-30258.27	-39802.37	0.29905	-30258.27	-39802.37	0.29905	34.904	0.00
0.00	-30258.09	-39802.32	0.29898	-30258.09	-39802.32	0.29898	36.705	0.00
0.00	-30257.89	-39802.25	0.29886	-30257.89	-39802.25	0.29886	36.128	0.00
0.00	-30257.70	-39802.20	0.29879	-30257.70	-39802.20	0.29879	36.051	0.00
0.00	-30257.50	-39802.13	0.29876	-30257.50	-39802.13	0.29876	36.461	0.00
0.00	-30257.31	-39802.08	0.29888	-30257.31	-39802.08	0.29888	36.223	0.00
0.00	-30257.11	-39802.01	0.29896	-30257.11	-39802.01	0.29896	35.553	0.00
0.00	-30256.92	-39801.95	0.29909	-30256.92	-39801.95	0.29909	37.123	0.00
0.00	-30256.70	-39801.89	0.29913	-30256.70	-39801.89	0.29913	35.923	0.00
0.00	-30256.49	-39801.82	0.29913	-30256.49	-39801.82	0.29913	36.576	0.00
0.00	-30256.25	-39801.75	0.29903	-30256.25	-39801.75	0.29903	35.916	0.00
0.00	-30256.02	-39801.68	0.29896	-30256.02	-39801.68	0.29896	36.280	0.00
0.00	-30255.77	-39801.60	0.29889	-30255.77	-39801.60	0.29889	36.614	0.00
0.00	-30255.61	-39801.55	0.29901	-30255.61	-39801.55	0.29901	36.501	0.00
0.00	-30255.36	-39801.47	0.29908	-30255.36	-39801.47	0.29908	36.613	0.00
0.00	-30255.20	-39801.42	0.29923	-30255.20	-39801.42	0.29923	36.124	0.00
0.00	-30254.97	-39801.35	0.29931	-30254.97	-39801.35	0.29931	36.045	0.00
0.00	-30254.82	-39801.31	0.29937	-30254.82	-39801.31	0.29937	38.016	0.00
0.00	-30254.56	-39801.22	0.29935	-30254.56	-39801.22	0.29935	36.087	0.00
0.00	-30254.38	-39801.17	0.29938	-30254.38	-39801.17	0.29938	36.881	0.00
0.00	-30254.17	-39801.10	0.29935	-30254.17	-39801.10	0.29935	36.513	0.00
0.00	-30253.97	-39801.04	0.29942	-30253.97	-39801.04	0.29942	38.174	0.00
0.00	-30253.79	-39800.98	0.29955	-30253.79	-39800.98	0.29955	39.584	0.00
0.00	-30253.65	-39800.94	0.29975	-30253.65	-39800.94	0.29975	44.099	0.00
0.00	-30253.45	-39800.88	0.29991	-30253.45	-39800.88	0.29991	44.344	0.00
0.00	-30253.29	-39800.83	0.30014	-30253.29	-39800.83	0.30014	44.071	0.00
0.00	-30253.08	-39800.76	0.30030	-30253.08	-39800.76	0.30030	44.211	0.00
0.00	-30252.89	-39800.70	0.30050	-30252.89	-39800.70	0.30050	38.898	0.00
0.00	-30252.69	-39800.64	0.30051	-30252.69	-39800.64	0.30051	37.875	0.00
0.00	-30252.47	-39800.57	0.30044	-30252.47	-39800.57	0.30044	37.958	0.00
0.00	-30252.24	-39800.50	0.30036	-30252.24	-39800.50	0.30036	38.706	0.00
0.00	-30252.01	-39800.43	0.30041	-30252.01	-39800.43	0.30041	38.928	0.00
0.00	-30251.80	-39800.37	0.30044	-30251.80	-39800.37	0.30044	38.741	0.00
0.00	-30251.64	-39800.32	0.30051	-30251.64	-39800.32	0.30051	38.574	0.00
0.00	-30251.42	-39800.25	0.30056	-30251.42	-39800.25	0.30056	37.823	0.00
0.00	-30251.19	-39800.18	0.30063	-30251.19	-39800.18	0.30063	37.840	0.00
0.00	-30250.95	-39800.10	0.30068	-30250.95	-39800.10	0.30068	38.245	0.00
0.00	-30250.84	-39800.07	0.30072	-30250.84	-39800.07	0.30072	39.351	0.00
0.00	-30250.61	-39800.00	0.30081	-30250.61	-39800.00	0.30081	38.481	0.00
0.00	-30250.48	-39799.96	0.30104	-30250.48	-39799.96	0.30104	39.672	0.00
0.00	-30250.19	-39799.86	0.30129	-30250.19	-39799.86	0.30129	37.655	0.00
0.00	-30249.79	-39799.74	0.30171	-30249.79	-39799.74	0.30171	38.648	0.00
0.00	-30249.76	-39799.73	0.30186	-30249.76	-39799.73	0.30186	39.162	0.00
0.00	-30249.66	-39799.70	0.30202	-30249.66	-39799.70	0.30202	38.691	0.00
0.00	-30249.42	-39799.62	0.30214	-30249.42	-39799.62	0.30214	39.411	0.00
0.00	-30249.23	-39799.56	0.30227	-30249.23	-39799.56	0.30227	39.296	0.00
0.00	-30249.04	-39799.50	0.30238	-30249.04	-39799.50	0.30238	39.256	0.00
0.00	-30248.87	-39799.45	0.30249	-30248.87	-39799.45	0.30249	38.954	0.00
0.00	-30248.65	-39799.38	0.30259	-30248.65	-39799.38	0.30259	39.001	0.00
0.00	-30248.45	-39799.32	0.30269	-30248.45	-39799.32	0.30269	39.721	0.00
0.00	-30248.22	-39799.25	0.30274	-30248.22	-39799.25	0.30274	38.742	0.00
0.00	-30248.00	-39799.18	0.30281	-30248.00	-39799.18	0.30281	40.190	0.00
0.00	-30247.83	-39799.13	0.30286	-30247.83	-39799.13	0.30286	39.048	0.00
0.00	-30247.62	-39799.06	0.30296	-30247.62	-39799.06	0.30296	39.760	0.00
0.00	-30247.41	-39799.00	0.30312	-30247.41	-39799.00	0.30312	39.125	0.00
0.00	-30247.22	-39798.94	0.30335	-30247.22	-39798.94	0.30335	40.047	0.00
0.00	-30246.98	-39798.86	0.30364	-30246.98	-39798.86	0.30364	38.861	0.00
0.00	-30246.86	-39798.82	0.30387	-30246.86	-39798.82	0.30387	40.151	0.00
0.00	-30246.63	-39798.75	0.30404	-30246.63	-39798.75	0.30404	39.446	0.00
0.00	-30246.44	-39798.69	0.30404	-30246.44	-39798.69	0.30404	41.040	0.00
0.00	-30246.17	-39798.61	0.30399	-30246.17	-39798.61	0.30399	40.057	0.00
0.00	-30246.02	-39798.56	0.30395	-30246.02	-39798.56	0.30395	39.567	0.00
0.00	-30245.80	-39798.49	0.30401	-30245.80	-39798.49	0.30401	39.196	0.00
0.00	-30245.71	-39798.46	0.30408	-30245.71	-39798.46	0.30408	40.774	0.00
0.00	-30245.48	-39798.39	0.30429	-30245.48	-39798.39	0.30429	39.397	0.00
0.00	-30245.27	-39798.33	0.30456	-30245.27	-39798.33	0.30456	40.829	0.00
0.00	-30245.06	-39798.26	0.30490	-30245.06	-39798.26	0.30490	39.961	0.00
0.00	-30244.88	-39798.20	0.30533	-30244.88	-39798.20	0.30533	40.593	0.00
0.00	-30244.70	-39798.15	0.30570	-30244.70	-39798.15	0.30570	40.079	0.00
0.00	-30244.54	-39798.10	0.30600	-30244.54	-39798.10	0.30600	40.371	0.00
0.00	-30244.34	-39798.03	0.30611	-30244.34	-39798.03	0.30611	39.866	0.00
0.00	-30244.14	-39797.97	0.30621	-30244.14	-39797.97	0.30621	42.294	0.00
0.00	-30243.93	-39797.90	0.30639	-30243.93	-39797.90	0.30639	41.938	0.00
0.00	-30243.69	-39797.83	0.30660	-30243.69	-39797.83	0.30660	41.726	0.00
0.00	-30243.50	-39797.77	0.30681	-30243.50	-39797.77	0.30681	41.367	0.00
0.00	-30243.33	-39797.71	0.30693	-30243.33	-39797.71	0.30693	41.740	0.00
0.00	-30243.14	-39797.65	0.30704	-30243.14	-39797.65	0.30704	41.784	0.00
0.00	-30242.92	-39797.58	0.30699	-30242.92	-39797.58	0.30699	41.906	0.00
0.00	-30242.71	-39797.52	0.30702	-30242.71	-39797.52	0.30702	41.979	0.00
0.00	-30242.48	-39797.44	0.30717	-30242.48	-39797.44	0.30717	41.338	0.00
0.00	-30242.29	-39797.38	0.30731	-30242.29	-39797.38	0.30731	41.636	0.00
0.00	-30242.10	-39797.32	0.30750	-30242.10	-39797.32	0.30750	46.938	0.00
0.00	-30241.82	-39797.24	0.30782	-30241.82	-39797.24	0.30782	42.294	0.00
0.00	-30241.71	-39797.20	0.30803	-30241.71	-39797.20	0.30803	42.146	0.00
0.00	-30241.58	-39797.16	0.30829	-30241.58	-39797.16	0.30829	43.569	0.00
0.00	-30241.43	-39797.11	0.30856	-30241.43	-39797.11	0.30856	41.706	0.00
0.00	-30241.30	-39797.07	0.30876	-30241.30	-39797.07	0.30876	42.082	0.00
0.00	-30241.05	-39796.99	0.30892	-30241.05	-39796.99	0.30892	40.847	0.00
0.00	-30240.88	-39796.93	0.30902	-30240.88	-39796.93	0.30902	41.659	0.00
0.00	-30240.69	-39796.88	0.30907	-30240.69	-39796.88	0.30907	41.613	0.00
0.00	-30240.50	-39796.81	0.30910	-30240.50	-39796.81	0.30910	42.614	0.00
0.00	-30240.29	-39796.75	0.30915	-30240.29	-39796.75	0.30915	42.508	0.00
0.00	-30240.10	-39796.69	0.30920	-30240.10	-39796.69	0.30920	42.481	0.00
0.00	-30239.91	-39796.63	0.30923	-30239.91	-39796.63	0.30923	42.724	0.00
0.00	-30239.71	-39796.57	0.30922	-30239.71	-39796.57	0.30922	42.026	0.00
0.00	-30239.48	-39796.50	0.30921	-30239.48	-39796.50	0.30921	42.673	0.00
0.00	-30239.28	-39796.43	0.30921	-30239.28	-39796.43	0.30921	42.105	0.00
0.00	-30239.08	-39796.37	0.30936	-30239.08	-39796.37	0.30936	42.489	0.00
0.00	-30238.91	-39796.31	0.30959	-30238.91	-39796.31	0.30959	42.247	0.00
0.00	-30238.69	-39796.24	0.31000	-30238.69	-39796.24	0.31000	43.735	0.00
0.00	-30238.57	-39796.21	0.31019	-30238.57	-39796.21	0.31019	42.720	0.00
0.00	-30238.38	-39796.15	0.31028	-30238.38	-39796.15	0.31028	43.114	0.00
0.00	-30238.17	-39796.08	0.31007	-30238.17	-39796.08	0.31007	51.151	0.00
0.00	-30237.97	-39796.02	0.30968	-30237.97	-39796.02	0.30968	43.419	0.00
0.00	-30237.78	-39795.96	0.30933	-30237.78	-39795.96	0.30933	43.673	0.00
0.00	-30237.58	-39795.90	0.30890	-30237.58	-39795.90	0.30890	43.606	0.00
0.00	-30237.38	-39795.84	0.30855	-30237.38	-39795.84	0.30855	43.216	0.00
0.00	-30237.17	-39795.77	0.30823	-30237.17	-39795.77	0.30823	44.395	0.00
0.00	-30236.95	-39795.70	0.30784	-30236.95	-39795.70	0.30784	44.312	0.00
0.00	-30236.75	-39795.64	0.30748	-30236.75	-39795.64	0.30748	47.515	0.00
0.00	-30236.52	-39795.57	0.30716	-30236.52	-39795.57	0.30716	44.315	0.00
0.00	-30236.34	-39795.52	0.30684	-30236.34	-39795.52	0.30684	43.745	0.00
0.00	-30236.14	-39795.45	0.30667	-30236.14	-39795.45	0.30667	44.347	0.00
0.00	-30235.98	-39795.40	0.30649	-30235.98	-39795.40	0.30649	44.928	0.00
0.00	-30235.73	-39795.33	0.30630	-30235.73	-39795.33	0.30630	45.056	0.00
0.00	-30235.54	-39795.27	0.30608	-30235.54	-39795.27	0.30608	43.794	0.00
0.00	-30235.35	-39795.21	0.30580	-30235.35	-39795.21	0.30580	44.330	0.00
0.00	-30235.15	-39795.15	0.30554	-30235.15	-39795.15	0.30554	44.760	0.00
0.00	-30234.96	-39795.09	0.30538	-30234.96	-39795.09	0.30538	44.977	0.00
0.00	-30234.76	-39795.03	0.30525	-30234.76	-39795.03	0.30525	44.199	0.00
0.00	-30234.55	-39794.96	0.30527	-30234.55	-39794.96	0.30527	45.666	0.00
0.00	-30234.36	-39794.90	0.30509	-30234.36	-39794.90	0.30509	43.888	0.00
0.00	-30234.16	-39794.84	0.30490	-30234.16	-39794.84	0.30490	46.473	0.00
0.00	-30233.95	-39794.78	0.30468	-30233.95	-39794.78	0.30468	46.811	0.00
0.00	-30233.75	-39794.72	0.30438	-30233.75	-39794.72	0.30438	45.488	0.00
0.00	-30233.55	-39794.66	0.30409	-30233.55	-39794.66	0.30409	45.818	0.00
0.00	-30233.34	-39794.59	0.30386	-30233.34	-39794.59	0.30386	51.944	0.00
0.00	-30233.14	-39794.53	0.30379	-30233.14	-39794.53	0.30379	46.035	0.00
0.00	-30232.93	-39794.47	0.30386	-30232.93	-39794.47	0.30386	46.248	0.00
0.00	-30232.72	-39794.40	0.30402	-30232.72	-39794.40	0.30402	46.247	0.00
0.00	-30232.52	-39794.34	0.30426	-30232.52	-39794.34	0.30426	46.649	0.00
0.00	-30232.32	-39794.28	0.30453	-30232.32	-39794.28	0.30453	46.523	0.00
0.00	-30232.14	-39794.22	0.30477	-30232.14	-39794.22	0.30477	45.914	0.00
0.00	-30231.79	-39794.11	0.30498	-30231.79	-39794.11	0.30498	46.052	0.00
0.00	-30231.61	-39794.05	0.30511	-30231.61	-39794.05	0.30511	45.150	0.00
0.00	-30231.49	-39794.01	0.30528	-30231.49	-39794.01	0.30528	53.344	0.00
0.00	-30231.29	-39793.95	0.30550	-30231.29	-39793.95	0.30550	47.374	0.00
0.00	-30231.10	-39793.89	0.30587	-30231.10	-39793.89	0.30587	46.268	0.00
0.00	-30230.91	-39793.82	0.30638	-30230.91	-39793.82	0.30638	47.590	0.00
0.00	-30230.71	-39793.76	0.30696	-30230.71	-39793.76	0.30696	46.743	0.00
0.00	-30230.47	-39793.68	0.30762	-30230.47	-39793.68	0.30762	47.645	0.00
0.00	-30230.25	-39793.61	0.30816	-30230.25	-39793.61	0.30816	47.022	0.00
0.00	-30230.08	-39793.55	0.30874	-30230.08	-39793.55	0.30874	46.526	0.00
0.00	-30229.88	-39793.49	0.30924	-30229.88	-39793.49	0.30924	46.878	0.00
0.00	-30229.69	-39793.42	0.30965	-30229.69	-39793.42	0.30965	46.271	0.00
0.00	-30229.50	-39793.36	0.30987	-30229.50	-39793.36	0.30987	47.301	0.00
0.00	-30229.32	-39793.30	0.31024	-30229.32	-39793.30	0.31024	54.836	0.00
0.00	-30229.14	-39793.24	0.31094	-30229.14	-39793.24	0.31094	48.678	0.00
0.00	-30228.94	-39793.17	0.31160	-30228.94	-39793.17	0.31160	47.832	0.00
0.00	-30228.74	-39793.11	0.31218	-30228.74	-39793.11	0.31218	47.055	0.00
0.00	-30228.54	-39793.04	0.31267	-30228.54	-39793.04	0.31267	47.197	0.00
0.00	-30228.36	-39792.98	0.31307	-30228.36	-39792.98	0.31307	48.681	0.00
0.00	-30228.16	-39792.91	0.31345	-30228.16	-39792.91	0.31345	48.581	0.00
0.00	-30227.94	-39792.84	0.31392	-30227.94	-39792.84	0.31392	47.472	0.00
0.00	-30227.75	-39792.78	0.31441	-30227.75	-39792.78	0.31441	49.876	0.00
0.00	-30227.53	-39792.70	0.31481	-30227.53	-39792.70	0.31481	48.346	0.00
0.00	-30227.21	-39792.60	0.31539	-30227.21	-39792.60	0.31539	47.497	0.00
0.00	-30227.01	-39792.53	0.31570	-30227.01	-39792.53	0.31570	55.518	0.00
0.00	-30226.85	-39792.48	0.31597	-30226.85	-39792.48	0.31597	47.668	0.00
0.00	-30226.68	-39792.42	0.31615	-30226.68	-39792.42	0.31615	50.774	0.00
0.00	-30226.47	-39792.35	0.31643	-30226.47	-39792.35	0.31643	50.644	0.00
0.00	-30226.23	-39792.27	0.31681	-30226.23	-39792.27	0.31681	48.604	0.00
0.00	-30226.19	-39792.26	0.31704	-30226.19	-39792.26	0.31704	49.665	0.00
0.00	-30225.92	-39792.17	0.31723	-30225.92	-39792.17	0.31723	55.899	0.00
0.00	-30225.70	-39792.10	0.31768	-30225.70	-39792.10	0.31768	48.838	0.00
0.00	-30225.51	-39792.03	0.31822	-30225.51	-39792.03	0.31822	48.807	0.00
0.00	-30225.36	-39791.98	0.31880	-30225.36	-39791.98	0.31880	49.288	0.00
0.00	-30225.18	-39791.92	0.31911	-30225.18	-39791.92	0.31911	51.133	0.00
0.00	-30225.00	-39791.86	0.31916	-30225.00	-39791.86	0.31916	52.227	0.00
0.00	-30224.76	-39791.78	0.31914	-30224.76	-39791.78	0.31914	51.646	0.00
0.00	-30224.58	-39791.72	0.31923	-30224.58	-39791.72	0.31923	50.965	0.00
0.00	-30224.38	-39791.66	0.31938	-30224.38	-39791.66	0.31938	58.055	0.00
0.00	-30224.12	-39791.57	0.31964	-30224.12	-39791.57	0.31964	51.462	0.00
0.00	-30223.90	-39791.50	0.31983	-30223.90	-39791.50	0.31983	50.533	0.00
0.00	-30223.69	-39791.43	0.31996	-30223.69	-39791.43	0.31996	57.665	0.00
0.00	-30223.49	-39791.36	0.32009	-30223.49	-39791.36	0.32009	52.314	0.00
0.00	-30223.23	-39791.27	0.32024	-30223.23	-39791.27	0.32024	49.152	0.00
0.00	-30223.08	-39791.22	0.32039	-30223.08	-39791.22	0.32039	50.232	0.00
0.00	-30222.92	-39791.17	0.32051	-30222.92	-39791.17	0.32051	50.335	0.00
0.00	-30222.75	-39791.11	0.32059	-30222.75	-39791.11	0.32059	55.020	0.00
0.00	-30222.49	-39791.03	0.32072	-30222.49	-39791.03	0.32072	53.228	0.00
0.00	-30222.31	-39790.97	0.32088	-30222.31	-39790.97	0.32088	50.582	0.00
0.00	-30222.09	-39790.89	0.32102	-30222.09	-39790.89	0.32102	50.338	0.00
0.00	-30221.87	-39790.82	0.32117	-30221.87	-39790.82	0.32117	50.619	0.00
0.00	-30221.61	-39790.73	0.32125	-30221.61	-39790.73	0.32125	51.210	0.00
0.00	-30221.40	-39790.66	0.32128	-30221.40	-39790.66	0.32128	51.527	0.00
0.00	-30221.20	-39790.60	0.32129	-30221.20	-39790.60	0.32129	56.604	0.00
0.00	-30220.99	-39790.53	0.32122	-30220.99	-39790.53	0.32122	61.084	0.00
0.00	-30220.77	-39790.46	0.32107	-30220.77	-39790.46	0.32107	58.488	0.00
0.00	-30220.57	-39790.39	0.32100	-30220.57	-39790.39	0.32100	51.594	0.00
0.00	-30220.43	-39790.34	0.32090	-30220.43	-39790.34	0.32090	56.789	0.00
0.00	-30220.17	-39790.26	0.32078	-30220.17	-39790.26	0.32078	51.742	0.00
0.00	-30219.97	-39790.20	0.32051	-30219.97	-39790.20	0.32051	52.310	0.00
0.00	-30219.77	-39790.13	0.32026	-30219.77	-39790.13	0.32026	51.989	0.00
0.00	-30219.59	-39790.07	0.32000	-30219.59	-39790.07	0.32000	53.719	0.00
0.00	-30219.38	-39790.01	0.31954	-30219.38	-39790.01	0.31954	52.079	0.00
0.00	-30219.20	-39789.94	0.31914	-30219.20	-39789.94	0.31914	56.620	0.00
0.00	-30218.98	-39789.88	0.31874	-30218.98	-39789.88	0.31874	55.674	0.00
0.00	-30218.78	-39789.81	0.31843	-30218.78	-39789.81	0.31843	51.260	0.00
0.00	-30218.60	-39789.75	0.31840	-30218.60	-39789.75	0.31840	64.193	0.00
0.00	-30218.41	-39789.69	0.31822	-30218.41	-39789.69	0.31822	52.912	0.00
0.00	-30218.10	-39789.59	0.31773	-30218.10	-39789.59	0.31773	51.662	0.00
0.00	-30217.92	-39789.54	0.31719	-30217.92	-39789.54	0.31719	63.509	0.00
0.00	-30217.63	-39789.44	0.31639	-30217.63	-39789.44	0.31639	61.773	0.00
0.00	-30217.41	-39789.37	0.31571	-30217.41	-39789.37	0.31571	65.260	0.00
0.00	-30217.24	-39789.32	0.31539	-30217.24	-39789.32	0.31539	63.614	0.00
0.00	-30216.94	-39789.22	0.31521	-30216.94	-39789.22	0.31521	53.895	0.00
0.00	-30216.77	-39789.17	0.31502	-30216.77	-39789.17	0.31502	59.480	0.00
0.00	-30216.56	-39789.10	0.31488	-30216.56	-39789.10	0.31488	59.997	0.00
0.00	-30216.34	-39789.03	0.31492	-30216.34	-39789.03	0.31492	52.554	0.00
0.00	-30216.15	-39788.97	0.31512	-30216.15	-39788.97	0.31512	52.133	0.00
0.00	-30215.98	-39788.91	0.31534	-30215.98	-39788.91	0.31534	53.826	0.00
0.00	-30215.74	-39788.83	0.31539	-30215.74	-39788.83	0.31539	60.043	0.00
0.00	-30215.68	-39788.81	0.31538	-30215.68	-39788.81	0.31538	54.024	0.00
0.00	-30215.31	-39788.69	0.31538	-30215.31	-39788.69	0.31538	55.852	0.00
0.00	-30215.14	-39788.63	0.31558	-30215.14	-39788.63	0.31558	63.034	0.00
0.00	-30214.95	-39788.57	0.31571	-30214.95	-39788.57	0.31571	54.518	0.00
0.00	-30214.72	-39788.49	0.31594	-30214.72	-39788.49	0.31594	55.178	0.00
0.00	-30214.72	-39788.49	0.31594	-30214.72	-39788.49	0.31594	52.223	0.00
