0.00	-30110.62	-39947.69	0.35000	-30110.62	-39947.69	0.35000	2.580	0.00
0.00	-30110.60	-39947.78	0.35000	-30110.60	-39947.78	0.35000	2.592	0.00
0.00	-30110.36	-39947.78	0.35038	-30110.36	-39947.78	0.35038	2.272	0.00
0.00	-30110.28	-39948.38	-1.26191	-30110.28	-39948.38	-1.26191	2.261	0.00
0.00	-30110.33	-39948.65	-1.50974	-30110.33	-39948.65	-1.50974	2.204	0.00
0.00	-30110.30	-39948.89	-1.48663	-30110.30	-39948.89	-1.48663	2.562	0.00
0.00	-30110.24	-39949.09	-1.42811	-30110.24	-39949.09	-1.42811	2.292	0.00
0.00	-30110.16	-39949.30	-1.38471	-30110.16	-39949.30	-1.38471	2.580	0.00
0.00	-30110.10	-39949.48	-1.35852	-30110.10	-39949.48	-1.35852	2.308	0.00
0.00	-30110.03	-39949.68	-1.33940	-30110.03	-39949.68	-1.33940	2.309	0.00
0.00	-30109.95	-39949.90	-1.32390	-30109.95	-39949.90	-1.32390	2.244	0.00
0.00	-30109.88	-39950.12	-1.31204	-30109.88	-39950.12	-1.31204	2.215	0.00
0.00	-30109.81	-39950.32	-1.30371	-30109.81	-39950.32	-1.30371	2.275	0.00
0.00	-30109.74	-39950.54	-1.29730	-30109.74	-39950.54	-1.29730	2.235	0.00
0.00	-30109.66	-39950.78	-1.29204	-30109.66	-39950.78	-1.29204	2.193	0.00
0.00	-30109.58	-39951.00	-1.28780	-30109.58	-39951.00	-1.28780	2.108	0.00
0.00	-30109.52	-39951.19	-1.28458	-30109.52	-39951.19	-1.28458	2.283	0.00
0.00	-30109.44	-39951.43	-1.28119	-30109.44	-39951.43	-1.28119	2.207	0.00
0.00	-30109.37	-39951.65	-1.27806	-30109.37	-39951.65	-1.27806	2.119	0.00
0.00	-30109.29	-39951.87	-1.27526	-30109.29	-39951.87	-1.27526	2.525	0.00
0.00	-30109.21	-39952.11	-1.27268	-30109.21	-39952.11	-1.27268	2.103	0.00
0.00	-30109.14	-39952.33	-1.27056	-30109.14	-39952.33	-1.27056	2.181	0.00
0.00	-30109.09	-39952.49	-1.26914	-30109.09	-39952.49	-1.26914	2.189	0.00
0.00	-30109.03	-39952.66	-1.26803	-30109.03	-39952.66	-1.26803	2.245	0.00
0.00	-30108.97	-39952.85	-1.26696	-30108.97	-39952.85	-1.26696	2.221	0.00
0.00	-30108.90	-39953.05	-1.26577	-30108.90	-39953.05	-1.26577	2.195	0.00
0.00	-30108.83	-39953.26	-1.26475	-30108.83	-39953.26	-1.26475	2.254	0.00
0.00	-30108.76	-39953.47	-1.26381	-30108.76	-39953.47	-1.26381	2.303	0.00
0.00	-30108.68	-39953.71	-1.26304	-30108.68	-39953.71	-1.26304	2.402	0.00
0.00	-30108.62	-39953.92	-1.26261	-30108.62	-39953.92	-1.26261	2.369	0.00
0.00	-30108.55	-39954.12	-1.26237	-30108.55	-39954.12	-1.26237	2.279	0.00
0.00	-30108.49	-39954.31	-1.26219	-30108.49	-39954.31	-1.26219	2.297	0.00
0.00	-30108.42	-39954.53	-1.26190	-30108.42	-39954.53	-1.26190	2.259	0.00
0.00	-30108.35	-39954.74	-1.26144	-30108.35	-39954.74	-1.26144	2.224	0.00
0.00	-30108.28	-39954.95	-1.26087	-30108.28	-39954.95	-1.26087	2.240	0.00
0.00	-30108.21	-39955.15	-1.26030	-30108.21	-39955.15	-1.26030	2.279	0.00
0.00	-30108.15	-39955.36	-1.25971	-30108.15	-39955.36	-1.25971	2.228	0.00
0.00	-30108.07	-39955.58	-1.25930	-30108.07	-39955.58	-1.25930	2.256	0.00
0.00	-30108.00	-39955.79	-1.25906	-30108.00	-39955.79	-1.25906	2.211	0.00
0.00	-30107.93	-39956.02	-1.25891	-30107.93	-39956.02	-1.25891	2.163	0.00
0.00	-30107.86	-39956.23	-1.25881	-30107.86	-39956.23	-1.25881	2.188	0.00
0.00	-30107.81	-39956.40	-1.25863	-30107.81	-39956.40	-1.25863	2.129	0.00
0.00	-30107.76	-39956.55	-1.25832	-30107.76	-39956.55	-1.25832	2.138	0.00
0.00	-30107.69	-39956.75	-1.25798	-30107.69	-39956.75	-1.25798	2.135	0.00
0.00	-30107.63	-39956.96	-1.25776	-30107.63	-39956.96	-1.25776	2.230	0.00
0.00	-30107.56	-39957.16	-1.25770	-30107.56	-39957.16	-1.25770	2.906	0.00
0.00	-30107.50	-39957.35	-1.25773	-30107.50	-39957.35	-1.25773	2.227	0.00
0.00	-30107.43	-39957.55	-1.25780	-30107.43	-39957.55	-1.25780	2.715	0.00
0.00	-30107.36	-39957.77	-1.25785	-30107.36	-39957.77	-1.25785	2.221	0.00
0.00	-30107.29	-39957.98	-1.25782	-30107.29	-39957.98	-1.25782	2.253	0.00
0.00	-30107.22	-39958.21	-1.25776	-30107.22	-39958.21	-1.25776	2.660	0.00
0.00	-30107.17	-39958.37	-1.25770	-30107.17	-39958.37	-1.25770	2.194	0.00
0.00	-30107.09	-39958.61	-1.25773	-30107.09	-39958.61	-1.25773	2.253	0.00
0.00	-30107.02	-39958.82	-1.25773	-30107.02	-39958.82	-1.25773	2.244	0.00
0.00	-30106.95	-39959.04	-1.25762	-30106.95	-39959.04	-1.25762	2.242	0.00
0.00	-30106.88	-39959.25	-1.25739	-30106.88	-39959.25	-1.25739	2.187	0.00
0.00	-30106.80	-39959.48	-1.25708	-30106.80	-39959.48	-1.25708	2.175	0.00
0.00	-30106.74	-39959.66	-1.25686	-30106.74	-39959.66	-1.25686	2.096	0.00
0.00	-30106.69	-39959.83	-1.25671	-30106.69	-39959.83	-1.25671	2.259	0.00
0.00	-30106.63	-39960.01	-1.25656	-30106.63	-39960.01	-1.25656	2.230	0.00
0.00	-30106.56	-39960.22	-1.25640	-30106.56	-39960.22	-1.25640	2.239	0.00
0.00	-30106.49	-39960.42	-1.25627	-30106.49	-39960.42	-1.25627	2.271	0.00
0.00	-30106.42	-39960.63	-1.25615	-30106.42	-39960.63	-1.25615	2.172	0.00
0.00	-30106.35	-39960.83	-1.25603	-30106.35	-39960.83	-1.25603	2.240	0.00
0.00	-30106.29	-39961.02	-1.25598	-30106.29	-39961.02	-1.25598	2.224	0.00
0.00	-30106.23	-39961.21	-1.25592	-30106.23	-39961.21	-1.25592	2.253	0.00
0.00	-30106.17	-39961.39	-1.25583	-30106.17	-39961.39	-1.25583	2.383	0.00
0.00	-30106.11	-39961.58	-1.25579	-30106.11	-39961.58	-1.25579	2.297	0.00
0.00	-30106.04	-39961.79	-1.25576	-30106.04	-39961.79	-1.25576	2.214	0.00
0.00	-30105.97	-39962.00	-1.25573	-30105.97	-39962.00	-1.25573	2.266	0.00
0.00	-30105.89	-39962.22	-1.25566	-30105.89	-39962.22	-1.25566	2.124	0.00
0.00	-30105.83	-39962.41	-1.25554	-30105.83	-39962.41	-1.25554	2.273	0.00
0.00	-30105.78	-39962.57	-1.25544	-30105.78	-39962.57	-1.25544	2.222	0.00
0.00	-30105.72	-39962.74	-1.25544	-30105.72	-39962.74	-1.25544	2.278	0.00
0.00	-30105.65	-39962.94	-1.25558	-30105.65	-39962.94	-1.25558	2.183	0.00
0.00	-30105.58	-39963.17	-1.25578	-30105.58	-39963.17	-1.25578	2.203	0.00
0.00	-30105.52	-39963.35	-1.25595	-30105.52	-39963.35	-1.25595	2.303	0.00
0.00	-30105.46	-39963.54	-1.25605	-30105.46	-39963.54	-1.25605	2.225	0.00
0.00	-30105.40	-39963.73	-1.25611	-30105.40	-39963.73	-1.25611	2.152	0.00
0.00	-30105.34	-39963.89	-1.25613	-30105.34	-39963.89	-1.25613	2.463	0.00
0.00	-30105.27	-39964.13	-1.25612	-30105.27	-39964.13	-1.25612	2.152	0.00
0.00	-30105.21	-39964.30	-1.25609	-30105.21	-39964.30	-1.25609	2.157	0.00
0.00	-30105.16	-39964.47	-1.25618	-30105.16	-39964.47	-1.25618	2.249	0.00
0.00	-30105.09	-39964.67	-1.25636	-30105.09	-39964.67	-1.25636	2.136	0.00
0.00	-30105.03	-39964.86	-1.25657	-30105.03	-39964.86	-1.25657	3.479	0.00
0.00	-30104.96	-39965.07	-1.25684	-30104.96	-39965.07	-1.25684	2.107	0.00
0.00	-30104.90	-39965.27	-1.25717	-30104.90	-39965.27	-1.25717	2.130	0.00
0.00	-30104.83	-39965.46	-1.25749	-30104.83	-39965.46	-1.25749	2.370	0.00
0.00	-30104.78	-39965.64	-1.25784	-30104.78	-39965.64	-1.25784	2.083	0.00
0.00	-30104.72	-39965.82	-1.25823	-30104.72	-39965.82	-1.25823	2.269	0.00
0.00	-30104.66	-39966.00	-1.25866	-30104.66	-39966.00	-1.25866	2.124	0.00
0.00	-30104.61	-39966.18	-1.25909	-30104.61	-39966.18	-1.25909	2.108	0.00
0.00	-30104.55	-39966.37	-1.25962	-30104.55	-39966.37	-1.25962	2.225	0.00
0.00	-30104.48	-39966.57	-1.26033	-30104.48	-39966.57	-1.26033	2.284	0.00
0.00	-30104.43	-39966.75	-1.26106	-30104.43	-39966.75	-1.26106	2.190	0.00
0.00	-30104.36	-39966.95	-1.26185	-30104.36	-39966.95	-1.26185	2.222	0.00
0.00	-30104.30	-39967.17	-1.26258	-30104.30	-39967.17	-1.26258	2.196	0.00
0.00	-30104.22	-39967.42	-1.26325	-30104.22	-39967.42	-1.26325	2.286	0.00
0.00	-30104.16	-39967.59	-1.26382	-30104.16	-39967.59	-1.26382	2.316	0.00
0.00	-30104.08	-39967.85	-1.26465	-30104.08	-39967.85	-1.26465	2.345	0.00
0.00	-30104.03	-39968.01	-1.26545	-30104.03	-39968.01	-1.26545	2.199	0.00
0.00	-30103.99	-39968.16	-1.26639	-30103.99	-39968.16	-1.26639	2.224	0.00
0.00	-30103.94	-39968.32	-1.26754	-30103.94	-39968.32	-1.26754	2.146	0.00
0.00	-30103.88	-39968.52	-1.26880	-30103.88	-39968.52	-1.26880	2.165	0.00
0.00	-30103.82	-39968.70	-1.27008	-30103.82	-39968.70	-1.27008	2.249	0.00
0.00	-30103.76	-39968.88	-1.27138	-30103.76	-39968.88	-1.27138	2.270	0.00
0.00	-30103.70	-39969.09	-1.27276	-30103.70	-39969.09	-1.27276	2.311	0.00
0.00	-30103.64	-39969.30	-1.27427	-30103.64	-39969.30	-1.27427	2.380	0.00
0.00	-30103.59	-39969.47	-1.27594	-30103.59	-39969.47	-1.27594	2.357	0.00
0.00	-30103.52	-39969.69	-1.27777	-30103.52	-39969.69	-1.27777	2.332	0.00
0.00	-30103.46	-39969.89	-1.27975	-30103.46	-39969.89	-1.27975	2.118	0.00
0.00	-30103.40	-39970.09	-1.28184	-30103.40	-39970.09	-1.28184	2.267	0.00
0.00	-30103.34	-39970.30	-1.28399	-30103.34	-39970.30	-1.28399	2.221	0.00
0.00	-30103.28	-39970.50	-1.28625	-30103.28	-39970.50	-1.28625	2.099	0.00
0.00	-30103.24	-39970.64	-1.28853	-30103.24	-39970.64	-1.28853	2.216	0.00
0.00	-30103.19	-39970.80	-1.29073	-30103.19	-39970.80	-1.29073	2.243	0.00
0.00	-30103.14	-39970.98	-1.29290	-30103.14	-39970.98	-1.29290	2.335	0.00
0.00	-30103.08	-39971.19	-1.29506	-30103.08	-39971.19	-1.29506	3.827	0.00
0.00	-30103.05	-39971.31	-1.29716	-30103.05	-39971.31	-1.29716	2.288	0.00
0.00	-30102.98	-39971.53	-1.29943	-30102.98	-39971.53	-1.29943	2.309	0.00
0.00	-30102.95	-39971.66	-1.30187	-30102.95	-39971.66	-1.30187	2.182	0.00
0.00	-30102.89	-39971.87	-1.30455	-30102.89	-39971.87	-1.30455	2.401	0.00
0.00	-30102.84	-39972.06	-1.30738	-30102.84	-39972.06	-1.30738	2.388	0.00
0.00	-30102.78	-39972.26	-1.31018	-30102.78	-39972.26	-1.31018	2.252	0.00
0.00	-30102.73	-39972.46	-1.31297	-30102.73	-39972.46	-1.31297	2.187	0.00
0.00	-30102.68	-39972.63	-1.31579	-30102.68	-39972.63	-1.31579	2.254	0.00
0.00	-30102.63	-39972.85	-1.31867	-30102.63	-39972.85	-1.31867	2.167	0.00
0.00	-30102.57	-39973.05	-1.32174	-30102.57	-39973.05	-1.32174	2.153	0.00
0.00	-30102.52	-39973.24	-1.32498	-30102.52	-39973.24	-1.32498	2.215	0.00
0.00	-30102.47	-39973.45	-1.32829	-30102.47	-39973.45	-1.32829	2.155	0.00
0.00	-30102.42	-39973.64	-1.33169	-30102.42	-39973.64	-1.33169	2.202	0.00
0.00	-30102.38	-39973.80	-1.33515	-30102.38	-39973.80	-1.33515	2.123	0.00
0.00	-30102.34	-39973.98	-1.33872	-30102.34	-39973.98	-1.33872	2.481	0.00
0.00	-30102.30	-39974.13	-1.34233	-30102.30	-39974.13	-1.34233	2.300	0.00
0.00	-30102.26	-39974.30	-1.34609	-30102.26	-39974.30	-1.34609	2.203	0.00
0.00	-30102.22	-39974.48	-1.34995	-30102.22	-39974.48	-1.34995	2.360	0.00
0.00	-30102.18	-39974.66	-1.35401	-30102.18	-39974.66	-1.35401	2.369	0.00
0.00	-30102.14	-39974.84	-1.35810	-30102.14	-39974.84	-1.35810	2.323	0.00
0.00	-30102.10	-39975.01	-1.36227	-30102.10	-39975.01	-1.36227	2.182	0.00
0.00	-30102.06	-39975.18	-1.36641	-30102.06	-39975.18	-1.36641	2.411	0.00
0.00	-30102.02	-39975.37	-1.37064	-30102.02	-39975.37	-1.37064	2.714	0.00
0.00	-30101.99	-39975.53	-1.37502	-30101.99	-39975.53	-1.37502	2.561	0.00
0.00	-30101.95	-39975.73	-1.37958	-30101.95	-39975.73	-1.37958	2.238	0.00
0.00	-30101.90	-39975.97	-1.38429	-30101.90	-39975.97	-1.38429	2.355	0.00
0.00	-30101.87	-39976.14	-1.38902	-30101.87	-39976.14	-1.38902	2.437	0.00
0.00	-30101.84	-39976.33	-1.39388	-30101.84	-39976.33	-1.39388	2.226	0.00
0.00	-30101.80	-39976.51	-1.39883	-30101.80	-39976.51	-1.39883	2.448	0.00
0.00	-30101.77	-39976.68	-1.40371	-30101.77	-39976.68	-1.40371	2.259	0.00
0.00	-30101.74	-39976.87	-1.40864	-30101.74	-39976.87	-1.40864	2.173	0.00
0.00	-30101.71	-39977.05	-1.41371	-30101.71	-39977.05	-1.41371	2.358	0.00
0.00	-30101.68	-39977.23	-1.41877	-30101.68	-39977.23	-1.41877	2.166	0.00
0.00	-30101.65	-39977.43	-1.42387	-30101.65	-39977.43	-1.42387	2.132	0.00
0.00	-30101.62	-39977.63	-1.42890	-30101.62	-39977.63	-1.42890	2.203	0.00
0.00	-30101.59	-39977.84	-1.43397	-30101.59	-39977.84	-1.43397	2.100	0.00
0.00	-30101.57	-39978.02	-1.43928	-30101.57	-39978.02	-1.43928	2.223	0.00
0.00	-30101.55	-39978.17	-1.44492	-30101.55	-39978.17	-1.44492	2.262	0.00
0.00	-30101.53	-39978.33	-1.45052	-30101.53	-39978.33	-1.45052	2.499	0.00
0.00	-30101.51	-39978.50	-1.45716	-30101.51	-39978.50	-1.45716	2.124	0.00
0.00	-30101.49	-39978.67	-1.46351	-30101.49	-39978.67	-1.46351	2.195	0.00
0.00	-30101.47	-39978.84	-1.46985	-30101.47	-39978.84	-1.46985	2.176	0.00
0.00	-30101.45	-39979.00	-1.47625	-30101.45	-39979.00	-1.47625	2.177	0.00
0.00	-30101.44	-39979.15	-1.48285	-30101.44	-39979.15	-1.48285	2.133	0.00
0.00	-30101.42	-39979.35	-1.48968	-30101.42	-39979.35	-1.48968	2.053	0.00
0.00	-30101.41	-39979.54	-1.49666	-30101.41	-39979.54	-1.49666	2.085	0.00
0.00	-30101.39	-39979.72	-1.50379	-30101.39	-39979.72	-1.50379	2.187	0.00
0.00	-30101.38	-39979.92	-1.51065	-30101.38	-39979.92	-1.51065	2.200	0.00
0.00	-30101.37	-39980.15	-1.51858	-30101.37	-39980.15	-1.51858	2.284	0.00
0.00	-30101.36	-39980.28	-1.52622	-30101.36	-39980.28	-1.52622	2.435	0.00
0.00	-30101.32	-39982.01	-1.58374	-30101.32	-39982.01	-1.58374	2.183	0.00
0.00	-30101.32	-39982.08	-1.58710	-30101.32	-39982.08	-1.58710	3.322	0.00
0.00	-30101.32	-39982.08	-1.58710	-30101.32	-39982.08	-1.58710	1.999	0.00
0.00	-30101.34	-39980.91	-1.59325	-30101.34	-39980.91	-1.59325	2.122	0.00
0.00	-30101.34	-39980.91	-1.59325	-30101.34	-39980.91	-1.59325	2.025	0.00
0.00	-30101.35	-39981.21	-1.60385	-30101.35	-39981.21	-1.60385	2.184	0.00
0.00	-30101.35	-39981.29	-1.60728	-30101.35	-39981.29	-1.60728	2.198	0.00
0.00	-30101.36	-39981.36	-1.61062	-30101.36	-39981.36	-1.61062	2.140	0.00
0.00	-30101.36	-39981.43	-1.61393	-30101.36	-39981.43	-1.61393	2.236	0.00
0.00	-30101.36	-39981.50	-1.61726	-30101.36	-39981.50	-1.61726	2.219	0.00
0.00	-30101.36	-39981.57	-1.62061	-30101.36	-39981.57	-1.62061	2.083	0.00
0.00	-30101.37	-39981.59	-1.62224	-30101.37	-39981.59	-1.62224	2.014	0.00
0.00	-30101.38	-39982.17	-1.63045	-30101.38	-39982.17	-1.63045	2.118	0.00
0.00	-30101.39	-39982.49	-1.63859	-30101.39	-39982.49	-1.63859	2.444	0.00
0.00	-30101.41	-39982.78	-1.64661	-30101.41	-39982.78	-1.64661	2.115	0.00
0.00	-30101.42	-39983.01	-1.65477	-30101.42	-39983.01	-1.65477	2.218	0.00
0.00	-30101.44	-39983.22	-1.66315	-30101.44	-39983.22	-1.66315	2.168	0.00
0.00	-30101.45	-39983.42	-1.67137	-30101.45	-39983.42	-1.67137	2.040	0.00
0.00	-30101.47	-39983.60	-1.67980	-30101.47	-39983.60	-1.67980	2.326	0.00
0.00	-30101.48	-39983.78	-1.68828	-30101.48	-39983.78	-1.68828	2.208	0.00
0.00	-30101.50	-39983.97	-1.69667	-30101.50	-39983.97	-1.69667	2.284	0.00
0.00	-30101.52	-39984.15	-1.70528	-30101.52	-39984.15	-1.70528	2.268	0.00
0.00	-30101.54	-39984.32	-1.71413	-30101.54	-39984.32	-1.71413	2.324	0.00
0.00	-30101.57	-39984.49	-1.72316	-30101.57	-39984.49	-1.72316	2.281	0.00
0.00	-30101.59	-39984.67	-1.73256	-30101.59	-39984.67	-1.73256	2.278	0.00
0.00	-30101.62	-39984.86	-1.74239	-30101.62	-39984.86	-1.74239	2.496	0.00
0.00	-30101.65	-39985.05	-1.75225	-30101.65	-39985.05	-1.75225	2.292	0.00
0.00	-30101.70	-39985.34	-1.76484	-30101.70	-39985.34	-1.76484	2.555	0.00
0.00	-30101.72	-39985.46	-1.77265	-30101.72	-39985.46	-1.77265	2.265	0.00
0.00	-30101.75	-39985.60	-1.78324	-30101.75	-39985.60	-1.78324	2.267	0.00
0.00	-30101.79	-39985.77	-1.79437	-30101.79	-39985.77	-1.79437	2.367	0.00
0.00	-30101.83	-39985.94	-1.80587	-30101.83	-39985.94	-1.80587	2.297	0.00
0.00	-30101.87	-39986.10	-1.81774	-30101.87	-39986.10	-1.81774	2.137	0.00
0.00	-30101.90	-39986.25	-1.82985	-30101.90	-39986.25	-1.82985	2.260	0.00
0.00	-30101.95	-39986.41	-1.84227	-30101.95	-39986.41	-1.84227	2.233	0.00
0.00	-30101.99	-39986.58	-1.85490	-30101.99	-39986.58	-1.85490	2.283	0.00
0.00	-30102.03	-39986.72	-1.86767	-30102.03	-39986.72	-1.86767	2.267	0.00
0.00	-30102.08	-39986.86	-1.88065	-30102.08	-39986.86	-1.88065	2.213	0.00
0.00	-30102.12	-39987.00	-1.89393	-30102.12	-39987.00	-1.89393	2.286	0.00
0.00	-30102.17	-39987.14	-1.90735	-30102.17	-39987.14	-1.90735	2.327	0.00
0.00	-30102.22	-39987.29	-1.92065	-30102.22	-39987.29	-1.92065	2.222	0.00
0.00	-30102.28	-39987.44	-1.93400	-30102.28	-39987.44	-1.93400	2.304	0.00
0.00	-30102.33	-39987.59	-1.94732	-30102.33	-39987.59	-1.94732	2.164	0.00
0.00	-30102.39	-39987.75	-1.96084	-30102.39	-39987.75	-1.96084	2.303	0.00
0.00	-30102.46	-39987.90	-1.97450	-30102.46	-39987.90	-1.97450	2.379	0.00
0.00	-30102.52	-39988.05	-1.98786	-30102.52	-39988.05	-1.98786	2.297	0.00
0.00	-30102.58	-39988.20	-2.00118	-30102.58	-39988.20	-2.00118	2.297	0.00
0.00	-30102.65	-39988.35	-2.01435	-30102.65	-39988.35	-2.01435	2.585	0.00
0.00	-30102.72	-39988.49	-2.02744	-30102.72	-39988.49	-2.02744	2.216	0.00
0.00	-30102.79	-39988.64	-2.04085	-30102.79	-39988.64	-2.04085	2.218	0.00
0.00	-30102.90	-39988.86	-2.05746	-30102.90	-39988.86	-2.05746	2.267	0.00
0.00	-30102.95	-39988.95	-2.06793	-30102.95	-39988.95	-2.06793	2.181	0.00
0.00	-30103.02	-39989.08	-2.08198	-30103.02	-39989.08	-2.08198	2.238	0.00
0.00	-30103.11	-39989.24	-2.09532	-30103.11	-39989.24	-2.09532	2.300	0.00
0.00	-30103.20	-39989.41	-2.10903	-30103.20	-39989.41	-2.10903	2.208	0.00
0.00	-30103.30	-39989.56	-2.12259	-30103.30	-39989.56	-2.12259	2.268	0.00
0.00	-30103.37	-39989.68	-2.13616	-30103.37	-39989.68	-2.13616	2.302	0.00
0.00	-30103.44	-39989.80	-2.14963	-30103.44	-39989.80	-2.14963	2.157	0.00
0.00	-30103.52	-39989.92	-2.16335	-30103.52	-39989.92	-2.16335	2.399	0.00
0.00	-30103.61	-39990.05	-2.17694	-30103.61	-39990.05	-2.17694	2.178	0.00
0.00	-30103.70	-39990.18	-2.19076	-30103.70	-39990.18	-2.19076	2.171	0.00
0.00	-30103.79	-39990.31	-2.20453	-30103.79	-39990.31	-2.20453	2.373	0.00
0.00	-30103.89	-39990.44	-2.21821	-30103.89	-39990.44	-2.21821	2.330	0.00
0.00	-30103.99	-39990.57	-2.23173	-30103.99	-39990.57	-2.23173	2.188	0.00
0.00	-30104.09	-39990.70	-2.24550	-30104.09	-39990.70	-2.24550	2.276	0.00
0.00	-30104.19	-39990.83	-2.25920	-30104.19	-39990.83	-2.25920	2.162	0.00
0.00	-30104.30	-39990.96	-2.27291	-30104.30	-39990.96	-2.27291	2.216	0.00
0.00	-30104.41	-39991.10	-2.28668	-30104.41	-39991.10	-2.28668	2.298	0.00
0.00	-30104.53	-39991.22	-2.30031	-30104.53	-39991.22	-2.30031	2.147	0.00
0.00	-30104.64	-39991.35	-2.31405	-30104.64	-39991.35	-2.31405	2.266	0.00
0.00	-30104.75	-39991.47	-2.32767	-30104.75	-39991.47	-2.32767	2.194	0.00
0.00	-30104.87	-39991.60	-2.34126	-30104.87	-39991.60	-2.34126	2.167	0.00
0.00	-30104.98	-39991.71	-2.35454	-30104.98	-39991.71	-2.35454	2.172	0.00
0.00	-30105.22	-39991.95	-2.37400	-30105.22	-39991.95	-2.37400	2.152	0.00
0.00	-30105.31	-39992.04	-2.38399	-30105.31	-39992.04	-2.38399	2.314	0.00
0.00	-30105.40	-39992.13	-2.39437	-30105.40	-39992.13	-2.39437	2.175	0.00
0.00	-30105.52	-39992.23	-2.40751	-30105.52	-39992.23	-2.40751	2.043	0.00
0.00	-30105.63	-39992.32	-2.42055	-30105.63	-39992.32	-2.42055	2.156	0.00
0.00	-30105.74	-39992.42	-2.43353	-30105.74	-39992.42	-2.43353	2.105	0.00
0.00	-30105.86	-39992.52	-2.44649	-30105.86	-39992.52	-2.44649	2.098	0.00
0.00	-30105.99	-39992.63	-2.45925	-30105.99	-39992.63	-2.45925	2.081	0.00
0.00	-30106.12	-39992.73	-2.47207	-30106.12	-39992.73	-2.47207	2.070	0.00
0.00	-30106.25	-39992.83	-2.48481	-30106.25	-39992.83	-2.48481	2.311	0.00
0.00	-30106.39	-39992.93	-2.49736	-30106.39	-39992.93	-2.49736	2.667	0.00
0.00	-30106.55	-39993.06	-2.51056	-30106.55	-39993.06	-2.51056	2.126	0.00
0.00	-30106.63	-39993.11	-2.52147	-30106.63	-39993.11	-2.52147	2.140	0.00
0.00	-30106.78	-39993.22	-2.53347	-30106.78	-39993.22	-2.53347	2.079	0.00
0.00	-30106.93	-39993.32	-2.54528	-30106.93	-39993.32	-2.54528	2.169	0.00
0.00	-30107.09	-39993.43	-2.55648	-30107.09	-39993.43	-2.55648	2.216	0.00
0.00	-30107.25	-39993.53	-2.56740	-30107.25	-39993.53	-2.56740	2.197	0.00
0.00	-30107.40	-39993.63	-2.57835	-30107.40	-39993.63	-2.57835	2.239	0.00
0.00	-30107.55	-39993.73	-2.58952	-30107.55	-39993.73	-2.58952	2.108	0.00
0.00	-30107.70	-39993.82	-2.59988	-30107.70	-39993.82	-2.59988	2.289	0.00
0.00	-30107.89	-39993.93	-2.60975	-30107.89	-39993.93	-2.60975	2.107	0.00
0.00	-30108.08	-39994.04	-2.61926	-30108.08	-39994.04	-2.61926	2.102	0.00
0.00	-30108.25	-39994.14	-2.62812	-30108.25	-39994.14	-2.62812	2.058	0.00
0.00	-30108.40	-39994.22	-2.63643	-30108.40	-39994.22	-2.63643	2.197	0.00
0.00	-30108.57	-39994.32	-2.64428	-30108.57	-39994.32	-2.64428	2.085	0.00
0.00	-30108.71	-39994.39	-2.65190	-30108.71	-39994.39	-2.65190	2.060	0.00
0.00	-30108.86	-39994.47	-2.65951	-30108.86	-39994.47	-2.65951	2.154	0.00
0.00	-30109.02	-39994.55	-2.66689	-30109.02	-39994.55	-2.66689	2.052	0.00
0.00	-30109.18	-39994.63	-2.67378	-30109.18	-39994.63	-2.67378	2.023	0.00
0.00	-30109.34	-39994.71	-2.68021	-30109.34	-39994.71	-2.68021	2.143	0.00
0.00	-30109.50	-39994.78	-2.68609	-30109.50	-39994.78	-2.68609	2.092	0.00
0.00	-30109.66	-39994.86	-2.69151	-30109.66	-39994.86	-2.69151	2.111	0.00
0.00	-30109.87	-39994.96	-2.69835	-30109.87	-39994.96	-2.69835	2.198	0.00
0.00	-30109.97	-39995.00	-2.70242	-30109.97	-39995.00	-2.70242	2.057	0.00
0.00	-30110.13	-39995.08	-2.70743	-30110.13	-39995.08	-2.70743	2.050	0.00
0.00	-30110.30	-39995.15	-2.71196	-30110.30	-39995.15	-2.71196	2.069	0.00
0.00	-30110.47	-39995.22	-2.71672	-30110.47	-39995.22	-2.71672	2.024	0.00
0.00	-30110.65	-39995.30	-2.72204	-30110.65	-39995.30	-2.72204	2.122	0.00
0.00	-30110.81	-39995.37	-2.72658	-30110.81	-39995.37	-2.72658	2.058	0.00
0.00	-30110.97	-39995.44	-2.73132	-30110.97	-39995.44	-2.73132	2.215	0.00
0.00	-30111.16	-39995.51	-2.73557	-30111.16	-39995.51	-2.73557	2.128	0.00
0.00	-30111.35	-39995.59	-2.73958	-30111.35	-39995.59	-2.73958	2.217	0.00
0.00	-30111.53	-39995.66	-2.74352	-30111.53	-39995.66	-2.74352	2.156	0.00
0.00	-30111.68	-39995.72	-2.74752	-30111.68	-39995.72	-2.74752	2.222	0.00
0.00	-30111.83	-39995.78	-2.75145	-30111.83	-39995.78	-2.75145	2.089	0.00
0.00	-30112.06	-39995.87	-2.75612	-30112.06	-39995.87	-2.75612	2.048	0.00
0.00	-30112.15	-39995.90	-2.75923	-30112.15	-39995.90	-2.75923	2.114	0.00
0.00	-30112.31	-39995.96	-2.76309	-30112.31	-39995.96	-2.76309	2.190	0.00
0.00	-30112.48	-39996.02	-2.76698	-30112.48	-39996.02	-2.76698	2.077	0.00
0.00	-30112.66	-39996.09	-2.77081	-30112.66	-39996.09	-2.77081	2.431	0.00
0.00	-30112.83	-39996.15	-2.77485	-30112.83	-39996.15	-2.77485	2.684	0.00
0.00	-30113.00	-39996.21	-2.77879	-30113.00	-39996.21	-2.77879	2.070	0.00
0.00	-30113.17	-39996.27	-2.78271	-30113.17	-39996.27	-2.78271	2.158	0.00
0.00	-30113.34	-39996.33	-2.78643	-30113.34	-39996.33	-2.78643	2.228	0.00
0.00	-30113.51	-39996.39	-2.79037	-30113.51	-39996.39	-2.79037	2.518	0.00
0.00	-30113.68	-39996.45	-2.79412	-30113.68	-39996.45	-2.79412	2.229	0.00
0.00	-30113.85	-39996.51	-2.79772	-30113.85	-39996.51	-2.79772	2.326	0.00
0.00	-30114.09	-39996.59	-2.80158	-30114.09	-39996.59	-2.80158	2.216	0.00
0.00	-30114.19	-39996.62	-2.80395	-30114.19	-39996.62	-2.80395	2.192	0.00
0.00	-30114.36	-39996.68	-2.80667	-30114.36	-39996.68	-2.80667	2.261	0.00
0.00	-30114.57	-39996.74	-2.80932	-30114.57	-39996.74	-2.80932	2.331	0.00
0.00	-30114.76	-39996.81	-2.81208	-30114.76	-39996.81	-2.81208	2.421	0.00
0.00	-30114.95	-39996.87	-2.81433	-30114.95	-39996.87	-2.81433	2.569	0.00
0.00	-30115.12	-39996.92	-2.81696	-30115.12	-39996.92	-2.81696	2.477	0.00
0.00	-30115.30	-39996.98	-2.81904	-30115.30	-39996.98	-2.81904	2.617	0.00
0.00	-30115.48	-39997.04	-2.82088	-30115.48	-39997.04	-2.82088	2.508	0.00
0.00	-30115.66	-39997.09	-2.82251	-30115.66	-39997.09	-2.82251	2.627	0.00
0.00	-30115.84	-39997.15	-2.82400	-30115.84	-39997.15	-2.82400	2.608	0.00
0.00	-30116.02	-39997.20	-2.82531	-30116.02	-39997.20	-2.82531	2.825	0.00
0.00	-30116.23	-39997.27	-2.82639	-30116.23	-39997.27	-2.82639	2.816	0.00
0.00	-30116.40	-39997.32	-2.82725	-30116.40	-39997.32	-2.82725	2.730	0.00
0.00	-30116.57	-39997.38	-2.82789	-30116.57	-39997.38	-2.82789	2.609	0.00
0.00	-30116.76	-39997.43	-2.82835	-30116.76	-39997.43	-2.82835	2.925	0.00
0.00	-30116.95	-39997.49	-2.82882	-30116.95	-39997.49	-2.82882	2.826	0.00
0.00	-30117.14	-39997.55	-2.82914	-30117.14	-39997.55	-2.82914	2.939	0.00
0.00	-30117.33	-39997.61	-2.82956	-30117.33	-39997.61	-2.82956	3.235	0.00
0.00	-30117.51	-39997.67	-2.82990	-30117.51	-39997.67	-2.82990	3.244	0.00
0.00	-30117.70	-39997.73	-2.83022	-30117.70	-39997.73	-2.83022	3.301	0.00
0.00	-30117.88	-39997.78	-2.83049	-30117.88	-39997.78	-2.83049	3.376	0.00
0.00	-30118.08	-39997.85	-2.83075	-30118.08	-39997.85	-2.83075	3.426	0.00
0.00	-30118.30	-39997.91	-2.83099	-30118.30	-39997.91	-2.83099	3.383	0.00
0.00	-30118.52	-39997.98	-2.83114	-30118.52	-39997.98	-2.83114	3.249	0.00
0.00	-30118.70	-39998.04	-2.83111	-30118.70	-39998.04	-2.83111	3.251	0.00
0.00	-30118.88	-39998.09	-2.83088	-30118.88	-39998.09	-2.83088	3.469	0.00
0.00	-30119.05	-39998.15	-2.83056	-30119.05	-39998.15	-2.83056	3.700	0.00
0.00	-30119.24	-39998.20	-2.83026	-30119.24	-39998.20	-2.83026	3.706	0.00
0.00	-30119.42	-39998.26	-2.83009	-30119.42	-39998.26	-2.83009	3.619	0.00
0.00	-30119.61	-39998.32	-2.83004	-30119.61	-39998.32	-2.83004	3.716	0.00
0.00	-30119.81	-39998.38	-2.82994	-30119.81	-39998.38	-2.82994	3.674	0.00
0.00	-30120.00	-39998.45	-2.82986	-30120.00	-39998.45	-2.82986	3.768	0.00
0.00	-30120.19	-39998.51	-2.82978	-30120.19	-39998.51	-2.82978	4.185	0.00
0.00	-30120.39	-39998.57	-2.82973	-30120.39	-39998.57	-2.82973	3.814	0.00
0.00	-30120.62	-39998.64	-2.82967	-30120.62	-39998.64	-2.82967	3.954	0.00
0.00	-30120.80	-39998.70	-2.82948	-30120.80	-39998.70	-2.82948	3.900	0.00
0.00	-30120.99	-39998.76	-2.82923	-30120.99	-39998.76	-2.82923	3.913	0.00
0.00	-30121.19	-39998.82	-2.82899	-30121.19	-39998.82	-2.82899	4.020	0.00
0.00	-30121.38	-39998.88	-2.82880	-30121.38	-39998.88	-2.82880	4.133	0.00
0.00	-30121.58	-39998.95	-2.82861	-30121.58	-39998.95	-2.82861	3.944	0.00
0.00	-30121.77	-39999.01	-2.82829	-30121.77	-39999.01	-2.82829	3.747	0.00
0.00	-30121.99	-39999.08	-2.82787	-30121.99	-39999.08	-2.82787	4.249	0.00
0.00	-30122.22	-39999.16	-2.82742	-30122.22	-39999.16	-2.82742	4.182	0.00
0.00	-30122.44	-39999.23	-2.82705	-30122.44	-39999.23	-2.82705	4.399	0.00
0.00	-30122.62	-39999.29	-2.82675	-30122.62	-39999.29	-2.82675	3.696	0.00
0.00	-30122.80	-39999.34	-2.82647	-30122.80	-39999.34	-2.82647	3.621	0.00
0.00	-30122.98	-39999.40	-2.82617	-30122.98	-39999.40	-2.82617	4.677	0.00
0.00	-30123.17	-39999.47	-2.82597	-30123.17	-39999.47	-2.82597	4.479	0.00
0.00	-30123.36	-39999.53	-2.82582	-30123.36	-39999.53	-2.82582	4.572	0.00
0.00	-30123.55	-39999.59	-2.82563	-30123.55	-39999.59	-2.82563	4.586	0.00
0.00	-30123.74	-39999.65	-2.82538	-30123.74	-39999.65	-2.82538	4.707	0.00
0.00	-30123.94	-39999.72	-2.82504	-30123.94	-39999.72	-2.82504	4.976	0.00
0.00	-30124.13	-39999.78	-2.82475	-30124.13	-39999.78	-2.82475	4.727	0.00
0.00	-30124.33	-39999.85	-2.82453	-30124.33	-39999.85	-2.82453	4.666	0.00
0.00	-30124.52	-39999.91	-2.82438	-30124.52	-39999.91	-2.82438	5.156	0.00
0.00	-30124.72	-39999.97	-2.82422	-30124.72	-39999.97	-2.82422	4.640	0.00
0.00	-30124.91	-40000.04	-2.82410	-30124.91	-40000.04	-2.82410	4.849	0.00
0.00	-30125.14	-40000.11	-2.82402	-30125.14	-40000.11	-2.82402	4.838	0.00
0.00	-30125.31	-40000.17	-2.82386	-30125.31	-40000.17	-2.82386	4.950	0.00
0.00	-30125.50	-40000.23	-2.82365	-30125.50	-40000.23	-2.82365	3.815	0.00
0.00	-30125.68	-40000.29	-2.82344	-30125.68	-40000.29	-2.82344	5.035	0.00
0.00	-30125.91	-40000.37	-2.82325	-30125.91	-40000.37	-2.82325	3.990	0.00
0.00	-30126.15	-40000.45	-2.82307	-30126.15	-40000.45	-2.82307	5.023	0.00
0.00	-30126.36	-40000.52	-2.82295	-30126.36	-40000.52	-2.82295	5.057	0.00
0.00	-30126.53	-40000.57	-2.82287	-30126.53	-40000.57	-2.82287	5.031	0.00
0.00	-30126.69	-40000.63	-2.82284	-30126.69	-40000.63	-2.82284	5.292	0.00
0.00	-30126.87	-40000.69	-2.82283	-30126.87	-40000.69	-2.82283	5.330	0.00
0.00	-30127.05	-40000.75	-2.82283	-30127.05	-40000.75	-2.82283	5.462	0.00
0.00	-30127.23	-40000.81	-2.82285	-30127.23	-40000.81	-2.82285	5.429	0.00
0.00	-30127.42	-40000.87	-2.82285	-30127.42	-40000.87	-2.82285	5.372	0.00
0.00	-30127.61	-40000.93	-2.82285	-30127.61	-40000.93	-2.82285	5.404	0.00
0.00	-30127.80	-40000.99	-2.82290	-30127.80	-40000.99	-2.82290	5.701	0.00
0.00	-30127.99	-40001.05	-2.82302	-30127.99	-40001.05	-2.82302	4.715	0.00
0.00	-30128.17	-40001.11	-2.82315	-30128.17	-40001.11	-2.82315	5.978	0.00
0.00	-30128.36	-40001.18	-2.82323	-30128.36	-40001.18	-2.82323	5.746	0.00
0.00	-30128.56	-40001.24	-2.82322	-30128.56	-40001.24	-2.82322	5.397	0.00
0.00	-30128.76	-40001.31	-2.82314	-30128.76	-40001.31	-2.82314	5.412	0.00
0.00	-30128.96	-40001.37	-2.82304	-30128.96	-40001.37	-2.82304	4.925	0.00
0.00	-30129.15	-40001.44	-2.82297	-30129.15	-40001.44	-2.82297	5.005	0.00
0.00	-30129.33	-40001.50	-2.82303	-30129.33	-40001.50	-2.82303	5.736	0.00
0.00	-30129.62	-40001.59	-2.82313	-30129.62	-40001.59	-2.82313	5.143	0.00
0.00	-30129.77	-40001.64	-2.82318	-30129.77	-40001.64	-2.82318	5.159	0.00
0.00	-30130.01	-40001.72	-2.82319	-30130.01	-40001.72	-2.82319	5.332	0.00
0.00	-30130.23	-40001.79	-2.82315	-30130.23	-40001.79	-2.82315	5.471	0.00
0.00	-30130.40	-40001.85	-2.82316	-30130.40	-40001.85	-2.82316	5.003	0.00
0.00	-30130.59	-40001.91	-2.82321	-30130.59	-40001.91	-2.82321	5.304	0.00
0.00	-30130.79	-40001.97	-2.82332	-30130.79	-40001.97	-2.82332	4.801	0.00
0.00	-30130.94	-40002.02	-2.82346	-30130.94	-40002.02	-2.82346	5.473	0.00
0.00	-30131.17	-40002.10	-2.82361	-30131.17	-40002.10	-2.82361	5.348	0.00
0.00	-30131.36	-40002.16	-2.82376	-30131.36	-40002.16	-2.82376	5.790	0.00
0.00	-30131.55	-40002.22	-2.82389	-30131.55	-40002.22	-2.82389	5.206	0.00
0.00	-30131.75	-40002.29	-2.82394	-30131.75	-40002.29	-2.82394	5.312	0.00
0.00	-30131.96	-40002.36	-2.82392	-30131.96	-40002.36	-2.82392	5.621	0.00
0.00	-30132.16	-40002.42	-2.82396	-30132.16	-40002.42	-2.82396	5.817	0.00
0.00	-30132.36	-40002.49	-2.82409	-30132.36	-40002.49	-2.82409	5.397	0.00
0.00	-30132.56	-40002.55	-2.82420	-30132.56	-40002.55	-2.82420	5.453	0.00
0.00	-30132.76	-40002.62	-2.82427	-30132.76	-40002.62	-2.82427	5.792	0.00
0.00	-30132.96	-40002.68	-2.82433	-30132.96	-40002.68	-2.82433	5.651	0.00
0.00	-30133.17	-40002.75	-2.82448	-30133.17	-40002.75	-2.82448	4.974	0.00
0.00	-30133.38	-40002.82	-2.82469	-30133.38	-40002.82	-2.82469	5.456	0.00
0.00	-30133.57	-40002.88	-2.82494	-30133.57	-40002.88	-2.82494	5.221	0.00
0.00	-30133.81	-40002.96	-2.82508	-30133.81	-40002.96	-2.82508	5.559	0.00
0.00	-30134.05	-40003.04	-2.82510	-30134.05	-40003.04	-2.82510	5.315	0.00
0.00	-30134.35	-40003.14	-2.82499	-30134.35	-40003.14	-2.82499	5.666	0.00
0.00	-30134.44	-40003.17	-2.82489	-30134.44	-40003.17	-2.82489	5.466	0.00
0.00	-30134.58	-40003.21	-2.82475	-30134.58	-40003.21	-2.82475	5.504	0.00
0.00	-30134.83	-40003.29	-2.82466	-30134.83	-40003.29	-2.82466	5.628	0.00
0.00	-30135.02	-40003.36	-2.82464	-30135.02	-40003.36	-2.82464	5.683	0.00
0.00	-30135.19	-40003.41	-2.82458	-30135.19	-40003.41	-2.82458	5.595	0.00
0.00	-30135.39	-40003.48	-2.82441	-30135.39	-40003.48	-2.82441	5.589	0.00
0.00	-30135.57	-40003.54	-2.82423	-30135.57	-40003.54	-2.82423	5.603	0.00
0.00	-30135.77	-40003.60	-2.82409	-30135.77	-40003.60	-2.82409	5.389	0.00
0.00	-30135.95	-40003.66	-2.82406	-30135.95	-40003.66	-2.82406	5.816	0.00
0.00	-30136.16	-40003.73	-2.82394	-30136.16	-40003.73	-2.82394	6.118	0.00
0.00	-30136.36	-40003.80	-2.82379	-30136.36	-40003.80	-2.82379	5.840	0.00
0.00	-30136.56	-40003.86	-2.82370	-30136.56	-40003.86	-2.82370	5.910	0.00
0.00	-30136.74	-40003.92	-2.82360	-30136.74	-40003.92	-2.82360	5.694	0.00
0.00	-30136.95	-40003.99	-2.82352	-30136.95	-40003.99	-2.82352	5.793	0.00
0.00	-30137.12	-40004.05	-2.82350	-30137.12	-40004.05	-2.82350	5.980	0.00
0.00	-30137.37	-40004.13	-2.82365	-30137.37	-40004.13	-2.82365	6.344	0.00
0.00	-30137.50	-40004.17	-2.82363	-30137.50	-40004.17	-2.82363	5.951	0.00
0.00	-30137.81	-40004.27	-2.82344	-30137.81	-40004.27	-2.82344	6.029	0.00
0.00	-30137.99	-40004.34	-2.82312	-30137.99	-40004.34	-2.82312	6.540	0.00
0.00	-30138.24	-40004.42	-2.82294	-30138.24	-40004.42	-2.82294	5.986	0.00
0.00	-30138.34	-40004.45	-2.82284	-30138.34	-40004.45	-2.82284	5.753	0.00
0.00	-30138.57	-40004.53	-2.82289	-30138.57	-40004.53	-2.82289	5.738	0.00
0.00	-30138.85	-40004.62	-2.82308	-30138.85	-40004.62	-2.82308	5.923	0.00
0.00	-30138.88	-40004.63	-2.82317	-30138.88	-40004.63	-2.82317	5.834	0.00
0.00	-30139.07	-40004.70	-2.82335	-30139.07	-40004.70	-2.82335	5.773	0.00
0.00	-30139.28	-40004.76	-2.82349	-30139.28	-40004.76	-2.82349	6.073	0.00
0.00	-30139.46	-40004.82	-2.82349	-30139.46	-40004.82	-2.82349	6.195	0.00
0.00	-30139.66	-40004.89	-2.82352	-30139.66	-40004.89	-2.82352	5.813	0.00
0.00	-30139.85	-40004.95	-2.82354	-30139.85	-40004.95	-2.82354	5.881	0.00
0.00	-30140.06	-40005.02	-2.82350	-30140.06	-40005.02	-2.82350	5.913	0.00
0.00	-30140.24	-40005.08	-2.82338	-30140.24	-40005.08	-2.82338	6.271	0.00
0.00	-30140.44	-40005.15	-2.82337	-30140.44	-40005.15	-2.82337	5.931	0.00
0.00	-30140.63	-40005.21	-2.82331	-30140.63	-40005.21	-2.82331	6.369	0.00
0.00	-30140.83	-40005.28	-2.82329	-30140.83	-40005.28	-2.82329	6.447	0.00
0.00	-30141.00	-40005.33	-2.82317	-30141.00	-40005.33	-2.82317	6.240	0.00
0.00	-30141.21	-40005.40	-2.82319	-30141.21	-40005.40	-2.82319	6.535	0.00
0.00	-30141.41	-40005.47	-2.82320	-30141.41	-40005.47	-2.82320	6.206	0.00
0.00	-30141.61	-40005.54	-2.82330	-30141.61	-40005.54	-2.82330	6.383	0.00
0.00	-30141.85	-40005.62	-2.82331	-30141.85	-40005.62	-2.82331	6.982	0.00
0.00	-30142.06	-40005.68	-2.82336	-30142.06	-40005.68	-2.82336	6.266	0.00
0.00	-30142.23	-40005.74	-2.82341	-30142.23	-40005.74	-2.82341	6.656	0.00
0.00	-30142.48	-40005.82	-2.82347	-30142.48	-40005.82	-2.82347	6.568	0.00
0.00	-30142.60	-40005.86	-2.82364	-30142.60	-40005.86	-2.82364	6.350	0.00
0.00	-30142.86	-40005.95	-2.82382	-30142.86	-40005.95	-2.82382	16.419	0.00
0.00	-30142.98	-40005.99	-2.82403	-30142.98	-40005.99	-2.82403	6.601	0.00
0.00	-30143.25	-40006.08	-2.82428	-30143.25	-40006.08	-2.82428	6.417	0.00
0.00	-30143.44	-40006.14	-2.82453	-30143.44	-40006.14	-2.82453	6.516	0.00
0.00	-30143.66	-40006.21	-2.82463	-30143.66	-40006.21	-2.82463	6.527	0.00
0.00	-30143.85	-40006.27	-2.82474	-30143.85	-40006.27	-2.82474	6.532	0.00
0.00	-30144.07	-40006.34	-2.82479	-30144.07	-40006.34	-2.82479	7.417	0.00
0.00	-30144.25	-40006.40	-2.82489	-30144.25	-40006.40	-2.82489	6.578	0.00
0.00	-30144.45	-40006.47	-2.82500	-30144.45	-40006.47	-2.82500	7.052	0.00
0.00	-30144.64	-40006.53	-2.82518	-30144.64	-40006.53	-2.82518	7.669	0.00
0.00	-30144.85	-40006.60	-2.82534	-30144.85	-40006.60	-2.82534	6.630	0.00
0.00	-30145.04	-40006.66	-2.82559	-30145.04	-40006.66	-2.82559	7.742	0.00
0.00	-30145.25	-40006.73	-2.82572	-30145.25	-40006.73	-2.82572	7.263	0.00
0.00	-30145.47	-40006.80	-2.82592	-30145.47	-40006.80	-2.82592	19.489	0.00
0.00	-30145.73	-40006.88	-2.82611	-30145.73	-40006.88	-2.82611	7.841	0.00
0.00	-30145.96	-40006.96	-2.82632	-30145.96	-40006.96	-2.82632	7.252	0.00
0.00	-30146.21	-40007.04	-2.82632	-30146.21	-40007.04	-2.82632	7.695	0.00
0.00	-30146.28	-40007.06	-2.82636	-30146.28	-40007.06	-2.82636	7.337	0.00
0.00	-30146.48	-40007.13	-2.82645	-30146.48	-40007.13	-2.82645	7.975	0.00
0.00	-30146.67	-40007.19	-2.82662	-30146.67	-40007.19	-2.82662	8.352	0.00
0.00	-30146.92	-40007.27	-2.82673	-30146.92	-40007.27	-2.82673	7.396	0.00
0.00	-30147.06	-40007.32	-2.82687	-30147.06	-40007.32	-2.82687	8.267	0.00
0.00	-30147.32	-40007.40	-2.82694	-30147.32	-40007.40	-2.82694	7.870	0.00
0.00	-30147.47	-40007.45	-2.82704	-30147.47	-40007.45	-2.82704	7.855	0.00
0.00	-30147.74	-40007.54	-2.82717	-30147.74	-40007.54	-2.82717	8.478	0.00
0.00	-30147.89	-40007.59	-2.82730	-30147.89	-40007.59	-2.82730	8.120	0.00
0.00	-30148.16	-40007.67	-2.82737	-30148.16	-40007.67	-2.82737	8.274	0.00
0.00	-30148.35	-40007.73	-2.82738	-30148.35	-40007.73	-2.82738	8.288	0.00
0.00	-30148.56	-40007.80	-2.82738	-30148.56	-40007.80	-2.82738	8.823	0.00
0.00	-30148.73	-40007.86	-2.82740	-30148.73	-40007.86	-2.82740	9.210	0.00
0.00	-30148.94	-40007.93	-2.82743	-30148.94	-40007.93	-2.82743	8.404	0.00
0.00	-30149.13	-40007.99	-2.82742	-30149.13	-40007.99	-2.82742	8.879	0.00
0.00	-30149.34	-40008.06	-2.82745	-30149.34	-40008.06	-2.82745	8.547	0.00
0.00	-30149.58	-40008.14	-2.82749	-30149.58	-40008.14	-2.82749	8.821	0.00
0.00	-30149.79	-40008.20	-2.82766	-30149.79	-40008.20	-2.82766	9.249	0.00
0.00	-30150.02	-40008.28	-2.82770	-30150.02	-40008.28	-2.82770	9.235	0.00
0.00	-30150.22	-40008.34	-2.82777	-30150.22	-40008.34	-2.82777	9.169	0.00
0.00	-30150.39	-40008.40	-2.82782	-30150.39	-40008.40	-2.82782	10.415	0.00
0.00	-30150.64	-40008.48	-2.82790	-30150.64	-40008.48	-2.82790	9.290	0.00
0.00	-30150.75	-40008.52	-2.82790	-30150.75	-40008.52	-2.82790	9.480	0.00
0.00	-30150.96	-40008.59	-2.82809	-30150.96	-40008.59	-2.82809	11.907	0.00
0.00	-30151.16	-40008.65	-2.82824	-30151.16	-40008.65	-2.82824	10.446	0.00
0.00	-30151.38	-40008.72	-2.82848	-30151.38	-40008.72	-2.82848	9.748	0.00
0.00	-30151.59	-40008.79	-2.82859	-30151.59	-40008.79	-2.82859	9.593	0.00
0.00	-30151.84	-40008.87	-2.82876	-30151.84	-40008.87	-2.82876	10.206	0.00
0.00	-30151.99	-40008.92	-2.82870	-30151.99	-40008.92	-2.82870	9.587	0.00
0.00	-30152.25	-40009.01	-2.82868	-30152.25	-40009.01	-2.82868	9.777	0.00
0.00	-30152.40	-40009.06	-2.82852	-30152.40	-40009.06	-2.82852	9.784	0.00
0.00	-30152.66	-40009.14	-2.82847	-30152.66	-40009.14	-2.82847	10.293	0.00
0.00	-30152.86	-40009.20	-2.82843	-30152.86	-40009.20	-2.82843	9.772	0.00
0.00	-30153.06	-40009.27	-2.82849	-30153.06	-40009.27	-2.82849	10.270	0.00
0.00	-30153.26	-40009.34	-2.82845	-30153.26	-40009.34	-2.82845	98.878	0.00
0.00	-30153.79	-40009.51	-2.82845	-30153.79	-40009.51	-2.82845	12.022	0.00
0.00	-30153.79	-40009.51	-2.82845	-30153.79	-40009.51	-2.82845	11.104	0.00
0.00	-30154.01	-40009.58	-2.82845	-30154.01	-40009.58	-2.82845	9.663	0.00
0.00	-30154.18	-40009.63	-2.82833	-30154.18	-40009.63	-2.82833	9.654	0.00
0.00	-30154.39	-40009.70	-2.82825	-30154.39	-40009.70	-2.82825	9.929	0.00
0.00	-30154.57	-40009.76	-2.82811	-30154.57	-40009.76	-2.82811	10.799	0.00
0.00	-30154.78	-40009.83	-2.82802	-30154.78	-40009.83	-2.82802	10.100	0.00
0.00	-30154.97	-40009.89	-2.82792	-30154.97	-40009.89	-2.82792	10.157	0.00
0.00	-30155.41	-40010.03	-2.82798	-30155.41	-40010.03	-2.82798	10.805	0.00
0.00	-30155.41	-40010.03	-2.82798	-30155.41	-40010.03	-2.82798	10.850	0.00
0.00	-30155.59	-40010.09	-2.82804	-30155.59	-40010.09	-2.82804	10.168	0.00
0.00	-30155.76	-40010.15	-2.82806	-30155.76	-40010.15	-2.82806	10.296	0.00
0.00	-30155.99	-40010.22	-2.82805	-30155.99	-40010.22	-2.82805	11.364	0.00
0.00	-30156.20	-40010.29	-2.82804	-30156.20	-40010.29	-2.82804	10.585	0.00
0.00	-30156.47	-40010.38	-2.82807	-30156.47	-40010.38	-2.82807	10.761	0.00
0.00	-30156.63	-40010.43	-2.82805	-30156.63	-40010.43	-2.82805	10.262	0.00
0.00	-30156.91	-40010.52	-2.82801	-30156.91	-40010.52	-2.82801	10.808	0.00
0.00	-30157.05	-40010.57	-2.82786	-30157.05	-40010.57	-2.82786	11.928	0.00
0.00	-30157.33	-40010.66	-2.82778	-30157.33	-40010.66	-2.82778	10.367	0.00
0.00	-30157.68	-40010.77	-2.82771	-30157.68	-40010.77	-2.82771	10.777	0.00
0.00	-30157.70	-40010.78	-2.82771	-30157.70	-40010.78	-2.82771	10.735	0.00
0.00	-30157.94	-40010.86	-2.82781	-30157.94	-40010.86	-2.82781	11.742	0.00
0.00	-30158.16	-40010.93	-2.82793	-30158.16	-40010.93	-2.82793	11.042	0.00
0.00	-30158.35	-40010.99	-2.82798	-30158.35	-40010.99	-2.82798	10.390	0.00
0.00	-30158.58	-40011.07	-2.82798	-30158.58	-40011.07	-2.82798	11.957	0.00
0.00	-30158.78	-40011.13	-2.82790	-30158.78	-40011.13	-2.82790	12.068	0.00
0.00	-30159.00	-40011.20	-2.82782	-30159.00	-40011.20	-2.82782	11.377	0.00
0.00	-30159.20	-40011.27	-2.82775	-30159.20	-40011.27	-2.82775	11.991	0.00
0.00	-30159.43	-40011.34	-2.82779	-30159.43	-40011.34	-2.82779	11.776	0.00
0.00	-30159.63	-40011.41	-2.82778	-30159.63	-40011.41	-2.82778	12.117	0.00
0.00	-30159.85	-40011.48	-2.82782	-30159.85	-40011.48	-2.82782	11.351	0.00
0.00	-30160.04	-40011.54	-2.82781	-30160.04	-40011.54	-2.82781	13.066	0.00
0.00	-30160.27	-40011.62	-2.82786	-30160.27	-40011.62	-2.82786	11.638	0.00
0.00	-30160.48	-40011.68	-2.82788	-30160.48	-40011.68	-2.82788	12.142	0.00
0.00	-30160.71	-40011.76	-2.82785	-30160.71	-40011.76	-2.82785	11.260	0.00
0.00	-30160.91	-40011.82	-2.82782	-30160.91	-40011.82	-2.82782	13.811	0.00
0.00	-30161.13	-40011.90	-2.82781	-30161.13	-40011.90	-2.82781	13.238	0.00
0.00	-30161.33	-40011.96	-2.82778	-30161.33	-40011.96	-2.82778	13.354	0.00
0.00	-30161.62	-40012.05	-2.82770	-30161.62	-40012.05	-2.82770	11.616	0.00
0.00	-30161.77	-40012.10	-2.82766	-30161.77	-40012.10	-2.82766	14.116	0.00
0.00	-30162.03	-40012.19	-2.82757	-30162.03	-40012.19	-2.82757	13.153	0.00
0.00	-30162.21	-40012.24	-2.82741	-30162.21	-40012.24	-2.82741	13.097	0.00
0.00	-30162.51	-40012.34	-2.82726	-30162.51	-40012.34	-2.82726	12.444	0.00
0.00	-30162.72	-40012.41	-2.82723	-30162.72	-40012.41	-2.82723	14.270	0.00
0.00	-30162.93	-40012.48	-2.82729	-30162.93	-40012.48	-2.82729	13.035	0.00
0.00	-30163.11	-40012.54	-2.82740	-30163.11	-40012.54	-2.82740	12.604	0.00
0.00	-30163.32	-40012.60	-2.82744	-30163.32	-40012.60	-2.82744	13.542	0.00
0.00	-30163.50	-40012.66	-2.82746	-30163.50	-40012.66	-2.82746	15.850	0.00
0.00	-30163.72	-40012.73	-2.82741	-30163.72	-40012.73	-2.82741	14.347	0.00
0.00	-30163.90	-40012.79	-2.82742	-30163.90	-40012.79	-2.82742	14.238	0.00
0.00	-30164.12	-40012.87	-2.82745	-30164.12	-40012.87	-2.82745	13.623	0.00
0.00	-30164.32	-40012.93	-2.82764	-30164.32	-40012.93	-2.82764	16.109	0.00
0.00	-30164.54	-40013.00	-2.82780	-30164.54	-40013.00	-2.82780	14.646	0.00
0.00	-30164.71	-40013.06	-2.82809	-30164.71	-40013.06	-2.82809	13.789	0.00
0.00	-30164.94	-40013.13	-2.82823	-30164.94	-40013.13	-2.82823	14.643	0.00
0.00	-30165.14	-40013.19	-2.82841	-30165.14	-40013.19	-2.82841	16.003	0.00
0.00	-30165.38	-40013.27	-2.82852	-30165.38	-40013.27	-2.82852	16.374	0.00
0.00	-30165.58	-40013.34	-2.82870	-30165.58	-40013.34	-2.82870	15.944	0.00
0.00	-30165.81	-40013.41	-2.82881	-30165.81	-40013.41	-2.82881	15.600	0.00
0.00	-30166.00	-40013.47	-2.82902	-30166.00	-40013.47	-2.82902	16.894	0.00
0.00	-30166.29	-40013.56	-2.82915	-30166.29	-40013.56	-2.82915	16.609	0.00
0.00	-30166.47	-40013.62	-2.82923	-30166.47	-40013.62	-2.82923	16.313	0.00
0.00	-30166.78	-40013.72	-2.82931	-30166.78	-40013.72	-2.82931	17.725	0.00
0.00	-30166.93	-40013.77	-2.82938	-30166.93	-40013.77	-2.82938	18.480	0.00
0.00	-30167.18	-40013.85	-2.82939	-30167.18	-40013.85	-2.82939	16.856	0.00
0.00	-30167.34	-40013.90	-2.82947	-30167.34	-40013.90	-2.82947	18.600	0.00
0.00	-30167.55	-40013.97	-2.82959	-30167.55	-40013.97	-2.82959	17.370	0.00
0.00	-30167.73	-40014.03	-2.82980	-30167.73	-40014.03	-2.82980	19.385	0.00
0.00	-30167.95	-40014.10	-2.82999	-30167.95	-40014.10	-2.82999	16.939	0.00
0.00	-30168.14	-40014.16	-2.83034	-30168.14	-40014.16	-2.83034	17.795	0.00
0.00	-30168.36	-40014.23	-2.83046	-30168.36	-40014.23	-2.83046	19.080	0.00
0.00	-30168.51	-40014.27	-2.83053	-30168.51	-40014.27	-2.83053	19.568	0.00
0.00	-30168.80	-40014.37	-2.83035	-30168.80	-40014.37	-2.83035	17.734	0.00
0.00	-30169.00	-40014.43	-2.83022	-30169.00	-40014.43	-2.83022	17.488	0.00
0.00	-30169.23	-40014.51	-2.83010	-30169.23	-40014.51	-2.83010	19.656	0.00
0.00	-30169.37	-40014.55	-2.83026	-30169.37	-40014.55	-2.83026	19.190	0.00
0.00	-30169.60	-40014.62	-2.83037	-30169.60	-40014.62	-2.83037	17.760	0.00
0.00	-30169.82	-40014.69	-2.83048	-30169.82	-40014.69	-2.83048	18.044	0.00
0.00	-30170.05	-40014.77	-2.83057	-30170.05	-40014.77	-2.83057	19.337	0.00
0.00	-30170.25	-40014.83	-2.83077	-30170.25	-40014.83	-2.83077	20.834	0.00
0.00	-30170.47	-40014.90	-2.83094	-30170.47	-40014.90	-2.83094	18.916	0.00
0.00	-30170.68	-40014.97	-2.83122	-30170.68	-40014.97	-2.83122	18.342	0.00
0.00	-30170.91	-40015.04	-2.83148	-30170.91	-40015.04	-2.83148	20.325	0.00
0.00	-30171.12	-40015.11	-2.83177	-30171.12	-40015.11	-2.83177	19.507	0.00
0.00	-30171.39	-40015.20	-2.83193	-30171.39	-40015.20	-2.83193	19.225	0.00
0.00	-30171.55	-40015.25	-2.83215	-30171.55	-40015.25	-2.83215	18.245	0.00
0.00	-30171.84	-40015.34	-2.83231	-30171.84	-40015.34	-2.83231	20.387	0.00
0.00	-30171.99	-40015.38	-2.83259	-30171.99	-40015.38	-2.83259	18.922	0.00
0.00	-30172.28	-40015.48	-2.83273	-30172.28	-40015.48	-2.83273	19.020	0.00
0.00	-30172.49	-40015.54	-2.83282	-30172.49	-40015.54	-2.83282	18.359	0.00
0.00	-30172.71	-40015.61	-2.83290	-30172.71	-40015.61	-2.83290	20.537	0.00
0.00	-30172.87	-40015.66	-2.83306	-30172.87	-40015.66	-2.83306	19.933	0.00
0.00	-30173.15	-40015.75	-2.83311	-30173.15	-40015.75	-2.83311	20.086	0.00
0.00	-30173.34	-40015.81	-2.83310	-30173.34	-40015.81	-2.83310	19.143	0.00
0.00	-30173.57	-40015.88	-2.83300	-30173.57	-40015.88	-2.83300	20.733	0.00
0.00	-30173.77	-40015.95	-2.83299	-30173.77	-40015.95	-2.83299	20.527	0.00
0.00	-30174.00	-40016.02	-2.83307	-30174.00	-40016.02	-2.83307	20.806	0.00
0.00	-30174.21	-40016.09	-2.83329	-30174.21	-40016.09	-2.83329	19.556	0.00
0.00	-30174.54	-40016.19	-2.83341	-30174.54	-40016.19	-2.83341	20.868	0.00
0.00	-30174.57	-40016.20	-2.83342	-30174.57	-40016.20	-2.83342	21.240	0.00
0.00	-30174.81	-40016.28	-2.83339	-30174.81	-40016.28	-2.83339	19.803	0.00
0.00	-30175.05	-40016.36	-2.83344	-30175.05	-40016.36	-2.83344	19.713	0.00
0.00	-30175.29	-40016.43	-2.83348	-30175.29	-40016.43	-2.83348	21.483	0.00
0.00	-30175.53	-40016.51	-2.83364	-30175.53	-40016.51	-2.83364	20.687	0.00
0.00	-30175.76	-40016.58	-2.83377	-30175.76	-40016.58	-2.83377	21.277	0.00
0.00	-30175.98	-40016.65	-2.83391	-30175.98	-40016.65	-2.83391	19.404	0.00
0.00	-30176.25	-40016.74	-2.83405	-30176.25	-40016.74	-2.83405	22.494	0.00
0.00	-30176.42	-40016.79	-2.83411	-30176.42	-40016.79	-2.83411	20.808	0.00
0.00	-30176.70	-40016.88	-2.83410	-30176.70	-40016.88	-2.83410	20.367	0.00
0.00	-30176.88	-40016.93	-2.83408	-30176.88	-40016.93	-2.83408	19.840	0.00
0.00	-30177.15	-40017.02	-2.83398	-30177.15	-40017.02	-2.83398	21.512	0.00
0.00	-30177.50	-40017.13	-2.83387	-30177.50	-40017.13	-2.83387	21.114	0.00
0.00	-30177.53	-40017.14	-2.83387	-30177.53	-40017.14	-2.83387	21.206	0.00
0.00	-30177.77	-40017.22	-2.83388	-30177.77	-40017.22	-2.83388	21.217	0.00
0.00	-30178.00	-40017.29	-2.83391	-30178.00	-40017.29	-2.83391	21.957	0.00
0.00	-30178.23	-40017.37	-2.83390	-30178.23	-40017.37	-2.83390	21.718	0.00
0.00	-30178.45	-40017.43	-2.83392	-30178.45	-40017.43	-2.83392	21.763	0.00
0.00	-30178.61	-40017.49	-2.83385	-30178.61	-40017.49	-2.83385	20.897	0.00
0.00	-30178.90	-40017.58	-2.83372	-30178.90	-40017.58	-2.83372	22.321	0.00
0.00	-30179.09	-40017.64	-2.83347	-30179.09	-40017.64	-2.83347	21.870	0.00
0.00	-30179.33	-40017.71	-2.83339	-30179.33	-40017.71	-2.83339	21.684	0.00
0.00	-30179.56	-40017.79	-2.83325	-30179.56	-40017.79	-2.83325	21.887	0.00
0.00	-30179.81	-40017.87	-2.83320	-30179.81	-40017.87	-2.83320	22.376	0.00
0.00	-30180.04	-40017.94	-2.83311	-30180.04	-40017.94	-2.83311	22.441	0.00
0.00	-30180.28	-40018.02	-2.83308	-30180.28	-40018.02	-2.83308	21.882	0.00
0.00	-30180.50	-40018.09	-2.83294	-30180.50	-40018.09	-2.83294	21.092	0.00
0.00	-30180.73	-40018.17	-2.83289	-30180.73	-40018.17	-2.83289	22.910	0.00
0.00	-30180.93	-40018.23	-2.83271	-30180.93	-40018.23	-2.83271	22.689	0.00
0.00	-30181.16	-40018.30	-2.83268	-30181.16	-40018.30	-2.83268	23.247	0.00
0.00	-30181.36	-40018.37	-2.83255	-30181.36	-40018.37	-2.83255	22.255	0.00
0.00	-30181.65	-40018.46	-2.83249	-30181.65	-40018.46	-2.83249	22.934	0.00
0.00	-30181.80	-40018.51	-2.83238	-30181.80	-40018.51	-2.83238	23.305	0.00
0.00	-30182.09	-40018.60	-2.83226	-30182.09	-40018.60	-2.83226	23.550	0.00
0.00	-30182.46	-40018.72	-2.83205	-30182.46	-40018.72	-2.83205	21.558	0.00
0.00	-30182.50	-40018.73	-2.83200	-30182.50	-40018.73	-2.83200	24.790	0.00
0.00	-30182.71	-40018.80	-2.83185	-30182.71	-40018.80	-2.83185	22.481	0.00
0.00	-30182.95	-40018.88	-2.83180	-30182.95	-40018.88	-2.83180	24.485	0.00
0.00	-30183.16	-40018.95	-2.83177	-30183.16	-40018.95	-2.83177	23.362	0.00
0.00	-30183.39	-40019.02	-2.83179	-30183.39	-40019.02	-2.83179	23.136	0.00
0.00	-30183.59	-40019.08	-2.83166	-30183.59	-40019.08	-2.83166	24.773	0.00
0.00	-30183.86	-40019.17	-2.83146	-30183.86	-40019.17	-2.83146	24.471	0.00
0.00	-30184.13	-40019.26	-2.83129	-30184.13	-40019.26	-2.83129	23.657	0.00
0.00	-30184.37	-40019.33	-2.83115	-30184.37	-40019.33	-2.83115	24.898	0.00
0.00	-30184.55	-40019.39	-2.83097	-30184.55	-40019.39	-2.83097	24.302	0.00
0.00	-30184.87	-40019.50	-2.83087	-30184.87	-40019.50	-2.83087	25.174	0.00
0.00	-30184.89	-40019.50	-2.83082	-30184.89	-40019.50	-2.83082	25.159	0.00
0.00	-30185.14	-40019.58	-2.83073	-30185.14	-40019.58	-2.83073	26.511	0.00
0.00	-30185.36	-40019.65	-2.83063	-30185.36	-40019.65	-2.83063	24.743	0.00
0.00	-30185.61	-40019.73	-2.83047	-30185.61	-40019.73	-2.83047	25.209	0.00
0.00	-30185.83	-40019.80	-2.83043	-30185.83	-40019.80	-2.83043	25.503	0.00
0.00	-30186.07	-40019.88	-2.83038	-30186.07	-40019.88	-2.83038	26.298	0.00
0.00	-30186.28	-40019.95	-2.83047	-30186.28	-40019.95	-2.83047	25.863	0.00
0.00	-30186.57	-40020.04	-2.83047	-30186.57	-40020.04	-2.83047	26.499	0.00
0.00	-30186.72	-40020.09	-2.83043	-30186.72	-40020.09	-2.83043	25.561	0.00
0.00	-30187.01	-40020.18	-2.83031	-30187.01	-40020.18	-2.83031	26.445	0.00
0.00	-30187.18	-40020.23	-2.83034	-30187.18	-40020.23	-2.83034	25.433	0.00
0.00	-30187.46	-40020.33	-2.83025	-30187.46	-40020.33	-2.83025	26.679	0.00
0.00	-30187.61	-40020.37	-2.83020	-30187.61	-40020.37	-2.83020	25.085	0.00
0.00	-30187.92	-40020.47	-2.83016	-30187.92	-40020.47	-2.83016	26.677	0.00
0.00	-30188.13	-40020.54	-2.83029	-30188.13	-40020.54	-2.83029	25.844	0.00
0.00	-30188.40	-40020.62	-2.83037	-30188.40	-40020.62	-2.83037	25.781	0.00
0.00	-30188.67	-40020.71	-2.83054	-30188.67	-40020.71	-2.83054	26.031	0.00
0.00	-30188.89	-40020.78	-2.83050	-30188.89	-40020.78	-2.83050	27.889	0.00
0.00	-30189.06	-40020.83	-2.83065	-30189.06	-40020.83	-2.83065	25.740	0.00
0.00	-30189.29	-40020.91	-2.83072	-30189.29	-40020.91	-2.83072	27.211	0.00
0.00	-30189.50	-40020.97	-2.83102	-30189.50	-40020.97	-2.83102	25.921	0.00
0.00	-30189.74	-40021.05	-2.83110	-30189.74	-40021.05	-2.83110	27.478	0.00
0.00	-30189.91	-40021.10	-2.83146	-30189.91	-40021.10	-2.83146	25.805	0.00
0.00	-30190.16	-40021.18	-2.83159	-30190.16	-40021.18	-2.83159	26.573	0.00
0.00	-30190.38	-40021.25	-2.83180	-30190.38	-40021.25	-2.83180	27.341	0.00
0.00	-30190.63	-40021.33	-2.83181	-30190.63	-40021.33	-2.83181	27.478	0.00
0.00	-30190.85	-40021.40	-2.83182	-30190.85	-40021.40	-2.83182	26.941	0.00
0.00	-30191.09	-40021.48	-2.83166	-30191.09	-40021.48	-2.83166	27.282	0.00
0.00	-30191.30	-40021.54	-2.83156	-30191.30	-40021.54	-2.83156	28.579	0.00
0.00	-30191.59	-40021.64	-2.83150	-30191.59	-40021.64	-2.83150	27.422	0.00
0.00	-30191.75	-40021.69	-2.83162	-30191.75	-40021.69	-2.83162	28.871	0.00
0.00	-30192.05	-40021.78	-2.83188	-30192.05	-40021.78	-2.83188	29.203	0.00
0.00	-30192.21	-40021.83	-2.83219	-30192.21	-40021.83	-2.83219	28.352	0.00
0.00	-30192.50	-40021.93	-2.83233	-30192.50	-40021.93	-2.83233	28.142	0.00
0.00	-30192.69	-40021.99	-2.83234	-30192.69	-40021.99	-2.83234	28.566	0.00
0.00	-30193.04	-40022.10	-2.83226	-30193.04	-40022.10	-2.83226	29.113	0.00
0.00	-30193.46	-40022.23	-2.83209	-30193.46	-40022.23	-2.83209	29.665	0.00
0.00	-30193.51	-40022.25	-2.83205	-30193.51	-40022.25	-2.83205	30.137	0.00
0.00	-30193.66	-40022.30	-2.83197	-30193.66	-40022.30	-2.83197	29.492	0.00
0.00	-30193.88	-40022.37	-2.83198	-30193.88	-40022.37	-2.83198	29.640	0.00
0.00	-30194.07	-40022.43	-2.83178	-30194.07	-40022.43	-2.83178	29.426	0.00
0.00	-30194.30	-40022.51	-2.83175	-30194.30	-40022.51	-2.83175	29.120	0.00
0.00	-30194.51	-40022.58	-2.83166	-30194.51	-40022.58	-2.83166	30.271	0.00
0.00	-30194.75	-40022.65	-2.83181	-30194.75	-40022.65	-2.83181	30.233	0.00
0.00	-30194.95	-40022.72	-2.83161	-30194.95	-40022.72	-2.83161	30.671	0.00
0.00	-30195.18	-40022.80	-2.83167	-30195.18	-40022.80	-2.83167	29.114	0.00
0.00	-30195.39	-40022.86	-2.83159	-30195.39	-40022.86	-2.83159	30.793	0.00
0.00	-30195.63	-40022.94	-2.83178	-30195.63	-40022.94	-2.83178	30.123	0.00
0.00	-30195.84	-40023.01	-2.83160	-30195.84	-40023.01	-2.83160	29.496	0.00
0.00	-30196.09	-40023.09	-2.83143	-30196.09	-40023.09	-2.83143	30.276	0.00
0.00	-30196.30	-40023.16	-2.83094	-30196.30	-40023.16	-2.83094	30.034	0.00
0.00	-30196.53	-40023.23	-2.83065	-30196.53	-40023.23	-2.83065	29.481	0.00
0.00	-30196.74	-40023.30	-2.83017	-30196.74	-40023.30	-2.83017	30.749	0.00
0.00	-30197.02	-40023.40	-2.83008	-30197.02	-40023.40	-2.83008	29.465	0.00
0.00	-30197.22	-40023.46	-2.82984	-30197.22	-40023.46	-2.82984	30.504	0.00
0.00	-30197.51	-40023.56	-2.82951	-30197.51	-40023.56	-2.82951	30.462	0.00
0.00	-30197.80	-40023.65	-2.82900	-30197.80	-40023.65	-2.82900	31.584	0.00
0.00	-30198.01	-40023.72	-2.82851	-30198.01	-40023.72	-2.82851	30.978	0.00
0.00	-30198.26	-40023.80	-2.82805	-30198.26	-40023.80	-2.82805	30.439	0.00
0.00	-30198.44	-40023.86	-2.82768	-30198.44	-40023.86	-2.82768	30.676	0.00
0.00	-30198.63	-40023.93	-2.82737	-30198.63	-40023.93	-2.82737	31.232	0.00
0.00	-30198.83	-40023.99	-2.82713	-30198.83	-40023.99	-2.82713	31.163	0.00
0.00	-30199.05	-40024.06	-2.82703	-30199.05	-40024.06	-2.82703	33.185	0.00
0.00	-30199.23	-40024.12	-2.82682	-30199.23	-40024.12	-2.82682	30.011	0.00
0.00	-30199.55	-40024.23	-2.82672	-30199.55	-40024.23	-2.82672	30.974	0.00
0.00	-30199.58	-40024.24	-2.82658	-30199.58	-40024.24	-2.82658	38.465	0.00
0.00	-30199.82	-40024.32	-2.82641	-30199.82	-40024.32	-2.82641	36.845	0.00
0.00	-30200.06	-40024.39	-2.82622	-30200.06	-40024.39	-2.82622	31.919	0.00
0.00	-30200.30	-40024.47	-2.82607	-30200.30	-40024.47	-2.82607	31.299	0.00
0.00	-30200.53	-40024.55	-2.82602	-30200.53	-40024.55	-2.82602	31.370	0.00
0.00	-30200.76	-40024.62	-2.82601	-30200.76	-40024.62	-2.82601	30.925	0.00
0.00	-30200.99	-40024.70	-2.82604	-30200.99	-40024.70	-2.82604	33.491	0.00
0.00	-30201.22	-40024.77	-2.82605	-30201.22	-40024.77	-2.82605	31.425	0.00
0.00	-30201.41	-40024.83	-2.82604	-30201.41	-40024.83	-2.82604	31.724	0.00
0.00	-30201.68	-40024.92	-2.82590	-30201.68	-40024.92	-2.82590	32.526	0.00
0.00	-30201.94	-40025.01	-2.82578	-30201.94	-40025.01	-2.82578	31.799	0.00
0.00	-30202.23	-40025.10	-2.82554	-30202.23	-40025.10	-2.82554	32.390	0.00
0.00	-30202.39	-40025.15	-2.82555	-30202.39	-40025.15	-2.82555	31.999	0.00
0.00	-30202.64	-40025.23	-2.82561	-30202.64	-40025.23	-2.82561	31.177	0.00
0.00	-30202.78	-40025.28	-2.82581	-30202.78	-40025.28	-2.82581	31.356	0.00
0.00	-30203.05	-40025.36	-2.82575	-30203.05	-40025.36	-2.82575	31.923	0.00
0.00	-30203.20	-40025.41	-2.82567	-30203.20	-40025.41	-2.82567	34.999	0.00
0.00	-30203.47	-40025.50	-2.82549	-30203.47	-40025.50	-2.82549	32.239	0.00
0.00	-30203.98	-40025.67	-2.82542	-30203.98	-40025.67	-2.82542	33.625	0.00
0.00	-30203.99	-40025.67	-2.82546	-30203.99	-40025.67	-2.82546	33.216	0.00
0.00	-30204.06	-40025.69	-2.82556	-30204.06	-40025.69	-2.82556	33.338	0.00
0.00	-30204.29	-40025.76	-2.82566	-30204.29	-40025.76	-2.82566	39.553	0.00
0.00	-30204.52	-40025.84	-2.82594	-30204.52	-40025.84	-2.82594	38.099	0.00
0.00	-30204.74	-40025.91	-2.82600	-30204.74	-40025.91	-2.82600	33.226	0.00
0.00	-30204.97	-40025.98	-2.82623	-30204.97	-40025.98	-2.82623	32.981	0.00
0.00	-30205.19	-40026.06	-2.82633	-30205.19	-40026.06	-2.82633	32.780	0.00
0.00	-30205.40	-40026.12	-2.82648	-30205.40	-40026.12	-2.82648	33.032	0.00
0.00	-30205.65	-40026.20	-2.82646	-30205.65	-40026.20	-2.82646	32.993	0.00
0.00	-30205.85	-40026.27	-2.82655	-30205.85	-40026.27	-2.82655	33.632	0.00
0.00	-30206.08	-40026.34	-2.82655	-30206.08	-40026.34	-2.82655	33.433	0.00
0.00	-30206.30	-40026.41	-2.82676	-30206.30	-40026.41	-2.82676	33.123	0.00
0.00	-30206.54	-40026.49	-2.82689	-30206.54	-40026.49	-2.82689	33.582	0.00
0.00	-30206.76	-40026.56	-2.82711	-30206.76	-40026.56	-2.82711	34.703	0.00
0.00	-30207.00	-40026.64	-2.82711	-30207.00	-40026.64	-2.82711	32.569	0.00
0.00	-30207.21	-40026.71	-2.82708	-30207.21	-40026.71	-2.82708	34.149	0.00
0.00	-30207.49	-40026.80	-2.82692	-30207.49	-40026.80	-2.82692	32.910	0.00
0.00	-30207.65	-40026.85	-2.82682	-30207.65	-40026.85	-2.82682	33.634	0.00
0.00	-30207.94	-40026.94	-2.82675	-30207.94	-40026.94	-2.82675	33.524	0.00
0.00	-30208.10	-40026.99	-2.82682	-30208.10	-40026.99	-2.82682	33.535	0.00
0.00	-30208.39	-40027.09	-2.82694	-30208.39	-40027.09	-2.82694	33.566	0.00
0.00	-30208.59	-40027.15	-2.82711	-30208.59	-40027.15	-2.82711	33.668	0.00
0.00	-30208.82	-40027.23	-2.82730	-30208.82	-40027.23	-2.82730	33.193	0.00
0.00	-30209.02	-40027.29	-2.82744	-30209.02	-40027.29	-2.82744	34.065	0.00
0.00	-30209.25	-40027.37	-2.82745	-30209.25	-40027.37	-2.82745	33.377	0.00
0.00	-30209.46	-40027.44	-2.82731	-30209.46	-40027.44	-2.82731	34.008	0.00
0.00	-30209.70	-40027.51	-2.82717	-30209.70	-40027.51	-2.82717	33.754	0.00
0.00	-30209.91	-40027.58	-2.82710	-30209.91	-40027.58	-2.82710	33.556	0.00
0.00	-30210.14	-40027.66	-2.82717	-30210.14	-40027.66	-2.82717	34.018	0.00
0.00	-30210.34	-40027.72	-2.82715	-30210.34	-40027.72	-2.82715	33.890	0.00
0.00	-30210.61	-40027.81	-2.82717	-30210.61	-40027.81	-2.82717	34.262	0.00
0.00	-30210.87	-40027.90	-2.82711	-30210.87	-40027.90	-2.82711	35.303	0.00
0.00	-30211.11	-40027.98	-2.82713	-30211.11	-40027.98	-2.82713	38.166	0.00
0.00	-30211.29	-40028.04	-2.82703	-30211.29	-40028.04	-2.82703	40.091	0.00
0.00	-30211.56	-40028.12	-2.82685	-30211.56	-40028.12	-2.82685	37.112	0.00
0.00	-30211.69	-40028.16	-2.82656	-30211.69	-40028.16	-2.82656	39.393	0.00
0.00	-30211.96	-40028.25	-2.82652	-30211.96	-40028.25	-2.82652	39.323	0.00
0.00	-30212.11	-40028.30	-2.82651	-30212.11	-40028.30	-2.82651	39.065	0.00
0.00	-30212.34	-40028.38	-2.82663	-30212.34	-40028.38	-2.82663	41.226	0.00
0.00	-30212.55	-40028.45	-2.82669	-30212.55	-40028.45	-2.82669	40.599	0.00
0.00	-30212.82	-40028.54	-2.82684	-30212.82	-40028.54	-2.82684	35.597	0.00
0.00	-30212.96	-40028.58	-2.82681	-30212.96	-40028.58	-2.82681	34.878	0.00
0.00	-30213.27	-40028.69	-2.82679	-30213.27	-40028.69	-2.82679	35.124	0.00
0.00	-30213.44	-40028.74	-2.82673	-30213.44	-40028.74	-2.82673	35.564	0.00
0.00	-30213.72	-40028.83	-2.82688	-30213.72	-40028.83	-2.82688	35.991	0.00
0.00	-30213.91	-40028.89	-2.82697	-30213.91	-40028.89	-2.82697	36.200	0.00
0.00	-30214.15	-40028.97	-2.82718	-30214.15	-40028.97	-2.82718	36.511	0.00
0.00	-30214.36	-40029.04	-2.82727	-30214.36	-40029.04	-2.82727	35.919	0.00
0.00	-30214.59	-40029.12	-2.82745	-30214.59	-40029.12	-2.82745	35.195	0.00
0.00	-30214.80	-40029.19	-2.82752	-30214.80	-40029.19	-2.82752	35.869	0.00
0.00	-30215.05	-40029.27	-2.82763	-30215.05	-40029.27	-2.82763	35.880	0.00
0.00	-30215.31	-40029.35	-2.82758	-30215.31	-40029.35	-2.82758	35.799	0.00
0.00	-30215.53	-40029.43	-2.82760	-30215.53	-40029.43	-2.82760	35.602	0.00
0.00	-30215.72	-40029.49	-2.82760	-30215.72	-40029.49	-2.82760	36.333	0.00
0.00	-30215.94	-40029.56	-2.82771	-30215.94	-40029.56	-2.82771	35.049	0.00
0.00	-30216.13	-40029.62	-2.82776	-30216.13	-40029.62	-2.82776	36.208	0.00
0.00	-30216.35	-40029.69	-2.82783	-30216.35	-40029.69	-2.82783	35.780	0.00
0.00	-30216.54	-40029.76	-2.82783	-30216.54	-40029.76	-2.82783	36.601	0.00
0.00	-30216.78	-40029.83	-2.82777	-30216.78	-40029.83	-2.82777	36.610	0.00
0.00	-30216.98	-40029.90	-2.82780	-30216.98	-40029.90	-2.82780	36.976	0.00
0.00	-30217.27	-40029.99	-2.82792	-30217.27	-40029.99	-2.82792	36.778	0.00
0.00	-30217.42	-40030.04	-2.82806	-30217.42	-40030.04	-2.82806	35.830	0.00
0.00	-30217.70	-40030.13	-2.82822	-30217.70	-40030.13	-2.82822	36.224	0.00
0.00	-30217.86	-40030.18	-2.82839	-30217.86	-40030.18	-2.82839	36.587	0.00
0.00	-30218.14	-40030.27	-2.82864	-30218.14	-40030.27	-2.82864	36.489	0.00
0.00	-30218.29	-40030.32	-2.82886	-30218.29	-40030.32	-2.82886	38.074	0.00
0.00	-30218.58	-40030.42	-2.82909	-30218.58	-40030.42	-2.82909	36.775	0.00
0.00	-30218.80	-40030.49	-2.82933	-30218.80	-40030.49	-2.82933	38.560	0.00
0.00	-30219.03	-40030.56	-2.82968	-30219.03	-40030.56	-2.82968	37.390	0.00
0.00	-30219.27	-40030.64	-2.83014	-30219.27	-40030.64	-2.83014	39.794	0.00
0.00	-30219.55	-40030.73	-2.83061	-30219.55	-40030.73	-2.83061	37.258	0.00
0.00	-30219.80	-40030.81	-2.83108	-30219.80	-40030.81	-2.83108	37.294	0.00
0.00	-30220.02	-40030.88	-2.83145	-30220.02	-40030.88	-2.83145	37.679	0.00
0.00	-30220.20	-40030.94	-2.83175	-30220.20	-40030.94	-2.83175	38.123	0.00
0.00	-30220.43	-40031.01	-2.83204	-30220.43	-40031.01	-2.83204	37.049	0.00
0.00	-30220.62	-40031.07	-2.83234	-30220.62	-40031.07	-2.83234	38.563	0.00
0.00	-30220.85	-40031.15	-2.83257	-30220.85	-40031.15	-2.83257	35.891	0.00
0.00	-30221.06	-40031.21	-2.83273	-30221.06	-40031.21	-2.83273	38.587	0.00
0.00	-30221.29	-40031.29	-2.83277	-30221.29	-40031.29	-2.83277	38.890	0.00
0.00	-30221.50	-40031.35	-2.83272	-30221.50	-40031.35	-2.83272	38.487	0.00
0.00	-30221.74	-40031.43	-2.83271	-30221.74	-40031.43	-2.83271	38.140	0.00
0.00	-30221.94	-40031.49	-2.83280	-30221.94	-40031.49	-2.83280	38.981	0.00
0.00	-30222.18	-40031.57	-2.83293	-30222.18	-40031.57	-2.83293	36.778	0.00
0.00	-30222.40	-40031.64	-2.83306	-30222.40	-40031.64	-2.83306	39.390	0.00
0.00	-30222.63	-40031.71	-2.83316	-30222.63	-40031.71	-2.83316	37.983	0.00
0.00	-30222.84	-40031.78	-2.83332	-30222.84	-40031.78	-2.83332	38.010	0.00
0.00	-30223.11	-40031.86	-2.83335	-30223.11	-40031.86	-2.83335	38.277	0.00
0.00	-30223.27	-40031.91	-2.83341	-30223.27	-40031.91	-2.83341	37.277	0.00
0.00	-30223.55	-40032.00	-2.83335	-30223.55	-40032.00	-2.83335	37.621	0.00
0.00	-30223.74	-40032.06	-2.83341	-30223.74	-40032.06	-2.83341	38.400	0.00
0.00	-30224.10	-40032.17	-2.83346	-30224.10	-40032.17	-2.83346	38.426	0.00
0.00	-30224.29	-40032.24	-2.83357	-30224.29	-40032.24	-2.83357	39.879	0.00
0.00	-30224.56	-40032.32	-2.83360	-30224.56	-40032.32	-2.83360	39.274	0.00
0.00	-30224.74	-40032.38	-2.83365	-30224.74	-40032.38	-2.83365	37.202	0.00
0.00	-30224.96	-40032.45	-2.83357	-30224.96	-40032.45	-2.83357	39.041	0.00
0.00	-30225.13	-40032.50	-2.83365	-30225.13	-40032.50	-2.83365	39.159	0.00
0.00	-30225.35	-40032.57	-2.83363	-30225.35	-40032.57	-2.83363	38.437	0.00
0.00	-30225.56	-40032.64	-2.83369	-30225.56	-40032.64	-2.83369	39.633	0.00
0.00	-30225.79	-40032.71	-2.83367	-30225.79	-40032.71	-2.83367	38.910	0.00
0.00	-30226.01	-40032.78	-2.83376	-30226.01	-40032.78	-2.83376	39.493	0.00
0.00	-30226.25	-40032.85	-2.83376	-30226.25	-40032.85	-2.83376	39.601	0.00
0.00	-30226.46	-40032.92	-2.83380	-30226.46	-40032.92	-2.83380	41.293	0.00
0.00	-30226.68	-40032.99	-2.83374	-30226.68	-40032.99	-2.83374	39.992	0.00
0.00	-30226.89	-40033.05	-2.83379	-30226.89	-40033.05	-2.83379	40.681	0.00
0.00	-30227.11	-40033.13	-2.83372	-30227.11	-40033.13	-2.83372	40.065	0.00
0.00	-30227.32	-40033.19	-2.83370	-30227.32	-40033.19	-2.83370	40.721	0.00
0.00	-30227.55	-40033.26	-2.83364	-30227.55	-40033.26	-2.83364	39.423	0.00
0.00	-30227.76	-40033.33	-2.83357	-30227.76	-40033.33	-2.83357	40.239	0.00
0.00	-30228.04	-40033.42	-2.83335	-30228.04	-40033.42	-2.83335	39.695	0.00
0.00	-30228.26	-40033.49	-2.83311	-30228.26	-40033.49	-2.83311	40.738	0.00
0.00	-30228.56	-40033.59	-2.83282	-30228.56	-40033.59	-2.83282	40.804	0.00
0.00	-30228.72	-40033.64	-2.83262	-30228.72	-40033.64	-2.83262	41.214	0.00
0.00	-30228.99	-40033.72	-2.83242	-30228.99	-40033.72	-2.83242	40.844	0.00
0.00	-30229.19	-40033.79	-2.83238	-30229.19	-40033.79	-2.83238	47.421	0.00
0.00	-30229.41	-40033.85	-2.83235	-30229.41	-40033.85	-2.83235	41.506	0.00
0.00	-30229.62	-40033.92	-2.83226	-30229.62	-40033.92	-2.83226	40.657	0.00
0.00	-30229.84	-40033.99	-2.83200	-30229.84	-40033.99	-2.83200	40.811	0.00
0.00	-30230.00	-40034.04	-2.83172	-30230.00	-40034.04	-2.83172	41.557	0.00
0.00	-30230.29	-40034.14	-2.83134	-30230.29	-40034.14	-2.83134	40.322	0.00
0.00	-30230.51	-40034.21	-2.83101	-30230.51	-40034.21	-2.83101	40.994	0.00
0.00	-30230.74	-40034.28	-2.83073	-30230.74	-40034.28	-2.83073	42.469	0.00
0.00	-30230.96	-40034.35	-2.83048	-30230.96	-40034.35	-2.83048	41.639	0.00
0.00	-30231.19	-40034.42	-2.83024	-30231.19	-40034.42	-2.83024	41.328	0.00
0.00	-30231.40	-40034.49	-2.83001	-30231.40	-40034.49	-2.83001	41.144	0.00
0.00	-30231.63	-40034.57	-2.82978	-30231.63	-40034.57	-2.82978	40.549	0.00
0.00	-30231.85	-40034.64	-2.82952	-30231.85	-40034.64	-2.82952	42.622	0.00
0.00	-30232.11	-40034.72	-2.82917	-30232.11	-40034.72	-2.82917	42.336	0.00
0.00	-30232.34	-40034.80	-2.82881	-30232.34	-40034.80	-2.82881	42.918	0.00
0.00	-30232.56	-40034.87	-2.82854	-30232.56	-40034.87	-2.82854	41.501	0.00
0.00	-30232.82	-40034.95	-2.82832	-30232.82	-40034.95	-2.82832	41.781	0.00
0.00	-30233.12	-40035.05	-2.82811	-30233.12	-40035.05	-2.82811	41.644	0.00
0.00	-30233.30	-40035.11	-2.82780	-30233.30	-40035.11	-2.82780	41.178	0.00
0.00	-30233.59	-40035.20	-2.82742	-30233.59	-40035.20	-2.82742	41.392	0.00
0.00	-30233.73	-40035.25	-2.82698	-30233.73	-40035.25	-2.82698	42.146	0.00
0.00	-30234.02	-40035.34	-2.82664	-30234.02	-40035.34	-2.82664	41.857	0.00
0.00	-30234.38	-40035.46	-2.82594	-30234.38	-40035.46	-2.82594	44.760	0.00
0.00	-30234.54	-40035.51	-2.82547	-30234.54	-40035.51	-2.82547	40.966	0.00
0.00	-30234.66	-40035.56	-2.82505	-30234.66	-40035.56	-2.82505	43.491	0.00
0.00	-30234.96	-40035.65	-2.82467	-30234.96	-40035.65	-2.82467	42.492	0.00
0.00	-30235.12	-40035.71	-2.82420	-30235.12	-40035.71	-2.82420	49.491	0.00
0.00	-30235.37	-40035.79	-2.82390	-30235.37	-40035.79	-2.82390	42.575	0.00
0.00	-30235.59	-40035.86	-2.82358	-30235.59	-40035.86	-2.82358	42.352	0.00
0.00	-30235.84	-40035.95	-2.82331	-30235.84	-40035.95	-2.82331	41.602	0.00
0.00	-30236.06	-40036.02	-2.82291	-30236.06	-40036.02	-2.82291	43.631	0.00
0.00	-30236.30	-40036.10	-2.82255	-30236.30	-40036.10	-2.82255	42.150	0.00
0.00	-30236.51	-40036.17	-2.82218	-30236.51	-40036.17	-2.82218	42.548	0.00
0.00	-30236.76	-40036.25	-2.82192	-30236.76	-40036.25	-2.82192	42.088	0.00
0.00	-30236.97	-40036.32	-2.82179	-30236.97	-40036.32	-2.82179	43.673	0.00
0.00	-30237.20	-40036.40	-2.82181	-30237.20	-40036.40	-2.82181	49.636	0.00
0.00	-30237.44	-40036.47	-2.82189	-30237.44	-40036.47	-2.82189	44.123	0.00
0.00	-30237.69	-40036.56	-2.82196	-30237.69	-40036.56	-2.82196	42.771	0.00
0.00	-30237.91	-40036.63	-2.82194	-30237.91	-40036.63	-2.82194	43.416	0.00
0.00	-30238.20	-40036.73	-2.82175	-30238.20	-40036.73	-2.82175	42.411	0.00
0.00	-30238.34	-40036.77	-2.82149	-30238.34	-40036.77	-2.82149	44.266	0.00
0.00	-30238.64	-40036.87	-2.82128	-30238.64	-40036.87	-2.82128	42.358	0.00
0.00	-30238.79	-40036.92	-2.82128	-30238.79	-40036.92	-2.82128	42.783	0.00
0.00	-30239.08	-40037.02	-2.82143	-30239.08	-40037.02	-2.82143	43.510	0.00
0.00	-30239.24	-40037.07	-2.82177	-30239.24	-40037.07	-2.82177	43.882	0.00
0.00	-30239.54	-40037.17	-2.82201	-30239.54	-40037.17	-2.82201	43.558	0.00
0.00	-30239.76	-40037.24	-2.82225	-30239.76	-40037.24	-2.82225	44.219	0.00
0.00	-30240.01	-40037.32	-2.82237	-30240.01	-40037.32	-2.82237	43.746	0.00
0.00	-30240.23	-40037.40	-2.82258	-30240.23	-40037.40	-2.82258	43.573	0.00
0.00	-30240.47	-40037.48	-2.82274	-30240.47	-40037.48	-2.82274	43.368	0.00
0.00	-30240.66	-40037.54	-2.82312	-30240.66	-40037.54	-2.82312	44.973	0.00
0.00	-30240.92	-40037.62	-2.82344	-30240.92	-40037.62	-2.82344	43.293	0.00
0.00	-30241.15	-40037.70	-2.82392	-30241.15	-40037.70	-2.82392	44.747	0.00
0.00	-30241.40	-40037.78	-2.82430	-30241.40	-40037.78	-2.82430	43.172	0.00
0.00	-30241.62	-40037.85	-2.82476	-30241.62	-40037.85	-2.82476	43.379	0.00
0.00	-30241.84	-40037.92	-2.82509	-30241.84	-40037.92	-2.82509	42.907	0.00
0.00	-30242.07	-40038.00	-2.82540	-30242.07	-40038.00	-2.82540	44.411	0.00
0.00	-30242.35	-40038.09	-2.82562	-30242.35	-40038.09	-2.82562	43.807	0.00
0.00	-30242.60	-40038.17	-2.82596	-30242.60	-40038.17	-2.82596	44.297	0.00
0.00	-30242.84	-40038.25	-2.82628	-30242.84	-40038.25	-2.82628	50.785	0.00
0.00	-30243.04	-40038.31	-2.82661	-30243.04	-40038.31	-2.82661	44.785	0.00
0.00	-30243.29	-40038.39	-2.82681	-30243.29	-40038.39	-2.82681	44.731	0.00
0.00	-30243.49	-40038.46	-2.82698	-30243.49	-40038.46	-2.82698	44.871	0.00
0.00	-30243.79	-40038.56	-2.82705	-30243.79	-40038.56	-2.82705	51.645	0.00
0.00	-30243.95	-40038.61	-2.82713	-30243.95	-40038.61	-2.82713	43.892	0.00
0.00	-30244.36	-40038.74	-2.82729	-30244.36	-40038.74	-2.82729	45.117	0.00
0.00	-30244.36	-40038.74	-2.82742	-30244.36	-40038.74	-2.82742	44.927	0.00
0.00	-30244.76	-40038.87	-2.82755	-30244.76	-40038.87	-2.82755	44.634	0.00
0.00	-30244.88	-40038.91	-2.82768	-30244.88	-40038.91	-2.82768	44.742	0.00
0.00	-30245.19	-40039.01	-2.82783	-30245.19	-40039.01	-2.82783	51.581	0.00
0.00	-30245.41	-40039.08	-2.82789	-30245.41	-40039.08	-2.82789	45.946	0.00
0.00	-30245.65	-40039.16	-2.82782	-30245.65	-40039.16	-2.82782	44.951	0.00
0.00	-30245.86	-40039.23	-2.82761	-30245.86	-40039.23	-2.82761	46.861	0.00
0.00	-30246.11	-40039.31	-2.82744	-30246.11	-40039.31	-2.82744	52.234	0.00
0.00	-30246.31	-40039.38	-2.82725	-30246.31	-40039.38	-2.82725	46.169	0.00
0.00	-30246.59	-40039.47	-2.82730	-30246.59	-40039.47	-2.82730	53.483	0.00
0.00	-30246.86	-40039.56	-2.82733	-30246.86	-40039.56	-2.82733	46.511	0.00
0.00	-30247.12	-40039.64	-2.82743	-30247.12	-40039.64	-2.82743	45.878	0.00
0.00	-30247.34	-40039.71	-2.82732	-30247.34	-40039.71	-2.82732	46.261	0.00
0.00	-30247.57	-40039.79	-2.82721	-30247.57	-40039.79	-2.82721	45.640	0.00
0.00	-30247.75	-40039.85	-2.82699	-30247.75	-40039.85	-2.82699	44.815	0.00
0.00	-30247.98	-40039.92	-2.82684	-30247.98	-40039.92	-2.82684	52.431	0.00
0.00	-30248.19	-40039.99	-2.82650	-30248.19	-40039.99	-2.82650	46.082	0.00
0.00	-30248.43	-40040.07	-2.82628	-30248.43	-40040.07	-2.82628	45.190	0.00
0.00	-30248.64	-40040.14	-2.82602	-30248.64	-40040.14	-2.82602	46.608	0.00
0.00	-30248.88	-40040.22	-2.82596	-30248.88	-40040.22	-2.82596	45.525	0.00
0.00	-30249.10	-40040.29	-2.82584	-30249.10	-40040.29	-2.82584	46.297	0.00
0.00	-30249.39	-40040.39	-2.82571	-30249.39	-40040.39	-2.82571	46.022	0.00
0.00	-30249.55	-40040.44	-2.82548	-30249.55	-40040.44	-2.82548	46.924	0.00
0.00	-30249.82	-40040.53	-2.82531	-30249.82	-40040.53	-2.82531	45.468	0.00
0.00	-30249.97	-40040.58	-2.82514	-30249.97	-40040.58	-2.82514	47.859	0.00
0.00	-30250.27	-40040.67	-2.82509	-30250.27	-40040.67	-2.82509	45.188	0.00
0.00	-30250.49	-40040.75	-2.82510	-30250.49	-40040.75	-2.82510	54.777	0.00
0.00	-30250.73	-40040.83	-2.82510	-30250.73	-40040.83	-2.82510	45.504	0.00
0.00	-30250.93	-40040.89	-2.82509	-30250.93	-40040.89	-2.82509	46.585	0.00
0.00	-30251.17	-40040.97	-2.82511	-30251.17	-40040.97	-2.82511	46.437	0.00
0.00	-30251.39	-40041.04	-2.82510	-30251.39	-40041.04	-2.82510	54.831	0.00
0.00	-30251.67	-40041.13	-2.82514	-30251.67	-40041.13	-2.82514	46.545	0.00
0.00	-30251.83	-40041.19	-2.82526	-30251.83	-40041.19	-2.82526	46.366	0.00
0.00	-30252.06	-40041.26	-2.82541	-30252.06	-40041.26	-2.82541	54.759	0.00
0.00	-30252.28	-40041.33	-2.82565	-30252.28	-40041.33	-2.82565	47.709	0.00
0.00	-30252.51	-40041.41	-2.82580	-30252.51	-40041.41	-2.82580	46.341	0.00
0.00	-30252.73	-40041.48	-2.82600	-30252.73	-40041.48	-2.82600	54.710	0.00
0.00	-30253.02	-40041.57	-2.82606	-30253.02	-40041.57	-2.82606	46.661	0.00
0.00	-30253.18	-40041.62	-2.82622	-30253.18	-40041.62	-2.82622	47.512	0.00
0.00	-30253.42	-40041.70	-2.82635	-30253.42	-40041.70	-2.82635	47.418	0.00
0.00	-30253.63	-40041.77	-2.82670	-30253.63	-40041.77	-2.82670	48.121	0.00
0.00	-30253.86	-40041.84	-2.82687	-30253.86	-40041.84	-2.82687	45.768	0.00
0.00	-30254.07	-40041.91	-2.82719	-30254.07	-40041.91	-2.82719	45.883	0.00
0.00	-30254.30	-40041.98	-2.82734	-30254.30	-40041.98	-2.82734	47.564	0.00
0.00	-30254.51	-40042.05	-2.82769	-30254.51	-40042.05	-2.82769	46.720	0.00
0.00	-30254.78	-40042.14	-2.82777	-30254.78	-40042.14	-2.82777	47.583	0.00
0.00	-30254.93	-40042.19	-2.82796	-30254.93	-40042.19	-2.82796	48.519	0.00
0.00	-30255.21	-40042.28	-2.82795	-30255.21	-40042.28	-2.82795	47.587	0.00
0.00	-30255.37	-40042.32	-2.82802	-30255.37	-40042.32	-2.82802	47.725	0.00
0.00	-30255.67	-40042.42	-2.82822	-30255.67	-40042.42	-2.82822	48.298	0.00
0.00	-30256.14	-40042.57	-2.82906	-30256.14	-40042.57	-2.82906	47.535	0.00
0.00	-30256.28	-40042.62	-2.82947	-30256.28	-40042.62	-2.82947	52.664	0.00
0.00	-30256.50	-40042.69	-2.82984	-30256.50	-40042.69	-2.82984	47.766	0.00
0.00	-30256.73	-40042.76	-2.83020	-30256.73	-40042.76	-2.83020	53.934	0.00
0.00	-30257.00	-40042.84	-2.83061	-30257.00	-40042.84	-2.83061	47.959	0.00
0.00	-30257.17	-40042.90	-2.83086	-30257.17	-40042.90	-2.83086	50.437	0.00
0.00	-30257.44	-40042.99	-2.83106	-30257.44	-40042.99	-2.83106	47.816	0.00
0.00	-30257.61	-40043.04	-2.83120	-30257.61	-40043.04	-2.83120	56.609	0.00
0.00	-30257.88	-40043.13	-2.83143	-30257.88	-40043.13	-2.83143	48.618	0.00
0.00	-30258.12	-40043.20	-2.83164	-30258.12	-40043.20	-2.83164	51.347	0.00
0.00	-30258.42	-40043.30	-2.83182	-30258.42	-40043.30	-2.83182	52.613	0.00
0.00	-30258.60	-40043.36	-2.83184	-30258.60	-40043.36	-2.83184	53.705	0.00
0.00	-30258.60	-40043.36	-2.83184	-30258.60	-40043.36	-2.83184	48.229	0.00
