0.00	-29378.39	-39794.02	0.35000	64369.88	-61881.32	0.00000	153.184	0.00
0.00	-29378.39	-39794.02	0.35000	-29378.39	-39794.02	0.35000	77.777	0.00
0.00	-29378.39	-39794.02	0.35000	-29378.39	-39794.02	0.35000	1.895	0.00
0.00	-29378.39	-39794.02	0.35000	-29378.39	-39794.02	0.35000	51.727	0.00
0.00	-29378.39	-39794.02	0.35000	-29378.39	-39794.02	0.35000	2.940	0.00
0.00	-29378.39	-39794.02	0.35000	-29378.39	-39794.02	0.35000	2.079	0.00
0.00	-29378.39	-39794.02	0.35000	-29378.39	-39794.02	0.35000	2.009	0.00
0.00	-29378.39	-39794.02	0.35000	-29378.39	-39794.02	0.35000	3.137	0.00
0.00	-29378.39	-39794.02	0.35000	-29378.39	-39794.02	0.35000	3.480	0.00
0.00	-29378.39	-39794.02	0.35000	-29378.39	-39794.02	0.35000	1.996	0.00
0.00	-29378.39	-39794.02	0.35000	-29378.39	-39794.02	0.35000	2.268	0.00
0.00	-29378.39	-39794.02	0.35000	-29378.39	-39794.02	0.35000	3.086	0.00
0.00	-29378.39	-39794.03	0.35000	-29378.39	-39794.03	0.35000	2.830	0.00
0.00	-29378.37	-39794.09	0.34987	-29378.37	-39794.09	0.34987	2.524	0.00
0.00	-29378.36	-39794.13	-1.38185	-29378.36	-39794.13	-1.38185	2.126	0.00
0.00	-29378.34	-39794.18	-1.36540	-29378.34	-39794.18	0.34919	2.944	0.00
0.00	-29378.33	-39794.22	-1.09517	-29378.33	-39794.22	-1.09517	2.722	0.00
0.00	-29378.31	-39794.26	-1.14102	-29378.31	-39794.26	-1.14102	1.965	0.00
0.00	-29378.29	-39794.32	-1.22547	-29378.29	-39794.32	-1.22547	2.096	0.00
0.00	-29378.27	-39794.38	-1.25961	-29378.26	-39794.40	-1.09561	2.790	0.00
0.00	-29378.25	-39794.46	-1.26898	-29378.25	-39794.46	-1.26898	2.701	0.00
0.00	-29378.22	-39794.55	-1.26800	-29378.22	-39794.55	-1.26800	1.983	0.00
0.00	-29378.18	-39794.66	-1.25995	-29378.18	-39794.66	-1.25995	2.024	0.00
0.00	-29378.14	-39794.76	-1.25249	-29378.13	-39794.81	-1.26944	2.821	0.00
0.00	-29378.10	-39794.88	-1.24791	-29378.10	-39794.88	-1.24791	2.801	0.00
0.00	-29378.06	-39795.00	-1.24627	-29378.06	-39795.00	-1.24627	1.946	0.00
0.00	-29378.01	-39795.14	-1.24555	-29378.01	-39795.14	-1.24555	68.069	0.00
0.00	-29377.97	-39795.27	-1.24463	-29377.93	-39795.37	-1.24853	2.825	0.00
0.00	-29377.91	-39795.46	-1.24423	-29377.91	-39795.46	-1.24423	3.030	0.00
0.00	-29377.85	-39795.61	-1.24410	-29377.85	-39795.61	-1.24410	1.998	0.00
0.00	-29377.80	-39795.78	-1.24435	-29377.80	-39795.78	-1.24435	1.983	0.00
0.00	-29377.74	-39795.95	-1.24470	-29377.69	-39796.09	-1.24474	2.734	0.00
0.00	-29377.68	-39796.13	-1.24526	-29377.68	-39796.13	-1.24526	2.756	0.00
0.00	-29377.62	-39796.31	-1.24480	-29377.62	-39796.31	-1.24480	2.130	0.00
0.00	-29377.55	-39796.50	-1.24380	-29377.55	-39796.50	-1.24380	1.992	0.00
0.00	-29377.49	-39796.67	-1.24331	-29377.43	-39796.84	-1.24553	2.789	0.00
0.00	-29377.42	-39796.87	-1.24292	-29377.42	-39796.87	-1.24292	4.504	0.00
0.00	-29377.35	-39797.05	-1.23994	-29377.35	-39797.05	-1.23994	2.053	0.00
0.00	-29377.26	-39797.31	-1.23821	-29377.26	-39797.31	-1.23821	2.073	0.00
0.00	-29377.19	-39797.52	-1.23856	-29377.13	-39797.70	-1.24211	2.754	0.00
0.00	-29377.10	-39797.78	-1.23949	-29377.10	-39797.78	-1.23949	2.733	0.00
0.00	-29377.06	-39797.90	-1.23917	-29377.06	-39797.90	-1.23917	2.113	0.00
0.00	-29376.98	-39798.13	-1.23869	-29376.98	-39798.13	-1.23869	2.154	0.00
0.00	-29376.90	-39798.35	-1.23883	-29376.81	-39798.61	-1.23973	2.919	0.00
0.00	-29376.82	-39798.59	-1.23899	-29376.82	-39798.59	-1.23899	2.752	0.00
0.00	-29376.73	-39798.84	-1.23868	-29376.73	-39798.84	-1.23868	1.892	0.00
0.00	-29376.65	-39799.09	-1.23939	-29376.65	-39799.09	-1.23939	2.146	0.00
0.00	-29376.57	-39799.30	-1.24116	-29376.49	-39799.53	-1.24139	3.004	0.00
0.00	-29376.45	-39799.65	-1.24109	-29376.45	-39799.65	-1.24109	2.788	0.00
0.00	-29376.37	-39799.91	-1.23987	-29376.37	-39799.91	-1.23987	2.079	0.00
0.00	-29376.28	-39800.16	-1.24050	-29376.28	-39800.16	-1.24050	2.046	0.00
0.00	-29376.18	-39800.43	-1.24109	-29376.09	-39800.71	-1.24239	2.693	0.00
0.00	-29376.08	-39800.74	-1.24031	-29376.08	-39800.74	-1.24031	2.800	0.00
0.00	-29375.97	-39801.05	-1.24035	-29375.97	-39801.05	-1.24035	1.950	0.00
0.00	-29375.89	-39801.29	-1.24155	-29375.89	-39801.29	-1.24155	2.003	0.00
0.00	-29375.79	-39801.61	-1.24251	-29375.68	-39801.91	-1.24194	2.755	0.00
0.00	-29375.69	-39801.89	-1.24261	-29375.69	-39801.89	-1.24261	2.860	0.00
0.00	-29375.58	-39802.23	-1.24284	-29375.58	-39802.23	-1.24284	1.938	0.00
0.00	-29375.46	-39802.58	-1.24335	-29375.46	-39802.58	-1.24335	2.015	0.00
0.00	-29375.36	-39802.86	-1.24357	-29375.27	-39803.13	-1.24322	2.890	0.00
0.00	-29375.27	-39803.14	-1.24360	-29375.27	-39803.14	-1.24360	2.810	0.00
0.00	-29375.16	-39803.45	-1.24387	-29375.16	-39803.45	-1.24387	2.066	0.00
0.00	-29375.06	-39803.75	-1.24426	-29375.06	-39803.75	-1.24426	2.246	0.00
0.00	-29374.96	-39804.06	-1.24449	-29374.86	-39804.36	-1.24422	3.016	0.00
0.00	-29374.85	-39804.37	-1.24495	-29374.85	-39804.37	-1.24495	3.116	0.00
0.00	-29374.72	-39804.74	-1.24580	-29374.72	-39804.74	-1.24580	1.949	0.00
0.00	-29374.65	-39804.97	-1.24651	-29374.65	-39804.97	-1.24651	2.031	0.00
0.00	-29374.54	-39805.30	-1.24708	-29374.43	-39805.61	-1.24656	2.697	0.00
0.00	-29374.41	-39805.68	-1.24755	-29374.41	-39805.68	-1.24755	2.793	0.00
0.00	-29374.29	-39806.02	-1.24823	-29374.29	-39806.02	-1.24823	1.900	0.00
0.00	-29374.19	-39806.32	-1.24876	-29374.19	-39806.32	-1.24876	2.012	0.00
0.00	-29374.10	-39806.59	-1.24930	-29374.00	-39806.89	-1.24925	2.898	0.00
0.00	-29374.00	-39806.88	-1.24981	-29374.00	-39806.88	-1.24981	2.926	0.00
0.00	-29373.89	-39807.21	-1.25029	-29373.89	-39807.21	-1.25029	2.037	0.00
0.00	-29373.78	-39807.53	-1.25075	-29373.78	-39807.53	-1.25075	2.140	0.00
0.00	-29373.68	-39807.83	-1.25142	-29373.58	-39808.15	-1.25108	2.891	0.00
0.00	-29373.57	-39808.17	-1.25231	-29373.57	-39808.17	-1.25231	2.850	0.00
0.00	-29373.44	-39808.57	-1.25332	-29373.44	-39808.57	-1.25332	2.309	0.00
0.00	-29373.22	-39809.23	-1.25515	-29373.22	-39809.23	-1.25515	1.993	0.00
0.00	-29373.26	-39809.13	-1.25549	-29373.15	-39809.45	-1.25460	2.803	0.00
0.00	-29373.21	-39809.27	-1.25571	-29373.21	-39809.27	-1.25571	2.919	0.00
0.00	-29373.06	-39809.73	-1.25613	-29373.06	-39809.73	-1.25613	2.042	0.00
0.00	-29372.93	-39810.13	-1.25648	-29372.93	-39810.13	-1.25648	2.052	0.00
0.00	-29372.81	-39810.49	-1.25698	-29372.76	-39810.63	-1.25680	3.079	0.00
0.00	-29372.70	-39810.84	-1.25768	-29372.70	-39810.84	-1.25768	2.880	0.00
0.00	-29372.57	-39811.23	-1.25840	-29372.57	-39811.23	-1.25840	2.054	0.00
0.00	-29372.48	-39811.52	-1.25911	-29372.48	-39811.52	-1.25911	2.012	0.00
0.00	-29372.35	-39811.91	-1.25978	-29372.25	-39812.24	-1.25896	2.857	0.00
0.00	-29372.21	-39812.35	-1.26049	-29372.21	-39812.35	-1.26049	2.935	0.00
0.00	-29372.09	-39812.73	-1.26118	-29372.09	-39812.73	-1.26118	2.054	0.00
0.00	-29371.99	-39813.06	-1.26176	-29371.99	-39813.06	-1.26176	2.116	0.00
0.00	-29371.89	-39813.36	-1.26225	-29371.77	-39813.73	-1.26181	2.901	0.00
0.00	-29371.76	-39813.76	-1.26261	-29371.76	-39813.76	-1.26261	2.911	0.00
0.00	-29371.63	-39814.16	-1.26293	-29371.63	-39814.16	-1.26293	2.383	0.00
0.00	-29371.53	-39814.47	-1.26340	-29371.53	-39814.47	-1.26340	2.046	0.00
0.00	-29371.43	-39814.78	-1.26437	-29371.32	-39815.13	-1.26410	3.001	0.00
0.00	-29371.32	-39815.13	-1.26556	-29371.32	-39815.13	-1.26556	3.281	0.00
0.00	-29371.21	-39815.48	-1.26624	-29371.21	-39815.48	-1.26624	2.029	0.00
0.00	-29371.08	-39815.91	-1.26638	-29371.08	-39815.91	-1.26638	2.028	0.00
0.00	-29370.96	-39816.27	-1.26650	-29370.85	-39816.63	-1.26609	3.003	0.00
0.00	-29370.85	-39816.62	-1.26683	-29370.85	-39816.62	-1.26683	2.957	0.00
0.00	-29370.75	-39816.96	-1.26700	-29370.75	-39816.96	-1.26700	1.987	0.00
0.00	-29370.62	-39817.36	-1.26717	-29370.62	-39817.36	-1.26717	2.047	0.00
0.00	-29370.50	-39817.74	-1.26730	-29370.38	-39818.11	-1.26751	2.873	0.00
0.00	-29370.39	-39818.09	-1.26729	-29370.39	-39818.09	-1.26729	2.809	0.00
0.00	-29370.28	-39818.44	-1.26726	-29370.28	-39818.44	-1.26726	1.964	0.00
0.00	-29370.16	-39818.79	-1.26754	-29370.16	-39818.79	-1.26754	2.054	0.00
0.00	-29370.05	-39819.14	-1.26786	-29369.94	-39819.51	-1.26820	3.007	0.00
0.00	-29369.92	-39819.56	-1.26829	-29369.92	-39819.56	-1.26829	2.999	0.00
0.00	-29369.79	-39819.96	-1.26907	-29369.79	-39819.96	-1.26907	2.001	0.00
0.00	-29369.68	-39820.33	-1.26968	-29369.68	-39820.33	-1.26968	2.070	0.00
0.00	-29369.57	-39820.67	-1.26986	-29369.46	-39821.03	-1.26939	3.285	0.00
0.00	-29369.47	-39820.99	-1.26991	-29369.47	-39820.99	-1.26991	2.914	0.00
0.00	-29369.34	-39821.42	-1.27020	-29369.34	-39821.42	-1.27020	1.996	0.00
0.00	-29369.22	-39821.81	-1.27054	-29369.22	-39821.81	-1.27054	2.052	0.00
0.00	-29369.11	-39822.16	-1.27078	-29368.99	-39822.53	-1.27064	2.802	0.00
0.00	-29369.02	-39822.45	-1.27117	-29369.02	-39822.45	-1.27117	2.896	0.00
0.00	-29368.92	-39822.78	-1.27155	-29368.92	-39822.78	-1.27155	2.057	0.00
0.00	-29368.81	-39823.13	-1.27188	-29368.81	-39823.13	-1.27188	2.506	0.00
0.00	-29368.70	-39823.50	-1.27245	-29368.58	-39823.86	-1.27195	3.109	0.00
0.00	-29368.58	-39823.88	-1.27330	-29368.58	-39823.88	-1.27330	3.130	0.00
0.00	-29368.46	-39824.27	-1.27419	-29368.46	-39824.27	-1.27419	2.032	0.00
0.00	-29368.34	-39824.67	-1.27509	-29368.34	-39824.67	-1.27509	1.994	0.00
0.00	-29368.24	-39825.01	-1.27590	-29368.13	-39825.37	-1.27481	60.729	0.00
0.00	-29368.13	-39825.36	-1.27677	-29368.13	-39825.36	-1.27677	2.979	0.00
0.00	-29368.01	-39825.79	-1.27763	-29368.01	-39825.79	-1.27763	2.105	0.00
0.00	-29367.90	-39826.16	-1.27848	-29367.90	-39826.16	-1.27848	1.996	0.00
0.00	-29367.78	-39826.54	-1.27930	-29367.67	-39826.91	-1.27838	3.107	0.00
0.00	-29367.66	-39826.96	-1.28005	-29367.66	-39826.96	-1.28005	2.994	0.00
0.00	-29367.54	-39827.33	-1.28046	-29367.54	-39827.33	-1.28046	2.053	0.00
0.00	-29367.45	-39827.63	-1.28051	-29367.45	-39827.63	-1.28051	2.042	0.00
0.00	-29367.35	-39827.98	-1.28066	-29367.24	-39828.35	-1.28059	3.127	0.00
0.00	-29367.24	-39828.34	-1.28139	-29367.24	-39828.34	-1.28139	3.001	0.00
0.00	-29367.13	-39828.70	-1.28219	-29367.13	-39828.70	-1.28219	2.104	0.00
0.00	-29367.00	-39829.16	-1.28287	-29367.00	-39829.16	-1.28287	2.034	0.00
0.00	-29366.86	-39829.62	-1.28365	-29366.75	-39829.99	-1.28298	3.016	0.00
0.00	-29366.82	-39829.75	-1.28353	-29366.82	-39829.75	-1.28353	2.869	0.00
0.00	-29366.69	-39830.17	-1.28306	-29366.69	-39830.17	-1.28306	2.020	0.00
0.00	-29366.58	-39830.55	-1.28274	-29366.58	-39830.55	-1.28274	2.033	0.00
0.00	-29366.47	-39830.93	-1.28281	-29366.39	-39831.20	-1.28353	2.996	0.00
0.00	-29366.36	-39831.30	-1.28320	-29366.36	-39831.30	-1.28320	2.918	0.00
0.00	-29366.25	-39831.65	-1.28365	-29366.25	-39831.65	-1.28365	2.044	0.00
0.00	-29366.15	-39831.99	-1.28395	-29366.15	-39831.99	-1.28395	2.002	0.00
0.00	-29366.03	-39832.42	-1.28403	-29365.92	-39832.79	-1.28361	3.074	0.00
0.00	-29365.91	-39832.83	-1.28419	-29365.91	-39832.83	-1.28419	3.050	0.00
0.00	-29365.76	-39833.32	-1.28456	-29365.76	-39833.32	-1.28456	1.943	0.00
0.00	-29365.68	-39833.60	-1.28502	-29365.68	-39833.60	-1.28502	1.949	0.00
0.00	-29365.59	-39833.89	-1.28563	-29365.50	-39834.22	-1.28515	2.888	0.00
0.00	-29365.48	-39834.29	-1.28633	-29365.48	-39834.29	-1.28633	3.252	0.00
0.00	-29365.37	-39834.66	-1.28697	-29365.37	-39834.66	-1.28697	2.070	0.00
0.00	-29365.29	-39834.96	-1.28775	-29365.29	-39834.96	-1.28775	2.426	0.00
0.00	-29365.19	-39835.30	-1.28830	-29365.08	-39835.66	-1.28736	2.842	0.00
0.00	-29365.09	-39835.64	-1.28863	-29365.09	-39835.64	-1.28863	3.052	0.00
0.00	-29364.98	-39836.02	-1.28876	-29364.98	-39836.02	-1.28876	2.032	0.00
0.00	-29364.88	-39836.35	-1.28875	-29364.88	-39836.35	-1.28875	2.129	0.00
0.00	-29364.77	-39836.73	-1.28883	-29364.67	-39837.08	-1.28893	2.856	0.00
0.00	-29364.60	-39837.31	-1.28898	-29364.60	-39837.31	-1.28898	2.876	0.00
0.00	-29364.58	-39837.40	-1.28902	-29364.58	-39837.40	-1.28902	2.074	0.00
0.00	-29364.45	-39837.83	-1.28913	-29364.45	-39837.83	-1.28913	1.989	0.00
0.00	-29364.35	-39838.17	-1.28908	-29364.21	-39838.66	-1.28937	3.040	0.00
0.00	-29364.25	-39838.53	-1.28893	-29364.25	-39838.53	-1.28893	2.958	0.00
0.00	-29364.14	-39838.89	-1.28891	-29364.14	-39838.89	-1.28891	2.049	0.00
0.00	-29364.05	-39839.19	-1.28901	-29364.05	-39839.19	-1.28901	2.008	0.00
0.00	-29363.95	-39839.56	-1.28885	-29363.85	-39839.90	-1.28915	2.754	0.00
0.00	-29363.85	-39839.87	-1.28876	-29363.85	-39839.87	-1.28876	2.978	0.00
0.00	-29363.77	-39840.16	-1.28863	-29363.77	-39840.16	-1.28863	1.884	0.00
0.00	-29363.66	-39840.52	-1.28837	-29363.66	-39840.52	-1.28837	2.137	0.00
0.00	-29363.55	-39840.91	-1.28806	-29363.45	-39841.25	-1.28868	2.972	0.00
0.00	-29363.46	-39841.21	-1.28770	-29363.46	-39841.21	-1.28770	2.860	0.00
0.00	-29363.33	-39841.64	-1.28719	-29363.33	-39841.64	-1.28719	2.034	0.00
0.00	-29363.24	-39841.93	-1.28704	-29363.24	-39841.93	-1.28704	2.047	0.00
0.00	-29363.16	-39842.20	-1.28668	-29363.08	-39842.50	-1.28739	3.070	0.00
0.00	-29363.05	-39842.57	-1.28606	-29363.05	-39842.57	-1.28606	2.948	0.00
0.00	-29362.97	-39842.86	-1.28538	-29362.97	-39842.86	-1.28538	2.151	0.00
0.00	-29362.87	-39843.17	-1.28484	-29362.87	-39843.17	-1.28484	2.072	0.00
0.00	-29362.78	-39843.50	-1.28439	-29362.68	-39843.84	-1.28554	2.990	0.00
0.00	-29362.68	-39843.82	-1.28403	-29362.68	-39843.82	-1.28403	2.984	0.00
0.00	-29362.55	-39844.24	-1.28357	-29362.55	-39844.24	-1.28357	2.102	0.00
0.00	-29362.44	-39844.62	-1.28309	-29362.44	-39844.62	-1.28309	2.136	0.00
0.00	-29362.35	-39844.91	-1.28266	-29362.26	-39845.24	-1.28316	2.930	0.00
0.00	-29362.24	-39845.31	-1.28232	-29362.24	-39845.31	-1.28232	3.022	0.00
0.00	-29362.15	-39845.60	-1.28188	-29362.15	-39845.60	-1.28188	2.084	0.00
0.00	-29362.03	-39845.99	-1.28108	-29362.03	-39845.99	-1.28108	2.143	0.00
0.00	-29361.95	-39846.28	-1.28010	-29361.84	-39846.65	-1.28042	2.955	0.00
0.00	-29361.84	-39846.62	-1.27906	-29361.84	-39846.62	-1.27906	3.038	0.00
0.00	-29361.73	-39847.01	-1.27819	-29361.73	-39847.01	-1.27819	2.026	0.00
0.00	-29361.60	-39847.43	-1.27755	-29361.60	-39847.43	-1.27755	2.117	0.00
0.00	-29361.49	-39847.81	-1.27700	-29361.38	-39848.15	-1.27758	3.160	0.00
0.00	-29361.40	-39848.10	-1.27621	-29361.40	-39848.10	-1.27621	3.051	0.00
0.00	-29361.26	-39848.56	-1.27528	-29361.26	-39848.56	-1.27528	2.202	0.00
0.00	-29361.18	-39848.83	-1.27435	-29361.18	-39848.83	-1.27435	2.027	0.00
