1509428433.5794720650	0.0000	0.0000	0.000000	0.0000	9794
1509428433.6843829155	0.0000	0.0000	0.000000	0.0000	9708
1509428433.7893030643	0.0000	0.0000	0.000000	0.0000	9765
1509428433.8942010403	63789.8123	-62118.0523	0.350000	0.0000	9691
1509428433.9989910126	63790.1062	-62117.9423	0.350301	0.0000	9925
1509428434.1039309502	63790.3659	-62117.8298	0.388171	0.0000	10036
1509428434.2087600231	63790.5456	-62117.7596	0.383218	0.0000	10030
1509428434.3137309551	63790.7507	-62117.6788	0.381059	0.0000	10167
1509428434.4187989235	63790.9701	-62117.5923	0.379974	0.0000	10171
1509428434.5235490799	63791.1728	-62117.5128	0.379101	0.0000	10464
1509428434.6283919811	63791.4064	-62117.4212	0.378432	0.0000	10491
1509428434.7332999706	63791.6101	-62117.3416	0.378052	0.0000	10270
1509428434.8383040428	63791.8423	-62117.2505	0.377960	0.0000	9625
1509428434.9431140423	63792.0755	-62117.1587	0.378025	0.0000	10405
1509428435.0480821133	63792.2888	-62117.0746	0.378170	0.0000	10541
1509428435.1528799534	63792.5264	-62116.9809	0.378337	0.0000	10445
1509428435.2578198910	63792.7339	-62116.8990	0.378550	0.0000	10322
1509428435.3626360893	63792.9528	-62116.8125	0.378665	0.0000	10232
1509428435.4675459862	63793.2098	-62116.7108	0.378803	0.0000	10111
1509428435.5724430084	63793.4736	-62116.6062	0.379230	0.0000	10003
1509428435.6773240566	63793.6834	-62116.5228	0.379711	0.0000	9815
1509428435.7821989059	63793.9293	-62116.4250	0.380065	0.0000	9803
1509428435.8871159554	63794.1841	-62116.3237	0.380217	0.0000	9753
1509428435.9920330048	63794.4280	-62116.2267	0.380410	0.0000	9740
1509428436.0968940258	63794.6833	-62116.1253	0.380720	0.0000	9705
1509428436.2017900944	63794.9239	-62116.0297	0.381035	0.0000	9937
1509428436.3067018986	63795.1910	-62115.9234	0.381332	0.0000	10140
1509428436.4116740227	63795.4368	-62115.8255	0.381610	0.0000	10269
1509428436.5164759159	63795.7118	-62115.7157	0.381911	0.0000	10287
1509428436.6213378906	63795.9572	-62115.6177	0.382107	0.0000	10522
1509428436.7262771130	63796.2364	-62115.5060	0.382139	0.0000	10410
1509428436.8311979771	63796.4809	-62115.4082	0.382108	0.0000	10718
1509428436.9360520840	63796.7625	-62115.2955	0.381977	0.0000	10160
1509428437.0408189297	63797.0168	-62115.1936	0.381680	0.0000	10140
1509428437.1458160877	63797.2999	-62115.0803	0.381282	0.0000	10749
1509428437.2508521080	63797.5604	-62114.9762	0.380738	0.0000	10782
1509428437.3556439877	63797.8354	-62114.8663	0.380176	0.0000	10661
1509428437.4606881142	63798.1687	-62114.7332	0.379635	0.0000	10459
1509428437.5653851032	63798.3222	-62114.6720	0.379331	0.0000	10357
1509428437.6701600552	63798.6266	-62114.5506	0.378890	0.0000	10123
1509428437.7751529217	63798.9537	-62114.4204	0.378362	0.0000	9977
1509428437.8800289631	63799.2055	-62114.3205	0.377875	0.0000	9900
1509428437.9850060940	63799.4845	-62114.2100	0.377387	0.0000	9759
1509428438.0897998810	63799.8086	-62114.0822	0.376859	0.0000	9825
1509428438.1947491169	63800.0627	-62113.9824	0.376267	0.0000	9845
1509428438.2996709347	63800.3721	-62113.8611	0.375615	0.0000	9870
1509428438.4045379162	63800.6616	-62113.7479	0.375033	0.0000	9997
1509428438.5093100071	63800.9349	-62113.6416	0.374484	0.0000	10226
1509428438.6143429279	63801.2579	-62113.5159	0.373967	0.0000	10258
1509428438.7192230225	63801.5139	-62113.4169	0.373521	0.0000	10284
1509428438.8240439892	63801.7849	-62113.3122	0.373042	0.0000	10539
1509428438.9290020466	63802.0953	-62113.1921	0.372564	0.0000	10537
1509428439.0340130329	63802.3590	-62113.0904	0.372137	0.0000	10399
1509428439.1387770176	63802.6682	-62112.9707	0.371858	0.0000	9750
1509428439.2435989380	63802.9254	-62112.8713	0.371623	0.0000	10267
1509428439.3485920429	63803.2245	-62112.7553	0.371390	0.0000	10608
1509428439.4534680843	63803.4939	-62112.6508	0.371144	0.0000	10518
1509428439.5583930016	63803.7880	-62112.5368	0.370883	0.0000	10289
1509428439.6632680893	63804.0331	-62112.4419	0.370382	0.0000	10292
1509428439.7681379318	63804.3491	-62112.3199	0.369517	0.0000	10098
1509428439.8730080128	63804.6097	-62112.2195	0.368706	0.0000	10016
1509428439.9778809547	63804.8954	-62112.1096	0.368104	0.0000	10000
1509428440.0828130245	63805.1643	-62112.0063	0.367602	0.0000	9962
1509428440.1877338886	63805.4462	-62111.8981	0.367181	0.0000	9817
1509428440.2925579548	63805.7189	-62111.7935	0.366927	0.0000	9851
1509428440.3975141048	63806.0094	-62111.6823	0.366838	0.0000	9859
1509428440.5023341179	63806.2577	-62111.5874	0.366807	0.0000	9959
1509428440.6072990894	63806.5565	-62111.4730	0.366916	0.0000	10088
1509428440.7121551037	63806.8112	-62111.3754	0.367270	0.0000	10162
1509428440.8171141148	63807.0819	-62111.2714	0.367667	0.0000	10332
1509428440.9220449924	63807.3743	-62111.1589	0.368004	0.0000	10424
1509428441.0268609524	63807.6518	-62111.0518	0.368259	0.0000	10529
1509428441.1318171024	63807.9226	-62110.9474	0.368463	0.0000	10712
1509428441.2367870808	63808.1802	-62110.8479	0.368701	0.0000	10451
1509428441.3415191174	63808.4894	-62110.7283	0.368890	0.0000	10023
1509428441.4464180470	63808.7625	-62110.6227	0.369077	0.0000	10779
1509428441.5512530804	63809.0213	-62110.5224	0.369369	0.0000	10822
1509428441.6561920643	63809.2800	-62110.4218	0.369789	0.0000	10652
1509428441.7611460686	63809.5896	-62110.3012	0.370255	0.0000	10569
1509428441.8661630154	63809.8361	-62110.2048	0.370694	0.0000	10388
1509428441.9709930420	63810.1482	-62110.0828	0.371053	0.0000	10268
1509428442.0757410526	63810.3910	-62109.9877	0.371437	0.0000	10054
1509428442.1805419922	63810.6866	-62109.8718	0.371837	0.0000	10031
1509428442.2855799198	63810.9497	-62109.7688	0.372153	0.0000	10035
1509428442.3905360699	63811.2404	-62109.6549	0.372411	0.0000	9937
1509428442.4953899384	63811.4937	-62109.5555	0.372647	0.0000	10046
1509428442.6002409458	63811.8028	-62109.4343	0.372933	0.0000	10063
1509428442.7051599026	63812.0747	-62109.3278	0.373028	0.0000	10177
1509428442.8100099564	63812.3336	-62109.2267	0.372838	0.0000	10336
1509428442.9149160385	63812.5972	-62109.1240	0.372401	0.0000	10360
1509428443.0198628902	63812.8976	-62109.0073	0.371752	0.0000	10510
1509428443.1247389317	63813.1825	-62108.8965	0.371178	0.0000	10566
1509428443.2296409607	63813.4450	-62108.7949	0.370688	0.0000	10661
1509428443.3344750404	63813.7043	-62108.6947	0.370051	0.0000	10591
1509428443.4393370152	63814.0047	-62108.5791	0.369129	0.0000	9813
1509428443.5442879200	63814.2557	-62108.4830	0.368238	0.0000	10312
1509428443.6493051052	63814.5172	-62108.3831	0.367515	0.0000	10628
1509428443.7540159225	63814.8185	-62108.2681	0.366883	0.0000	10665
1509428443.8588840961	63815.0996	-62108.1611	0.366283	0.0000	10510
1509428443.9638040066	63815.3552	-62108.0639	0.365792	0.0000	10269
1509428444.0688259602	63815.6474	-62107.9528	0.365307	0.0000	10092
1509428444.1736900806	63815.9141	-62107.8514	0.364848	0.0000	9929
1509428444.2791149616	63816.2136	-62107.7377	0.364476	0.0000	9763
1509428444.3834900856	63816.4758	-62107.6382	0.364108	0.0000	9830
1509428444.4883561134	63816.7292	-62107.5420	0.363641	0.0000	9760
1509428444.5932900906	63817.0374	-62107.4253	0.363173	0.0000	9847
1509428444.6981420517	63817.2830	-62107.3325	0.362684	0.0000	10008
1509428444.8029630184	63817.5952	-62107.2146	0.362312	0.0000	10066
1509428444.9079020023	63817.8378	-62107.1231	0.362053	0.0000	9950
1509428445.0127480030	63818.1465	-62107.0067	0.361739	0.0000	10356
1509428445.1176929474	63818.4167	-62106.9048	0.361447	0.0000	10561
1509428445.2226400375	63818.6744	-62106.8078	0.361314	0.0000	10620
1509428445.3274860382	63818.9565	-62106.7013	0.361239	0.0000	10587
1509428445.4322750568	63819.2408	-62106.5942	0.361161	0.0000	10801
1509428445.5372359753	63819.5034	-62106.4951	0.361230	0.0000	10194
1509428445.6421029568	63819.7922	-62106.3862	0.361224	0.0000	10278
1509428445.7470319271	63820.0538	-62106.2875	0.361175	0.0000	10749
1509428445.8520770073	63820.3496	-62106.1760	0.361207	0.0000	10748
1509428445.9568660259	63820.5969	-62106.0827	0.361178	0.0000	10588
1509428446.0617170334	63820.8857	-62105.9737	0.361218	0.0000	10510
1509428446.1666328907	63821.1378	-62105.8785	0.361294	0.0000	10251
1509428446.2715458870	63821.4421	-62105.7635	0.361267	0.0000	9859
1509428446.3763771057	63821.7048	-62105.6644	0.361233	0.0000	10000
1509428446.4813699722	63821.9988	-62105.5536	0.361079	0.0000	9955
1509428446.5861721039	63822.2497	-62105.4592	0.360781	0.0000	9829
1509428446.6910979748	63822.5215	-62105.3570	0.360381	0.0000	9799
1509428446.7959430218	63822.8265	-62105.2423	0.359959	0.0000	9822
1509428446.9009180069	63823.1183	-62105.1328	0.359583	0.0000	9933
1509428447.0057709217	63823.3627	-62105.0412	0.359183	0.0000	10031
1509428447.1106638908	63823.6229	-62104.9439	0.358778	0.0000	9972
1509428447.2155039310	63823.9380	-62104.8264	0.358306	0.0000	10178
1509428447.3205089569	63824.1911	-62104.7323	0.357743	0.0000	10272
1509428447.4253640175	63824.4907	-62104.6210	0.357302	0.0000	10481
1509428447.5302479267	63824.7297	-62104.5325	0.357001	0.0000	10391
1509428447.6351320744	63825.0370	-62104.4187	0.356726	0.0000	10016
1509428447.7399919033	63825.3083	-62104.3184	0.356515	0.0000	9571
1509428447.8450679779	63825.5695	-62104.2218	0.356373	0.0000	10132
1509428447.9498159885	63825.8705	-62104.1104	0.356334	0.0000	10258
1509428448.0546920300	63826.1197	-62104.0181	0.356382	0.0000	10129
1509428448.1595709324	63826.3836	-62103.9204	0.356432	0.0000	9925
1509428448.2645020485	63826.6779	-62103.8111	0.356417	0.0000	9382
1509428448.3694291115	63826.9475	-62103.7110	0.356425	0.0000	9174
1509428448.4742939472	63827.2185	-62103.6104	0.356673	0.0000	9344
1509428448.5791890621	63827.5242	-62103.4967	0.357059	0.0000	9296
1509428448.6841781139	63827.7789	-62103.4019	0.357269	0.0000	9235
1509428448.7889139652	63828.0540	-62103.2994	0.357221	0.0000	9115
1509428448.8937649727	63828.3488	-62103.1895	0.357353	0.0000	9086
1509428448.9987509251	63828.6012	-62103.0953	0.357663	0.0000	9237
1509428449.1036360264	63828.9133	-62102.9787	0.357772	0.0000	9324
1509428449.2085030079	63829.1576	-62102.8873	0.357823	0.0000	9241
1509428449.3134040833	63829.4687	-62102.7708	0.357996	0.0000	9521
1509428449.4183049202	63829.7154	-62102.6785	0.358283	0.0000	9492
1509428449.5232229233	63830.0265	-62102.5622	0.358332	0.0000	9529
1509428449.6280729771	63830.2755	-62102.4692	0.358126	0.0000	9728
1509428449.7330100536	63830.5821	-62102.3548	0.358090	0.0000	9428
1509428449.8378479481	63830.8297	-62102.2622	0.358330	0.0000	8772
1509428449.9427559376	63831.1500	-62102.1423	0.358687	0.0000	9376
1509428450.0476109982	63831.3897	-62102.0523	0.359081	0.0000	9520
1509428450.1525490284	63831.7117	-62101.9312	0.359498	0.0000	9203
1509428450.2574288845	63831.9540	-62101.8399	0.359954	0.0000	8863
1509428450.3624360561	63832.2706	-62101.7207	0.360331	0.0000	8454
1509428450.4672150612	63832.5118	-62101.6299	0.360558	0.0000	8486
1509428450.5721080303	63832.8244	-62101.5120	0.360988	0.0000	8643
1509428450.6769990921	63833.0680	-62101.4199	0.361476	0.0000	8459
1509428450.7819058895	63833.3797	-62101.3019	0.362016	0.0000	8360
1509428450.8867349625	63833.6395	-62101.2032	0.362571	0.0000	8354
1509428450.9917180538	63833.9417	-62101.0883	0.362933	0.0000	8418
1509428451.0966999531	63834.1823	-62100.9967	0.363352	0.0000	8527
1509428451.2015049458	63834.5063	-62100.8732	0.363890	0.0000	8642
1509428451.3063199520	63834.7387	-62100.7844	0.364350	0.0000	8772
1509428451.4112489223	63835.0526	-62100.6647	0.364694	0.0000	8699
1509428451.5160710812	63835.2871	-62100.5750	0.365096	0.0000	8703
1509428451.6210329533	63835.5947	-62100.4573	0.365612	0.0000	8979
1509428451.7259340286	63835.8445	-62100.3614	0.366157	0.0000	8958
1509428451.8308188915	63836.1559	-62100.2419	0.366714	0.0000	8824
1509428451.9356570244	63836.4125	-62100.1432	0.367372	0.0000	8170
1509428452.0406539440	63836.6728	-62100.0430	0.368114	0.0000	8609
1509428452.1455280781	63836.9728	-62099.9274	0.368881	0.0000	8649
1509428452.2504229546	63837.2257	-62099.8298	0.369649	0.0000	8364
1509428452.3552100658	63837.5246	-62099.7143	0.370417	0.0000	8039
1509428452.4601991177	63837.7766	-62099.6167	0.371336	0.0000	7868
1509428452.5652420521	63838.0736	-62099.5016	0.372049	0.0000	8088
1509428452.6700899601	63838.3055	-62099.4117	0.372755	0.0000	8096
1509428452.7748699188	63838.6135	-62099.2919	0.373662	0.0000	7956
1509428452.8797349930	63838.8788	-62099.1882	0.374406	0.0000	7882
1509428452.9846010208	63839.1397	-62099.0864	0.374830	0.0000	7774
1509428453.0895600319	63839.4370	-62098.9700	0.375207	0.0000	7852
1509428453.1945109367	63839.7591	-62098.8440	0.375474	0.0000	7864
1509428453.2994120121	63839.9536	-62098.7679	0.375429	0.0000	8078
1509428453.4042420387	63840.2295	-62098.6598	0.375205	0.0000	8097
1509428453.5091381073	63840.5131	-62098.5486	0.374994	0.0000	8284
1509428453.6140000820	63840.7739	-62098.4463	0.374922	0.0000	8173
1509428453.7189030647	63841.0592	-62098.3343	0.374981	0.0000	8457
1509428453.8237950802	63841.3173	-62098.2329	0.374941	0.0000	8558
1509428453.9287309647	63841.6068	-62098.1193	0.374789	0.0000	8525
1509428454.0335659981	63841.8888	-62098.0089	0.374754	0.0000	7809
1509428454.1383919716	63842.1364	-62097.9120	0.374704	0.0000	8196
1509428454.2434039116	63842.4036	-62097.8075	0.374484	0.0000	8162
1509428454.3481769562	63842.6895	-62097.6956	0.374393	0.0000	8009
1509428454.4531500340	63842.9508	-62097.5934	0.374516	0.0000	7699
1509428454.5581281185	63843.2317	-62097.4835	0.374575	0.0000	7762
1509428454.6629331112	63843.4914	-62097.3819	0.374483	0.0000	8179
1509428454.7678248882	63843.7710	-62097.2725	0.374442	0.0000	8052
1509428454.8726770878	63844.0338	-62097.1698	0.374409	0.0000	7985
1509428454.9777069092	63844.3210	-62097.0574	0.374385	0.0000	7904
1509428455.0824890137	63844.5801	-62096.9560	0.374518	0.0000	7806
1509428455.1873168945	63844.8736	-62096.8409	0.374735	0.0000	7825
1509428455.2922739983	63845.1253	-62096.7421	0.374919	0.0000	7887
1509428455.3971691132	63845.4263	-62096.6239	0.375144	0.0000	8134
1509428455.5021679401	63845.6681	-62096.5289	0.375387	0.0000	8185
1509428455.6069819927	63845.9608	-62096.4138	0.375666	0.0000	8281
1509428455.7118949890	63846.2078	-62096.3166	0.375892	0.0000	8204
1509428455.8167259693	63846.5027	-62096.2004	0.375930	0.0000	8603
1509428455.9216670990	63846.7403	-62096.1067	0.375997	0.0000	8686
1509428456.0266139507	63847.0423	-62095.9876	0.376219	0.0000	8749
1509428456.1314430237	63847.2966	-62095.8871	0.376397	0.0000	8030
1509428456.2363550663	63847.5904	-62095.7708	0.376575	0.0000	8178
1509428456.3412361145	63847.8314	-62095.6754	0.376780	0.0000	8204
1509428456.4461169243	63848.1247	-62095.5591	0.377037	0.0000	8113
1509428456.5510280132	63848.3715	-62095.4610	0.377272	0.0000	7954
1509428456.6560590267	63848.6638	-62095.3447	0.377620	0.0000	8459
1509428456.7607939243	63848.9139	-62095.2449	0.378125	0.0000	8394
1509428456.8656949997	63849.1950	-62095.1325	0.378643	0.0000	8249
1509428456.9705629349	63849.4429	-62095.0332	0.379263	0.0000	8191
1509428457.0754170418	63849.7391	-62094.9141	0.380067	0.0000	8179
1509428457.1803770065	63849.9875	-62094.8140	0.380750	0.0000	8083
1509428457.2852330208	63850.2956	-62094.6896	0.381369	0.0000	8132
1509428457.3901569843	63850.5364	-62094.5920	0.381969	0.0000	8057
1509428457.4950079918	63850.8195	-62094.4770	0.382578	0.0000	8294
1509428457.5998899937	63851.0805	-62094.3708	0.383160	0.0000	8420
1509428457.7048280239	63851.3754	-62094.2508	0.383683	0.0000	8575
1509428457.8096690178	63851.6116	-62094.1543	0.384251	0.0000	8650
1509428457.9147140980	63851.9100	-62094.0326	0.384814	0.0000	8949
1509428458.0194211006	63852.1494	-62093.9347	0.385325	0.0000	9031
1509428458.1244080067	63852.4359	-62093.8176	0.385905	0.0000	9192
1509428458.2291340828	63852.6801	-62093.7175	0.386566	0.0000	8653
1509428458.3342020512	63852.9885	-62093.5911	0.387292	0.0000	8422
1509428458.4390199184	63853.2178	-62093.4965	0.388038	0.0000	8487
1509428458.5440280437	63853.4910	-62093.3839	0.388659	0.0000	8320
1509428458.6487879753	63853.7630	-62093.2718	0.389216	0.0000	8521
1509428458.7537519932	63854.0271	-62093.1631	0.389627	0.0000	8840
1509428458.8585910797	63854.2992	-62093.0513	0.389882	0.0000	8689
1509428458.9635179043	63854.5547	-62092.9464	0.390240	0.0000	8571
1509428459.0686080456	63854.8294	-62092.8336	0.390657	0.0000	8423
1509428459.1733400822	63855.1328	-62092.7090	0.390784	0.0000	8352
1509428459.2781770229	63855.3371	-62092.6252	0.390715	0.0000	8307
1509428459.3831360340	63855.6194	-62092.5095	0.390730	0.0000	8281
1509428459.4881200790	63855.9020	-62092.3938	0.390905	0.0000	8258
1509428459.5928840637	63856.1585	-62092.2889	0.390954	0.0000	8351
1509428459.6978690624	63856.4306	-62092.1777	0.390769	0.0000	8564
1509428459.8026809692	63856.6929	-62092.0705	0.390798	0.0000	8797
1509428459.9075629711	63856.9645	-62091.9596	0.391071	0.0000	8675
1509428460.0124509335	63857.2213	-62091.8546	0.391175	0.0000	8935
1509428460.1174149513	63857.4662	-62091.7545	0.391084	0.0000	9110
1509428460.2222509384	63857.7638	-62091.6325	0.391254	0.0000	9261
1509428460.3271310329	63858.0964	-62091.4959	0.391660	0.0000	9098
1509428460.4320209026	63858.2564	-62091.4302	0.391847	0.0000	8477
1509428460.5369210243	63858.5225	-62091.3206	0.391665	0.0000	8693
1509428460.6418440342	63858.8239	-62091.1966	0.391343	0.0000	8685
1509428460.7467238903	63859.0614	-62091.0990	0.391213	0.0000	9064
1509428460.8516430855	63859.3620	-62090.9755	0.391094	0.0000	9276
1509428460.9565479755	63859.6286	-62090.8660	0.390892	0.0000	9067
1509428461.0613870621	63859.8688	-62090.7673	0.390694	0.0000	8958
1509428461.1662828922	63860.1360	-62090.6576	0.390581	0.0000	8862
1509428461.2711629868	63860.4255	-62090.5387	0.390474	0.0000	8743
1509428461.3761250973	63860.6900	-62090.4302	0.390235	0.0000	8710
1509428461.4811511040	63861.0008	-62090.3026	0.389898	0.0000	8676
1509428461.5858430862	63861.2480	-62090.2014	0.389514	0.0000	8743
1509428461.6906189919	63861.5622	-62090.0726	0.389057	0.0000	8659
1509428461.7956340313	63861.8087	-62089.9718	0.388559	0.0000	8769
1509428461.9006240368	63862.1300	-62089.8406	0.388157	0.0000	9025
1509428462.0054759979	63862.3805	-62089.7385	0.387970	0.0000	9087
1509428462.1103899479	63862.6895	-62089.6125	0.387892	0.0000	8977
1509428462.2152199745	63862.9473	-62089.5074	0.387883	0.0000	9425
1509428462.3203101158	63863.2468	-62089.3854	0.387568	0.0000	9450
1509428462.4250330925	63863.5135	-62089.2771	0.386960	0.0000	9587
1509428462.5299379826	63863.8130	-62089.1557	0.386422	0.0000	9069
1509428462.6348180771	63864.0738	-62089.0505	0.385774	0.0000	8700
1509428462.7397649288	63864.3807	-62088.9269	0.385003	0.0000	8759
1509428462.8446180820	63864.6482	-62088.8196	0.384140	0.0000	9341
1509428462.9496130943	63864.9455	-62088.7005	0.383464	0.0000	9347
1509428463.0543909073	63865.2145	-62088.5930	0.382845	0.0000	9207
1509428463.1592679024	63865.5195	-62088.4711	0.382029	0.0000	8992
1509428463.2641470432	63865.7694	-62088.3716	0.381249	0.0000	8764
1509428463.3690159321	63866.0564	-62088.2572	0.380977	0.0000	8513
1509428463.4739079475	63866.3229	-62088.1513	0.380502	0.0000	8363
1509428463.5788180828	63866.6584	-62088.0179	0.379518	0.0000	8351
1509428463.6837179661	63866.9066	-62087.9199	0.378579	0.0000	8261
1509428463.7886149883	63867.2123	-62087.7992	0.377984	0.0000	8282
1509428463.8935470581	63867.4676	-62087.6987	0.377223	0.0000	8126
1509428463.9983980656	63867.7801	-62087.5756	0.376183	0.0000	8257
1509428464.1034579277	63868.0502	-62087.4696	0.375146	0.0000	8439
1509428464.2082140446	63868.3675	-62087.3451	0.374524	0.0000	8383
1509428464.3130669594	63868.6423	-62087.2375	0.374251	0.0000	7956
1509428464.4179708958	63868.9772	-62087.1061	0.373930	0.0000	8451
1509428464.5227429867	63869.2447	-62087.0014	0.373474	0.0000	8667
1509428464.6277439594	63869.5675	-62086.8752	0.373156	0.0000	8789
1509428464.7326669693	63869.8534	-62086.7636	0.373076	0.0000	7927
1509428464.8375499249	63870.1895	-62086.6323	0.373115	0.0000	8065
1509428464.9423549175	63870.4779	-62086.5199	0.373131	0.0000	8448
1509428465.0473499298	63870.8154	-62086.3881	0.373150	0.0000	8425
1509428465.1522090435	63871.1076	-62086.2740	0.373092	0.0000	8485
1509428465.2571198940	63871.4221	-62086.1508	0.373095	0.0000	8310
1509428465.3619749546	63871.7613	-62086.0179	0.373133	0.0000	8093
1509428465.4668929577	63872.0581	-62085.9016	0.372985	0.0000	7862
1509428465.5717730522	63872.4006	-62085.7672	0.372921	0.0000	7835
1509428465.6766738892	63872.6897	-62085.6538	0.372869	0.0000	7695
1509428465.7815399170	63873.0343	-62085.5187	0.372733	0.0000	7532
1509428465.8864440918	63873.4259	-62085.3653	0.372643	0.0000	7538
1509428465.9913480282	63873.6988	-62085.2582	0.372715	0.0000	7374
1509428466.0962679386	63874.0027	-62085.1389	0.372810	0.0000	7380
1509428466.2011609077	63874.3584	-62084.9992	0.372913	0.0000	7475
1509428466.3060200214	63874.7036	-62084.8637	0.373039	0.0000	7666
1509428466.4109680653	63875.0219	-62084.7387	0.373170	0.0000	7703
1509428466.5160040855	63875.3045	-62084.6277	0.373219	0.0000	7255
1509428466.6207699776	63875.6630	-62084.4871	0.373056	0.0000	7317
1509428466.7257390022	63875.9912	-62084.3587	0.372789	0.0000	7642
1509428466.8304951191	63876.3386	-62084.2231	0.372483	0.0000	7758
1509428466.9353981018	63876.6494	-62084.1018	0.372234	0.0000	7012
1509428467.0403070450	63876.9496	-62083.9849	0.372046	0.0000	7299
1509428467.1452400684	63877.3599	-62083.8253	0.371715	0.0000	7536
1509428467.2501049042	63877.6407	-62083.7165	0.371373	0.0000	7805
1509428467.3549780846	63877.9401	-62083.6008	0.371020	0.0000	7605
1509428467.4599149227	63878.2508	-62083.4813	0.370425	0.0000	7407
1509428467.5647699833	63878.6572	-62083.3254	0.369680	0.0000	7227
1509428467.6696870327	63878.9449	-62083.2160	0.369131	0.0000	6988
1509428467.7746000290	63879.2366	-62083.1054	0.368617	0.0000	6866
1509428467.8794391155	63879.5541	-62082.9849	0.368090	0.0000	6730
1509428467.9842560291	63879.9361	-62082.8396	0.367643	0.0000	6682
1509428468.0891859531	63880.2140	-62082.7348	0.367251	0.0000	6769
1509428468.1941800117	63880.6096	-62082.5842	0.367220	0.0000	6735
1509428468.2990639210	63880.8707	-62082.4861	0.367148	0.0000	6770
1509428468.4039270878	63881.2236	-62082.3527	0.367014	0.0000	7074
1509428468.5089030266	63881.5692	-62082.2224	0.366716	0.0000	7253
1509428468.6140210629	63881.9114	-62082.0935	0.366454	0.0000	7226
1509428468.7187008858	63882.1300	-62082.0115	0.366391	0.0000	6947
1509428468.8233959675	63882.5115	-62081.8672	0.366243	0.0000	6939
1509428468.9283399582	63882.8050	-62081.7565	0.366083	0.0000	7525
1509428469.0331759453	63883.1709	-62081.6179	0.366171	0.0000	7007
1509428469.1381421089	63883.4587	-62081.5091	0.366175	0.0000	7176
1509428469.2430551052	63883.8200	-62081.3720	0.365771	0.0000	7921
1509428469.3480091095	63884.1038	-62081.2648	0.365178	0.0000	7912
1509428469.4528028965	63884.4678	-62081.1271	0.364640	0.0000	7812
1509428469.5577499866	63884.7502	-62081.0208	0.364067	0.0000	7691
1509428469.6625490189	63885.1108	-62080.8847	0.363580	0.0000	7542
1509428469.7675390244	63885.3950	-62080.7776	0.363287	0.0000	7399
1509428469.8724019527	63885.7394	-62080.6476	0.363002	0.0000	7341
1509428469.9773099422	63886.0362	-62080.5355	0.362914	0.0000	7324
1509428470.0822029114	63886.3887	-62080.4023	0.363019	0.0000	7246
1509428470.1871008873	63886.6896	-62080.2888	0.363131	0.0000	7295
1509428470.2919709682	63887.0576	-62080.1497	0.363206	0.0000	7216
1509428470.3968470097	63887.3441	-62080.0417	0.363100	0.0000	7282
1509428470.5017690659	63887.7287	-62079.8963	0.362958	0.0000	7402
1509428470.6066489220	63887.9912	-62079.7972	0.363020	0.0000	7635
1509428470.7115659714	63888.3549	-62079.6593	0.363420	0.0000	7897
1509428470.8164350986	63888.6408	-62079.5507	0.363960	0.0000	7959
1509428470.9214420319	63889.0152	-62079.4080	0.364310	0.0000	7659
1509428471.0262160301	63889.3078	-62079.2962	0.364624	0.0000	7637
1509428471.1311171055	63889.6390	-62079.1695	0.364906	0.0000	7982
1509428471.2360041142	63889.9423	-62079.0535	0.365134	0.0000	7595
1509428471.3409969807	63890.2835	-62078.9228	0.365719	0.0000	8324
1509428471.4457039833	63890.6031	-62078.7999	0.366280	0.0000	8776
1509428471.5506570339	63890.9858	-62078.6529	0.366460	0.0000	8706
1509428471.6555430889	63891.2711	-62078.5434	0.366679	0.0000	8589
1509428471.7604730129	63891.6213	-62078.4092	0.366890	0.0000	8587
1509428471.8653740883	63891.9197	-62078.2949	0.366844	0.0000	8387
1509428471.9702920914	63892.2661	-62078.1623	0.366431	0.0000	8309
1509428472.0750229359	63892.5750	-62078.0443	0.365597	0.0000	8256
1509428472.1799728870	63892.9335	-62077.9075	0.364489	0.0000	8242
1509428472.2849149704	63893.2723	-62077.7786	0.363627	0.0000	8183
1509428472.3896279335	63893.6386	-62077.6392	0.363125	0.0000	8333
1509428472.4946939945	63893.9873	-62077.5065	0.362705	0.0000	8279
1509428472.5993540287	63894.3333	-62077.3748	0.362408	0.0000	8310
1509428472.7040910721	63894.6883	-62077.2396	0.362214	0.0000	8276
1509428472.8090000153	63895.0151	-62077.1149	0.362287	0.0000	8567
1509428472.9137539864	63895.4066	-62076.9653	0.362614	0.0000	8856
1509428473.0188241005	63895.7364	-62076.8391	0.362910	0.0000	8961
1509428473.1235809326	63896.1291	-62076.6887	0.363297	0.0000	9193
1509428473.2284069061	63896.4560	-62076.5632	0.363830	0.0000	9219
1509428473.3333120346	63896.8458	-62076.4137	0.364367	0.0000	8858
1509428473.4380791187	63897.1793	-62076.2857	0.364796	0.0000	8524
1509428473.5429260731	63897.5786	-62076.1326	0.365219	0.0000	9196
1509428473.6477708817	63897.9161	-62076.0032	0.365672	0.0000	9478
1509428473.7526140213	63898.3163	-62075.8493	0.366298	0.0000	9361
1509428473.8575029373	63898.6664	-62075.7144	0.367118	0.0000	9155
1509428473.9623479843	63899.0568	-62075.5637	0.367733	0.0000	8809
1509428474.0671100616	63899.4100	-62075.4273	0.368040	0.0000	8564
1509428474.1719589233	63899.7924	-62075.2795	0.368419	0.0000	8594
1509428474.2768349648	63900.1274	-62075.1501	0.368905	0.0000	8457
1509428474.3816740513	63900.5540	-62074.9851	0.369469	0.0000	8413
1509428474.4864909649	63900.8779	-62074.8595	0.370074	0.0000	8340
1509428474.5912580490	63901.2726	-62074.7062	0.370701	0.0000	8458
1509428474.6961050034	63901.6441	-62074.5617	0.371418	0.0000	8399
1509428474.8009829521	63902.0038	-62074.4217	0.372015	0.0000	8381
1509428474.9058310986	63902.3598	-62074.2830	0.372536	0.0000	8424
1509428475.0106110573	63902.7163	-62074.1441	0.372971	0.0000	8661
1509428475.1154859066	63903.1340	-62073.9811	0.373261	0.0000	8874
1509428475.2203149796	63903.4966	-62073.8397	0.373310	0.0000	9201
1509428475.3252139091	63903.8373	-62073.7072	0.372997	0.0000	9099
1509428475.4300088882	63904.2396	-62073.5510	0.372135	0.0000	9295
1509428475.5349380970	63904.5700	-62073.4236	0.370903	0.0000	9222
1509428475.6396920681	63904.9173	-62073.2901	0.369584	0.0000	8545
1509428475.7445271015	63905.3459	-62073.1255	0.368563	0.0000	9369
1509428475.8494119644	63905.6599	-62073.0056	0.367798	0.0000	9383
1509428475.9541869164	63906.0566	-62072.8537	0.367259	0.0000	9346
1509428476.0590538979	63906.3964	-62072.7235	0.367104	0.0000	9072
1509428476.1639900208	63906.7939	-62072.5710	0.367139	0.0000	8762
1509428476.2687530518	63907.1367	-62072.4396	0.367172	0.0000	8789
1509428476.3736410141	63907.5301	-62072.2887	0.367132	0.0000	8742
1509428476.4784479141	63907.8975	-62072.1477	0.367073	0.0000	8547
1509428476.5833830833	63908.2391	-62072.0165	0.367205	0.0000	8526
1509428476.6881170273	63908.5811	-62071.8850	0.367659	0.0000	8406
1509428476.7929849625	63908.9782	-62071.7322	0.368178	0.0000	8422
1509428476.8977580070	63909.3189	-62071.6011	0.368394	0.0000	8465
1509428477.0026481152	63909.7125	-62071.4499	0.368529	0.0000	8280
1509428477.1074628830	63910.0505	-62071.3202	0.368794	0.0000	8359
1509428477.2122900486	63910.4493	-62071.1672	0.369081	0.0000	8425
1509428477.3172430992	63910.7858	-62071.0380	0.369301	0.0000	8482
1509428477.4220321178	63911.1916	-62070.8823	0.369247	0.0000	8825
1509428477.5268509388	63911.5248	-62070.7547	0.369074	0.0000	9011
1509428477.6316521168	63911.9508	-62070.5911	0.369021	0.0000	9102
1509428477.7365310192	63912.2647	-62070.4709	0.369063	0.0000	8549
1509428477.8413820267	63912.6452	-62070.3247	0.369116	0.0000	8444
1509428477.9462060928	63912.9985	-62070.1886	0.369130	0.0000	8959
1509428478.0510549545	63913.3970	-62070.0349	0.369052	0.0000	9156
1509428478.1558461189	63913.7316	-62069.9057	0.368790	0.0000	8905
1509428478.2607140541	63914.1444	-62069.7463	0.368479	0.0000	8663
1509428478.3655040264	63914.4613	-62069.6241	0.368229	0.0000	8820
1509428478.4704000950	63914.8587	-62069.4708	0.368005	0.0000	8567
1509428478.5752708912	63915.1970	-62069.3404	0.367832	0.0000	8418
1509428478.6800839901	63915.5747	-62069.1947	0.367676	0.0000	8275
1509428478.7848761082	63915.9295	-62069.0576	0.367673	0.0000	8271
1509428478.8897640705	63916.3383	-62068.8996	0.367730	0.0000	8241
1509428478.9946548939	63916.6896	-62068.7637	0.367816	0.0000	8324
1509428479.0994260311	63917.0838	-62068.6114	0.367888	0.0000	8274
1509428479.2042980194	63917.4314	-62068.4770	0.367912	0.0000	8214
1509428479.3090920448	63917.8331	-62068.3218	0.367902	0.0000	8176
1509428479.4139180183	63918.1746	-62068.1897	0.368022	0.0000	8618
1509428479.5188200474	63918.5538	-62068.0432	0.368102	0.0000	8477
1509428479.6235818863	63918.9265	-62067.8990	0.368101	0.0000	8686
1509428479.7285170555	63919.3311	-62067.7425	0.368179	0.0000	8894
1509428479.8332889080	63919.6576	-62067.6158	0.368457	0.0000	9080
1509428479.9380741119	63920.0366	-62067.4689	0.368784	0.0000	8435
1509428480.0430209637	63920.4185	-62067.3206	0.369113	0.0000	8514
1509428480.1478428841	63920.7745	-62067.1824	0.369230	0.0000	9119
1509428480.2526419163	63921.1834	-62067.0236	0.369305	0.0000	9064
1509428480.3575370312	63921.5138	-62066.8952	0.369559	0.0000	8856
1509428480.4623749256	63921.9124	-62066.7402	0.369969	0.0000	8800
1509428480.5671930313	63922.2557	-62066.6066	0.370274	0.0000	8693
1509428480.6720681190	63922.5948	-62066.4744	0.370558	0.0000	8544
1509428480.7768800259	63923.0189	-62066.3090	0.370802	0.0000	8412
1509428480.8816990852	63923.3952	-62066.1619	0.371132	0.0000	8340
1509428480.9865570068	63923.7424	-62066.0262	0.371650	0.0000	8249
1509428481.0913701057	63924.1945	-62065.8495	0.372189	0.0000	8163
1509428481.1962199211	63924.4462	-62065.7509	0.372491	0.0000	8163
1509428481.3010818958	63924.8872	-62065.5783	0.372791	0.0000	8140
1509428481.4059059620	63925.1960	-62065.4572	0.373083	0.0000	8064
1509428481.5107359886	63925.6109	-62065.2944	0.373437	0.0000	7945
1509428481.6155910492	63925.9685	-62065.1540	0.373690	0.0000	8020
1509428481.7204549313	63926.3593	-62065.0005	0.373935	0.0000	8232
1509428481.8253090382	63926.6966	-62064.8680	0.374208	0.0000	8413
1509428481.9301199913	63927.0501	-62064.7291	0.374405	0.0000	8668
1509428482.0349628925	63927.4695	-62064.5645	0.374560	0.0000	8632
1509428482.1398708820	63927.7966	-62064.4363	0.374715	0.0000	7942
1509428482.2446250916	63928.2079	-62064.2751	0.374860	0.0000	8245
1509428482.3494069576	63928.5348	-62064.1472	0.374938	0.0000	8396
1509428482.4542939663	63928.9474	-62063.9856	0.375027	0.0000	8350
1509428482.5593008995	63929.2768	-62063.8568	0.375249	0.0000	8214
1509428482.6639709473	63929.6940	-62063.6929	0.375597	0.0000	8091
1509428482.7688109875	63930.0233	-62063.5632	0.375969	0.0000	7744
1509428482.8736031055	63930.4281	-62063.4033	0.376277	0.0000	7609
1509428482.9785180092	63930.7596	-62063.2723	0.376328	0.0000	7542
1509428483.0834650993	63931.1762	-62063.1076	0.376364	0.0000	7391
1509428483.1882181168	63931.5067	-62062.9769	0.376521	0.0000	7323
1509428483.2931599617	63931.9373	-62062.8065	0.376625	0.0000	7235
1509428483.3978769779	63932.2545	-62062.6811	0.376600	0.0000	7302
1509428483.5027079582	63932.6809	-62062.5126	0.376542	0.0000	7451
1509428483.6075859070	63932.9966	-62062.3880	0.376672	0.0000	7257
1509428483.7123799324	63933.4295	-62062.2171	0.376773	0.0000	7228
1509428483.8172259331	63933.7513	-62062.0902	0.376766	0.0000	7245
1509428483.9220728874	63934.1729	-62061.9238	0.376667	0.0000	7521
1509428484.0269119740	63934.5470	-62061.7765	0.376534	0.0000	7861
1509428484.1317360401	63934.8998	-62061.6378	0.376505	0.0000	8127
1509428484.2366158962	63935.2241	-62061.5105	0.376505	0.0000	8151
1509428484.3414208889	63935.6591	-62061.3396	0.376493	0.0000	7495
1509428484.4462831020	63935.9898	-62061.2097	0.376282	0.0000	7877
1509428484.5511078835	63936.4041	-62061.0470	0.375647	0.0000	8103
1509428484.6559760571	63936.7275	-62060.9202	0.374446	0.0000	8331
1509428484.7608048916	63937.1560	-62060.7523	0.373125	0.0000	8244
1509428484.8656539917	63937.4907	-62060.6218	0.372121	0.0000	7876
1509428484.9705009460	63937.9172	-62060.4556	0.371381	0.0000	7860
1509428485.0753350258	63938.2463	-62060.3276	0.370488	0.0000	7836
1509428485.1802499294	63938.6723	-62060.1624	0.369193	0.0000	7684
1509428485.2849450111	63939.0065	-62060.0337	0.367986	0.0000	7666
1509428485.3898959160	63939.4694	-62059.8560	0.366820	0.0000	7600
1509428485.4946238995	63939.7702	-62059.7415	0.365775	0.0000	7728
1509428485.5995299816	63940.1844	-62059.5837	0.364860	0.0000	7718
1509428485.7044680119	63940.5150	-62059.4583	0.364296	0.0000	7760
1509428485.8092000484	63940.9397	-62059.2968	0.364107	0.0000	7701
1509428485.9139730930	63941.2673	-62059.1723	0.364021	0.0000	7738
1509428486.0189108849	63941.6945	-62059.0101	0.363776	0.0000	7599
1509428486.1237609386	63942.0320	-62058.8823	0.363481	0.0000	7901
1509428486.2285740376	63942.4577	-62058.7210	0.363356	0.0000	8231
1509428486.3333249092	63942.7946	-62058.5935	0.363381	0.0000	8472
1509428486.4382519722	63943.2101	-62058.4358	0.363426	0.0000	8584
1509428486.5430970192	63943.5396	-62058.3107	0.363401	0.0000	7888
1509428486.6480419636	63943.9354	-62058.1602	0.363432	0.0000	8518
1509428486.7527670860	63944.2818	-62058.0283	0.363439	0.0000	8814
1509428486.8576030731	63944.6990	-62057.8696	0.363091	0.0000	8666
1509428486.9628500938	63945.0290	-62057.7443	0.362520	0.0000	8510
1509428487.0672729015	63945.4414	-62057.5880	0.361994	0.0000	8380
1509428487.1721510887	63945.8517	-62057.4328	0.361449	0.0000	8325
1509428487.2769770622	63946.1014	-62057.3383	0.361108	0.0000	8164
1509428487.3818008900	63946.4826	-62057.1939	0.361039	0.0000	8077
1509428487.4866659641	63946.9194	-62057.0281	0.361246	0.0000	8048
1509428487.5914170742	63947.2458	-62056.9038	0.361599	0.0000	7907
1509428487.6964030266	63947.6423	-62056.7527	0.362010	0.0000	7933
1509428487.8011789322	63947.9746	-62056.6255	0.362439	0.0000	7960
1509428487.9059860706	63948.3885	-62056.4671	0.362960	0.0000	7983
1509428488.0108659267	63948.7091	-62056.3438	0.363461	0.0000	8083
1509428488.1156949997	63949.1198	-62056.1859	0.363970	0.0000	8195
1509428488.2211320400	63949.4575	-62056.0553	0.364537	0.0000	8053
1509428488.3253569603	63949.8342	-62055.9100	0.365012	0.0000	7951
1509428488.4302029610	63950.1673	-62055.7809	0.365429	0.0000	8486
1509428488.5350549221	63950.5678	-62055.6264	0.365199	0.0000	8686
1509428488.6398909092	63950.8868	-62055.5030	0.364588	0.0000	8477
1509428488.7446539402	63951.2563	-62055.3608	0.363951	0.0000	7967
1509428488.8495891094	63951.6255	-62055.2186	0.363591	0.0000	8575
1509428488.9544739723	63951.9789	-62055.0831	0.363239	0.0000	8413
1509428489.0592350960	63952.3462	-62054.9422	0.362930	0.0000	8507
1509428489.1642739773	63952.6870	-62054.8121	0.362487	0.0000	8439
1509428489.2689280510	63953.0680	-62054.6668	0.362215	0.0000	8348
1509428489.3736839294	63953.4281	-62054.5300	0.362106	0.0000	8367
1509428489.4786489010	63953.7682	-62054.4010	0.362023	0.0000	8160
1509428489.5837070942	63954.1667	-62054.2502	0.361984	0.0000	8050
1509428489.6883249283	63954.4542	-62054.1415	0.362020	0.0000	8020
1509428489.7931249142	63954.8736	-62053.9831	0.362094	0.0000	7944
1509428489.8979949951	63955.2466	-62053.8426	0.362096	0.0000	8027
1509428490.0027880669	63955.6258	-62053.6999	0.361970	0.0000	8143
1509428490.1076810360	63955.9622	-62053.5739	0.361684	0.0000	8098
1509428490.2124300003	63956.3210	-62053.4395	0.361413	0.0000	8399
1509428490.3173561096	63956.7037	-62053.2965	0.361138	0.0000	8395
1509428490.4222900867	63957.0915	-62053.1515	0.360910	0.0000	8438
1509428490.5270829201	63957.4289	-62053.0257	0.360542	0.0000	8522
1509428490.6318769455	63957.8108	-62052.8832	0.360141	0.0000	8067
1509428490.7366929054	63958.1845	-62052.7445	0.359551	0.0000	8658
1509428490.8415410519	63958.5463	-62052.6102	0.359062	0.0000	8175
1509428490.9463748932	63958.9214	-62052.4717	0.358401	0.0000	8155
1509428491.0512518883	63959.2879	-62052.3362	0.357834	0.0000	8412
1509428491.1560559273	63959.6140	-62052.2163	0.357356	0.0000	8669
1509428491.2609059811	63960.0285	-62052.0635	0.357003	0.0000	8368
1509428491.3657410145	63960.3546	-62051.9437	0.356852	0.0000	8405
1509428491.4705829620	63960.7646	-62051.7925	0.356738	0.0000	8266
1509428491.5754671097	63961.1027	-62051.6681	0.356469	0.0000	7989
1509428491.6803019047	63961.5134	-62051.5167	0.356254	0.0000	7938
1509428491.7851049900	63961.8536	-62051.3916	0.356144	0.0000	7739
1509428491.8898830414	63962.2722	-62051.2373	0.356081	0.0000	7696
1509428491.9947249889	63962.6051	-62051.1148	0.355934	0.0000	7686
1509428492.0996661186	63963.0097	-62050.9658	0.355637	0.0000	7772
1509428492.2045300007	63963.3600	-62050.8371	0.355256	0.0000	7841
1509428492.3093159199	63963.7689	-62050.6868	0.354856	0.0000	7864
1509428492.4140889645	63964.1613	-62050.5426	0.354453	0.0000	8010
1509428492.5190320015	63964.5137	-62050.4134	0.354042	0.0000	8177
1509428492.6237421036	63964.8782	-62050.2797	0.353753	0.0000	8269
1509428492.7287020683	63965.2912	-62050.1283	0.353549	0.0000	8391
1509428492.8335330486	63965.6441	-62049.9989	0.353498	0.0000	8190
1509428492.9383649826	63966.0514	-62049.8494	0.353541	0.0000	8075
1509428493.0431549549	63966.4462	-62049.7044	0.353540	0.0000	7957
1509428493.1480870247	63966.7876	-62049.5789	0.353472	0.0000	8011
1509428493.2528119087	63967.1663	-62049.4398	0.353404	0.0000	8271
1509428493.3577139378	63967.5340	-62049.3046	0.353359	0.0000	8290
1509428493.4626441002	63967.9527	-62049.1506	0.353403	0.0000	8287
1509428493.5673849583	63968.3017	-62049.0222	0.353438	0.0000	8230
1509428493.6721189022	63968.7228	-62048.8675	0.353269	0.0000	8019
1509428493.7770400047	63969.0800	-62048.7365	0.352955	0.0000	7763
1509428493.8820290565	63969.4996	-62048.5828	0.352592	0.0000	7801
1509428493.9868109226	63969.8969	-62048.4374	0.352438	0.0000	7727
1509428494.0916221142	63970.2675	-62048.3017	0.352615	0.0000	7748
1509428494.1964390278	63970.6455	-62048.1630	0.352855	0.0000	7772
1509428494.3012979031	63971.0646	-62048.0091	0.352953	0.0000	7887
1509428494.4060850143	63971.4209	-62047.8782	0.353043	0.0000	7943
1509428494.5109949112	63971.8470	-62047.7216	0.353175	0.0000	8049
1509428494.6158130169	63972.1937	-62047.5943	0.353476	0.0000	8094
1509428494.7206189632	63972.6140	-62047.4398	0.353742	0.0000	8314
1509428494.8254890442	63972.9752	-62047.3069	0.354049	0.0000	8472
1509428494.9303119183	63973.3990	-62047.1506	0.354628	0.0000	8678
1509428495.0352048874	63973.7494	-62047.0211	0.355119	0.0000	8664
1509428495.1400220394	63974.1543	-62046.8711	0.355341	0.0000	8309
1509428495.2447841167	63974.5202	-62046.7352	0.355567	0.0000	8164
1509428495.3496949673	63974.9276	-62046.5836	0.355935	0.0000	8386
1509428495.4545400143	63975.2965	-62046.4459	0.356391	0.0000	8803
1509428495.5593600273	63975.7060	-62046.2926	0.356825	0.0000	8923
1509428495.6641709805	63976.0693	-62046.1561	0.357172	0.0000	8824
1509428495.7690570354	63976.4716	-62046.0047	0.357471	0.0000	8718
1509428495.8739941120	63976.8368	-62045.8670	0.357772	0.0000	8460
1509428495.9787440300	63977.2403	-62045.7149	0.358042	0.0000	8410
1509428496.0836360455	63977.6028	-62045.5780	0.358290	0.0000	8164
1509428496.1885099411	63978.0040	-62045.4264	0.358685	0.0000	8195
1509428496.2932870388	63978.3652	-62045.2897	0.359092	0.0000	8186
1509428496.3980779648	63978.7657	-62045.1380	0.359368	0.0000	8244
1509428496.5029120445	63979.1239	-62045.0023	0.359607	0.0000	8382
1509428496.6077680588	63979.4852	-62044.8655	0.359854	0.0000	8484
1509428496.7126030922	63979.8981	-62044.7093	0.360099	0.0000	8537
1509428496.8174540997	63980.2459	-62044.5776	0.360399	0.0000	8612
1509428496.9223990440	63980.6538	-62044.4229	0.360825	0.0000	8832
1509428497.0271160603	63981.0020	-62044.2906	0.361293	0.0000	9092
1509428497.1319189072	63981.4139	-62044.1343	0.361712	0.0000	9257
1509428497.2368190289	63981.7614	-62044.0026	0.361811	0.0000	9255
1509428497.3416469097	63982.1659	-62043.8496	0.361774	0.0000	8810
1509428497.4465339184	63982.5138	-62043.7182	0.361731	0.0000	8535
1509428497.5513141155	63982.9594	-62043.5499	0.361832	0.0000	8995
1509428497.6561799049	63983.2670	-62043.4337	0.362245	0.0000	9362
1509428497.7609930038	63983.6613	-62043.2841	0.362761	0.0000	9304
1509428497.8658699989	63984.0004	-62043.1551	0.363181	0.0000	9156
1509428497.9707260132	63984.3837	-62043.0091	0.363511	0.0000	8926
1509428498.0755569935	63984.7228	-62042.8796	0.363859	0.0000	8972
1509428498.1804161072	63985.1287	-62042.7246	0.364253	0.0000	8735
1509428498.2851989269	63985.4702	-62042.5939	0.364703	0.0000	8575
1509428498.3900849819	63985.8992	-62042.4298	0.365209	0.0000	8582
1509428498.4949119091	63986.2134	-62042.3090	0.365720	0.0000	8538
1509428498.5996420383	63986.6099	-62042.1565	0.366239	0.0000	8528
1509428498.7045741081	63986.9462	-62042.0266	0.366936	0.0000	8591
1509428498.8094151020	63987.3368	-62041.8756	0.367619	0.0000	8692
1509428498.9142599106	63987.6706	-62041.7461	0.368384	0.0000	8845
1509428499.0190470219	63988.0491	-62041.5992	0.369315	0.0000	8902
1509428499.1239740849	63988.3888	-62041.4669	0.370418	0.0000	8926
1509428499.2287828922	63988.7809	-62041.3139	0.371589	0.0000	9042
1509428499.3336820602	63989.1082	-62041.1857	0.372622	0.0000	9318
1509428499.4384589195	63989.4807	-62041.0395	0.373588	0.0000	9427
1509428499.5433869362	63989.8185	-62040.9067	0.374482	0.0000	9019
1509428499.6481359005	63990.1898	-62040.7604	0.375180	0.0000	8533
1509428499.7529211044	63990.5319	-62040.6255	0.375493	0.0000	8937
1509428499.8578140736	63990.8704	-62040.4921	0.375504	0.0000	9221
1509428499.9626820087	63991.2553	-62040.3404	0.375536	0.0000	9107
1509428500.0675120354	63991.5956	-62040.2064	0.375490	0.0000	8862
1509428500.1723170280	63991.9525	-62040.0662	0.375211	0.0000	8460
1509428500.2771799564	63992.2722	-62039.9408	0.374739	0.0000	8547
1509428500.3820810318	63992.6556	-62039.7907	0.374250	0.0000	8233
1509428500.4869000912	63993.0192	-62039.6484	0.373929	0.0000	8218
1509428500.5916330814	63993.3601	-62039.5149	0.373731	0.0000	8256
1509428500.6965498924	63993.7376	-62039.3671	0.373498	0.0000	8101
1509428500.8016591072	63994.0515	-62039.2443	0.373301	0.0000	8128
1509428500.9062058926	63994.3812	-62039.1151	0.373245	0.0000	8199
1509428501.0110740662	63994.7835	-62038.9574	0.373194	0.0000	8271
1509428501.1159300804	63995.1769	-62038.8033	0.373029	0.0000	8277
1509428501.2207798958	63995.4943	-62038.6791	0.372743	0.0000	8420
1509428501.3256189823	63995.8463	-62038.5415	0.372360	0.0000	8380
1509428501.4304189682	63996.2247	-62038.3939	0.371951	0.0000	8459
1509428501.5352950096	63996.6109	-62038.2435	0.371675	0.0000	8760
1509428501.6401009560	63996.9293	-62038.1197	0.371375	0.0000	8585
1509428501.7449240685	63997.3426	-62037.9590	0.371114	0.0000	8023
1509428501.8498148918	63997.6698	-62037.8317	0.370993	0.0000	8000
1509428501.9546558857	63998.0524	-62037.6829	0.370907	0.0000	8484
1509428502.0594720840	63998.4025	-62037.5468	0.370868	0.0000	8530
1509428502.1643300056	63998.7982	-62037.3931	0.370849	0.0000	8342
1509428502.2691800594	63999.1396	-62037.2606	0.370729	0.0000	8165
1509428502.3740561008	63999.5372	-62037.1065	0.370586	0.0000	8075
1509428502.4788320065	63999.8994	-62036.9661	0.370460	0.0000	7636
1509428502.5836479664	64000.3018	-62036.8102	0.370355	0.0000	7544
1509428502.6885530949	64000.6631	-62036.6704	0.370237	0.0000	7509
1509428502.7933080196	64001.0578	-62036.5175	0.370094	0.0000	7400
1509428502.8981940746	64001.4525	-62036.3650	0.369831	0.0000	7345
1509428503.0031070709	64001.8054	-62036.2289	0.369379	0.0000	7264
1509428503.1078848839	64002.2247	-62036.0672	0.368743	0.0000	7421
1509428503.2125470638	64002.6116	-62035.9183	0.368098	0.0000	7387
1509428503.3175680637	64003.0106	-62035.7652	0.367430	0.0000	7436
1509428503.4224140644	64003.3881	-62035.6206	0.366856	0.0000	7675
1509428503.5272669792	64003.7986	-62035.4639	0.366334	0.0000	7593
1509428503.6321330070	64004.1760	-62035.3199	0.366016	0.0000	7713
1509428503.7369349003	64004.5798	-62035.1659	0.365866	0.0000	7758
1509428503.8418240547	64004.9975	-62035.0069	0.365791	0.0000	7669
1509428503.9466600418	64005.3756	-62034.8630	0.365797	0.0000	7324
1509428504.0516650677	64005.7628	-62034.7155	0.365852	0.0000	7922
1509428504.1562900543	64006.2034	-62034.5474	0.365884	0.0000	8088
1509428504.2610991001	64006.5728	-62034.4063	0.365937	0.0000	7942
1509428504.3659679890	64007.0117	-62034.2385	0.366074	0.0000	7933
1509428504.4707961082	64007.3850	-62034.0956	0.366208	0.0000	7769
1509428504.5756599903	64007.7788	-62033.9452	0.366165	0.0000	7424
1509428504.6804881096	64008.2067	-62033.7819	0.366167	0.0000	7397
1509428504.7853379250	64008.5949	-62033.6341	0.366242	0.0000	7380
1509428504.8902199268	64009.0263	-62033.4696	0.366381	0.0000	7307
1509428504.9949300289	64009.4173	-62033.3203	0.366607	0.0000	7312
1509428505.0998740196	64009.8475	-62033.1558	0.366833	0.0000	7354
1509428505.2046980858	64010.2384	-62033.0064	0.366898	0.0000	7412
1509428505.3095369339	64010.6722	-62032.8408	0.366809	0.0000	7504
1509428505.4143760204	64011.0657	-62032.6908	0.366748	0.0000	7511
1509428505.5192170143	64011.5275	-62032.5143	0.366795	0.0000	7411
1509428505.6240611076	64011.8957	-62032.3740	0.366755	0.0000	7452
1509428505.7288889885	64012.3248	-62032.2104	0.366603	0.0000	7680
1509428505.8336770535	64012.7179	-62032.0608	0.366233	0.0000	7642
1509428505.9385850430	64013.1523	-62031.8955	0.365905	0.0000	7800
1509428506.0433399677	64013.5486	-62031.7448	0.365749	0.0000	7528
1509428506.1482210159	64013.9862	-62031.5781	0.365740	0.0000	7148
1509428506.2530570030	64014.3814	-62031.4272	0.365829	0.0000	7639
1509428506.3579709530	64014.8200	-62031.2593	0.365926	0.0000	7709
1509428506.4627699852	64015.2217	-62031.1053	0.365946	0.0000	7857
1509428506.5676290989	64015.6620	-62030.9365	0.365940	0.0000	7825
1509428506.6724050045	64016.0414	-62030.7912	0.365796	0.0000	7580
1509428506.7772998810	64016.4351	-62030.6406	0.365605	0.0000	7291
1509428506.8821339607	64016.9075	-62030.4601	0.365475	0.0000	7282
1509428506.9871349335	64017.3128	-62030.3051	0.365354	0.0000	7204
1509428507.0917730331	64017.7611	-62030.1332	0.365470	0.0000	7296
1509428507.1966440678	64018.1520	-62029.9828	0.365845	0.0000	7214
1509428507.3015549183	64018.6134	-62029.8049	0.366317	0.0000	7295
1509428507.4063160419	64018.9975	-62029.6564	0.366660	0.0000	7480
1509428507.5111401081	64019.4551	-62029.4797	0.366768	0.0000	7598
1509428507.6160519123	64019.8338	-62029.3339	0.366699	0.0000	7703
1509428507.7209649086	64020.2825	-62029.1616	0.366626	0.0000	7724
1509428507.8256890774	64020.6945	-62029.0036	0.366591	0.0000	7728
1509428507.9305310249	64021.0942	-62028.8504	0.366749	0.0000	7943
1509428508.0353629589	64021.4804	-62028.7020	0.367040	0.0000	8270
1509428508.1402199268	64021.9135	-62028.5351	0.367441	0.0000	8152
1509428508.2450718880	64022.3681	-62028.3594	0.368088	0.0000	7616
1509428508.3498818874	64022.7467	-62028.2125	0.368652	0.0000	7886
1509428508.4547750950	64023.1462	-62028.0574	0.368969	0.0000	8257
1509428508.5595750809	64023.5860	-62027.8871	0.369049	0.0000	8526
1509428508.6644260883	64023.9777	-62027.7357	0.369093	0.0000	8417
1509428508.7693209648	64024.4025	-62027.5718	0.369112	0.0000	8283
1509428508.8741319180	64024.7870	-62027.4238	0.369113	0.0000	8120
1509428508.9789390564	64025.2414	-62027.2488	0.369223	0.0000	7858
1509428509.0837941170	64025.6315	-62027.0984	0.369441	0.0000	7817
1509428509.1885330677	64026.0260	-62026.9462	0.369638	0.0000	7876
1509428509.2934679985	64026.4059	-62026.7997	0.369771	0.0000	7907
1509428509.3982970715	64026.8325	-62026.6349	0.369817	0.0000	7888
1509428509.5030589104	64027.2098	-62026.4892	0.369863	0.0000	7951
1509428509.6079709530	64027.6329	-62026.3254	0.370009	0.0000	7981
1509428509.7127349377	64028.0110	-62026.1789	0.370164	0.0000	8242
1509428509.8176100254	64028.4304	-62026.0162	0.370220	0.0000	8291
1509428509.9225769043	64028.8077	-62025.8696	0.370413	0.0000	8173
1509428510.0274140835	64029.2216	-62025.7085	0.370780	0.0000	8453
1509428510.1321508884	64029.5949	-62025.5630	0.371075	0.0000	8491
1509428510.2370469570	64029.9697	-62025.4166	0.371364	0.0000	8768
1509428510.3419539928	64030.4325	-62025.2356	0.371687	0.0000	8637
1509428510.4467320442	64030.7681	-62025.1041	0.371996	0.0000	7953
1509428510.5515260696	64031.2063	-62024.9325	0.372282	0.0000	8306
1509428510.6564071178	64031.5524	-62024.7966	0.372686	0.0000	8810
1509428510.7613489628	64031.9683	-62024.6331	0.373210	0.0000	8794
1509428510.8660809994	64032.3320	-62024.4901	0.373622	0.0000	8791
1509428510.9709680080	64032.7567	-62024.3232	0.373843	0.0000	8513
1509428511.0757219791	64033.0971	-62024.1893	0.374046	0.0000	8205
1509428511.1805241108	64033.4872	-62024.0359	0.374352	0.0000	8116
1509428511.2854220867	64033.8507	-62023.8928	0.374675	0.0000	8177
1509428511.3903360367	64034.2768	-62023.7249	0.375035	0.0000	8124
1509428511.4950931072	64034.6349	-62023.5833	0.375424	0.0000	8151
1509428511.5999469757	64035.0339	-62023.4254	0.375800	0.0000	8121
1509428511.7047910690	64035.3973	-62023.2814	0.376134	0.0000	8174
1509428511.8096730709	64035.8168	-62023.1151	0.376507	0.0000	8207
1509428511.9144949913	64036.1673	-62022.9760	0.376824	0.0000	8385
1509428512.0193219185	64036.6046	-62022.8027	0.377073	0.0000	8362
1509428512.1241569519	64036.9286	-62022.6741	0.377388	0.0000	8334
1509428512.2290298939	64037.3374	-62022.5118	0.377706	0.0000	8501
1509428512.3338370323	64037.6906	-62022.3715	0.378001	0.0000	8591
1509428512.4386570454	64038.0951	-62022.2108	0.378283	0.0000	8691
1509428512.5435299873	64038.4510	-62022.0695	0.378503	0.0000	8344
1509428512.6483719349	64038.8488	-62021.9117	0.378595	0.0000	7952
1509428512.7531909943	64039.2165	-62021.7660	0.378499	0.0000	8480
1509428512.8580400944	64039.6161	-62021.6081	0.378075	0.0000	8507
1509428512.9628760815	64039.9865	-62021.4621	0.377333	0.0000	8458
1509428513.0677170753	64040.3899	-62021.3033	0.376455	0.0000	8185
1509428513.1725540161	64040.7597	-62021.1583	0.375735	0.0000	8071
1509428513.2774019241	64041.1631	-62021.0003	0.375045	0.0000	7938
1509428513.3823289871	64041.5316	-62020.8563	0.374365	0.0000	7901
1509428513.4870970249	64041.9398	-62020.6970	0.373571	0.0000	7947
1509428513.5917708874	64042.3085	-62020.5535	0.372714	0.0000	7986
1509428513.6967580318	64042.7181	-62020.3943	0.372066	0.0000	7879
1509428513.8015949726	64043.0770	-62020.2552	0.371497	0.0000	7866
1509428513.9064340591	64043.4778	-62020.1000	0.370997	0.0000	7885
1509428514.0112290382	64043.8774	-62019.9459	0.370442	0.0000	8059
1509428514.1161339283	64044.2907	-62019.7869	0.369766	0.0000	8029
1509428514.2209610939	64044.6532	-62019.6476	0.369200	0.0000	8230
1509428514.3258159161	64045.0818	-62019.4831	0.368755	0.0000	8132
1509428514.4306409359	64045.4440	-62019.3441	0.368446	0.0000	8392
1509428514.5355010033	64045.8341	-62019.1944	0.368130	0.0000	8527
1509428514.6403889656	64046.2534	-62019.0336	0.367667	0.0000	8624
1509428514.7451689243	64046.6341	-62018.8879	0.367048	0.0000	7996
1509428514.8499500751	64047.0647	-62018.7235	0.366525	0.0000	7862
1509428514.9549129009	64047.4333	-62018.5830	0.366126	0.0000	8420
1509428515.0596659184	64047.8482	-62018.4248	0.365662	0.0000	8485
1509428515.1645569801	64048.2299	-62018.2794	0.365152	0.0000	8136
1509428515.2693641186	64048.6550	-62018.1176	0.364628	0.0000	7997
1509428515.3742640018	64049.0673	-62017.9606	0.364244	0.0000	7821
1509428515.4790380001	64049.4427	-62017.8179	0.363941	0.0000	7745
1509428515.5838830471	64049.8276	-62017.6717	0.363541	0.0000	7725
1509428515.6885890961	64050.2566	-62017.5090	0.363062	0.0000	7684
1509428515.7935280800	64050.6322	-62017.3666	0.362645	0.0000	7661
1509428515.8984220028	64051.0579	-62017.2054	0.362146	0.0000	7658
1509428516.0032539368	64051.4377	-62017.0619	0.361536	0.0000	7665
1509428516.1080698967	64051.8566	-62016.9040	0.360900	0.0000	7699
1509428516.2128539085	64052.2379	-62016.7606	0.360333	0.0000	7951
1509428516.3177709579	64052.6601	-62016.6020	0.359879	0.0000	7954
1509428516.4226269722	64053.0397	-62016.4595	0.359529	0.0000	8067
1509428516.5274820328	64053.4647	-62016.3001	0.359181	0.0000	7983
1509428516.6323668957	64053.8397	-62016.1596	0.358809	0.0000	8038
1509428516.7371261120	64054.2219	-62016.0165	0.358389	0.0000	8541
1509428516.8419599533	64054.6610	-62015.8521	0.358059	0.0000	8137
1509428516.9468400478	64055.0267	-62015.7153	0.357929	0.0000	7612
1509428517.0516140461	64055.4451	-62015.5589	0.357914	0.0000	8190
1509428517.1564919949	64055.8635	-62015.4025	0.357887	0.0000	8236
1509428517.2614419460	64056.2420	-62015.2611	0.357748	0.0000	8041
1509428517.3661940098	64056.6267	-62015.1174	0.357575	0.0000	7878
1509428517.4711310863	64057.0609	-62014.9551	0.357602	0.0000	7699
1509428517.5759439468	64057.4285	-62014.8174	0.357812	0.0000	7650
1509428517.6807839870	64057.8310	-62014.6665	0.357975	0.0000	7646
1509428517.7855710983	64058.2139	-62014.5228	0.358193	0.0000	7589
1509428517.8903279305	64058.6385	-62014.3634	0.358504	0.0000	7632
1509428517.9951109886	64059.0237	-62014.2186	0.358793	0.0000	7612
1509428518.1001009941	64059.4433	-62014.0607	0.359084	0.0000	7684
1509428518.2049570084	64059.8210	-62013.9184	0.359543	0.0000	7708
1509428518.3098120689	64060.2399	-62013.7606	0.359991	0.0000	7729
1509428518.4145720005	64060.6231	-62013.6160	0.360348	0.0000	7964
1509428518.5194718838	64061.0441	-62013.4572	0.360816	0.0000	8206
1509428518.6243569851	64061.4194	-62013.3155	0.361247	0.0000	8287
1509428518.7291250229	64061.8428	-62013.1556	0.361580	0.0000	8373
1509428518.8338499069	64062.2625	-62012.9972	0.361909	0.0000	8456
1509428518.9387779236	64062.6247	-62012.8605	0.362052	0.0000	8514
1509428519.0435481071	64063.0107	-62012.7148	0.362043	0.0000	8021
1509428519.1484589577	64063.4295	-62012.5567	0.361988	0.0000	8058
1509428519.2532880306	64063.8046	-62012.4150	0.362020	0.0000	8582
1509428519.3581418991	64064.2196	-62012.2581	0.362081	0.0000	8512
1509428519.4629828930	64064.5984	-62012.1151	0.361914	0.0000	8337
1509428519.5678839684	64065.0174	-62011.9572	0.361470	0.0000	8130
1509428519.6726210117	64065.3935	-62011.8159	0.361115	0.0000	7916
1509428519.7775280476	64065.8108	-62011.6590	0.361113	0.0000	7937
1509428519.8822579384	64066.1734	-62011.5225	0.361198	0.0000	7951
1509428519.9872009754	64066.6013	-62011.3610	0.361307	0.0000	7890
1509428520.0920379162	64066.9851	-62011.2160	0.361483	0.0000	7859
1509428520.1969010830	64067.3960	-62011.0608	0.361597	0.0000	7871
1509428520.3018000126	64067.7734	-62010.9184	0.361628	0.0000	7855
1509428520.4065220356	64068.1511	-62010.7760	0.361590	0.0000	7852
1509428520.5114030838	64068.5648	-62010.6200	0.361468	0.0000	7880
1509428520.6162469387	64068.9570	-62010.4721	0.361242	0.0000	7948
1509428520.7210121155	64069.3758	-62010.3142	0.360917	0.0000	8193
1509428520.8259201050	64069.7725	-62010.1646	0.360694	0.0000	8070
1509428520.9308009148	64070.1492	-62010.0226	0.360449	0.0000	8306
1509428521.0356199741	64070.5658	-62009.8656	0.360081	0.0000	8341
1509428521.1404600143	64070.9447	-62009.7230	0.359743	0.0000	8145
1509428521.2453119755	64071.3572	-62009.5678	0.359548	0.0000	7424
1509428521.3500440121	64071.7193	-62009.4314	0.359545	0.0000	7933
1509428521.4549500942	64072.1075	-62009.2851	0.359705	0.0000	8192
1509428521.5597870350	64072.5223	-62009.1285	0.360022	0.0000	7960
1509428521.6646080017	64072.8975	-62008.9866	0.360408	0.0000	7476
1509428521.7695450783	64073.3032	-62008.8331	0.360846	0.0000	7520
1509428521.8743739128	64073.6795	-62008.6906	0.361191	0.0000	7435
1509428521.9791619778	64074.0971	-62008.5324	0.361368	0.0000	7262
1509428522.0839810371	64074.4684	-62008.3917	0.361523	0.0000	7185
1509428522.1887400150	64074.8891	-62008.2322	0.361774	0.0000	7052
1509428522.2936639786	64075.2629	-62008.0902	0.362152	0.0000	6880
1509428522.3985450268	64075.6807	-62007.9312	0.362595	0.0000	6862
1509428522.5033469200	64076.0535	-62007.7893	0.362997	0.0000	6803
1509428522.6081678867	64076.4741	-62007.6292	0.363354	0.0000	6847
1509428522.7130351067	64076.8495	-62007.4863	0.363572	0.0000	6864
1509428522.8179008961	64077.2735	-62007.3250	0.363538	0.0000	6953
1509428522.9227180481	64077.6513	-62007.1815	0.363339	0.0000	7196
1509428523.0275928974	64078.0734	-62007.0214	0.363019	0.0000	7120
1509428523.1323649883	64078.4533	-62006.8776	0.362557	0.0000	6759
1509428523.2372450829	64078.8802	-62006.7162	0.362098	0.0000	7207
1509428523.3420269489	64079.2490	-62006.5772	0.361715	0.0000	6954
1509428523.4469110966	64079.6483	-62006.4268	0.361405	0.0000	6728
1509428523.5519230366	64080.0728	-62006.2671	0.361208	0.0000	7095
1509428523.6567869186	64080.4609	-62006.1213	0.361103	0.0000	6900
1509428523.7614350319	64080.9094	-62005.9525	0.361186	0.0000	6975
1509428523.8662769794	64081.3294	-62005.7947	0.361261	0.0000	6885
1509428523.9711270332	64081.7017	-62005.6546	0.361256	0.0000	6781
1509428524.0759909153	64082.1069	-62005.5021	0.361328	0.0000	6538
1509428524.1807849407	64082.5413	-62005.3385	0.361479	0.0000	6490
1509428524.2856509686	64082.9370	-62005.1894	0.361741	0.0000	6432
1509428524.3903930187	64083.3916	-62005.0178	0.362027	0.0000	6412
1509428524.4953179359	64083.7783	-62004.8717	0.362358	0.0000	6424
1509428524.6003251076	64084.2132	-62004.7072	0.362787	0.0000	6311
1509428524.7050099373	64084.6065	-62004.5585	0.363004	0.0000	6434
1509428524.8099379539	64085.0464	-62004.3920	0.363202	0.0000	6410
1509428524.9146959782	64085.4487	-62004.2399	0.363518	0.0000	6261
1509428525.0195219517	64085.8914	-62004.0723	0.363780	0.0000	6504
1509428525.1243660450	64086.2941	-62003.9196	0.364085	0.0000	6845
1509428525.2292020321	64086.7387	-62003.7506	0.364469	0.0000	6843
1509428525.3340508938	64087.1379	-62003.5987	0.364893	0.0000	6316
1509428525.4388980865	64087.5845	-62003.4285	0.365360	0.0000	6579
1509428525.5437309742	64087.9804	-62003.2775	0.365725	0.0000	6230
1509428525.6485900879	64088.4295	-62003.1059	0.366118	0.0000	6741
1509428525.7534480095	64088.8261	-62002.9544	0.366626	0.0000	7013
1509428525.8582980633	64089.2683	-62002.7849	0.367164	0.0000	6745
1509428525.9630770683	64089.6704	-62002.6306	0.367768	0.0000	6748
1509428526.0679340363	64090.1072	-62002.4626	0.368437	0.0000	6643
1509428526.1727790833	64090.5058	-62002.3091	0.369012	0.0000	6378
1509428526.2776050568	64090.9399	-62002.1418	0.369460	0.0000	6396
1509428526.3824911118	64091.3362	-62001.9892	0.369885	0.0000	6339
1509428526.4873480797	64091.7870	-62001.8152	0.370200	0.0000	6383
1509428526.5921239853	64092.1771	-62001.6651	0.370342	0.0000	6349
1509428526.6969769001	64092.5809	-62001.5094	0.370625	0.0000	6448
1509428526.8017311096	64092.9866	-62001.3527	0.371048	0.0000	6475
1509428526.9066529274	64093.3874	-62001.1975	0.371478	0.0000	6701
1509428527.0114679337	64093.8222	-62001.0287	0.371811	0.0000	6684
1509428527.1163361073	64094.2552	-62000.8606	0.372008	0.0000	6829
1509428527.2210791111	64094.6494	-62000.7075	0.372085	0.0000	7000
1509428527.3259999752	64095.0787	-62000.5406	0.372205	0.0000	7061
1509428527.4307789803	64095.4548	-62000.3940	0.372545	0.0000	7652
1509428527.5356929302	64095.8949	-62000.2222	0.372993	0.0000	7314
1509428527.6404969692	64096.2717	-62000.0749	0.373326	0.0000	7223
1509428527.7453989983	64096.6764	-61999.9167	0.373407	0.0000	7118
1509428527.8501429558	64097.1077	-61999.7481	0.373274	0.0000	7549
1509428527.9550709724	64097.4963	-61999.5963	0.373081	0.0000	7892
1509428528.0599200726	64097.9259	-61999.4289	0.372773	0.0000	7805
1509428528.1648859978	64098.3773	-61999.2535	0.371999	0.0000	7530
1509428528.2699420452	64098.7368	-61999.1143	0.371057	0.0000	7358
1509428528.3744509220	64099.1326	-61998.9612	0.370208	0.0000	7345
1509428528.4793200493	64099.5635	-61998.7948	0.369533	0.0000	7349
1509428528.5840780735	64099.9478	-61998.6469	0.368835	0.0000	7359
1509428528.6889109612	64100.3774	-61998.4816	0.368192	0.0000	7312
1509428528.7939751148	64100.8058	-61998.3167	0.367817	0.0000	7260
1509428528.8986139297	64101.1936	-61998.1674	0.367712	0.0000	7393
1509428529.0034790039	64101.6296	-61997.9992	0.367794	0.0000	7438
1509428529.1083250046	64101.9723	-61997.8670	0.367859	0.0000	7515
1509428529.2131490707	64102.4010	-61997.7016	0.367696	0.0000	7397
1509428529.3180000782	64102.7710	-61997.5588	0.367757	0.0000	7334
1509428529.4228479862	64103.1787	-61997.4011	0.368247	0.0000	7672
1509428529.5277299881	64103.6052	-61997.2356	0.368710	0.0000	7887
1509428529.6325209141	64104.0206	-61997.0746	0.368883	0.0000	8414
1509428529.7378249168	64104.3844	-61996.9336	0.368921	0.0000	8282
1509428529.8421220779	64104.8142	-61996.7671	0.369065	0.0000	7516
1509428529.9470179081	64105.1635	-61996.6319	0.369353	0.0000	7830
1509428530.0518290997	64105.6022	-61996.4622	0.369658	0.0000	8320
1509428530.1567170620	64105.9494	-61996.3282	0.369757	0.0000	8365
1509428530.2616119385	64106.3958	-61996.1559	0.369688	0.0000	7952
1509428530.3663749695	64106.7445	-61996.0216	0.369743	0.0000	7799
1509428530.4712040424	64107.0855	-61995.8898	0.369968	0.0000	7838
1509428530.5760850906	64107.4953	-61995.7315	0.370044	0.0000	7724
1509428530.6808660030	64107.8915	-61995.5784	0.369958	0.0000	7643
1509428530.7857089043	64108.3103	-61995.4168	0.369845	0.0000	7600
1509428530.8905611038	64108.6983	-61995.2674	0.369746	0.0000	7542
1509428530.9953629971	64109.1112	-61995.1089	0.369557	0.0000	7624
1509428531.1009860039	64109.4837	-61994.9658	0.369481	0.0000	7588
1509428531.2051188946	64109.9119	-61994.8012	0.369509	0.0000	7742
1509428531.3099939823	64110.2232	-61994.6814	0.369604	0.0000	7753
1509428531.4147830009	64110.6565	-61994.5143	0.369796	0.0000	7739
1509428531.5198121071	64111.0646	-61994.3566	0.370011	0.0000	7705
1509428531.6244750023	64111.4063	-61994.2244	0.370186	0.0000	7927
1509428531.7293488979	64111.7818	-61994.0789	0.370351	0.0000	8306
1509428531.8341550827	64112.2023	-61993.9160	0.370400	0.0000	8689
1509428531.9389829636	64112.5529	-61993.7802	0.370360	0.0000	8285
1509428532.0438559055	64112.9546	-61993.6246	0.370394	0.0000	7705
1509428532.1486599445	64113.3101	-61993.4867	0.370597	0.0000	8338
1509428532.2535359859	64113.7244	-61993.3256	0.371020	0.0000	8552
1509428532.3583641052	64114.0674	-61993.1920	0.371272	0.0000	8207
1509428532.4631299973	64114.4491	-61993.0430	0.371416	0.0000	8042
1509428532.5680530071	64114.8162	-61992.8997	0.371523	0.0000	7993
1509428532.6728670597	64115.2530	-61992.7292	0.371426	0.0000	7998
1509428532.7777149677	64115.5737	-61992.6042	0.371015	0.0000	7941
1509428532.8825969696	64115.9463	-61992.4594	0.370322	0.0000	7843
1509428532.9873819351	64116.3646	-61992.2973	0.369669	0.0000	7749
1509428533.0922329426	64116.7500	-61992.1482	0.369247	0.0000	7669
1509428533.1971049309	64117.1097	-61992.0088	0.369109	0.0000	7792
1509428533.3018999100	64117.5197	-61991.8501	0.368953	0.0000	7839
1509428533.4067840576	64117.8607	-61991.7183	0.368823	0.0000	7971
1509428533.5115470886	64118.2553	-61991.5658	0.368756	0.0000	8038
1509428533.6165249348	64118.6021	-61991.4316	0.368743	0.0000	8108
1509428533.7212049961	64119.0005	-61991.2773	0.368755	0.0000	8027
1509428533.8261768818	64119.3980	-61991.1235	0.368782	0.0000	8020
1509428533.9309840202	64119.7206	-61990.9986	0.368915	0.0000	8443
1509428534.0358049870	64120.1373	-61990.8375	0.369152	0.0000	8790
1509428534.1407020092	64120.4643	-61990.7111	0.369317	0.0000	8199
1509428534.2454819679	64120.8567	-61990.5596	0.369404	0.0000	8061
1509428534.3503899574	64121.1958	-61990.4289	0.369405	0.0000	8648
1509428534.4551630020	64121.6110	-61990.2688	0.369325	0.0000	8552
1509428534.5600130558	64121.9590	-61990.1349	0.369308	0.0000	8286
1509428534.6648349762	64122.3528	-61989.9830	0.369435	0.0000	8112
1509428534.7696340084	64122.6784	-61989.8577	0.369499	0.0000	8191
1509428534.8745260239	64123.0278	-61989.7234	0.369401	0.0000	8121
1509428534.9794120789	64123.4164	-61989.5743	0.369290	0.0000	7996
1509428535.0842809677	64123.7729	-61989.4376	0.369180	0.0000	7815
1509428535.1890470982	64124.1537	-61989.2913	0.369115	0.0000	7732
1509428535.2938530445	64124.5049	-61989.1563	0.369196	0.0000	7793
1509428535.3987250328	64124.8940	-61989.0063	0.369277	0.0000	7765
1509428535.5036020279	64125.2657	-61988.8628	0.369259	0.0000	7946
1509428535.6083929539	64125.6341	-61988.7207	0.369317	0.0000	7944
1509428535.7132370472	64125.9733	-61988.5899	0.369412	0.0000	8054
1509428535.8180999756	64126.3324	-61988.4515	0.369274	0.0000	7930
1509428535.9229099751	64126.6682	-61988.3222	0.369208	0.0000	7900
1509428536.0277669430	64127.0552	-61988.1733	0.369261	0.0000	7944
1509428536.1326169968	64127.4168	-61988.0341	0.369286	0.0000	8384
1509428536.2374770641	64127.7483	-61987.9070	0.369241	0.0000	8783
1509428536.3422739506	64128.0738	-61987.7825	0.369172	0.0000	7875
1509428536.4471418858	64128.4066	-61987.6551	0.369101	0.0000	8297
1509428536.5519719124	64128.8179	-61987.4973	0.369051	0.0000	8667
1509428536.6568698883	64129.1047	-61987.3877	0.368898	0.0000	8463
1509428536.7616391182	64129.4874	-61987.2410	0.368768	0.0000	8328
1509428536.8664600849	64129.7892	-61987.1255	0.368581	0.0000	8313
1509428536.9713270664	64130.1528	-61986.9858	0.368191	0.0000	8196
1509428537.0761640072	64130.4999	-61986.8525	0.367663	0.0000	8089
1509428537.1811130047	64130.8061	-61986.7348	0.367267	0.0000	8122
1509428537.2860019207	64131.1703	-61986.5948	0.367049	0.0000	8107
1509428537.3906769753	64131.4773	-61986.4767	0.366995	0.0000	7994
1509428537.4956281185	64131.8382	-61986.3378	0.366758	0.0000	8028
1509428537.6003921032	64132.1400	-61986.2217	0.366317	0.0000	7993
1509428537.7052869797	64132.4650	-61986.0966	0.365934	0.0000	8251
1509428537.8099930286	64132.8148	-61985.9622	0.365467	0.0000	8329
1509428537.9148800373	64133.1279	-61985.8421	0.364812	0.0000	8297
1509428538.0196530819	64133.4691	-61985.7115	0.364268	0.0000	8243
1509428538.1245601177	64133.7749	-61985.5946	0.363974	0.0000	8329
1509428538.2293729782	64134.1168	-61985.4640	0.363703	0.0000	8293
1509428538.3342490196	64134.4468	-61985.3382	0.363366	0.0000	8805
1509428538.4391999245	64134.7346	-61985.2288	0.362991	0.0000	8712
1509428538.5440130234	64135.0484	-61985.1097	0.362634	0.0000	8016
1509428538.6488571167	64135.3874	-61984.9813	0.362232	0.0000	8582
1509428538.7536380291	64135.6841	-61984.8690	0.361965	0.0000	8772
1509428538.8583650589	64136.0063	-61984.7470	0.361852	0.0000	8704
1509428538.9633879662	64136.3002	-61984.6357	0.361849	0.0000	8644
1509428539.0681810379	64136.6284	-61984.5113	0.361976	0.0000	8607
1509428539.1729979515	64136.9169	-61984.4018	0.362035	0.0000	8387
1509428539.2778320312	64137.2370	-61984.2804	0.361915	0.0000	8283
1509428539.3826770782	64137.5179	-61984.1739	0.361735	0.0000	8206
1509428539.4875290394	64137.8339	-61984.0543	0.361602	0.0000	8273
1509428539.5923418999	64138.1164	-61983.9474	0.361507	0.0000	8172
1509428539.6972019672	64138.4232	-61983.8313	0.361429	0.0000	8225
1509428539.8020460606	64138.7070	-61983.7239	0.361395	0.0000	8386
1509428539.9068369865	64139.0145	-61983.6074	0.361482	0.0000	8536
1509428540.0117230415	64139.2829	-61983.5056	0.361575	0.0000	8553
1509428540.1165449619	64139.5983	-61983.3861	0.361684	0.0000	8547
1509428540.2213680744	64139.9032	-61983.2705	0.361882	0.0000	8698
1509428540.3262670040	64140.1649	-61983.1712	0.362064	0.0000	8787
1509428540.4310770035	64140.4441	-61983.0653	0.362213	0.0000	8999
1509428540.5359029770	64140.7418	-61982.9525	0.362199	0.0000	9313
1509428540.6407420635	64140.9982	-61982.8556	0.362175	0.0000	8751
1509428540.7455921173	64141.3016	-61982.7412	0.362134	0.0000	8615
1509428540.8504450321	64141.5547	-61982.6458	0.362030	0.0000	9018
1509428540.9552619457	64141.8549	-61982.5328	0.361958	0.0000	9044
1509428541.0601220131	64142.1104	-61982.4367	0.361834	0.0000	8898
1509428541.1649711132	64142.4081	-61982.3247	0.361714	0.0000	8693
1509428541.2697019577	64142.6542	-61982.2319	0.361681	0.0000	8839
1509428541.3746969700	64142.9472	-61982.1213	0.361611	0.0000	8548
1509428541.4794139862	64143.1982	-61982.0265	0.361679	0.0000	8473
1509428541.5843179226	64143.4660	-61981.9252	0.361799	0.0000	8412
1509428541.6890780926	64143.7484	-61981.8181	0.361832	0.0000	8400
1509428541.7939651012	64144.0044	-61981.7209	0.361866	0.0000	8350
1509428541.8988869190	64144.2790	-61981.6166	0.361976	0.0000	8303
1509428542.0036981106	64144.5570	-61981.5110	0.362116	0.0000	8396
1509428542.1084899902	64144.7931	-61981.4215	0.362158	0.0000	8586
1509428542.2133560181	64145.0805	-61981.3127	0.362069	0.0000	8473
1509428542.3183391094	64145.3232	-61981.2209	0.361976	0.0000	8453
1509428542.4230489731	64145.5842	-61981.1223	0.361900	0.0000	8645
1509428542.5279951096	64145.8605	-61981.0179	0.361946	0.0000	8517
1509428542.6327140331	64146.1074	-61980.9247	0.361964	0.0000	8981
1509428542.7375650406	64146.3757	-61980.8234	0.361815	0.0000	8977
1509428542.8423769474	64146.6157	-61980.7327	0.361876	0.0000	8343
1509428542.9472830296	64146.8840	-61980.6312	0.362136	0.0000	8606
1509428543.0520780087	64147.1136	-61980.5443	0.362208	0.0000	9003
1509428543.1569349766	64147.3822	-61980.4428	0.362185	0.0000	8745
1509428543.2617750168	64147.6199	-61980.3531	0.362158	0.0000	8586
1509428543.3666229248	64147.8797	-61980.2551	0.362204	0.0000	8739
1509428543.4714500904	64148.0976	-61980.1729	0.362178	0.0000	8497
1509428543.5763039589	64148.3611	-61980.0736	0.362044	0.0000	8274
1509428543.6810960770	64148.5915	-61979.9867	0.361977	0.0000	8322
1509428543.7859690189	64148.8459	-61979.8908	0.361917	0.0000	8236
1509428543.8908209801	64149.0745	-61979.8047	0.361887	0.0000	8136
1509428543.9956760406	64149.3240	-61979.7109	0.361846	0.0000	8273
1509428544.1005589962	64149.5499	-61979.6259	0.361884	0.0000	8252
1509428544.2053198814	64149.8073	-61979.5291	0.361909	0.0000	8382
1509428544.3102390766	64150.0237	-61979.4477	0.361927	0.0000	8496
1509428544.4149980545	64150.2843	-61979.3496	0.361915	0.0000	8525
1509428544.5197370052	64150.5094	-61979.2649	0.361814	0.0000	8665
1509428544.6247100830	64150.7564	-61979.1720	0.361657	0.0000	8693
1509428544.7293999195	64151.0242	-61979.0714	0.361604	0.0000	8736
1509428544.8343789577	64151.2946	-61978.9697	0.361576	0.0000	8980
1509428544.9391329288	64151.5288	-61978.8817	0.361570	0.0000	8772
1509428545.0440258980	64151.8120	-61978.7752	0.361599	0.0000	8181
1509428545.1488320827	64152.0508	-61978.6853	0.361636	0.0000	8716
1509428545.2537200451	64152.3134	-61978.5864	0.361695	0.0000	8604
1509428545.3584349155	64152.5947	-61978.4803	0.361842	0.0000	8682
1509428545.4633960724	64152.8511	-61978.3834	0.362007	0.0000	8647
1509428545.5683059692	64153.1344	-61978.2763	0.362046	0.0000	8596
1509428545.6730790138	64153.3951	-61978.1776	0.362157	0.0000	8465
1509428545.7779519558	64153.6842	-61978.0681	0.362392	0.0000	8506
1509428545.8827540874	64153.9489	-61977.9678	0.362491	0.0000	8429
1509428545.9876070023	64154.2448	-61977.8557	0.362424	0.0000	8420
1509428546.0924348831	64154.5116	-61977.7546	0.362366	0.0000	8309
1509428546.1973249912	64154.8073	-61977.6424	0.362504	0.0000	8341
1509428546.3021209240	64155.0736	-61977.5411	0.362729	0.0000	8360
1509428546.4069519043	64155.3758	-61977.4260	0.362997	0.0000	8674
1509428546.5118770599	64155.6505	-61977.3212	0.363375	0.0000	8696
1509428546.6167049408	64155.9550	-61977.2050	0.363698	0.0000	8736
1509428546.7214860916	64156.2334	-61977.0988	0.363902	0.0000	8827
1509428546.8263669014	64156.5429	-61976.9808	0.364112	0.0000	8748
1509428546.9311800003	64156.8245	-61976.8736	0.364381	0.0000	9048
1509428547.0360200405	64157.1352	-61976.7555	0.364403	0.0000	9353
1509428547.1408390999	64157.4070	-61976.6524	0.364366	0.0000	8746
1509428547.2457098961	64157.7369	-61976.5272	0.364522	0.0000	8702
1509428547.3505599499	64158.0249	-61976.4179	0.364568	0.0000	9107
1509428547.4553699493	64158.3456	-61976.2962	0.364522	0.0000	9355
1509428547.5601620674	64158.6194	-61976.1924	0.364579	0.0000	9258
1509428547.6650629044	64158.9494	-61976.0671	0.364638	0.0000	9112
1509428547.7698080540	64159.2342	-61975.9591	0.364605	0.0000	9003
1509428547.8747498989	64159.5672	-61975.8325	0.364667	0.0000	8860
1509428547.9794700146	64159.8644	-61975.7193	0.364960	0.0000	8787
1509428548.0844399929	64160.1877	-61975.5960	0.365222	0.0000	8720
1509428548.1892271042	64160.4742	-61975.4864	0.365381	0.0000	8744
1509428548.2941501141	64160.8130	-61975.3568	0.365573	0.0000	8687
1509428548.3989040852	64161.1051	-61975.2449	0.365868	0.0000	8753
1509428548.5037770271	64161.4492	-61975.1130	0.366119	0.0000	8815
1509428548.6086969376	64161.7415	-61975.0006	0.366361	0.0000	9026
1509428548.7134380341	64162.0804	-61974.8702	0.366658	0.0000	9182
1509428548.8182051182	64162.3785	-61974.7555	0.366986	0.0000	9040
1509428548.9231100082	64162.7299	-61974.6203	0.367279	0.0000	9240
1509428549.0279150009	64163.0263	-61974.5064	0.367441	0.0000	9153
1509428549.1328198910	64163.3493	-61974.3824	0.367592	0.0000	9448
1509428549.2376871109	64163.6939	-61974.2502	0.367798	0.0000	9649
1509428549.3425199986	64164.0062	-61974.1303	0.367967	0.0000	8926
1509428549.4473509789	64164.3527	-61973.9971	0.368072	0.0000	9098
1509428549.5521850586	64164.6688	-61973.8757	0.368283	0.0000	9617
1509428549.6570780277	64165.0169	-61973.7416	0.368570	0.0000	9558
1509428549.7618649006	64165.3316	-61973.6202	0.368800	0.0000	9535
1509428549.8667020798	64165.6776	-61973.4866	0.368952	0.0000	9345
1509428549.9715330601	64165.9867	-61973.3672	0.368999	0.0000	9285
1509428550.0763719082	64166.3301	-61973.2344	0.369060	0.0000	9217
1509428550.1812460423	64166.6389	-61973.1148	0.369320	0.0000	9061
1509428550.2860460281	64166.9857	-61972.9803	0.369604	0.0000	9086
1509428550.3909039497	64167.2913	-61972.8616	0.369928	0.0000	9050
1509428550.4957499504	64167.6299	-61972.7299	0.370316	0.0000	8927
1509428550.6005609035	64167.9243	-61972.6153	0.370634	0.0000	8997
1509428550.7054319382	64168.2807	-61972.4767	0.370850	0.0000	9163
1509428550.8101809025	64168.5798	-61972.3603	0.371052	0.0000	9316
1509428550.9150829315	64168.9268	-61972.2254	0.371279	0.0000	9430
1509428551.0198419094	64169.2180	-61972.1124	0.371330	0.0000	9433
1509428551.1247880459	64169.5674	-61971.9770	0.371255	0.0000	9532
1509428551.2297089100	64169.8622	-61971.8628	0.371290	0.0000	9504
1509428551.3344678879	64170.1764	-61971.7410	0.371411	0.0000	9681
1509428551.4392189980	64170.5130	-61971.6104	0.371479	0.0000	9873
1509428551.5441179276	64170.8508	-61971.4793	0.371510	0.0000	9205
1509428551.6490919590	64171.1358	-61971.3686	0.371603	0.0000	9337
1509428551.7538340092	64171.4810	-61971.2345	0.371715	0.0000	9734
1509428551.8586430550	64171.7689	-61971.1227	0.371860	0.0000	9729
1509428551.9635119438	64172.1128	-61970.9891	0.371989	0.0000	9672
1509428552.0684640408	64172.4014	-61970.8767	0.372095	0.0000	9589
1509428552.1732060909	64172.7396	-61970.7450	0.372148	0.0000	9444
1509428552.2779068947	64173.0296	-61970.6319	0.372117	0.0000	9310
1509428552.3828699589	64173.3379	-61970.5118	0.372238	0.0000	9218
1509428552.4876830578	64173.6699	-61970.3824	0.372465	0.0000	9119
1509428552.5926089287	64173.9672	-61970.2665	0.372564	0.0000	9084
1509428552.6974520683	64174.2941	-61970.1391	0.372675	0.0000	9103
1509428552.8022429943	64174.6241	-61970.0104	0.372895	0.0000	9154
1509428552.9070749283	64174.9114	-61969.8983	0.373122	0.0000	9408
1509428553.0119180679	64175.2171	-61969.7792	0.373140	0.0000	9527
1509428553.1167631149	64175.5449	-61969.6515	0.373057	0.0000	9582
1509428553.2216439247	64175.8413	-61969.5364	0.373010	0.0000	9754
1509428553.3264369965	64176.1691	-61969.4089	0.372859	0.0000	9778
1509428553.4312748909	64176.4643	-61969.2941	0.372744	0.0000	9778
1509428553.5361270905	64176.7903	-61969.1673	0.372810	0.0000	9984
1509428553.6409490108	64177.0719	-61969.0574	0.373021	0.0000	10291
1509428553.7457399368	64177.4053	-61968.9271	0.373384	0.0000	9568
1509428553.8506560326	64177.7028	-61968.8107	0.373705	0.0000	9677
1509428553.9555919170	64178.0302	-61968.6823	0.373840	0.0000	10164
1509428554.0603120327	64178.3086	-61968.5730	0.373906	0.0000	10201
1509428554.1651780605	64178.6454	-61968.4407	0.374051	0.0000	10108
1509428554.2699790001	64178.9269	-61968.3303	0.374211	0.0000	9965
1509428554.3748450279	64179.2607	-61968.1993	0.374280	0.0000	9829
1509428554.4796710014	64179.5408	-61968.0894	0.374305	0.0000	9679
1509428554.5845201015	64179.8759	-61967.9579	0.374379	0.0000	9547
1509428554.6893630028	64180.1568	-61967.8477	0.374501	0.0000	9528
1509428554.7941200733	64180.4623	-61967.7277	0.374630	0.0000	9505
1509428554.8991360664	64180.7878	-61967.5997	0.374857	0.0000	9487
1509428555.0039119720	64181.1085	-61967.4736	0.375062	0.0000	9562
1509428555.1087698936	64181.3885	-61967.3635	0.375136	0.0000	9652
1509428555.2135539055	64181.7238	-61967.2317	0.375133	0.0000	9718
1509428555.3183109760	64182.0007	-61967.1229	0.375181	0.0000	9864
1509428555.4232890606	64182.3363	-61966.9906	0.375418	0.0000	9894
1509428555.5280089378	64182.6183	-61966.8793	0.375827	0.0000	9936
1509428555.6330170631	64182.9496	-61966.7486	0.376090	0.0000	10002
1509428555.7377400398	64183.2347	-61966.6361	0.376261	0.0000	10055
1509428555.8426148891	64183.5365	-61966.5169	0.376544	0.0000	10130
1509428555.9474170208	64183.8525	-61966.3916	0.376785	0.0000	9403
1509428556.0522890091	64184.1438	-61966.2759	0.376878	0.0000	9795
1509428556.1573069096	64184.4645	-61966.1485	0.377130	0.0000	10243
1509428556.2620139122	64184.7566	-61966.0323	0.377610	0.0000	10388
1509428556.3669099808	64185.0859	-61965.9013	0.377973	0.0000	10319
1509428556.4716420174	64185.3563	-61965.7937	0.378138	0.0000	10323
1509428556.5765008926	64185.6910	-61965.6605	0.378371	0.0000	10085
1509428556.6813659668	64185.9692	-61965.5499	0.378676	0.0000	10065
1509428556.7862598896	64186.2985	-61965.4192	0.378790	0.0000	9994
1509428556.8909940720	64186.5888	-61965.3042	0.378824	0.0000	9957
1509428556.9958310127	64186.9085	-61965.1775	0.378883	0.0000	10062
1509428557.1006920338	64187.1969	-61965.0635	0.378923	0.0000	9990
1509428557.2055389881	64187.5148	-61964.9380	0.378945	0.0000	9972
1509428557.3104689121	64187.7922	-61964.8285	0.378939	0.0000	10163
1509428557.4152500629	64188.1238	-61964.6976	0.378800	0.0000	10317
1509428557.5199820995	64188.4141	-61964.5832	0.378668	0.0000	10382
1509428557.6248950958	64188.7362	-61964.4561	0.378577	0.0000	10403
1509428557.7296938896	64189.0127	-61964.3470	0.378519	0.0000	10727
1509428557.8346059322	64189.3435	-61964.2164	0.378449	0.0000	10578
1509428557.9394719601	64189.6172	-61964.1084	0.378310	0.0000	10684
1509428558.0442581177	64189.9505	-61963.9768	0.378095	0.0000	10789
1509428558.1491289139	64190.2398	-61963.8625	0.377970	0.0000	10103
1509428558.2539319992	64190.5575	-61963.7370	0.377961	0.0000	10415
1509428558.3587639332	64190.8354	-61963.6273	0.377955	0.0000	10723
1509428558.4636240005	64191.1676	-61963.4960	0.377972	0.0000	10601
1509428558.5686149597	64191.4420	-61963.3877	0.378052	0.0000	10529
1509428558.6733009815	64191.7693	-61963.2582	0.378102	0.0000	10343
1509428558.7780880928	64192.0464	-61963.1486	0.378105	0.0000	10188
1509428558.8829801083	64192.3811	-61963.0160	0.378225	0.0000	10068
1509428558.9878909588	64192.6602	-61962.9053	0.378513	0.0000	9894
1509428559.0926458836	64192.9891	-61962.7747	0.378736	0.0000	9818
1509428559.1974999905	64193.2651	-61962.6649	0.378849	0.0000	9790
1509428559.3023130894	64193.5948	-61962.5339	0.379001	0.0000	9906
1509428559.4073469639	64193.8699	-61962.4244	0.379161	0.0000	9951
1509428559.5120589733	64194.1689	-61962.3053	0.379258	0.0000	9927
1509428559.6169090271	64194.4851	-61962.1791	0.379531	0.0000	10160
1509428559.7217020988	64194.7717	-61962.0645	0.379897	0.0000	10253
1509428559.8265790939	64195.0860	-61961.9386	0.380222	0.0000	10218
1509428559.9313669205	64195.3696	-61961.8249	0.380522	0.0000	10379
1509428560.0362269878	64195.6838	-61961.6990	0.380770	0.0000	10537
1509428560.1410679817	64195.9535	-61961.5908	0.380913	0.0000	10609
1509428560.2459371090	64196.2725	-61961.4630	0.381135	0.0000	10297
1509428560.3506920338	64196.5472	-61961.3529	0.381362	0.0000	9894
1509428560.4555659294	64196.8644	-61961.2258	0.381554	0.0000	10421
1509428560.5604200363	64197.1325	-61961.1184	0.381796	0.0000	10608
1509428560.6652839184	64197.4488	-61960.9914	0.382087	0.0000	10371
1509428560.7701210976	64197.7188	-61960.8829	0.382466	0.0000	10320
1509428560.8749449253	64198.0337	-61960.7561	0.382696	0.0000	10047
1509428560.9798319340	64198.3091	-61960.6451	0.382873	0.0000	9834
1509428561.0846409798	64198.6187	-61960.5204	0.383151	0.0000	9737
1509428561.1894950867	64198.8815	-61960.4145	0.383240	0.0000	9589
1509428561.2943129539	64199.1947	-61960.2884	0.383268	0.0000	9610
1509428561.3990879059	64199.4574	-61960.1826	0.383404	0.0000	9561
1509428561.5039958954	64199.7724	-61960.0555	0.383502	0.0000	9453
1509428561.6088359356	64200.0413	-61959.9469	0.383514	0.0000	9557
1509428561.7136468887	64200.3386	-61959.8266	0.383671	0.0000	9536
1509428561.8184719086	64200.5991	-61959.7208	0.384076	0.0000	9882
1509428561.9233319759	64200.8776	-61959.6074	0.384584	0.0000	9843
1509428562.0281929970	64201.1756	-61959.4859	0.385072	0.0000	10114
1509428562.1330640316	64201.4709	-61959.3653	0.385525	0.0000	10176
1509428562.2379009724	64201.7235	-61959.2619	0.385987	0.0000	10244
1509428562.3426969051	64202.0250	-61959.1383	0.386307	0.0000	10080
1509428562.4475541115	64202.2748	-61959.0358	0.386465	0.0000	9501
1509428562.5523879528	64202.5429	-61958.9257	0.386609	0.0000	9325
1509428562.6571469307	64202.8334	-61958.8064	0.386632	0.0000	10034
1509428562.7620699406	64203.0796	-61958.7052	0.386572	0.0000	10109
1509428562.8670480251	64203.3528	-61958.5932	0.386434	0.0000	9845
1509428562.9716889858	64203.6132	-61958.4865	0.386172	0.0000	9442
1509428563.0765988827	64203.9082	-61958.3661	0.385739	0.0000	9259
1509428563.1815810204	64204.1788	-61958.2559	0.385381	0.0000	9111
1509428563.2862820625	64204.4443	-61958.1481	0.385044	0.0000	9094
1509428563.3911249638	64204.7030	-61958.0434	0.384449	0.0000	9031
1509428563.4959619045	64204.9773	-61957.9327	0.383662	0.0000	8891
1509428563.6007978916	64205.2108	-61957.8387	0.382927	0.0000	8878
1509428563.7056739330	64205.4984	-61957.7234	0.382288	0.0000	8971
1509428563.8104801178	64205.7455	-61957.6245	0.381554	0.0000	9080
1509428563.9153680801	64206.0409	-61957.5066	0.380513	0.0000	9109
1509428564.0201549530	64206.2843	-61957.4099	0.379553	0.0000	9250
1509428564.1250119209	64206.5682	-61957.2975	0.378834	0.0000	9215
1509428564.2298278809	64206.8035	-61957.2046	0.378151	0.0000	9476
1509428564.3346860409	64207.0562	-61957.1050	0.377486	0.0000	9392
1509428564.4395649433	64207.3593	-61956.9855	0.377113	0.0000	9587
1509428564.5444059372	64207.6002	-61956.8909	0.376941	0.0000	9478
1509428564.6492040157	64207.8804	-61956.7807	0.376852	0.0000	8753
1509428564.7540099621	64208.1360	-61956.6803	0.376766	0.0000	9070
1509428564.8588469028	64208.4298	-61956.5647	0.376795	0.0000	9492
1509428564.9637250900	64208.6778	-61956.4674	0.376820	0.0000	9310
1509428565.0686039925	64208.9671	-61956.3537	0.376679	0.0000	8726
1509428565.1733350754	64209.2159	-61956.2561	0.376400	0.0000	8630
1509428565.2782499790	64209.4899	-61956.1486	0.375893	0.0000	8537
1509428565.3830640316	64209.7492	-61956.0472	0.375007	0.0000	8474
1509428565.4878680706	64210.0379	-61955.9345	0.374102	0.0000	8341
1509428565.5927319527	64210.3003	-61955.8324	0.373198	0.0000	8331
1509428565.6975510120	64210.6099	-61955.7121	0.372008	0.0000	8267
1509428565.8024249077	64210.8535	-61955.6182	0.370229	0.0000	8221
1509428565.9073579311	64211.1439	-61955.5067	0.368198	0.0000	8139
1509428566.0121619701	64211.4059	-61955.4067	0.366103	0.0000	8309
1509428566.1168639660	64211.7097	-61955.2912	0.363684	0.0000	8231
1509428566.2218129635	64211.9645	-61955.1952	0.360664	0.0000	8353
1509428566.3267369270	64212.2655	-61955.0824	0.356957	0.0000	8530
1509428566.4314980507	64212.5212	-61954.9876	0.352324	0.0000	8678
1509428566.5363330841	64212.8272	-61954.8754	0.347117	0.0000	8583
1509428566.6411941051	64213.0845	-61954.7824	0.341751	0.0000	8674
1509428566.7460529804	64213.3894	-61954.6741	0.335464	0.0000	8303
1509428566.8508460522	64213.6346	-61954.5892	0.327415	0.0000	7894
1509428566.9556400776	64213.9413	-61954.4858	0.318010	0.0000	8570
1509428567.0605819225	64214.1764	-61954.4094	0.307814	0.0000	8331
1509428567.1654260159	64214.4687	-61954.3174	0.295967	0.0000	7968
1509428567.2701940536	64214.7033	-61954.2469	0.282771	0.0000	7692
1509428567.3750059605	64214.9803	-61954.1673	0.268573	0.0000	7718
1509428567.4798789024	64215.2225	-61954.1013	0.254346	0.0000	7664
1509428567.5847430229	64215.5019	-61954.0290	0.239301	0.0000	7511
1509428567.6895899773	64215.7362	-61953.9721	0.223291	0.0000	7471
1509428567.7943561077	64216.0107	-61953.9099	0.207769	0.0000	7403
1509428567.8992550373	64216.2436	-61953.8612	0.192934	0.0000	7244
1509428568.0041320324	64216.5182	-61953.8081	0.177991	0.0000	7222
1509428568.1089260578	64216.7511	-61953.7673	0.162374	0.0000	7250
1509428568.2137739658	64217.0276	-61953.7230	0.147662	0.0000	7251
1509428568.3186659813	64217.2631	-61953.6891	0.133227	0.0000	7053
1509428568.4234719276	64217.5545	-61953.6512	0.118589	0.0000	7344
1509428568.5283300877	64217.7713	-61953.6270	0.102751	0.0000	7227
1509428568.6331539154	64218.0450	-61953.6004	0.085389	0.0000	7214
1509428568.7379438877	64218.2792	-61953.5821	0.066890	0.0000	7524
1509428568.8428208828	64218.5562	-61953.5654	0.047662	0.0000	7573
1509428568.9476459026	64218.7937	-61953.5561	0.027780	0.0000	6779
1509428569.0525009632	64219.0740	-61953.5505	0.006537	0.0000	7289
1509428569.1573889256	64219.3125	-61953.5512	-0.015629	0.0000	7127
1509428569.2622349262	64219.5690	-61953.5575	-0.038910	0.0000	6836
1509428569.3670709133	64219.8454	-61953.5711	-0.062846	0.0000	6589
1509428569.4718890190	64220.0898	-61953.5892	-0.088294	0.0000	6755
1509428569.5766611099	64220.3675	-61953.6169	-0.115102	0.0000	6717
1509428569.6815910339	64220.6082	-61953.6477	-0.142479	0.0000	6843
1509428569.7864019871	64220.8924	-61953.6915	-0.171582	0.0000	6665
1509428569.8912310600	64221.1571	-61953.7401	-0.201349	0.0000	6562
1509428569.9961090088	64221.4250	-61953.7982	-0.231675	0.0000	6501
1509428570.1009240150	64221.6593	-61953.8569	-0.263068	0.0000	6476
1509428570.2057490349	64221.9470	-61953.9379	-0.295148	0.0000	6611
1509428570.3106119633	64222.1621	-61954.0064	-0.325268	0.0000	6598
1509428570.4154350758	64222.4183	-61954.0954	-0.355808	0.0000	6651
1509428570.5202639103	64222.6822	-61954.1968	-0.387604	0.0000	6910
1509428570.6251308918	64222.9395	-61954.3052	-0.418322	0.0000	6882
1509428570.7299768925	64223.1614	-61954.4070	-0.447762	0.0000	6819
1509428570.8348009586	64223.4191	-61954.5345	-0.479493	0.0000	7109
1509428570.9396378994	64223.6315	-61954.6484	-0.508328	0.0000	7440
1509428571.0444760323	64223.8898	-61954.7964	-0.540130	0.0000	7058
1509428571.1493179798	64224.0699	-61954.9077	-0.567679	0.0000	7217
1509428571.2541780472	64224.2885	-61955.0493	-0.596127	0.0000	6897
1509428571.3589680195	64224.5078	-61955.2004	-0.623196	0.0000	6922
1509428571.4638900757	64224.6984	-61955.3389	-0.649679	0.0000	7233
1509428571.5688319206	64224.9020	-61955.4954	-0.675095	0.0000	7678
1509428571.6735229492	64225.0778	-61955.6374	-0.698994	0.0000	7661
1509428571.7785060406	64225.2648	-61955.7965	-0.721602	0.0000	7440
1509428571.8831729889	64225.4591	-61955.9698	-0.744253	0.0000	7359
1509428571.9878149033	64225.6058	-61956.1071	-0.763885	0.0000	7252
1509428572.0929040909	64225.7735	-61956.2698	-0.783179	0.0000	7250
1509428572.1975400448	64225.9510	-61956.4490	-0.800413	0.0000	7374
1509428572.3025600910	64226.1061	-61956.6109	-0.816137	0.0000	7244
1509428572.4074010849	64226.2668	-61956.7841	-0.830969	0.0000	7272
1509428572.5122489929	64226.4138	-61956.9472	-0.845841	0.0000	7496
1509428572.6170771122	64226.5799	-61957.1369	-0.858998	0.0000	7501
1509428572.7219710350	64226.7176	-61957.2991	-0.870607	0.0000	7329
1509428572.8267550468	64226.8821	-61957.4977	-0.883018	0.0000	7243
1509428572.9316260815	64227.0199	-61957.6695	-0.895988	0.0000	7763
1509428573.0362930298	64227.1772	-61957.8700	-0.907065	0.0000	7872
1509428573.1412498951	64227.3034	-61958.0352	-0.916177	0.0000	7747
1509428573.2462019920	64227.4554	-61958.2374	-0.924409	0.0000	7355
1509428573.3509750366	64227.5865	-61958.4158	-0.932612	0.0000	7179
1509428573.4558360577	64227.7490	-61958.6406	-0.941235	0.0000	7393
1509428573.5606420040	64227.8771	-61958.8229	-0.948871	0.0000	7588
1509428573.6654729843	64228.0334	-61959.0477	-0.954668	0.0000	7456
1509428573.7703731060	64228.1708	-61959.2478	-0.960225	0.0000	7419
1509428573.8752050400	64228.3284	-61959.4798	-0.967401	0.0000	7291
1509428573.9800341129	64228.4882	-61959.7182	-0.973093	0.0000	6700
1509428574.0848350525	64228.6154	-61959.9108	-0.975421	0.0000	6861
1509428574.1896901131	64228.7573	-61960.1266	-0.978627	0.0000	6853
1509428574.2945430279	64228.9158	-61960.3699	-0.983220	0.0000	6789
1509428574.3993580341	64229.0754	-61960.6170	-0.987192	0.0000	6667
1509428574.5042440891	64229.2153	-61960.8353	-0.989193	0.0000	6772
1509428574.6090390682	64229.3611	-61961.0636	-0.990945	0.0000	6900
1509428574.7138729095	64229.5283	-61961.3266	-0.993590	0.0000	6978
1509428574.8187379837	64229.6669	-61961.5466	-0.996362	0.0000	6841
1509428574.9235808849	64229.8339	-61961.8124	-0.998999	0.0000	6663
1509428575.0283699036	64229.9773	-61962.0416	-1.001241	0.0000	6989
1509428575.1332759857	64230.1463	-61962.3118	-1.003348	0.0000	7430
1509428575.2380089760	64230.2924	-61962.5461	-1.005189	0.0000	7046
1509428575.3429019451	64230.4639	-61962.8213	-1.006976	0.0000	6723
1509428575.4478011131	64230.6123	-61963.0603	-1.008438	0.0000	6540
1509428575.5526208878	64230.7782	-61963.3275	-1.009775	0.0000	6858
1509428575.6574509144	64230.9433	-61963.5943	-1.011038	0.0000	6902
1509428575.7623078823	64231.1137	-61963.8700	-1.012098	0.0000	7171
1509428575.8671100140	64231.2638	-61964.1130	-1.012859	0.0000	7175
1509428575.9719099998	64231.4394	-61964.3974	-1.013405	0.0000	6663
1509428576.0767509937	64231.5936	-61964.6471	-1.013830	0.0000	6397
1509428576.1816411018	64231.7527	-61964.9047	-1.014205	0.0000	6580
1509428576.2865619659	64231.9352	-61965.2000	-1.014553	0.0000	6480
1509428576.3913390636	64232.0958	-61965.4603	-1.014791	0.0000	6427
1509428576.4960720539	64232.2756	-61965.7515	-1.015049	0.0000	6319
1509428576.6009631157	64232.4312	-61966.0036	-1.015316	0.0000	6396
1509428576.7058858871	64232.6165	-61966.3036	-1.015502	0.0000	6458
1509428576.8107020855	64232.7717	-61966.5549	-1.015497	0.0000	6551
1509428576.9155330658	64232.9556	-61966.8526	-1.015494	0.0000	6593
1509428577.0203719139	64233.1119	-61967.1054	-1.015632	0.0000	6382
1509428577.1251890659	64233.2956	-61967.4027	-1.015842	0.0000	6140
1509428577.2300760746	64233.4541	-61967.6592	-1.016011	0.0000	6525
1509428577.3349270821	64233.6388	-61967.9583	-1.016093	0.0000	6728
1509428577.4397830963	64233.7932	-61968.2084	-1.016136	0.0000	6294
1509428577.5446469784	64233.9772	-61968.5062	-1.016140	0.0000	5974
1509428577.6494278908	64234.1313	-61968.7555	-1.016051	0.0000	6107
1509428577.7542440891	64234.3147	-61969.0518	-1.015954	0.0000	6308
1509428577.8591189384	64234.4647	-61969.2940	-1.015906	0.0000	6638
1509428577.9639999866	64234.6366	-61969.5711	-1.015771	0.0000	6346
1509428578.0687708855	64234.8151	-61969.8586	-1.015418	0.0000	5999
1509428578.1736099720	64234.9749	-61970.1155	-1.014843	0.0000	5719
1509428578.2784330845	64235.1493	-61970.3957	-1.014177	0.0000	5986
1509428578.3832950592	64235.3105	-61970.6543	-1.013505	0.0000	5873
1509428578.4880530834	64235.4568	-61970.8888	-1.012902	0.0000	5797
1509428578.5929610729	64235.6161	-61971.1439	-1.012337	0.0000	5752
1509428578.6977319717	64235.7924	-61971.4260	-1.011827	0.0000	5718
