0.00	-30118.27	-39923.31	0.35000	-30118.27	-39923.31	0.35000	2.557	0.00
0.00	-30118.22	-39923.31	0.34998	-30118.22	-39923.31	0.34998	3.444	0.00
0.00	-30118.18	-39923.39	-0.52858	-30118.18	-39923.39	-0.52858	2.489	0.00
0.00	-30118.18	-39923.47	-1.01545	-30118.18	-39923.47	-1.01545	2.529	0.00
0.00	-30118.19	-39923.53	-1.24431	-30118.19	-39923.53	-1.24431	2.537	0.00
0.00	-30118.18	-39923.58	-1.32027	-30118.18	-39923.58	-1.32027	2.242	0.00
0.00	-30118.18	-39923.63	-1.34590	-30118.18	-39923.63	-1.34590	2.348	0.00
0.00	-30118.17	-39923.68	-1.34745	-30118.17	-39923.68	-1.34745	2.269	0.00
0.00	-30118.16	-39923.72	-1.34173	-30118.16	-39923.72	-1.34173	2.275	0.00
0.00	-30118.15	-39923.75	-1.33868	-30118.15	-39923.75	-1.33868	2.297	0.00
0.00	-30118.14	-39923.78	-1.33419	-30118.14	-39923.78	-1.33419	2.250	0.00
0.00	-30118.13	-39923.81	-1.32996	-30118.13	-39923.81	-1.32996	2.357	0.00
0.00	-30118.12	-39923.85	-1.32997	-30118.12	-39923.85	-1.32997	2.257	0.00
0.00	-30118.11	-39923.88	-1.32330	-30118.11	-39923.88	-1.32330	2.292	0.00
0.00	-30118.10	-39923.91	-1.31833	-30118.10	-39923.91	-1.31833	2.287	0.00
0.00	-30118.09	-39923.95	-1.31353	-30118.09	-39923.95	-1.31353	2.535	0.00
0.00	-30118.08	-39923.98	-1.31028	-30118.08	-39923.98	-1.31028	2.371	0.00
0.00	-30118.07	-39924.00	-1.30815	-30118.07	-39924.00	-1.30815	2.330	0.00
0.00	-30118.06	-39924.03	-1.30597	-30118.06	-39924.03	-1.30597	2.277	0.00
0.00	-30118.05	-39924.06	-1.30361	-30118.05	-39924.06	-1.30361	2.277	0.00
0.00	-30118.05	-39924.08	-1.30173	-30118.05	-39924.08	-1.30173	2.231	0.00
0.00	-30118.04	-39924.11	-1.30010	-30118.04	-39924.11	-1.30010	2.346	0.00
0.00	-30118.03	-39924.14	-1.29865	-30118.03	-39924.14	-1.29865	2.370	0.00
0.00	-30118.02	-39924.16	-1.29711	-30118.02	-39924.16	-1.29711	2.268	0.00
0.00	-30118.02	-39924.17	-1.29625	-30118.02	-39924.17	-1.29625	2.316	0.00
0.00	-30118.01	-39924.20	-1.29546	-30118.01	-39924.20	-1.29546	2.319	0.00
0.00	-30118.00	-39924.22	-1.29464	-30118.00	-39924.22	-1.29464	2.333	0.00
0.00	-30118.00	-39924.24	-1.29407	-30118.00	-39924.24	-1.29407	2.229	0.00
0.00	-30117.99	-39924.25	-1.29316	-30117.99	-39924.25	-1.29316	2.306	0.00
0.00	-30117.99	-39924.26	-1.29253	-30117.99	-39924.26	-1.29253	2.294	0.00
0.00	-30117.99	-39924.28	-1.29171	-30117.99	-39924.28	-1.29171	2.364	0.00
0.00	-30117.98	-39924.29	-1.29132	-30117.98	-39924.29	-1.29132	2.374	0.00
0.00	-30117.98	-39924.30	-1.29064	-30117.98	-39924.30	-1.29064	2.355	0.00
0.00	-30117.97	-39924.31	-1.28997	-30117.97	-39924.31	-1.28997	2.369	0.00
0.00	-30117.97	-39924.32	-1.28935	-30117.97	-39924.32	-1.28935	2.244	0.00
0.00	-30117.97	-39924.33	-1.28875	-30117.97	-39924.33	-1.28875	2.209	0.00
0.00	-30117.97	-39924.34	-1.28817	-30117.97	-39924.34	-1.28817	2.244	0.00
0.00	-30117.96	-39924.36	-1.28761	-30117.96	-39924.36	-1.28761	2.247	0.00
0.00	-30117.96	-39924.37	-1.28696	-30117.96	-39924.37	-1.28696	2.326	0.00
0.00	-30117.95	-39924.38	-1.28649	-30117.95	-39924.38	-1.28649	2.343	0.00
0.00	-30117.95	-39924.38	-1.28623	-30117.95	-39924.38	-1.28623	2.616	0.00
0.00	-30117.95	-39924.39	-1.28586	-30117.95	-39924.39	-1.28586	2.237	0.00
0.00	-30117.95	-39924.39	-1.28586	-30117.95	-39924.39	-1.28586	2.253	0.00
0.00	-30117.95	-39924.39	-1.28586	-30117.95	-39924.39	-1.28586	2.217	0.00
0.00	-30117.95	-39924.39	-1.28586	-30117.95	-39924.39	-1.28586	2.197	0.00
0.00	-30117.95	-39924.39	-1.28586	-30117.95	-39924.39	-1.28586	2.254	0.00
0.00	-30117.95	-39924.39	-1.28586	-30117.95	-39924.39	-1.28586	2.227	0.00
0.00	-30117.95	-39924.39	-1.28586	-30117.95	-39924.39	-1.28586	2.293	0.00
0.00	-30117.95	-39924.39	-1.28586	-30117.95	-39924.39	-1.28586	2.298	0.00
0.00	-30117.95	-39924.39	-1.28586	-30117.95	-39924.39	-1.28586	2.310	0.00
0.00	-30117.95	-39924.39	-1.28586	-30117.95	-39924.39	-1.28586	2.780	0.00
0.00	-30117.95	-39924.39	-1.28586	-30117.95	-39924.39	-1.28586	2.699	0.00
0.00	-30117.95	-39924.39	-1.28586	-30117.95	-39924.39	-1.28586	2.340	0.00
0.00	-30117.95	-39924.39	-1.28586	-30117.95	-39924.39	-1.28586	2.414	0.00
0.00	-30117.95	-39924.39	-1.28586	-30117.95	-39924.39	-1.28586	2.743	0.00
0.00	-30117.95	-39924.39	-1.28586	-30117.95	-39924.39	-1.28586	2.237	0.00
0.00	-30117.95	-39924.39	-1.28586	-30117.95	-39924.39	-1.28586	2.219	0.00
0.00	-30117.95	-39924.39	-1.28586	-30117.95	-39924.39	-1.28586	2.179	0.00
0.00	-30117.95	-39924.39	-1.28586	-30117.95	-39924.39	-1.28586	2.243	0.00
0.00	-30117.95	-39924.39	-1.28586	-30117.95	-39924.39	-1.28586	2.405	0.00
0.00	-30117.95	-39924.39	-1.28586	-30117.95	-39924.39	-1.28586	2.300	0.00
0.00	-30117.95	-39924.39	-1.28586	-30117.95	-39924.39	-1.28586	2.121	0.00
0.00	-30117.95	-39924.39	-1.28586	-30117.95	-39924.39	-1.28586	2.480	0.00
0.00	-30117.95	-39924.39	-1.28586	-30117.95	-39924.39	-1.28586	2.369	0.00
0.00	-30117.95	-39924.39	-1.28586	-30117.95	-39924.39	-1.28586	2.229	0.00
0.00	-30117.95	-39924.39	-1.28586	-30117.95	-39924.39	-1.28586	2.415	0.00
0.00	-30117.95	-39924.39	-1.28586	-30117.95	-39924.39	-1.28586	2.301	0.00
0.00	-30117.95	-39924.39	-1.28586	-30117.95	-39924.39	-1.28586	2.199	0.00
0.00	-30117.95	-39924.39	-1.28586	-30117.95	-39924.39	-1.28586	2.275	0.00
0.00	-30117.95	-39924.39	-1.28586	-30117.95	-39924.39	-1.28586	2.260	0.00
0.00	-30117.95	-39924.39	-1.28586	-30117.95	-39924.39	-1.28586	2.260	0.00
0.00	-30117.95	-39924.39	-1.28586	-30117.95	-39924.39	-1.28586	2.292	0.00
0.00	-30117.95	-39924.39	-1.28586	-30117.95	-39924.39	-1.28586	2.385	0.00
0.00	-30117.95	-39924.39	-1.28586	-30117.95	-39924.39	-1.28586	2.273	0.00
0.00	-30117.95	-39924.39	-1.28586	-30117.95	-39924.39	-1.28586	2.323	0.00
0.00	-30117.95	-39924.39	-1.28586	-30117.95	-39924.39	-1.28586	2.357	0.00
0.00	-30117.95	-39924.39	-1.28586	-30117.95	-39924.39	-1.28586	2.241	0.00
0.00	-30117.95	-39924.39	-1.28574	-30117.95	-39924.39	-1.28574	2.294	0.00
0.00	-30117.93	-39924.45	-1.28557	-30117.93	-39924.45	-1.28557	2.340	0.00
0.00	-30117.93	-39924.47	-1.28517	-30117.93	-39924.47	-1.28517	2.274	0.00
0.00	-30117.92	-39924.49	-1.28481	-30117.92	-39924.49	-1.28481	2.214	0.00
0.00	-30117.92	-39924.50	-1.28442	-30117.92	-39924.50	-1.28442	2.235	0.00
0.00	-30117.91	-39924.52	-1.28405	-30117.91	-39924.52	-1.28405	2.245	0.00
0.00	-30117.91	-39924.53	-1.28396	-30117.91	-39924.53	-1.28396	2.227	0.00
0.00	-30117.90	-39924.54	-1.28361	-30117.90	-39924.54	-1.28361	2.315	0.00
0.00	-30117.90	-39924.56	-1.28313	-30117.90	-39924.56	-1.28313	3.702	0.00
0.00	-30117.89	-39924.58	-1.28273	-30117.89	-39924.58	-1.28273	2.520	0.00
0.00	-30117.88	-39924.61	-1.28237	-30117.88	-39924.61	-1.28237	2.275	0.00
0.00	-30117.88	-39924.63	-1.28199	-30117.88	-39924.63	-1.28199	2.323	0.00
0.00	-30117.87	-39924.65	-1.28170	-30117.87	-39924.65	-1.28170	2.187	0.00
0.00	-30117.87	-39924.66	-1.28130	-30117.87	-39924.66	-1.28130	2.391	0.00
0.00	-30117.86	-39924.69	-1.28088	-30117.86	-39924.69	-1.28088	2.302	0.00
0.00	-30117.85	-39924.71	-1.28052	-30117.85	-39924.71	-1.28052	2.235	0.00
0.00	-30117.85	-39924.73	-1.28016	-30117.85	-39924.73	-1.28016	2.208	0.00
0.00	-30117.84	-39924.75	-1.27986	-30117.84	-39924.75	-1.27986	2.265	0.00
0.00	-30117.83	-39924.77	-1.27959	-30117.83	-39924.77	-1.27959	2.309	0.00
0.00	-30117.83	-39924.80	-1.27934	-30117.83	-39924.80	-1.27934	2.559	0.00
0.00	-30117.82	-39924.82	-1.27911	-30117.82	-39924.82	-1.27911	2.199	0.00
0.00	-30117.81	-39924.85	-1.27880	-30117.81	-39924.85	-1.27880	2.335	0.00
0.00	-30117.80	-39924.87	-1.27852	-30117.80	-39924.87	-1.27852	2.287	0.00
0.00	-30117.79	-39924.90	-1.27825	-30117.79	-39924.90	-1.27825	2.442	0.00
0.00	-30117.79	-39924.93	-1.27799	-30117.79	-39924.93	-1.27799	2.202	0.00
0.00	-30117.78	-39924.96	-1.27775	-30117.78	-39924.96	-1.27775	2.273	0.00
0.00	-30117.77	-39924.99	-1.27752	-30117.77	-39924.99	-1.27752	2.704	0.00
0.00	-30117.76	-39925.01	-1.27733	-30117.76	-39925.01	-1.27733	2.251	0.00
0.00	-30117.75	-39925.04	-1.27722	-30117.75	-39925.04	-1.27722	2.207	0.00
0.00	-30117.74	-39925.08	-1.27706	-30117.74	-39925.08	-1.27706	2.452	0.00
0.00	-30117.73	-39925.11	-1.27689	-30117.73	-39925.11	-1.27689	2.299	0.00
0.00	-30117.72	-39925.15	-1.27666	-30117.72	-39925.15	-1.27666	2.363	0.00
0.00	-30117.71	-39925.18	-1.27643	-30117.71	-39925.18	-1.27643	2.310	0.00
0.00	-30117.70	-39925.22	-1.27628	-30117.70	-39925.22	-1.27628	2.323	0.00
0.00	-30117.68	-39925.26	-1.27620	-30117.68	-39925.26	-1.27620	2.500	0.00
0.00	-30117.67	-39925.30	-1.27615	-30117.67	-39925.30	-1.27615	2.230	0.00
0.00	-30117.66	-39925.33	-1.27620	-30117.66	-39925.33	-1.27620	2.186	0.00
0.00	-30117.65	-39925.37	-1.27627	-30117.65	-39925.37	-1.27627	2.299	0.00
0.00	-30117.64	-39925.41	-1.27631	-30117.64	-39925.41	-1.27631	2.186	0.00
0.00	-30117.63	-39925.45	-1.27635	-30117.63	-39925.45	-1.27635	2.276	0.00
0.00	-30117.62	-39925.49	-1.27642	-30117.62	-39925.49	-1.27642	2.661	0.00
0.00	-30117.60	-39925.52	-1.27652	-30117.60	-39925.52	-1.27652	2.343	0.00
0.00	-30117.59	-39925.56	-1.27668	-30117.59	-39925.56	-1.27668	2.348	0.00
0.00	-30117.58	-39925.60	-1.27697	-30117.58	-39925.60	-1.27697	2.291	0.00
0.00	-30117.57	-39925.64	-1.27728	-30117.57	-39925.64	-1.27728	2.323	0.00
0.00	-30117.56	-39925.68	-1.27751	-30117.56	-39925.68	-1.27751	2.274	0.00
0.00	-30117.54	-39925.72	-1.27777	-30117.54	-39925.72	-1.27777	2.303	0.00
0.00	-30117.53	-39925.76	-1.27800	-30117.53	-39925.76	-1.27800	2.328	0.00
0.00	-30117.52	-39925.82	-1.27837	-30117.52	-39925.82	-1.27837	4.231	0.00
0.00	-30117.50	-39925.87	-1.27867	-30117.50	-39925.87	-1.27867	2.177	0.00
0.00	-30117.49	-39925.92	-1.27902	-30117.49	-39925.92	-1.27902	2.232	0.00
0.00	-30117.47	-39925.97	-1.27928	-30117.47	-39925.97	-1.27928	2.306	0.00
0.00	-30117.46	-39926.01	-1.27965	-30117.46	-39926.01	-1.27965	2.481	0.00
0.00	-30117.45	-39926.06	-1.28003	-30117.45	-39926.06	-1.28003	2.099	0.00
0.00	-30117.43	-39926.12	-1.28047	-30117.43	-39926.12	-1.28047	2.303	0.00
0.00	-30117.41	-39926.17	-1.28090	-30117.41	-39926.17	-1.28090	2.442	0.00
0.00	-30117.40	-39926.22	-1.28134	-30117.40	-39926.22	-1.28134	2.345	0.00
0.00	-30117.39	-39926.27	-1.28175	-30117.39	-39926.27	-1.28175	2.277	0.00
0.00	-30117.37	-39926.32	-1.28211	-30117.37	-39926.32	-1.28211	2.372	0.00
0.00	-30117.36	-39926.37	-1.28235	-30117.36	-39926.37	-1.28235	2.202	0.00
0.00	-30117.34	-39926.44	-1.28263	-30117.34	-39926.44	-1.28263	2.226	0.00
0.00	-30117.32	-39926.49	-1.28289	-30117.32	-39926.49	-1.28289	2.443	0.00
0.00	-30117.30	-39926.55	-1.28314	-30117.30	-39926.55	-1.28314	2.528	0.00
0.00	-30117.29	-39926.61	-1.28346	-30117.29	-39926.61	-1.28346	2.230	0.00
0.00	-30117.27	-39926.67	-1.28370	-30117.27	-39926.67	-1.28370	2.292	0.00
0.00	-30117.25	-39926.73	-1.28396	-30117.25	-39926.73	-1.28396	2.193	0.00
0.00	-30117.23	-39926.80	-1.28420	-30117.23	-39926.80	-1.28420	2.332	0.00
0.00	-30117.21	-39926.87	-1.28435	-30117.21	-39926.87	-1.28435	2.663	0.00
0.00	-30117.19	-39926.96	-1.28444	-30117.19	-39926.96	-1.28444	2.139	0.00
0.00	-30117.16	-39927.05	-1.28452	-30117.16	-39927.05	-1.28452	2.247	0.00
0.00	-30117.13	-39927.14	-1.28457	-30117.13	-39927.14	-1.28457	2.226	0.00
0.00	-30117.11	-39927.20	-1.28470	-30117.11	-39927.20	-1.28470	2.408	0.00
0.00	-30117.09	-39927.27	-1.28487	-30117.09	-39927.27	-1.28487	2.148	0.00
0.00	-30117.07	-39927.34	-1.28501	-30117.07	-39927.34	-1.28501	2.217	0.00
0.00	-30117.04	-39927.45	-1.28513	-30117.04	-39927.45	-1.28513	2.260	0.00
0.00	-30117.01	-39927.55	-1.28512	-30117.01	-39927.55	-1.28512	2.236	0.00
0.00	-30116.99	-39927.64	-1.28508	-30116.99	-39927.64	-1.28508	2.233	0.00
0.00	-30116.96	-39927.72	-1.28500	-30116.96	-39927.72	-1.28500	2.147	0.00
0.00	-30116.94	-39927.80	-1.28494	-30116.94	-39927.80	-1.28494	2.362	0.00
0.00	-30116.91	-39927.89	-1.28494	-30116.91	-39927.89	-1.28494	2.330	0.00
0.00	-30116.89	-39927.98	-1.28492	-30116.89	-39927.98	-1.28492	2.380	0.00
0.00	-30116.86	-39928.08	-1.28487	-30116.86	-39928.08	-1.28487	2.348	0.00
0.00	-30116.83	-39928.18	-1.28480	-30116.83	-39928.18	-1.28480	2.366	0.00
0.00	-30116.78	-39928.33	-1.28462	-30116.78	-39928.33	-1.28462	2.289	0.00
0.00	-30116.77	-39928.38	-1.28445	-30116.77	-39928.38	-1.28445	2.226	0.00
0.00	-30116.73	-39928.52	-1.28420	-30116.73	-39928.52	-1.28420	2.243	0.00
0.00	-30116.71	-39928.57	-1.28404	-30116.71	-39928.57	-1.28404	2.304	0.00
0.00	-30116.68	-39928.67	-1.28392	-30116.68	-39928.67	-1.28392	2.299	0.00
0.00	-30116.64	-39928.80	-1.28381	-30116.64	-39928.80	-1.28381	2.301	0.00
0.00	-30116.61	-39928.92	-1.28373	-30116.61	-39928.92	-1.28373	2.319	0.00
0.00	-30116.55	-39929.13	-1.28362	-30116.55	-39929.13	-1.28362	2.328	0.00
0.00	-30116.54	-39929.17	-1.28357	-30116.54	-39929.17	-1.28357	2.379	0.00
0.00	-30116.53	-39929.17	-1.28355	-30116.53	-39929.17	-1.28355	2.126	0.00
0.00	-30116.50	-39929.29	-1.28353	-30116.50	-39929.29	-1.28353	2.243	0.00
0.00	-30116.46	-39929.41	-1.28354	-30116.46	-39929.41	-1.28354	2.158	0.00
0.00	-30116.43	-39929.52	-1.28352	-30116.43	-39929.52	-1.28352	2.237	0.00
0.00	-30116.40	-39929.64	-1.28344	-30116.40	-39929.64	-1.28344	2.199	0.00
0.00	-30116.36	-39929.75	-1.28335	-30116.36	-39929.75	-1.28335	2.242	0.00
0.00	-30116.33	-39929.86	-1.28325	-30116.33	-39929.86	-1.28325	2.268	0.00
0.00	-30116.30	-39929.97	-1.28311	-30116.30	-39929.97	-1.28311	2.200	0.00
0.00	-30116.27	-39930.08	-1.28296	-30116.27	-39930.08	-1.28296	2.284	0.00
0.00	-30116.23	-39930.19	-1.28285	-30116.23	-39930.19	-1.28285	2.289	0.00
0.00	-30116.20	-39930.30	-1.28279	-30116.20	-39930.30	-1.28279	2.257	0.00
0.00	-30116.17	-39930.41	-1.28278	-30116.17	-39930.41	-1.28278	2.282	0.00
0.00	-30116.13	-39930.54	-1.28275	-30116.13	-39930.54	-1.28275	2.153	0.00
0.00	-30116.09	-39930.67	-1.28268	-30116.09	-39930.67	-1.28268	2.263	0.00
0.00	-30116.04	-39930.84	-1.28259	-30116.04	-39930.84	-1.28259	2.188	0.00
0.00	-30116.01	-39930.94	-1.28249	-30116.01	-39930.94	-1.28249	2.517	0.00
0.00	-30115.99	-39931.02	-1.28238	-30115.99	-39931.02	-1.28238	2.188	0.00
0.00	-30115.95	-39931.13	-1.28226	-30115.95	-39931.13	-1.28226	2.217	0.00
0.00	-30115.92	-39931.23	-1.28211	-30115.92	-39931.23	-1.28211	2.334	0.00
0.00	-30115.89	-39931.32	-1.28191	-30115.89	-39931.32	-1.28191	2.427	0.00
0.00	-30115.87	-39931.42	-1.28173	-30115.87	-39931.42	-1.28173	2.253	0.00
0.00	-30115.84	-39931.52	-1.28154	-30115.84	-39931.52	-1.28154	2.203	0.00
0.00	-30115.80	-39931.62	-1.28130	-30115.80	-39931.62	-1.28130	2.382	0.00
0.00	-30115.77	-39931.73	-1.28103	-30115.77	-39931.73	-1.28103	2.234	0.00
0.00	-30115.73	-39931.86	-1.28074	-30115.73	-39931.86	-1.28074	2.122	0.00
0.00	-30115.70	-39931.98	-1.28042	-30115.70	-39931.98	-1.28042	2.184	0.00
0.00	-30115.66	-39932.11	-1.28018	-30115.66	-39932.11	-1.28018	2.131	0.00
0.00	-30115.63	-39932.21	-1.27998	-30115.63	-39932.21	-1.27998	2.674	0.00
0.00	-30115.60	-39932.30	-1.27984	-30115.60	-39932.30	-1.27984	2.719	0.00
0.00	-30115.57	-39932.41	-1.27980	-30115.57	-39932.41	-1.27980	2.263	0.00
0.00	-30115.54	-39932.50	-1.27978	-30115.54	-39932.50	-1.27978	2.252	0.00
0.00	-30115.51	-39932.61	-1.27969	-30115.51	-39932.61	-1.27969	2.340	0.00
0.00	-30115.48	-39932.71	-1.27952	-30115.48	-39932.71	-1.27952	2.362	0.00
0.00	-30115.44	-39932.82	-1.27930	-30115.44	-39932.82	-1.27930	2.444	0.00
0.00	-30115.41	-39932.93	-1.27906	-30115.41	-39932.93	-1.27906	2.186	0.00
0.00	-30115.38	-39933.03	-1.27883	-30115.38	-39933.03	-1.27883	2.289	0.00
0.00	-30115.34	-39933.15	-1.27867	-30115.34	-39933.15	-1.27867	2.865	0.00
0.00	-30115.30	-39933.31	-1.27859	-30115.30	-39933.31	-1.27859	2.273	0.00
0.00	-30115.26	-39933.44	-1.27857	-30115.26	-39933.44	-1.27857	2.266	0.00
0.00	-30115.24	-39933.49	-1.27856	-30115.24	-39933.49	-1.27856	2.240	0.00
0.00	-30115.21	-39933.59	-1.27851	-30115.21	-39933.59	-1.27851	2.190	0.00
0.00	-30115.18	-39933.70	-1.27844	-30115.18	-39933.70	-1.27844	2.290	0.00
0.00	-30115.15	-39933.81	-1.27831	-30115.15	-39933.81	-1.27831	2.289	0.00
0.00	-30115.11	-39933.94	-1.27811	-30115.11	-39933.94	-1.27811	2.229	0.00
0.00	-30115.07	-39934.06	-1.27789	-30115.07	-39934.06	-1.27789	2.246	0.00
0.00	-30115.04	-39934.17	-1.27770	-30115.04	-39934.17	-1.27770	2.250	0.00
0.00	-30115.01	-39934.27	-1.27752	-30115.01	-39934.27	-1.27752	2.279	0.00
0.00	-30114.98	-39934.36	-1.27739	-30114.98	-39934.36	-1.27739	2.318	0.00
0.00	-30114.95	-39934.46	-1.27728	-30114.95	-39934.46	-1.27728	2.164	0.00
0.00	-30114.92	-39934.56	-1.27719	-30114.92	-39934.56	-1.27719	2.200	0.00
0.00	-30114.89	-39934.66	-1.27710	-30114.89	-39934.66	-1.27710	2.128	0.00
0.00	-30114.86	-39934.76	-1.27699	-30114.86	-39934.76	-1.27699	2.139	0.00
0.00	-30114.83	-39934.87	-1.27685	-30114.83	-39934.87	-1.27685	2.190	0.00
0.00	-30114.79	-39934.97	-1.27666	-30114.79	-39934.97	-1.27666	2.156	0.00
0.00	-30114.76	-39935.08	-1.27644	-30114.76	-39935.08	-1.27644	2.274	0.00
0.00	-30114.73	-39935.20	-1.27626	-30114.73	-39935.20	-1.27626	2.286	0.00
0.00	-30114.68	-39935.33	-1.27610	-30114.68	-39935.33	-1.27610	2.263	0.00
0.00	-30114.64	-39935.46	-1.27602	-30114.64	-39935.46	-1.27602	2.273	0.00
0.00	-30114.61	-39935.57	-1.27598	-30114.61	-39935.57	-1.27598	2.286	0.00
0.00	-30114.58	-39935.67	-1.27592	-30114.58	-39935.67	-1.27592	2.130	0.00
0.00	-30114.53	-39935.83	-1.27585	-30114.53	-39935.83	-1.27585	2.114	0.00
0.00	-30114.51	-39935.89	-1.27576	-30114.51	-39935.89	-1.27576	2.257	0.00
0.00	-30114.48	-39936.01	-1.27563	-30114.48	-39936.01	-1.27563	2.283	0.00
0.00	-30114.45	-39936.12	-1.27550	-30114.45	-39936.12	-1.27550	2.253	0.00
0.00	-30114.40	-39936.27	-1.27540	-30114.40	-39936.27	-1.27540	2.214	0.00
0.00	-30114.36	-39936.41	-1.27526	-30114.36	-39936.41	-1.27526	2.041	0.00
0.00	-30114.32	-39936.54	-1.27512	-30114.32	-39936.54	-1.27512	2.285	0.00
0.00	-30114.29	-39936.64	-1.27501	-30114.29	-39936.64	-1.27501	2.156	0.00
0.00	-30114.26	-39936.75	-1.27495	-30114.26	-39936.75	-1.27495	2.079	0.00
0.00	-30114.22	-39936.86	-1.27492	-30114.22	-39936.86	-1.27492	2.326	0.00
0.00	-30114.19	-39936.98	-1.27490	-30114.19	-39936.98	-1.27490	2.226	0.00
0.00	-30114.15	-39937.10	-1.27483	-30114.15	-39937.10	-1.27483	2.235	0.00
0.00	-30114.11	-39937.22	-1.27471	-30114.11	-39937.22	-1.27471	2.174	0.00
0.00	-30114.08	-39937.35	-1.27457	-30114.08	-39937.35	-1.27457	2.276	0.00
0.00	-30114.04	-39937.47	-1.27441	-30114.04	-39937.47	-1.27441	2.172	0.00
0.00	-30113.99	-39937.61	-1.27430	-30113.99	-39937.61	-1.27430	2.262	0.00
0.00	-30113.95	-39937.77	-1.27422	-30113.95	-39937.77	-1.27422	2.131	0.00
0.00	-30113.90	-39937.92	-1.27416	-30113.90	-39937.92	-1.27416	2.288	0.00
0.00	-30113.87	-39938.04	-1.27417	-30113.87	-39938.04	-1.27417	2.172	0.00
0.00	-30113.83	-39938.16	-1.27421	-30113.83	-39938.16	-1.27421	2.179	0.00
0.00	-30113.79	-39938.28	-1.27420	-30113.79	-39938.28	-1.27420	2.198	0.00
0.00	-30113.75	-39938.41	-1.27418	-30113.75	-39938.41	-1.27418	2.150	0.00
0.00	-30113.71	-39938.54	-1.27414	-30113.71	-39938.54	-1.27414	2.112	0.00
0.00	-30113.67	-39938.68	-1.27407	-30113.67	-39938.68	-1.27407	2.181	0.00
0.00	-30113.62	-39938.84	-1.27397	-30113.62	-39938.84	-1.27397	2.198	0.00
0.00	-30113.59	-39938.97	-1.27390	-30113.59	-39938.97	-1.27390	2.082	0.00
0.00	-30113.55	-39939.09	-1.27389	-30113.55	-39939.09	-1.27389	2.219	0.00
0.00	-30113.51	-39939.23	-1.27393	-30113.51	-39939.23	-1.27393	2.123	0.00
0.00	-30113.47	-39939.36	-1.27396	-30113.47	-39939.36	-1.27396	2.124	0.00
0.00	-30113.43	-39939.50	-1.27392	-30113.43	-39939.50	-1.27392	2.125	0.00
0.00	-30113.38	-39939.64	-1.27386	-30113.38	-39939.64	-1.27386	2.167	0.00
0.00	-30113.34	-39939.78	-1.27382	-30113.34	-39939.78	-1.27382	2.220	0.00
0.00	-30113.30	-39939.92	-1.27380	-30113.30	-39939.92	-1.27380	2.154	0.00
0.00	-30113.25	-39940.07	-1.27374	-30113.25	-39940.07	-1.27374	2.190	0.00
0.00	-30113.21	-39940.20	-1.27374	-30113.21	-39940.20	-1.27374	2.172	0.00
0.00	-30113.16	-39940.38	-1.27372	-30113.16	-39940.38	-1.27372	2.081	0.00
0.00	-30113.11	-39940.55	-1.27370	-30113.11	-39940.55	-1.27370	2.170	0.00
0.00	-30113.06	-39940.71	-1.27356	-30113.06	-39940.71	-1.27356	2.261	0.00
0.00	-30113.02	-39940.84	-1.27353	-30113.02	-39940.84	-1.27353	2.124	0.00
0.00	-30112.98	-39940.96	-1.27349	-30112.98	-39940.96	-1.27349	2.271	0.00
0.00	-30112.94	-39941.11	-1.27337	-30112.94	-39941.11	-1.27337	2.346	0.00
0.00	-30112.87	-39941.32	-1.27327	-30112.87	-39941.32	-1.27327	2.189	0.00
0.00	-30112.86	-39941.37	-1.27321	-30112.86	-39941.37	-1.27321	2.330	0.00
0.00	-30112.80	-39941.58	-1.27319	-30112.80	-39941.58	-1.27319	2.349	0.00
0.00	-30112.74	-39941.75	-1.27315	-30112.74	-39941.75	-1.27315	2.273	0.00
0.00	-30112.70	-39941.91	-1.27308	-30112.70	-39941.91	-1.27308	2.503	0.00
0.00	-30112.63	-39942.13	-1.27285	-30112.63	-39942.13	-1.27285	2.315	0.00
0.00	-30112.61	-39942.20	-1.27272	-30112.61	-39942.20	-1.27272	2.261	0.00
0.00	-30112.56	-39942.36	-1.27254	-30112.56	-39942.36	-1.27254	2.332	0.00
0.00	-30112.51	-39942.51	-1.27242	-30112.51	-39942.51	-1.27242	2.203	0.00
0.00	-30112.47	-39942.67	-1.27238	-30112.47	-39942.67	-1.27238	2.314	0.00
0.00	-30112.42	-39942.83	-1.27234	-30112.42	-39942.83	-1.27234	2.140	0.00
0.00	-30112.37	-39942.99	-1.27218	-30112.37	-39942.99	-1.27218	2.262	0.00
0.00	-30112.31	-39943.16	-1.27184	-30112.31	-39943.16	-1.27184	2.265	0.00
0.00	-30112.26	-39943.33	-1.27142	-30112.26	-39943.33	-1.27142	2.309	0.00
0.00	-30112.20	-39943.52	-1.27100	-30112.20	-39943.52	-1.27100	2.129	0.00
0.00	-30112.15	-39943.69	-1.27061	-30112.15	-39943.69	-1.27061	2.479	0.00
0.00	-30112.11	-39943.82	-1.27026	-30112.11	-39943.82	-1.27026	4.072	0.00
0.00	-30112.07	-39943.96	-1.26995	-30112.07	-39943.96	-1.26995	2.100	0.00
0.00	-30112.02	-39944.11	-1.26957	-30112.02	-39944.11	-1.26957	2.189	0.00
0.00	-30111.97	-39944.28	-1.26914	-30111.97	-39944.28	-1.26914	2.189	0.00
0.00	-30111.91	-39944.45	-1.26875	-30111.91	-39944.45	-1.26875	2.242	0.00
0.00	-30111.87	-39944.60	-1.26838	-30111.87	-39944.60	-1.26838	2.120	0.00
0.00	-30111.82	-39944.76	-1.26804	-30111.82	-39944.76	-1.26804	2.243	0.00
0.00	-30111.77	-39944.91	-1.26770	-30111.77	-39944.91	-1.26770	2.340	0.00
0.00	-30111.71	-39945.09	-1.26739	-30111.71	-39945.09	-1.26739	2.426	0.00
0.00	-30111.66	-39945.25	-1.26705	-30111.66	-39945.25	-1.26705	2.448	0.00
0.00	-30111.61	-39945.42	-1.26669	-30111.61	-39945.42	-1.26669	2.511	0.00
0.00	-30111.55	-39945.58	-1.26623	-30111.55	-39945.58	-1.26623	2.411	0.00
0.00	-30111.47	-39945.85	-1.26563	-30111.47	-39945.85	-1.26563	2.586	0.00
0.00	-30111.42	-39946.00	-1.26508	-30111.42	-39946.00	-1.26508	2.406	0.00
0.00	-30111.38	-39946.12	-1.26469	-30111.38	-39946.12	-1.26469	2.459	0.00
0.00	-30111.32	-39946.31	-1.26431	-30111.32	-39946.31	-1.26431	2.637	0.00
0.00	-30111.26	-39946.49	-1.26402	-30111.26	-39946.49	-1.26402	2.563	0.00
0.00	-30111.21	-39946.67	-1.26374	-30111.21	-39946.67	-1.26374	2.552	0.00
0.00	-30111.15	-39946.85	-1.26341	-30111.15	-39946.85	-1.26341	2.539	0.00
0.00	-30111.05	-39947.17	-1.26281	-30111.05	-39947.17	-1.26281	2.911	0.00
0.00	-30111.07	-39947.09	-1.26272	-30111.07	-39947.09	-1.26272	2.692	0.00
0.00	-30111.02	-39947.25	-1.26232	-30111.02	-39947.25	-1.26232	3.343	0.00
0.00	-30110.96	-39947.44	-1.26192	-30110.96	-39947.44	-1.26192	2.849	0.00
0.00	-30110.89	-39947.66	-1.26152	-30110.89	-39947.66	-1.26152	3.135	0.00
0.00	-30110.82	-39947.87	-1.26108	-30110.82	-39947.87	-1.26108	3.015	0.00
0.00	-30110.77	-39948.05	-1.26060	-30110.77	-39948.05	-1.26060	3.046	0.00
0.00	-30110.71	-39948.22	-1.26012	-30110.71	-39948.22	-1.26012	3.250	0.00
0.00	-30110.66	-39948.39	-1.25962	-30110.66	-39948.39	-1.25962	3.462	0.00
0.00	-30110.60	-39948.56	-1.25917	-30110.60	-39948.56	-1.25917	3.217	0.00
0.00	-30110.55	-39948.73	-1.25882	-30110.55	-39948.73	-1.25882	3.415	0.00
0.00	-30110.48	-39948.93	-1.25858	-30110.48	-39948.93	-1.25858	3.524	0.00
0.00	-30110.42	-39949.13	-1.25831	-30110.42	-39949.13	-1.25831	3.517	0.00
0.00	-30110.36	-39949.31	-1.25790	-30110.36	-39949.31	-1.25790	3.579	0.00
0.00	-30110.30	-39949.48	-1.25745	-30110.30	-39949.48	-1.25745	3.647	0.00
0.00	-30110.24	-39949.67	-1.25704	-30110.24	-39949.67	-1.25704	3.554	0.00
0.00	-30110.17	-39949.90	-1.25677	-30110.17	-39949.90	-1.25677	3.333	0.00
0.00	-30110.12	-39950.05	-1.25668	-30110.12	-39950.05	-1.25668	2.904	0.00
0.00	-30110.06	-39950.23	-1.25666	-30110.06	-39950.23	-1.25666	3.653	0.00
0.00	-30110.00	-39950.42	-1.25661	-30110.00	-39950.42	-1.25661	3.799	0.00
0.00	-30109.93	-39950.62	-1.25653	-30109.93	-39950.62	-1.25653	3.890	0.00
0.00	-30109.87	-39950.82	-1.25654	-30109.87	-39950.82	-1.25654	3.742	0.00
0.00	-30109.81	-39951.02	-1.25653	-30109.81	-39951.02	-1.25653	3.482	0.00
0.00	-30109.76	-39951.17	-1.25651	-30109.76	-39951.17	-1.25651	4.065	0.00
0.00	-30109.71	-39951.33	-1.25645	-30109.71	-39951.33	-1.25645	3.864	0.00
0.00	-30109.65	-39951.49	-1.25624	-30109.65	-39951.49	-1.25624	3.998	0.00
0.00	-30109.59	-39951.68	-1.25593	-30109.59	-39951.68	-1.25593	3.592	0.00
0.00	-30109.53	-39951.88	-1.25562	-30109.53	-39951.88	-1.25562	4.115	0.00
0.00	-30109.47	-39952.05	-1.25537	-30109.47	-39952.05	-1.25537	4.157	0.00
0.00	-30109.42	-39952.22	-1.25526	-30109.42	-39952.22	-1.25526	4.213	0.00
0.00	-30109.36	-39952.40	-1.25520	-30109.36	-39952.40	-1.25520	4.235	0.00
0.00	-30109.30	-39952.58	-1.25509	-30109.30	-39952.58	-1.25509	4.363	0.00
0.00	-30109.25	-39952.75	-1.25486	-30109.25	-39952.75	-1.25486	4.502	0.00
0.00	-30109.17	-39952.97	-1.25452	-30109.17	-39952.97	-1.25452	4.407	0.00
0.00	-30109.11	-39953.18	-1.25418	-30109.11	-39953.18	-1.25418	4.516	0.00
0.00	-30109.04	-39953.38	-1.25397	-30109.04	-39953.38	-1.25397	4.801	0.00
0.00	-30108.97	-39953.59	-1.25390	-30108.97	-39953.59	-1.25390	4.547	0.00
0.00	-30108.91	-39953.79	-1.25402	-30108.91	-39953.79	-1.25402	4.443	0.00
0.00	-30108.84	-39954.01	-1.25416	-30108.84	-39954.01	-1.25416	4.098	0.00
0.00	-30108.74	-39954.31	-1.25427	-30108.74	-39954.31	-1.25427	4.670	0.00
0.00	-30108.70	-39954.42	-1.25429	-30108.70	-39954.42	-1.25429	4.640	0.00
0.00	-30108.65	-39954.58	-1.25410	-30108.65	-39954.58	-1.25410	4.658	0.00
0.00	-30108.59	-39954.78	-1.25384	-30108.59	-39954.78	-1.25384	3.396	0.00
0.00	-30108.52	-39955.00	-1.25354	-30108.52	-39955.00	-1.25354	4.224	0.00
0.00	-30108.47	-39955.15	-1.25326	-30108.47	-39955.15	-1.25326	4.191	0.00
0.00	-30108.40	-39955.37	-1.25296	-30108.40	-39955.37	-1.25296	3.986	0.00
0.00	-30108.34	-39955.54	-1.25261	-30108.34	-39955.54	-1.25261	5.036	0.00
0.00	-30108.29	-39955.71	-1.25240	-30108.29	-39955.71	-1.25240	4.919	0.00
0.00	-30108.23	-39955.89	-1.25234	-30108.23	-39955.89	-1.25234	5.033	0.00
0.00	-30108.15	-39956.12	-1.25243	-30108.15	-39956.12	-1.25243	4.027	0.00
0.00	-30108.08	-39956.33	-1.25258	-30108.08	-39956.33	-1.25258	5.065	0.00
0.00	-30108.02	-39956.52	-1.25258	-30108.02	-39956.52	-1.25258	3.624	0.00
0.00	-30107.97	-39956.69	-1.25249	-30107.97	-39956.69	-1.25249	5.370	0.00
0.00	-30107.91	-39956.88	-1.25226	-30107.91	-39956.88	-1.25226	5.329	0.00
0.00	-30107.84	-39957.07	-1.25215	-30107.84	-39957.07	-1.25215	5.367	0.00
0.00	-30107.78	-39957.26	-1.25227	-30107.78	-39957.26	-1.25227	5.417	0.00
0.00	-30107.72	-39957.47	-1.25250	-30107.72	-39957.47	-1.25250	5.428	0.00
0.00	-30107.64	-39957.70	-1.25269	-30107.64	-39957.70	-1.25269	5.601	0.00
0.00	-30107.58	-39957.89	-1.25296	-30107.58	-39957.89	-1.25296	5.528	0.00
0.00	-30107.52	-39958.08	-1.25325	-30107.52	-39958.08	-1.25325	5.567	0.00
0.00	-30107.45	-39958.29	-1.25363	-30107.45	-39958.29	-1.25363	5.745	0.00
0.00	-30107.37	-39958.54	-1.25414	-30107.37	-39958.54	-1.25414	6.997	0.00
0.00	-30107.26	-39958.89	-1.25481	-30107.26	-39958.89	-1.25481	7.767	0.00
0.00	-30107.22	-39959.02	-1.25526	-30107.22	-39959.02	-1.25526	7.207	0.00
0.00	-30107.16	-39959.19	-1.25567	-30107.16	-39959.19	-1.25567	7.141	0.00
0.00	-30107.11	-39959.36	-1.25590	-30107.11	-39959.36	-1.25590	8.737	0.00
0.00	-30107.05	-39959.54	-1.25610	-30107.05	-39959.54	-1.25610	7.080	0.00
0.00	-30106.99	-39959.73	-1.25635	-30106.99	-39959.73	-1.25635	6.849	0.00
0.00	-30106.93	-39959.92	-1.25664	-30106.93	-39959.92	-1.25664	7.189	0.00
0.00	-30106.85	-39960.15	-1.25702	-30106.85	-39960.15	-1.25702	7.389	0.00
0.00	-30106.78	-39960.38	-1.25744	-30106.78	-39960.38	-1.25744	6.936	0.00
0.00	-30106.70	-39960.60	-1.25785	-30106.70	-39960.60	-1.25785	8.055	0.00
0.00	-30106.65	-39960.78	-1.25832	-30106.65	-39960.78	-1.25832	7.542	0.00
0.00	-30106.57	-39961.01	-1.25884	-30106.57	-39961.01	-1.25884	7.699	0.00
0.00	-30106.50	-39961.24	-1.25931	-30106.50	-39961.24	-1.25931	7.581	0.00
0.00	-30106.43	-39961.46	-1.25973	-30106.43	-39961.46	-1.25973	8.117	0.00
0.00	-30106.38	-39961.62	-1.26007	-30106.38	-39961.62	-1.26007	7.778	0.00
0.00	-30106.32	-39961.78	-1.26045	-30106.32	-39961.78	-1.26045	7.929	0.00
0.00	-30106.25	-39962.01	-1.26085	-30106.25	-39962.01	-1.26085	8.140	0.00
0.00	-30106.18	-39962.22	-1.26137	-30106.18	-39962.22	-1.26137	8.121	0.00
0.00	-30106.13	-39962.40	-1.26193	-30106.13	-39962.40	-1.26193	7.882	0.00
0.00	-30106.06	-39962.60	-1.26240	-30106.06	-39962.60	-1.26240	8.346	0.00
0.00	-30106.00	-39962.79	-1.26277	-30106.00	-39962.79	-1.26277	8.522	0.00
0.00	-30105.89	-39963.12	-1.26309	-30105.89	-39963.12	-1.26309	8.943	0.00
0.00	-30105.86	-39963.24	-1.26330	-30105.86	-39963.24	-1.26330	8.054	0.00
0.00	-30105.78	-39963.47	-1.26366	-30105.78	-39963.47	-1.26366	7.858	0.00
0.00	-30105.71	-39963.69	-1.26405	-30105.71	-39963.69	-1.26405	8.646	0.00
0.00	-30105.66	-39963.85	-1.26438	-30105.66	-39963.85	-1.26438	8.203	0.00
0.00	-30105.60	-39964.04	-1.26467	-30105.60	-39964.04	-1.26467	8.163	0.00
0.00	-30105.54	-39964.25	-1.26495	-30105.54	-39964.25	-1.26495	8.457	0.00
0.00	-30105.46	-39964.49	-1.26527	-30105.46	-39964.49	-1.26527	8.314	0.00
0.00	-30105.39	-39964.70	-1.26566	-30105.39	-39964.70	-1.26566	8.954	0.00
0.00	-30105.34	-39964.88	-1.26611	-30105.34	-39964.88	-1.26611	8.665	0.00
0.00	-30105.28	-39965.05	-1.26656	-30105.28	-39965.05	-1.26656	8.966	0.00
0.00	-30105.21	-39965.29	-1.26707	-30105.21	-39965.29	-1.26707	9.653	0.00
0.00	-30105.15	-39965.49	-1.26757	-30105.15	-39965.49	-1.26757	8.845	0.00
0.00	-30105.08	-39965.70	-1.26811	-30105.08	-39965.70	-1.26811	9.387	0.00
0.00	-30105.02	-39965.90	-1.26863	-30105.02	-39965.90	-1.26863	10.445	0.00
0.00	-30104.95	-39966.12	-1.26917	-30104.95	-39966.12	-1.26917	9.251	0.00
0.00	-30104.89	-39966.33	-1.26966	-30104.89	-39966.33	-1.26966	9.501	0.00
0.00	-30104.83	-39966.53	-1.27017	-30104.83	-39966.53	-1.27017	9.163	0.00
0.00	-30104.77	-39966.71	-1.27076	-30104.77	-39966.71	-1.27076	9.769	0.00
0.00	-30104.73	-39966.87	-1.27159	-30104.73	-39966.87	-1.27159	9.376	0.00
0.00	-30104.67	-39967.05	-1.27237	-30104.67	-39967.05	-1.27237	9.335	0.00
0.00	-30104.61	-39967.24	-1.27320	-30104.61	-39967.24	-1.27320	10.132	0.00
0.00	-30104.55	-39967.44	-1.27415	-30104.55	-39967.44	-1.27415	10.225	0.00
0.00	-30104.50	-39967.62	-1.27511	-30104.50	-39967.62	-1.27511	10.526	0.00
0.00	-30104.44	-39967.82	-1.27594	-30104.44	-39967.82	-1.27594	10.197	0.00
0.00	-30104.37	-39968.06	-1.27666	-30104.37	-39968.06	-1.27666	10.043	0.00
0.00	-30104.30	-39968.29	-1.27768	-30104.30	-39968.29	-1.27768	10.508	0.00
0.00	-30104.26	-39968.41	-1.27844	-30104.26	-39968.41	-1.27844	9.709	0.00
0.00	-30104.20	-39968.62	-1.27946	-30104.20	-39968.62	-1.27946	10.142	0.00
0.00	-30104.14	-39968.82	-1.28058	-30104.14	-39968.82	-1.28058	10.612	0.00
0.00	-30104.09	-39969.01	-1.28175	-30104.09	-39969.01	-1.28175	10.313	0.00
0.00	-30104.03	-39969.21	-1.28296	-30104.03	-39969.21	-1.28296	10.883	0.00
0.00	-30103.97	-39969.41	-1.28425	-30103.97	-39969.41	-1.28425	10.560	0.00
0.00	-30103.91	-39969.61	-1.28573	-30103.91	-39969.61	-1.28573	10.782	0.00
0.00	-30103.86	-39969.79	-1.28728	-30103.86	-39969.79	-1.28728	10.940	0.00
0.00	-30103.79	-39970.02	-1.28887	-30103.79	-39970.02	-1.28887	11.165	0.00
0.00	-30103.73	-39970.24	-1.29048	-30103.73	-39970.24	-1.29048	11.014	0.00
0.00	-30103.67	-39970.44	-1.29217	-30103.67	-39970.44	-1.29217	11.077	0.00
0.00	-30103.62	-39970.62	-1.29384	-30103.62	-39970.62	-1.29384	11.626	0.00
0.00	-30103.57	-39970.81	-1.29547	-30103.57	-39970.81	-1.29547	11.439	0.00
0.00	-30103.51	-39971.00	-1.29711	-30103.51	-39971.00	-1.29711	11.338	0.00
0.00	-30103.46	-39971.18	-1.29872	-30103.46	-39971.18	-1.29872	11.877	0.00
0.00	-30103.41	-39971.38	-1.30034	-30103.41	-39971.38	-1.30034	12.014	0.00
0.00	-30103.36	-39971.56	-1.30196	-30103.36	-39971.56	-1.30196	11.464	0.00
0.00	-30103.31	-39971.75	-1.30355	-30103.31	-39971.75	-1.30355	11.785	0.00
0.00	-30103.25	-39971.95	-1.30509	-30103.25	-39971.95	-1.30509	11.608	0.00
0.00	-30103.20	-39972.15	-1.30659	-30103.20	-39972.15	-1.30659	12.236	0.00
0.00	-30103.15	-39972.34	-1.30813	-30103.15	-39972.34	-1.30813	12.002	0.00
0.00	-30103.08	-39972.57	-1.30969	-30103.08	-39972.57	-1.30969	13.215	0.00
0.00	-30103.04	-39972.74	-1.31122	-30103.04	-39972.74	-1.31122	12.379	0.00
0.00	-30102.99	-39972.93	-1.31278	-30102.99	-39972.93	-1.31278	11.519	0.00
0.00	-30102.93	-39973.16	-1.31437	-30102.93	-39973.16	-1.31437	12.237	0.00
0.00	-30102.87	-39973.39	-1.31607	-30102.87	-39973.39	-1.31607	11.715	0.00
0.00	-30102.81	-39973.60	-1.31792	-30102.81	-39973.60	-1.31792	12.184	0.00
0.00	-30102.75	-39973.82	-1.31985	-30102.75	-39973.82	-1.31985	12.336	0.00
0.00	-30102.70	-39974.03	-1.32177	-30102.70	-39974.03	-1.32177	11.981	0.00
0.00	-30102.65	-39974.22	-1.32362	-30102.65	-39974.22	-1.32362	12.532	0.00
0.00	-30102.61	-39974.38	-1.32551	-30102.61	-39974.38	-1.32551	12.022	0.00
0.00	-30102.57	-39974.55	-1.32759	-30102.57	-39974.55	-1.32759	12.705	0.00
0.00	-30102.53	-39974.71	-1.32985	-30102.53	-39974.71	-1.32985	13.386	0.00
0.00	-30102.48	-39974.89	-1.33236	-30102.48	-39974.89	-1.33236	13.671	0.00
0.00	-30102.44	-39975.06	-1.33507	-30102.44	-39975.06	-1.33507	12.787	0.00
0.00	-30102.39	-39975.25	-1.33798	-30102.39	-39975.25	-1.33798	13.316	0.00
0.00	-30102.35	-39975.44	-1.34095	-30102.35	-39975.44	-1.34095	13.331	0.00
0.00	-30102.31	-39975.63	-1.34399	-30102.31	-39975.63	-1.34399	13.589	0.00
0.00	-30102.26	-39975.82	-1.34722	-30102.26	-39975.82	-1.34722	13.428	0.00
0.00	-30102.22	-39976.01	-1.35057	-30102.22	-39976.01	-1.35057	13.774	0.00
0.00	-30102.18	-39976.19	-1.35402	-30102.18	-39976.19	-1.35402	13.976	0.00
0.00	-30102.13	-39976.39	-1.35751	-30102.13	-39976.39	-1.35751	14.414	0.00
0.00	-30102.09	-39976.57	-1.36096	-30102.09	-39976.57	-1.36096	14.078	0.00
0.00	-30102.05	-39976.76	-1.36502	-30102.05	-39976.76	-1.36502	13.418	0.00
0.00	-30101.99	-39977.05	-1.37000	-30101.99	-39977.05	-1.37000	13.416	0.00
0.00	-30101.97	-39977.15	-1.37320	-30101.97	-39977.15	-1.37320	14.282	0.00
0.00	-30101.94	-39977.33	-1.37742	-30101.94	-39977.33	-1.37742	14.479	0.00
0.00	-30101.90	-39977.53	-1.38159	-30101.90	-39977.53	-1.38159	14.419	0.00
0.00	-30101.85	-39977.75	-1.38576	-30101.85	-39977.75	-1.38576	13.673	0.00
0.00	-30101.81	-39977.97	-1.39007	-30101.81	-39977.97	-1.39007	14.025	0.00
0.00	-30101.78	-39978.14	-1.39466	-30101.78	-39978.14	-1.39466	14.466	0.00
0.00	-30101.75	-39978.30	-1.39948	-30101.75	-39978.30	-1.39948	13.994	0.00
0.00	-30101.72	-39978.47	-1.40471	-30101.72	-39978.47	-1.40471	14.710	0.00
0.00	-30101.70	-39978.64	-1.41029	-30101.70	-39978.64	-1.41029	14.645	0.00
0.00	-30101.67	-39978.82	-1.41590	-30101.67	-39978.82	-1.41590	15.174	0.00
0.00	-30101.64	-39979.01	-1.42158	-30101.64	-39979.01	-1.42158	14.487	0.00
0.00	-30101.61	-39979.18	-1.42729	-30101.61	-39979.18	-1.42729	15.059	0.00
0.00	-30101.59	-39979.36	-1.43304	-30101.59	-39979.36	-1.43304	14.749	0.00
0.00	-30101.56	-39979.54	-1.43896	-30101.56	-39979.54	-1.43896	15.386	0.00
0.00	-30101.54	-39979.72	-1.44503	-30101.54	-39979.72	-1.44503	14.503	0.00
0.00	-30101.52	-39979.91	-1.45132	-30101.52	-39979.91	-1.45132	15.365	0.00
0.00	-30101.49	-39980.10	-1.45793	-30101.49	-39980.10	-1.45793	15.660	0.00
0.00	-30101.47	-39980.28	-1.46497	-30101.47	-39980.28	-1.46497	15.701	0.00
0.00	-30101.45	-39980.47	-1.47229	-30101.45	-39980.47	-1.47229	15.394	0.00
0.00	-30101.43	-39980.77	-1.48290	-30101.43	-39980.77	-1.48290	15.235	0.00
0.00	-30101.43	-39980.78	-1.48772	-30101.43	-39980.78	-1.48772	15.718	0.00
0.00	-30101.41	-39980.97	-1.49501	-30101.41	-39980.97	-1.49501	15.332	0.00
0.00	-30101.39	-39981.23	-1.50419	-30101.39	-39981.23	-1.50419	15.601	0.00
0.00	-30101.38	-39981.44	-1.51299	-30101.38	-39981.44	-1.51299	15.299	0.00
0.00	-30101.37	-39981.66	-1.52212	-30101.37	-39981.66	-1.52212	16.951	0.00
0.00	-30101.36	-39981.81	-1.53149	-30101.36	-39981.81	-1.53149	15.492	0.00
0.00	-30101.36	-39981.97	-1.54113	-30101.36	-39981.97	-1.54113	16.733	0.00
0.00	-30101.35	-39982.14	-1.55070	-30101.35	-39982.14	-1.55070	16.187	0.00
0.00	-30101.35	-39982.30	-1.56007	-30101.35	-39982.30	-1.56007	15.283	0.00
0.00	-30101.35	-39982.47	-1.56935	-30101.35	-39982.47	-1.56935	16.484	0.00
0.00	-30101.35	-39982.66	-1.57865	-30101.35	-39982.66	-1.57865	16.145	0.00
0.00	-30101.35	-39982.83	-1.58813	-30101.35	-39982.83	-1.58813	16.336	0.00
0.00	-30101.35	-39983.01	-1.59790	-30101.35	-39983.01	-1.59790	17.146	0.00
0.00	-30101.36	-39983.18	-1.60781	-30101.36	-39983.18	-1.60781	16.010	0.00
0.00	-30101.37	-39983.37	-1.61783	-30101.37	-39983.37	-1.61783	17.266	0.00
0.00	-30101.37	-39983.54	-1.62793	-30101.37	-39983.54	-1.62793	17.584	0.00
0.00	-30101.38	-39983.71	-1.63811	-30101.38	-39983.71	-1.63811	16.129	0.00
0.00	-30101.40	-39983.88	-1.64839	-30101.40	-39983.88	-1.64839	17.654	0.00
0.00	-30101.41	-39984.06	-1.65858	-30101.41	-39984.06	-1.65858	16.226	0.00
0.00	-30101.49	-39984.84	-1.70133	-30101.49	-39984.84	-1.70133	16.553	0.00
0.00	-30101.46	-39984.53	-1.70524	-30101.46	-39984.53	-1.70524	16.570	0.00
0.00	-30101.46	-39984.52	-1.70924	-30101.46	-39984.52	-1.70924	18.540	0.00
0.00	-30101.47	-39984.59	-1.71348	-30101.47	-39984.59	-1.71348	18.009	0.00
0.00	-30101.48	-39984.66	-1.71785	-30101.48	-39984.66	-1.71785	17.140	0.00
0.00	-30101.49	-39984.74	-1.72242	-30101.49	-39984.74	-1.72242	17.864	0.00
0.00	-30101.55	-39985.14	-1.73662	-30101.55	-39985.14	-1.73662	18.170	0.00
0.00	-30101.58	-39985.33	-1.74524	-30101.58	-39985.33	-1.74524	17.881	0.00
0.00	-30101.61	-39985.55	-1.75690	-30101.61	-39985.55	-1.75690	17.099	0.00
0.00	-30101.67	-39985.83	-1.77190	-30101.67	-39985.83	-1.77190	17.930	0.00
0.00	-30101.69	-39985.94	-1.78058	-30101.69	-39985.94	-1.78058	17.767	0.00
0.00	-30101.73	-39986.14	-1.79299	-30101.73	-39986.14	-1.79299	16.639	0.00
0.00	-30101.77	-39986.33	-1.80560	-30101.77	-39986.33	-1.80560	17.428	0.00
0.00	-30101.81	-39986.51	-1.81826	-30101.81	-39986.51	-1.81826	18.452	0.00
0.00	-30101.85	-39986.68	-1.83133	-30101.85	-39986.68	-1.83133	19.030	0.00
0.00	-30101.90	-39986.86	-1.84422	-30101.90	-39986.86	-1.84422	18.739	0.00
0.00	-30101.94	-39987.03	-1.85716	-30101.94	-39987.03	-1.85716	17.877	0.00
0.00	-30101.99	-39987.19	-1.87024	-30101.99	-39987.19	-1.87024	19.328	0.00
0.00	-30102.04	-39987.35	-1.88321	-30102.04	-39987.35	-1.88321	18.954	0.00
0.00	-30102.09	-39987.52	-1.89672	-30102.09	-39987.52	-1.89672	18.525	0.00
0.00	-30102.17	-39987.73	-1.91352	-30102.17	-39987.73	-1.91352	18.477	0.00
0.00	-30102.19	-39987.81	-1.92451	-30102.19	-39987.81	-1.92451	19.241	0.00
0.00	-30102.24	-39987.95	-1.93817	-30102.24	-39987.95	-1.93817	20.397	0.00
0.00	-30102.32	-39988.14	-1.95235	-30102.32	-39988.14	-1.95235	19.163	0.00
0.00	-30102.39	-39988.33	-1.96639	-30102.39	-39988.33	-1.96639	18.923	0.00
0.00	-30102.46	-39988.50	-1.98015	-30102.46	-39988.50	-1.98015	18.512	0.00
0.00	-30102.52	-39988.64	-1.99365	-30102.52	-39988.64	-1.99365	20.203	0.00
0.00	-30102.58	-39988.78	-2.00732	-30102.58	-39988.78	-2.00732	19.443	0.00
0.00	-30102.64	-39988.92	-2.02084	-30102.64	-39988.92	-2.02084	19.394	0.00
0.00	-30102.75	-39989.14	-2.03739	-30102.75	-39989.14	-2.03739	19.005	0.00
0.00	-30102.79	-39989.22	-2.04811	-30102.79	-39989.22	-2.04811	22.202	0.00
0.00	-30102.87	-39989.37	-2.06209	-30102.87	-39989.37	-2.06209	19.773	0.00
0.00	-30102.95	-39989.52	-2.07594	-30102.95	-39989.52	-2.07594	19.962	0.00
0.00	-30103.03	-39989.66	-2.08968	-30103.03	-39989.66	-2.08968	20.138	0.00
0.00	-30103.09	-39989.77	-2.10258	-30103.09	-39989.77	-2.10258	20.684	0.00
0.00	-30103.20	-39989.96	-2.11721	-30103.20	-39989.96	-2.11721	20.601	0.00
0.00	-30103.28	-39990.09	-2.13110	-30103.28	-39990.09	-2.13110	20.046	0.00
0.00	-30103.37	-39990.23	-2.14499	-30103.37	-39990.23	-2.14499	20.515	0.00
0.00	-30103.45	-39990.36	-2.15910	-30103.45	-39990.36	-2.15910	22.024	0.00
0.00	-30103.55	-39990.50	-2.17321	-30103.55	-39990.50	-2.17321	20.420	0.00
0.00	-30103.64	-39990.63	-2.18724	-30103.64	-39990.63	-2.18724	20.563	0.00
0.00	-30103.73	-39990.76	-2.20130	-30103.73	-39990.76	-2.20130	20.996	0.00
0.00	-30103.83	-39990.89	-2.21558	-30103.83	-39990.89	-2.21558	21.463	0.00
0.00	-30103.94	-39991.04	-2.22974	-30103.94	-39991.04	-2.22974	21.533	0.00
0.00	-30104.06	-39991.19	-2.24412	-30104.06	-39991.19	-2.24412	20.225	0.00
0.00	-30104.21	-39991.38	-2.26148	-30104.21	-39991.38	-2.26148	20.350	0.00
0.00	-30104.26	-39991.43	-2.27294	-30104.26	-39991.43	-2.27294	21.609	0.00
0.00	-30104.36	-39991.55	-2.28758	-30104.36	-39991.55	-2.28758	21.276	0.00
0.00	-30104.48	-39991.68	-2.30215	-30104.48	-39991.68	-2.30215	21.775	0.00
0.00	-30104.59	-39991.80	-2.31664	-30104.59	-39991.80	-2.31664	21.190	0.00
0.00	-30104.70	-39991.92	-2.33091	-30104.70	-39991.92	-2.33091	21.997	0.00
0.00	-30104.83	-39992.05	-2.34495	-30104.83	-39992.05	-2.34495	22.474	0.00
0.00	-30104.98	-39992.20	-2.35897	-30104.98	-39992.20	-2.35897	21.503	0.00
0.00	-30105.09	-39992.31	-2.37245	-30105.09	-39992.31	-2.37245	21.329	0.00
0.00	-30105.21	-39992.43	-2.38593	-30105.21	-39992.43	-2.38593	23.246	0.00
0.00	-30105.34	-39992.54	-2.39932	-30105.34	-39992.54	-2.39932	21.831	0.00
0.00	-30105.47	-39992.66	-2.41287	-30105.47	-39992.66	-2.41287	21.369	0.00
0.00	-30105.60	-39992.77	-2.42681	-30105.60	-39992.77	-2.42681	21.146	0.00
0.00	-30105.74	-39992.89	-2.44081	-30105.74	-39992.89	-2.44081	22.395	0.00
0.00	-30105.88	-39993.00	-2.45481	-30105.88	-39993.00	-2.45481	22.173	0.00
0.00	-30106.02	-39993.12	-2.46853	-30106.02	-39993.12	-2.46853	22.317	0.00
0.00	-30106.13	-39993.20	-2.48225	-30106.13	-39993.20	-2.48225	21.614	0.00
0.00	-30106.27	-39993.31	-2.49587	-30106.27	-39993.31	-2.49587	23.493	0.00
0.00	-30106.45	-39993.44	-2.50919	-30106.45	-39993.44	-2.50919	22.321	0.00
0.00	-30106.62	-39993.56	-2.52235	-30106.62	-39993.56	-2.52235	21.985	0.00
0.00	-30106.77	-39993.67	-2.53527	-30106.77	-39993.67	-2.53527	22.571	0.00
0.00	-30106.91	-39993.76	-2.54737	-30106.91	-39993.76	-2.54737	23.177	0.00
0.00	-30107.05	-39993.85	-2.56068	-30107.05	-39993.85	-2.56068	22.658	0.00
0.00	-30107.20	-39993.95	-2.57272	-30107.20	-39993.95	-2.57272	23.182	0.00
0.00	-30107.35	-39994.04	-2.58435	-30107.35	-39994.04	-2.58435	22.533	0.00
0.00	-30107.51	-39994.14	-2.59616	-30107.51	-39994.14	-2.59616	24.078	0.00
0.00	-30107.66	-39994.22	-2.60795	-30107.66	-39994.22	-2.60795	23.013	0.00
0.00	-30107.82	-39994.31	-2.61905	-30107.82	-39994.31	-2.61905	22.399	0.00
0.00	-30107.97	-39994.40	-2.62988	-30107.97	-39994.40	-2.62988	22.640	0.00
0.00	-30108.15	-39994.50	-2.64066	-30108.15	-39994.50	-2.64066	23.842	0.00
0.00	-30108.35	-39994.60	-2.65096	-30108.35	-39994.60	-2.65096	24.311	0.00
0.00	-30108.50	-39994.68	-2.66066	-30108.50	-39994.68	-2.66066	23.267	0.00
0.00	-30108.65	-39994.76	-2.67001	-30108.65	-39994.76	-2.67001	22.633	0.00
0.00	-30108.83	-39994.85	-2.67886	-30108.83	-39994.85	-2.67886	23.880	0.00
0.00	-30109.00	-39994.93	-2.68751	-30109.00	-39994.93	-2.68751	23.699	0.00
0.00	-30109.17	-39995.02	-2.69590	-30109.17	-39995.02	-2.69590	23.219	0.00
0.00	-30109.35	-39995.10	-2.70364	-30109.35	-39995.10	-2.70364	23.554	0.00
0.00	-30109.54	-39995.19	-2.71082	-30109.54	-39995.19	-2.71082	25.281	0.00
0.00	-30109.74	-39995.28	-2.71775	-30109.74	-39995.28	-2.71775	23.996	0.00
0.00	-30109.94	-39995.37	-2.72435	-30109.94	-39995.37	-2.72435	24.634	0.00
0.00	-30110.11	-39995.44	-2.73031	-30110.11	-39995.44	-2.73031	24.419	0.00
0.00	-30110.26	-39995.50	-2.73562	-30110.26	-39995.50	-2.73562	24.993	0.00
0.00	-30110.42	-39995.57	-2.74053	-30110.42	-39995.57	-2.74053	24.390	0.00
0.00	-30110.61	-39995.65	-2.74535	-30110.61	-39995.65	-2.74535	24.650	0.00
0.00	-30110.79	-39995.72	-2.75022	-30110.79	-39995.72	-2.75022	24.143	0.00
0.00	-30110.97	-39995.79	-2.75504	-30110.97	-39995.79	-2.75504	25.219	0.00
0.00	-30111.15	-39995.86	-2.75963	-30111.15	-39995.86	-2.75963	25.081	0.00
0.00	-30111.34	-39995.94	-2.76375	-30111.34	-39995.94	-2.76375	23.985	0.00
0.00	-30111.52	-39996.01	-2.76772	-30111.52	-39996.01	-2.76772	25.959	0.00
0.00	-30111.70	-39996.08	-2.77145	-30111.70	-39996.08	-2.77145	24.686	0.00
0.00	-30111.89	-39996.15	-2.77510	-30111.89	-39996.15	-2.77510	24.240	0.00
0.00	-30112.12	-39996.23	-2.77824	-30112.12	-39996.23	-2.77824	23.750	0.00
0.00	-30112.24	-39996.28	-2.78172	-30112.24	-39996.28	-2.78172	24.687	0.00
0.00	-30112.48	-39996.36	-2.78497	-30112.48	-39996.36	-2.78497	25.240	0.00
0.00	-30112.67	-39996.43	-2.78851	-30112.67	-39996.43	-2.78851	24.369	0.00
0.00	-30112.88	-39996.51	-2.79167	-30112.88	-39996.51	-2.79167	24.711	0.00
0.00	-30113.08	-39996.58	-2.79456	-30113.08	-39996.58	-2.79456	24.640	0.00
0.00	-30113.43	-39996.70	-2.79806	-30113.43	-39996.70	-2.79806	26.474	0.00
0.00	-30113.45	-39996.71	-2.79927	-30113.45	-39996.71	-2.79927	26.362	0.00
0.00	-30113.65	-39996.77	-2.80149	-30113.65	-39996.77	-2.80149	25.721	0.00
0.00	-30113.86	-39996.84	-2.80379	-30113.86	-39996.84	-2.80379	25.664	0.00
0.00	-30114.07	-39996.91	-2.80610	-30114.07	-39996.91	-2.80610	25.603	0.00
0.00	-30114.28	-39996.98	-2.80830	-30114.28	-39996.98	-2.80830	25.389	0.00
0.00	-30114.49	-39997.05	-2.81038	-30114.49	-39997.05	-2.81038	25.822	0.00
0.00	-30114.70	-39997.12	-2.81221	-30114.70	-39997.12	-2.81221	25.198	0.00
0.00	-30114.90	-39997.19	-2.81400	-30114.90	-39997.19	-2.81400	26.665	0.00
0.00	-30115.11	-39997.25	-2.81559	-30115.11	-39997.25	-2.81559	26.203	0.00
0.00	-30115.32	-39997.32	-2.81698	-30115.32	-39997.32	-2.81698	24.851	0.00
0.00	-30115.53	-39997.39	-2.81828	-30115.53	-39997.39	-2.81828	25.593	0.00
0.00	-30115.75	-39997.46	-2.81936	-30115.75	-39997.46	-2.81936	26.454	0.00
0.00	-30115.96	-39997.53	-2.82045	-30115.96	-39997.53	-2.82045	26.285	0.00
0.00	-30116.18	-39997.60	-2.82135	-30116.18	-39997.60	-2.82135	25.528	0.00
0.00	-30116.40	-39997.67	-2.82203	-30116.40	-39997.67	-2.82203	26.667	0.00
0.00	-30116.62	-39997.74	-2.82251	-30116.62	-39997.74	-2.82251	26.353	0.00
0.00	-30116.83	-39997.80	-2.82290	-30116.83	-39997.80	-2.82290	26.885	0.00
0.00	-30117.05	-39997.88	-2.82323	-30117.05	-39997.88	-2.82323	26.617	0.00
0.00	-30117.36	-39997.98	-2.82392	-30117.36	-39997.98	-2.82392	26.746	0.00
0.00	-30117.56	-39998.04	-2.82472	-30117.56	-39998.04	-2.82472	26.659	0.00
0.00	-30117.83	-39998.12	-2.82573	-30117.83	-39998.12	-2.82573	26.937	0.00
0.00	-30118.08	-39998.20	-2.82689	-30118.08	-39998.20	-2.82689	26.437	0.00
0.00	-30118.26	-39998.26	-2.82803	-30118.26	-39998.26	-2.82803	26.741	0.00
0.00	-30118.53	-39998.34	-2.82926	-30118.53	-39998.34	-2.82926	27.898	0.00
0.00	-30118.60	-39998.36	-2.82990	-30118.60	-39998.36	-2.82990	27.389	0.00
0.00	-30118.83	-39998.43	-2.83038	-30118.83	-39998.43	-2.83038	27.223	0.00
0.00	-30119.05	-39998.51	-2.83064	-30119.05	-39998.51	-2.83064	27.263	0.00
0.00	-30119.29	-39998.58	-2.83084	-30119.29	-39998.58	-2.83084	28.384	0.00
0.00	-30119.52	-39998.66	-2.83117	-30119.52	-39998.66	-2.83117	26.767	0.00
0.00	-30119.75	-39998.73	-2.83161	-30119.75	-39998.73	-2.83161	27.183	0.00
0.00	-30119.98	-39998.80	-2.83206	-30119.98	-39998.80	-2.83206	27.515	0.00
0.00	-30120.21	-39998.88	-2.83242	-30120.21	-39998.88	-2.83242	27.620	0.00
0.00	-30120.42	-39998.94	-2.83275	-30120.42	-39998.94	-2.83275	27.139	0.00
0.00	-30120.65	-39999.02	-2.83307	-30120.65	-39999.02	-2.83307	27.857	0.00
0.00	-30120.88	-39999.09	-2.83330	-30120.88	-39999.09	-2.83330	27.862	0.00
0.00	-30121.11	-39999.16	-2.83342	-30121.11	-39999.16	-2.83342	27.970	0.00
0.00	-30121.34	-39999.23	-2.83342	-30121.34	-39999.23	-2.83342	27.337	0.00
0.00	-30121.57	-39999.31	-2.83341	-30121.57	-39999.31	-2.83341	28.023	0.00
0.00	-30121.77	-39999.37	-2.83340	-30121.77	-39999.37	-2.83340	28.522	0.00
0.00	-30122.04	-39999.46	-2.83328	-30122.04	-39999.46	-2.83328	28.474	0.00
0.00	-30122.88	-39999.72	-2.83269	-30122.88	-39999.72	-2.83269	32.184	0.00
0.00	-30122.57	-39999.63	-2.83246	-30122.57	-39999.63	-2.83246	28.560	0.00
0.00	-30122.74	-39999.68	-2.83218	-30122.74	-39999.68	-2.83218	29.013	0.00
0.00	-30122.97	-39999.76	-2.83192	-30122.97	-39999.76	-2.83192	28.584	0.00
0.00	-30123.09	-39999.79	-2.83164	-30123.09	-39999.79	-2.83164	28.808	0.00
0.00	-30123.28	-39999.86	-2.83139	-30123.28	-39999.86	-2.83139	28.740	0.00
0.00	-30123.45	-39999.91	-2.83115	-30123.45	-39999.91	-2.83115	28.276	0.00
0.00	-30123.75	-40000.01	-2.83088	-30123.75	-40000.01	-2.83088	29.706	0.00
0.00	-30124.05	-40000.10	-2.83062	-30124.05	-40000.10	-2.83062	29.190	0.00
0.00	-30124.32	-40000.19	-2.83031	-30124.32	-40000.19	-2.83031	28.699	0.00
0.00	-30124.58	-40000.28	-2.83005	-30124.58	-40000.28	-2.83005	28.998	0.00
0.00	-30124.83	-40000.36	-2.82984	-30124.83	-40000.36	-2.82984	28.922	0.00
0.00	-30125.07	-40000.43	-2.82969	-30125.07	-40000.43	-2.82969	28.358	0.00
0.00	-30125.31	-40000.51	-2.82962	-30125.31	-40000.51	-2.82962	28.877	0.00
0.00	-30125.55	-40000.59	-2.82951	-30125.55	-40000.59	-2.82951	29.708	0.00
0.00	-30125.78	-40000.66	-2.82933	-30125.78	-40000.66	-2.82933	29.305	0.00
0.00	-30126.02	-40000.74	-2.82909	-30126.02	-40000.74	-2.82909	28.967	0.00
0.00	-30126.25	-40000.82	-2.82881	-30126.25	-40000.82	-2.82881	28.813	0.00
0.00	-30126.47	-40000.88	-2.82845	-30126.47	-40000.88	-2.82845	28.954	0.00
0.00	-30126.89	-40001.02	-2.82797	-30126.89	-40001.02	-2.82797	29.545	0.00
0.00	-30126.99	-40001.05	-2.82782	-30126.99	-40001.05	-2.82782	29.406	0.00
0.00	-30127.25	-40001.14	-2.82772	-30127.25	-40001.14	-2.82772	29.540	0.00
0.00	-30127.60	-40001.25	-2.82775	-30127.60	-40001.25	-2.82775	30.062	0.00
0.00	-30127.68	-40001.28	-2.82775	-30127.68	-40001.28	-2.82775	30.245	0.00
0.00	-30128.04	-40001.39	-2.82769	-30128.04	-40001.39	-2.82769	28.804	0.00
0.00	-30128.17	-40001.44	-2.82767	-30128.17	-40001.44	-2.82767	29.468	0.00
0.00	-30128.40	-40001.51	-2.82761	-30128.40	-40001.51	-2.82761	30.167	0.00
0.00	-30128.65	-40001.59	-2.82738	-30128.65	-40001.59	-2.82738	30.165	0.00
0.00	-30128.89	-40001.67	-2.82716	-30128.89	-40001.67	-2.82716	29.700	0.00
0.00	-30129.13	-40001.74	-2.82703	-30129.13	-40001.74	-2.82703	29.755	0.00
0.00	-30129.36	-40001.82	-2.82688	-30129.36	-40001.82	-2.82688	30.883	0.00
0.00	-30129.59	-40001.89	-2.82668	-30129.59	-40001.89	-2.82668	31.166	0.00
0.00	-30129.81	-40001.96	-2.82641	-30129.81	-40001.96	-2.82641	29.613	0.00
0.00	-30130.05	-40002.04	-2.82605	-30130.05	-40002.04	-2.82605	29.929	0.00
0.00	-30130.28	-40002.11	-2.82569	-30130.28	-40002.11	-2.82569	30.434	0.00
0.00	-30130.52	-40002.19	-2.82544	-30130.52	-40002.19	-2.82544	31.204	0.00
0.00	-30130.75	-40002.26	-2.82527	-30130.75	-40002.26	-2.82527	30.255	0.00
0.00	-30130.98	-40002.34	-2.82518	-30130.98	-40002.34	-2.82518	30.714	0.00
0.00	-30131.22	-40002.41	-2.82512	-30131.22	-40002.41	-2.82512	30.331	0.00
0.00	-30131.48	-40002.50	-2.82504	-30131.48	-40002.50	-2.82504	31.860	0.00
0.00	-30131.74	-40002.58	-2.82490	-30131.74	-40002.58	-2.82490	30.839	0.00
0.00	-30131.97	-40002.66	-2.82460	-30131.97	-40002.66	-2.82460	29.734	0.00
0.00	-30132.23	-40002.74	-2.82423	-30132.23	-40002.74	-2.82423	30.760	0.00
0.00	-30132.37	-40002.79	-2.82409	-30132.37	-40002.79	-2.82409	32.265	0.00
0.00	-30132.58	-40002.85	-2.82397	-30132.58	-40002.85	-2.82397	30.865	0.00
0.00	-30132.80	-40002.93	-2.82381	-30132.80	-40002.93	-2.82381	31.636	0.00
0.00	-30133.04	-40003.00	-2.82364	-30133.04	-40003.00	-2.82364	30.825	0.00
0.00	-30133.56	-40003.17	-2.82345	-30133.56	-40003.17	-2.82345	31.972	0.00
0.00	-30133.61	-40003.19	-2.82345	-30133.61	-40003.19	-2.82345	30.234	0.00
0.00	-30133.73	-40003.23	-2.82348	-30133.73	-40003.23	-2.82348	31.600	0.00
0.00	-30133.98	-40003.31	-2.82345	-30133.98	-40003.31	-2.82345	31.306	0.00
0.00	-30134.35	-40003.43	-2.82340	-30134.35	-40003.43	-2.82340	31.356	0.00
0.00	-30134.45	-40003.46	-2.82332	-30134.45	-40003.46	-2.82332	32.009	0.00
0.00	-30134.69	-40003.54	-2.82308	-30134.69	-40003.54	-2.82308	30.671	0.00
0.00	-30134.90	-40003.61	-2.82291	-30134.90	-40003.61	-2.82291	31.961	0.00
0.00	-30135.15	-40003.69	-2.82263	-30135.15	-40003.69	-2.82263	32.212	0.00
0.00	-30135.37	-40003.77	-2.82240	-30135.37	-40003.77	-2.82240	32.306	0.00
0.00	-30135.62	-40003.85	-2.82220	-30135.62	-40003.85	-2.82220	32.136	0.00
0.00	-30135.87	-40003.93	-2.82209	-30135.87	-40003.93	-2.82209	32.052	0.00
0.00	-30136.14	-40004.02	-2.82205	-30136.14	-40004.02	-2.82205	33.699	0.00
0.00	-30136.40	-40004.11	-2.82205	-30136.40	-40004.11	-2.82205	31.895	0.00
0.00	-30136.64	-40004.18	-2.82211	-30136.64	-40004.18	-2.82211	31.007	0.00
0.00	-30136.84	-40004.25	-2.82230	-30136.84	-40004.25	-2.82230	31.856	0.00
0.00	-30137.12	-40004.34	-2.82250	-30137.12	-40004.34	-2.82250	32.517	0.00
0.00	-30137.24	-40004.38	-2.82267	-30137.24	-40004.38	-2.82267	32.536	0.00
0.00	-30137.54	-40004.48	-2.82307	-30137.54	-40004.48	-2.82307	31.975	0.00
0.00	-30137.71	-40004.54	-2.82345	-30137.71	-40004.54	-2.82345	32.313	0.00
0.00	-30138.01	-40004.64	-2.82387	-30138.01	-40004.64	-2.82387	33.185	0.00
0.00	-30138.19	-40004.70	-2.82419	-30138.19	-40004.70	-2.82419	31.563	0.00
0.00	-30138.49	-40004.80	-2.82455	-30138.49	-40004.80	-2.82455	31.523	0.00
0.00	-30138.66	-40004.85	-2.82463	-30138.66	-40004.85	-2.82463	32.659	0.00
0.00	-30138.92	-40004.94	-2.82473	-30138.92	-40004.94	-2.82473	33.436	0.00
0.00	-30139.40	-40005.10	-2.82468	-30139.40	-40005.10	-2.82468	31.649	0.00
0.00	-30139.48	-40005.13	-2.82466	-30139.48	-40005.13	-2.82466	33.422	0.00
0.00	-30139.67	-40005.19	-2.82464	-30139.67	-40005.19	-2.82464	33.550	0.00
0.00	-30139.92	-40005.27	-2.82478	-30139.92	-40005.27	-2.82478	34.170	0.00
0.00	-30140.16	-40005.35	-2.82479	-30140.16	-40005.35	-2.82479	35.927	0.00
0.00	-30140.40	-40005.43	-2.82486	-30140.40	-40005.43	-2.82486	33.054	0.00
0.00	-30140.68	-40005.53	-2.82471	-30140.68	-40005.53	-2.82471	33.422	0.00
0.00	-30140.97	-40005.62	-2.82466	-30140.97	-40005.62	-2.82466	33.041	0.00
0.00	-30141.23	-40005.71	-2.82446	-30141.23	-40005.71	-2.82446	36.852	0.00
0.00	-30141.46	-40005.78	-2.82448	-30141.46	-40005.78	-2.82448	33.376	0.00
0.00	-30141.65	-40005.85	-2.82433	-30141.65	-40005.85	-2.82433	32.709	0.00
0.00	-30141.88	-40005.93	-2.82440	-30141.88	-40005.93	-2.82440	32.837	0.00
0.00	-30142.10	-40006.00	-2.82432	-30142.10	-40006.00	-2.82432	33.724	0.00
0.00	-30142.39	-40006.09	-2.82449	-30142.39	-40006.09	-2.82449	35.619	0.00
0.00	-30142.54	-40006.14	-2.82443	-30142.54	-40006.14	-2.82443	37.354	0.00
0.00	-30142.85	-40006.25	-2.82446	-30142.85	-40006.25	-2.82446	35.572	0.00
0.00	-30143.04	-40006.31	-2.82449	-30143.04	-40006.31	-2.82449	35.215	0.00
0.00	-30143.35	-40006.41	-2.82456	-30143.35	-40006.41	-2.82456	37.934	0.00
0.00	-30143.54	-40006.47	-2.82457	-30143.54	-40006.47	-2.82457	38.674	0.00
0.00	-30143.85	-40006.57	-2.82458	-30143.85	-40006.57	-2.82458	40.755	0.00
0.00	-30144.04	-40006.64	-2.82459	-30144.04	-40006.64	-2.82459	35.331	0.00
0.00	-30144.35	-40006.74	-2.82458	-30144.35	-40006.74	-2.82458	33.707	0.00
0.00	-30144.80	-40006.89	-2.82463	-30144.80	-40006.89	-2.82463	33.537	0.00
0.00	-30144.88	-40006.91	-2.82465	-30144.88	-40006.91	-2.82465	34.489	0.00
0.00	-30145.08	-40006.98	-2.82472	-30145.08	-40006.98	-2.82472	34.609	0.00
0.00	-30145.33	-40007.06	-2.82483	-30145.33	-40007.06	-2.82483	35.686	0.00
0.00	-30145.61	-40007.15	-2.82512	-30145.61	-40007.15	-2.82512	37.468	0.00
0.00	-30145.91	-40007.25	-2.82531	-30145.91	-40007.25	-2.82531	37.902	0.00
0.00	-30146.18	-40007.33	-2.82555	-30146.18	-40007.33	-2.82555	35.022	0.00
0.00	-30146.41	-40007.41	-2.82575	-30146.41	-40007.41	-2.82575	33.858	0.00
0.00	-30146.63	-40007.48	-2.82603	-30146.63	-40007.48	-2.82603	35.073	0.00
0.00	-30146.87	-40007.56	-2.82625	-30146.87	-40007.56	-2.82625	34.533	0.00
0.00	-30147.10	-40007.63	-2.82663	-30147.10	-40007.63	-2.82663	35.356	0.00
0.00	-30147.37	-40007.72	-2.82683	-30147.37	-40007.72	-2.82683	35.117	0.00
0.00	-30147.63	-40007.80	-2.82721	-30147.63	-40007.80	-2.82721	34.262	0.00
0.00	-30147.96	-40007.91	-2.82729	-30147.96	-40007.91	-2.82729	35.309	0.00
0.00	-30148.12	-40007.96	-2.82752	-30148.12	-40007.96	-2.82752	35.218	0.00
0.00	-30148.40	-40008.05	-2.82753	-30148.40	-40008.05	-2.82753	34.694	0.00
0.00	-30148.65	-40008.13	-2.82760	-30148.65	-40008.13	-2.82760	37.061	0.00
0.00	-30148.98	-40008.23	-2.82741	-30148.98	-40008.23	-2.82741	36.957	0.00
0.00	-30149.16	-40008.29	-2.82717	-30149.16	-40008.29	-2.82717	36.339	0.00
0.00	-30149.47	-40008.39	-2.82682	-30149.47	-40008.39	-2.82682	35.830	0.00
0.00	-30149.65	-40008.45	-2.82661	-30149.65	-40008.45	-2.82661	36.948	0.00
0.00	-30149.98	-40008.56	-2.82626	-30149.98	-40008.56	-2.82626	36.804	0.00
0.00	-30150.20	-40008.63	-2.82591	-30150.20	-40008.63	-2.82591	36.026	0.00
0.00	-30150.45	-40008.71	-2.82535	-30150.45	-40008.71	-2.82535	38.953	0.00
0.00	-30150.73	-40008.80	-2.82464	-30150.73	-40008.80	-2.82464	40.161	0.00
0.00	-30151.01	-40008.89	-2.82381	-30151.01	-40008.89	-2.82381	41.810	0.00
0.00	-30151.24	-40008.97	-2.82309	-30151.24	-40008.97	-2.82309	37.192	0.00
0.00	-30151.50	-40009.06	-2.82247	-30151.50	-40009.06	-2.82247	35.559	0.00
0.00	-30151.73	-40009.13	-2.82209	-30151.73	-40009.13	-2.82209	39.600	0.00
0.00	-30151.99	-40009.22	-2.82179	-30151.99	-40009.22	-2.82179	44.311	0.00
0.00	-30152.22	-40009.29	-2.82147	-30152.22	-40009.29	-2.82147	41.930	0.00
0.00	-30152.48	-40009.38	-2.82104	-30152.48	-40009.38	-2.82104	36.246	0.00
0.00	-30152.70	-40009.45	-2.82046	-30152.70	-40009.45	-2.82046	36.527	0.00
0.00	-30152.97	-40009.54	-2.81983	-30152.97	-40009.54	-2.81983	36.736	0.00
0.00	-30153.19	-40009.62	-2.81916	-30153.19	-40009.62	-2.81916	36.105	0.00
0.00	-30153.71	-40009.79	-2.81811	-30153.71	-40009.79	-2.81811	36.597	0.00
0.00	-30153.84	-40009.83	-2.81772	-30153.84	-40009.83	-2.81772	37.394	0.00
0.00	-30153.99	-40009.88	-2.81717	-30153.99	-40009.88	-2.81717	39.852	0.00
0.00	-30154.09	-40009.92	-2.81651	-30154.09	-40009.92	-2.81651	38.354	0.00
0.00	-30154.44	-40010.04	-2.81582	-30154.44	-40010.04	-2.81582	36.068	0.00
0.00	-30154.63	-40010.10	-2.81501	-30154.63	-40010.10	-2.81501	37.786	0.00
0.00	-30154.94	-40010.21	-2.81410	-30154.94	-40010.21	-2.81410	36.601	0.00
0.00	-30155.12	-40010.27	-2.81326	-30155.12	-40010.27	-2.81326	36.719	0.00
0.00	-30155.43	-40010.38	-2.81253	-30155.43	-40010.38	-2.81253	36.720	0.00
0.00	-30155.61	-40010.44	-2.81187	-30155.61	-40010.44	-2.81187	37.956	0.00
0.00	-30155.97	-40010.56	-2.81126	-30155.97	-40010.56	-2.81126	48.998	0.00
0.00	-30156.39	-40010.71	-2.81032	-30156.39	-40010.71	-2.81032	37.986	0.00
0.00	-30156.49	-40010.74	-2.80983	-30156.49	-40010.74	-2.80983	37.458	0.00
0.00	-30156.67	-40010.80	-2.80934	-30156.67	-40010.80	-2.80934	37.763	0.00
0.00	-30156.93	-40010.89	-2.80879	-30156.93	-40010.89	-2.80879	38.276	0.00
0.00	-30157.17	-40010.97	-2.80821	-30157.17	-40010.97	-2.80821	39.218	0.00
0.00	-30157.43	-40011.06	-2.80776	-30157.43	-40011.06	-2.80776	37.219	0.00
0.00	-30157.66	-40011.14	-2.80743	-30157.66	-40011.14	-2.80743	38.583	0.00
0.00	-30157.91	-40011.23	-2.80718	-30157.91	-40011.23	-2.80718	38.976	0.00
0.00	-30158.15	-40011.31	-2.80697	-30158.15	-40011.31	-2.80697	38.522	0.00
0.00	-30158.41	-40011.40	-2.80675	-30158.41	-40011.40	-2.80675	38.010	0.00
0.00	-30158.64	-40011.48	-2.80653	-30158.64	-40011.48	-2.80653	40.353	0.00
0.00	-30158.90	-40011.58	-2.80630	-30158.90	-40011.58	-2.80630	38.222	0.00
0.00	-30159.12	-40011.65	-2.80603	-30159.12	-40011.65	-2.80603	39.432	0.00
0.00	-30159.39	-40011.75	-2.80580	-30159.39	-40011.75	-2.80580	37.680	0.00
0.00	-30159.63	-40011.83	-2.80549	-30159.63	-40011.83	-2.80549	39.473	0.00
0.00	-30159.90	-40011.92	-2.80525	-30159.90	-40011.92	-2.80525	39.411	0.00
0.00	-30160.13	-40012.01	-2.80507	-30160.13	-40012.01	-2.80507	38.582	0.00
0.00	-30160.46	-40012.12	-2.80510	-30160.46	-40012.12	-2.80510	38.672	0.00
0.00	-30160.68	-40012.20	-2.80516	-30160.68	-40012.20	-2.80516	37.778	0.00
0.00	-30161.03	-40012.32	-2.80528	-30161.03	-40012.32	-2.80528	38.691	0.00
0.00	-30161.22	-40012.39	-2.80540	-30161.22	-40012.39	-2.80540	38.748	0.00
0.00	-30161.52	-40012.49	-2.80563	-30161.52	-40012.49	-2.80563	37.033	0.00
0.00	-30161.72	-40012.56	-2.80589	-30161.72	-40012.56	-2.80589	41.876	0.00
0.00	-30161.97	-40012.65	-2.80625	-30161.97	-40012.65	-2.80625	37.721	0.00
0.00	-30162.17	-40012.72	-2.80650	-30162.17	-40012.72	-2.80650	38.853	0.00
0.00	-30162.44	-40012.81	-2.80676	-30162.44	-40012.81	-2.80676	39.603	0.00
0.00	-30162.67	-40012.90	-2.80698	-30162.67	-40012.90	-2.80698	41.290	0.00
0.00	-30162.93	-40012.99	-2.80719	-30162.93	-40012.99	-2.80719	39.577	0.00
0.00	-30163.17	-40013.07	-2.80732	-30163.17	-40013.07	-2.80732	38.909	0.00
0.00	-30163.43	-40013.16	-2.80759	-30163.43	-40013.16	-2.80759	39.138	0.00
0.00	-30163.66	-40013.24	-2.80786	-30163.66	-40013.24	-2.80786	41.270	0.00
0.00	-30164.11	-40013.40	-2.80835	-30164.11	-40013.40	-2.80835	40.324	0.00
0.00	-30164.01	-40013.36	-2.80848	-30164.01	-40013.36	-2.80848	39.932	0.00
0.00	-30164.45	-40013.51	-2.80869	-30164.45	-40013.51	-2.80869	39.432	0.00
0.00	-30164.60	-40013.57	-2.80900	-30164.60	-40013.57	-2.80900	47.215	0.00
0.00	-30164.93	-40013.68	-2.80939	-30164.93	-40013.68	-2.80939	40.228	0.00
0.00	-30165.11	-40013.74	-2.80982	-30165.11	-40013.74	-2.80982	39.292	0.00
0.00	-30165.43	-40013.85	-2.81030	-30165.43	-40013.85	-2.81030	38.937	0.00
0.00	-30165.74	-40013.96	-2.81091	-30165.74	-40013.96	-2.81091	38.948	0.00
0.00	-30166.02	-40014.05	-2.81155	-30166.02	-40014.05	-2.81155	39.967	0.00
0.00	-30166.28	-40014.14	-2.81219	-30166.28	-40014.14	-2.81219	40.754	0.00
0.00	-30166.57	-40014.24	-2.81264	-30166.57	-40014.24	-2.81264	39.104	0.00
0.00	-30166.72	-40014.29	-2.81305	-30166.72	-40014.29	-2.81305	40.209	0.00
0.00	-30167.03	-40014.40	-2.81356	-30167.03	-40014.40	-2.81356	39.946	0.00
0.00	-30167.20	-40014.46	-2.81426	-30167.20	-40014.46	-2.81426	40.777	0.00
0.00	-30167.52	-40014.56	-2.81491	-30167.52	-40014.56	-2.81491	39.741	0.00
0.00	-30167.75	-40014.64	-2.81570	-30167.75	-40014.64	-2.81570	40.433	0.00
0.00	-30168.01	-40014.73	-2.81648	-30168.01	-40014.73	-2.81648	40.236	0.00
0.00	-30168.25	-40014.81	-2.81734	-30168.25	-40014.81	-2.81734	39.768	0.00
0.00	-30168.49	-40014.89	-2.81799	-30168.49	-40014.89	-2.81799	41.021	0.00
0.00	-30168.75	-40014.97	-2.81869	-30168.75	-40014.97	-2.81869	46.775	0.00
0.00	-30169.01	-40015.06	-2.81918	-30169.01	-40015.06	-2.81918	41.480	0.00
0.00	-30169.25	-40015.14	-2.81992	-30169.25	-40015.14	-2.81992	48.080	0.00
0.00	-30169.78	-40015.31	-2.82089	-30169.78	-40015.31	-2.82089	40.728	0.00
0.00	-30169.92	-40015.36	-2.82135	-30169.92	-40015.36	-2.82135	39.989	0.00
0.00	-30170.05	-40015.40	-2.82198	-30170.05	-40015.40	-2.82198	41.493	0.00
0.00	-30170.16	-40015.43	-2.82259	-30170.16	-40015.43	-2.82259	41.681	0.00
0.00	-30170.58	-40015.57	-2.82318	-30170.58	-40015.57	-2.82318	40.195	0.00
0.00	-30170.74	-40015.62	-2.82374	-30170.74	-40015.62	-2.82374	42.723	0.00
0.00	-30171.01	-40015.71	-2.82422	-30171.01	-40015.71	-2.82422	40.737	0.00
0.00	-30171.28	-40015.80	-2.82490	-30171.28	-40015.80	-2.82490	41.993	0.00
0.00	-30171.54	-40015.88	-2.82541	-30171.54	-40015.88	-2.82541	41.461	0.00
0.00	-30171.78	-40015.96	-2.82616	-30171.78	-40015.96	-2.82616	41.969	0.00
0.00	-30172.09	-40016.06	-2.82668	-30172.09	-40016.06	-2.82668	47.392	0.00
0.00	-30172.28	-40016.12	-2.82723	-30172.28	-40016.12	-2.82723	42.670	0.00
0.00	-30172.60	-40016.22	-2.82763	-30172.60	-40016.22	-2.82763	41.890	0.00
0.00	-30172.79	-40016.28	-2.82814	-30172.79	-40016.28	-2.82814	42.591	0.00
0.00	-30173.10	-40016.38	-2.82856	-30173.10	-40016.38	-2.82856	42.254	0.00
0.00	-30173.28	-40016.44	-2.82905	-30173.28	-40016.44	-2.82905	43.535	0.00
0.00	-30173.60	-40016.54	-2.82944	-30173.60	-40016.54	-2.82944	42.287	0.00
0.00	-30173.84	-40016.62	-2.82992	-30173.84	-40016.62	-2.82992	43.522	0.00
0.00	-30174.09	-40016.70	-2.83031	-30174.09	-40016.70	-2.83031	50.101	0.00
0.00	-30174.34	-40016.78	-2.83080	-30174.34	-40016.78	-2.83080	43.562	0.00
0.00	-30174.60	-40016.86	-2.83121	-30174.60	-40016.86	-2.83121	49.327	0.00
0.00	-30174.84	-40016.94	-2.83163	-30174.84	-40016.94	-2.83163	43.918	0.00
0.00	-30175.20	-40017.06	-2.83200	-30175.20	-40017.06	-2.83200	43.493	0.00
0.00	-30175.26	-40017.07	-2.83230	-30175.26	-40017.07	-2.83230	42.271	0.00
0.00	-30175.57	-40017.17	-2.83262	-30175.57	-40017.17	-2.83262	44.138	0.00
0.00	-30175.80	-40017.25	-2.83300	-30175.80	-40017.25	-2.83300	51.576	0.00
0.00	-30176.10	-40017.34	-2.83338	-30176.10	-40017.34	-2.83338	43.104	0.00
0.00	-30176.39	-40017.43	-2.83366	-30176.39	-40017.43	-2.83366	43.661	0.00
0.00	-30176.64	-40017.51	-2.83393	-30176.64	-40017.51	-2.83393	41.350	0.00
0.00	-30176.87	-40017.59	-2.83413	-30176.87	-40017.59	-2.83413	44.152	0.00
0.00	-30177.16	-40017.68	-2.83438	-30177.16	-40017.68	-2.83438	43.113	0.00
0.00	-30177.42	-40017.76	-2.83461	-30177.42	-40017.76	-2.83461	44.991	0.00
0.00	-30177.70	-40017.85	-2.83484	-30177.70	-40017.85	-2.83484	43.319	0.00
0.00	-30177.95	-40017.93	-2.83502	-30177.95	-40017.93	-2.83502	44.239	0.00
0.00	-30178.27	-40018.03	-2.83522	-30178.27	-40018.03	-2.83522	42.490	0.00
0.00	-30178.45	-40018.09	-2.83543	-30178.45	-40018.09	-2.83543	50.822	0.00
0.00	-30178.78	-40018.19	-2.83554	-30178.78	-40018.19	-2.83554	44.878	0.00
0.00	-30178.96	-40018.25	-2.83552	-30178.96	-40018.25	-2.83552	44.289	0.00
0.00	-30179.29	-40018.36	-2.83557	-30179.29	-40018.36	-2.83557	44.114	0.00
0.00	-30179.53	-40018.43	-2.83561	-30179.53	-40018.43	-2.83561	44.172	0.00
0.00	-30179.79	-40018.51	-2.83573	-30179.79	-40018.51	-2.83573	42.869	0.00
0.00	-30180.03	-40018.59	-2.83585	-30180.03	-40018.59	-2.83585	44.260	0.00
0.00	-30180.31	-40018.68	-2.83606	-30180.31	-40018.68	-2.83606	44.381	0.00
0.00	-30180.55	-40018.75	-2.83611	-30180.55	-40018.75	-2.83611	45.818	0.00
0.00	-30180.84	-40018.85	-2.83624	-30180.84	-40018.85	-2.83624	43.404	0.00
0.00	-30181.17	-40018.95	-2.83633	-30181.17	-40018.95	-2.83633	44.626	0.00
0.00	-30181.45	-40019.04	-2.83647	-30181.45	-40019.04	-2.83647	43.049	0.00
0.00	-30181.66	-40019.11	-2.83649	-30181.66	-40019.11	-2.83649	44.685	0.00
0.00	-30181.93	-40019.19	-2.83652	-30181.93	-40019.19	-2.83652	43.600	0.00
0.00	-30182.14	-40019.26	-2.83648	-30182.14	-40019.26	-2.83648	44.589	0.00
0.00	-30182.41	-40019.34	-2.83656	-30182.41	-40019.34	-2.83656	42.907	0.00
0.00	-30182.64	-40019.42	-2.83656	-30182.64	-40019.42	-2.83656	45.920	0.00
0.00	-30182.91	-40019.50	-2.83658	-30182.91	-40019.50	-2.83658	45.026	0.00
0.00	-30183.15	-40019.58	-2.83642	-30183.15	-40019.58	-2.83642	53.970	0.00
0.00	-30183.50	-40019.69	-2.83630	-30183.50	-40019.69	-2.83630	44.377	0.00
0.00	-30183.67	-40019.74	-2.83621	-30183.67	-40019.74	-2.83621	45.160	0.00
0.00	-30183.99	-40019.84	-2.83617	-30183.99	-40019.84	-2.83617	54.134	0.00
0.00	-30184.18	-40019.91	-2.83598	-30184.18	-40019.91	-2.83598	44.795	0.00
0.00	-30184.51	-40020.01	-2.83584	-30184.51	-40020.01	-2.83584	43.358	0.00
0.00	-30184.69	-40020.07	-2.83561	-30184.69	-40020.07	-2.83561	45.969	0.00
0.00	-30185.03	-40020.17	-2.83542	-30185.03	-40020.17	-2.83542	44.589	0.00
0.00	-30185.49	-40020.32	-2.83517	-30185.49	-40020.32	-2.83517	43.363	0.00
0.00	-30185.62	-40020.36	-2.83504	-30185.62	-40020.36	-2.83504	45.608	0.00
0.00	-30185.81	-40020.42	-2.83498	-30185.81	-40020.42	-2.83498	45.479	0.00
0.00	-30186.25	-40020.56	-2.83496	-30186.25	-40020.56	-2.83496	45.574	0.00
0.00	-30186.41	-40020.61	-2.83499	-30186.41	-40020.61	-2.83499	45.139	0.00
0.00	-30187.00	-40020.79	-2.83471	-30187.00	-40020.79	-2.83471	47.829	0.00
0.00	-30187.02	-40020.80	-2.83462	-30187.02	-40020.80	-2.83462	46.184	0.00
0.00	-30187.23	-40020.87	-2.83453	-30187.23	-40020.87	-2.83453	47.883	0.00
0.00	-30187.54	-40020.96	-2.83439	-30187.54	-40020.96	-2.83439	45.175	0.00
0.00	-30187.83	-40021.05	-2.83452	-30187.83	-40021.05	-2.83452	49.541	0.00
0.00	-30188.12	-40021.15	-2.83459	-30188.12	-40021.15	-2.83459	49.674	0.00
0.00	-30188.39	-40021.23	-2.83474	-30188.39	-40021.23	-2.83474	49.017	0.00
0.00	-30188.67	-40021.32	-2.83467	-30188.67	-40021.32	-2.83467	48.769	0.00
0.00	-30188.91	-40021.39	-2.83470	-30188.91	-40021.39	-2.83470	54.880	0.00
0.00	-30189.25	-40021.50	-2.83448	-30189.25	-40021.50	-2.83448	45.939	0.00
0.00	-30189.43	-40021.55	-2.83448	-30189.43	-40021.55	-2.83448	47.839	0.00
0.00	-30189.71	-40021.64	-2.83443	-30189.71	-40021.64	-2.83443	46.184	0.00
0.00	-30189.95	-40021.72	-2.83464	-30189.95	-40021.72	-2.83464	44.726	0.00
0.00	-30190.20	-40021.80	-2.83457	-30190.20	-40021.80	-2.83457	51.450	0.00
0.00	-30190.44	-40021.87	-2.83479	-30190.44	-40021.87	-2.83479	48.683	0.00
0.00	-30190.71	-40021.96	-2.83462	-30190.71	-40021.96	-2.83462	45.828	0.00
0.00	-30190.91	-40022.02	-2.83459	-30190.91	-40022.02	-2.83459	49.118	0.00
0.00	-30191.24	-40022.12	-2.83451	-30191.24	-40022.12	-2.83451	54.851	0.00
0.00	-30191.64	-40022.24	-2.83446	-30191.64	-40022.24	-2.83446	49.533	0.00
0.00	-30191.91	-40022.33	-2.83456	-30191.91	-40022.33	-2.83456	48.592	0.00
0.00	-30192.10	-40022.39	-2.83477	-30192.10	-40022.39	-2.83477	47.324	0.00
0.00	-30192.12	-40022.39	-2.83491	-30192.12	-40022.39	-2.83491	52.623	0.00
0.00	-30192.65	-40022.56	-2.83496	-30192.65	-40022.56	-2.83496	46.036	0.00
0.00	-30192.84	-40022.62	-2.83497	-30192.84	-40022.62	-2.83497	47.019	0.00
0.00	-30193.06	-40022.69	-2.83487	-30193.06	-40022.69	-2.83487	48.309	0.00
0.00	-30193.31	-40022.77	-2.83470	-30193.31	-40022.77	-2.83470	48.255	0.00
0.00	-30193.52	-40022.83	-2.83453	-30193.52	-40022.83	-2.83453	47.525	0.00
0.00	-30193.74	-40022.90	-2.83444	-30193.74	-40022.90	-2.83444	50.834	0.00
0.00	-30194.15	-40023.03	-2.83451	-30194.15	-40023.03	-2.83451	48.373	0.00
0.00	-30194.37	-40023.11	-2.83466	-30194.37	-40023.11	-2.83466	53.769	0.00
0.00	-30194.62	-40023.18	-2.83472	-30194.62	-40023.18	-2.83472	47.404	0.00
0.00	-30194.85	-40023.26	-2.83465	-30194.85	-40023.26	-2.83465	47.876	0.00
0.00	-30194.89	-40023.27	-2.83452	-30194.89	-40023.27	-2.83452	47.959	0.00
0.00	-30195.42	-40023.44	-2.83433	-30195.42	-40023.44	-2.83433	50.917	0.00
0.00	-30195.64	-40023.51	-2.83400	-30195.64	-40023.51	-2.83400	49.025	0.00
0.00	-30195.88	-40023.59	-2.83374	-30195.88	-40023.59	-2.83374	54.833	0.00
0.00	-30196.15	-40023.67	-2.83369	-30196.15	-40023.67	-2.83369	49.504	0.00
0.00	-30196.47	-40023.78	-2.83371	-30196.47	-40023.78	-2.83371	48.993	0.00
0.00	-30196.78	-40023.87	-2.83362	-30196.78	-40023.87	-2.83362	58.849	0.00
0.00	-30197.10	-40023.98	-2.83323	-30197.10	-40023.98	-2.83323	57.485	0.00
0.00	-30197.35	-40024.06	-2.83266	-30197.35	-40024.06	-2.83266	53.878	0.00
0.00	-30197.71	-40024.17	-2.83208	-30197.71	-40024.17	-2.83208	55.770	0.00
0.00	-30197.86	-40024.22	-2.83159	-30197.86	-40024.22	-2.83159	50.260	0.00
0.00	-30197.86	-40024.22	-2.83159	-30197.86	-40024.22	-2.83159	47.582	0.00
0.00	-30198.52	-40024.43	-2.83121	-30198.52	-40024.43	-2.83121	48.902	0.00
0.00	-30198.48	-40024.42	-2.83114	-30198.48	-40024.42	-2.83114	58.321	0.00
0.00	-30198.75	-40024.51	-2.83110	-30198.75	-40024.51	-2.83110	49.605	0.00
0.00	-30199.15	-40024.64	-2.83095	-30199.15	-40024.64	-2.83095	49.732	0.00
0.00	-30199.43	-40024.73	-2.83072	-30199.43	-40024.73	-2.83072	48.865	0.00
0.00	-30199.70	-40024.81	-2.83057	-30199.70	-40024.81	-2.83057	58.196	0.00
0.00	-30200.04	-40024.92	-2.83049	-30200.04	-40024.92	-2.83049	59.636	0.00
0.00	-30200.30	-40025.01	-2.83051	-30200.30	-40025.01	-2.83051	55.646	0.00
0.00	-30200.64	-40025.12	-2.83050	-30200.64	-40025.12	-2.83050	49.451	0.00
0.00	-30200.85	-40025.18	-2.83046	-30200.85	-40025.18	-2.83046	49.870	0.00
0.00	-30201.18	-40025.29	-2.83027	-30201.18	-40025.29	-2.83027	56.610	0.00
0.00	-30201.46	-40025.38	-2.83008	-30201.46	-40025.38	-2.83008	55.294	0.00
0.00	-30201.96	-40025.54	-2.82992	-30201.96	-40025.54	-2.82992	55.980	0.00
0.00	-30202.24	-40025.63	-2.82978	-30202.24	-40025.63	-2.82978	54.883	0.00
0.00	-30202.41	-40025.68	-2.82972	-30202.41	-40025.68	-2.82972	54.947	0.00
0.00	-30202.68	-40025.77	-2.82967	-30202.68	-40025.77	-2.82967	53.818	0.00
0.00	-30202.91	-40025.84	-2.82957	-30202.91	-40025.84	-2.82957	60.492	0.00
0.00	-30203.22	-40025.94	-2.82940	-30203.22	-40025.94	-2.82940	49.799	0.00
0.00	-30203.45	-40026.02	-2.82931	-30203.45	-40026.02	-2.82931	52.061	0.00
0.00	-30203.75	-40026.11	-2.82918	-30203.75	-40026.11	-2.82918	50.416	0.00
0.00	-30203.95	-40026.18	-2.82919	-30203.95	-40026.18	-2.82919	49.890	0.00
0.00	-30204.29	-40026.29	-2.82927	-30204.29	-40026.29	-2.82927	59.883	0.00
0.00	-30204.49	-40026.35	-2.82936	-30204.49	-40026.35	-2.82936	58.337	0.00
0.00	-30204.95	-40026.50	-2.82938	-30204.95	-40026.50	-2.82938	51.177	0.00
0.00	-30205.01	-40026.52	-2.82937	-30205.01	-40026.52	-2.82937	59.611	0.00
0.00	-30205.34	-40026.62	-2.82942	-30205.34	-40026.62	-2.82942	59.754	0.00
0.00	-30205.34	-40026.62	-2.82942	-30205.34	-40026.62	-2.82942	49.921	0.00
