0.00	-30100.66	-39965.58	0.35000	-30100.66	-39965.58	0.35000	2.500	0.00
0.00	-30100.70	-39965.43	0.35000	-30100.70	-39965.43	0.35000	2.374	0.00
0.00	-30100.51	-39965.28	0.35015	-30100.51	-39965.28	0.35015	2.124	0.00
0.00	-30100.64	-39964.88	1.33174	-30100.64	-39964.88	1.33174	2.425	0.00
0.00	-30100.80	-39964.64	1.66154	-30100.80	-39964.64	1.66154	2.138	0.00
0.00	-30100.94	-39964.44	1.80796	-30100.94	-39964.44	1.80796	2.301	0.00
0.00	-30101.04	-39964.24	1.86419	-30101.04	-39964.24	1.86419	2.188	0.00
0.00	-30101.12	-39964.04	1.88464	-30101.12	-39964.04	1.88464	2.310	0.00
0.00	-30101.20	-39963.84	1.89009	-30101.20	-39963.84	1.89009	2.276	0.00
0.00	-30101.29	-39963.57	1.89190	-30101.29	-39963.57	1.89190	2.062	0.00
0.00	-30101.37	-39963.31	1.89037	-30101.37	-39963.31	1.89037	2.240	0.00
0.00	-30101.45	-39963.07	1.88809	-30101.45	-39963.07	1.88809	2.416	0.00
0.00	-30101.52	-39962.84	1.88667	-30101.52	-39962.84	1.88667	2.158	0.00
0.00	-30101.58	-39962.65	1.88566	-30101.58	-39962.65	1.88566	2.145	0.00
0.00	-30101.64	-39962.45	1.88459	-30101.64	-39962.45	1.88459	2.160	0.00
0.00	-30101.71	-39962.24	1.88340	-30101.71	-39962.24	1.88340	2.180	0.00
0.00	-30101.77	-39962.02	1.88221	-30101.77	-39962.02	1.88221	2.304	0.00
0.00	-30101.84	-39961.81	1.88107	-30101.84	-39961.81	1.88107	2.264	0.00
0.00	-30101.91	-39961.59	1.87995	-30101.91	-39961.59	1.87995	2.217	0.00
0.00	-30101.97	-39961.37	1.87887	-30101.97	-39961.37	1.87887	2.101	0.00
0.00	-30102.04	-39961.15	1.87713	-30102.04	-39961.15	1.87713	2.195	0.00
0.00	-30102.11	-39960.92	1.87583	-30102.11	-39960.92	1.87583	2.239	0.00
0.00	-30102.17	-39960.70	1.87448	-30102.17	-39960.70	1.87448	2.200	0.00
0.00	-30102.24	-39960.48	1.87308	-30102.24	-39960.48	1.87308	2.283	0.00
0.00	-30102.30	-39960.27	1.87172	-30102.30	-39960.27	1.87172	2.170	0.00
0.00	-30102.36	-39960.05	1.87052	-30102.36	-39960.05	1.87052	2.170	0.00
0.00	-30102.43	-39959.83	1.86953	-30102.43	-39959.83	1.86953	2.213	0.00
0.00	-30102.49	-39959.61	1.86874	-30102.49	-39959.61	1.86874	2.310	0.00
0.00	-30102.55	-39959.40	1.86806	-30102.55	-39959.40	1.86806	2.237	0.00
0.00	-30102.63	-39959.14	1.86751	-30102.63	-39959.14	1.86751	2.188	0.00
0.00	-30102.71	-39958.88	1.86704	-30102.71	-39958.88	1.86704	2.253	0.00
0.00	-30102.78	-39958.65	1.86661	-30102.78	-39958.65	1.86661	2.238	0.00
0.00	-30102.84	-39958.44	1.86615	-30102.84	-39958.44	1.86615	2.043	0.00
0.00	-30102.90	-39958.24	1.86569	-30102.90	-39958.24	1.86569	2.316	0.00
0.00	-30102.99	-39957.93	1.86523	-30102.99	-39957.93	1.86523	2.234	0.00
0.00	-30103.03	-39957.79	1.86501	-30103.03	-39957.79	1.86501	2.215	0.00
0.00	-30103.09	-39957.58	1.86471	-30103.09	-39957.58	1.86471	2.165	0.00
0.00	-30103.14	-39957.40	1.86439	-30103.14	-39957.40	1.86439	2.195	0.00
0.00	-30103.23	-39957.12	1.86405	-30103.23	-39957.12	1.86405	2.125	0.00
0.00	-30103.30	-39956.89	1.86382	-30103.30	-39956.89	1.86382	2.103	0.00
0.00	-30103.36	-39956.67	1.86360	-30103.36	-39956.67	1.86360	2.185	0.00
0.00	-30103.43	-39956.44	1.86343	-30103.43	-39956.44	1.86343	2.105	0.00
0.00	-30103.50	-39956.20	1.86337	-30103.50	-39956.20	1.86337	2.336	0.00
0.00	-30103.57	-39955.96	1.86337	-30103.57	-39955.96	1.86337	2.420	0.00
0.00	-30103.64	-39955.73	1.86329	-30103.64	-39955.73	1.86329	2.186	0.00
0.00	-30103.71	-39955.50	1.86318	-30103.71	-39955.50	1.86318	2.243	0.00
0.00	-30103.78	-39955.27	1.86307	-30103.78	-39955.27	1.86307	2.179	0.00
0.00	-30103.85	-39955.04	1.86290	-30103.85	-39955.04	1.86290	1.994	0.00
0.00	-30103.92	-39954.81	1.86261	-30103.92	-39954.81	1.86261	2.168	0.00
0.00	-30103.99	-39954.54	1.86228	-30103.99	-39954.54	1.86228	2.097	0.00
0.00	-30104.09	-39954.20	1.86182	-30104.09	-39954.20	1.86182	2.266	0.00
0.00	-30104.13	-39954.09	1.86148	-30104.13	-39954.09	1.86148	2.129	0.00
0.00	-30104.20	-39953.84	1.86105	-30104.20	-39953.84	1.86105	2.175	0.00
0.00	-30104.26	-39953.62	1.86075	-30104.26	-39953.62	1.86075	2.246	0.00
0.00	-30104.33	-39953.38	1.86058	-30104.33	-39953.38	1.86058	2.401	0.00
0.00	-30104.41	-39953.13	1.86045	-30104.41	-39953.13	1.86045	2.235	0.00
0.00	-30104.49	-39952.86	1.86022	-30104.49	-39952.86	1.86022	2.175	0.00
0.00	-30104.57	-39952.57	1.85991	-30104.57	-39952.57	1.85991	2.217	0.00
0.00	-30104.64	-39952.32	1.85945	-30104.64	-39952.32	1.85945	2.078	0.00
0.00	-30104.68	-39952.19	1.85913	-30104.68	-39952.19	1.85913	2.126	0.00
0.00	-30104.75	-39951.96	1.85884	-30104.75	-39951.96	1.85884	2.089	0.00
0.00	-30104.82	-39951.73	1.85867	-30104.82	-39951.73	1.85867	2.094	0.00
0.00	-30104.89	-39951.49	1.85856	-30104.89	-39951.49	1.85856	2.254	0.00
0.00	-30104.96	-39951.26	1.85851	-30104.96	-39951.26	1.85851	2.294	0.00
0.00	-30105.02	-39951.02	1.85843	-30105.02	-39951.02	1.85843	2.079	0.00
0.00	-30105.10	-39950.78	1.85817	-30105.10	-39950.78	1.85817	2.221	0.00
0.00	-30105.18	-39950.49	1.85786	-30105.18	-39950.49	1.85786	2.211	0.00
0.00	-30105.26	-39950.22	1.85757	-30105.26	-39950.22	1.85757	2.203	0.00
0.00	-30105.33	-39950.00	1.85735	-30105.33	-39950.00	1.85735	2.440	0.00
0.00	-30105.39	-39949.79	1.85726	-30105.39	-39949.79	1.85726	2.160	0.00
0.00	-30105.45	-39949.57	1.85733	-30105.45	-39949.57	1.85733	2.135	0.00
0.00	-30105.53	-39949.31	1.85749	-30105.53	-39949.31	1.85749	2.113	0.00
0.00	-30105.61	-39949.04	1.85768	-30105.61	-39949.04	1.85768	2.104	0.00
0.00	-30105.68	-39948.78	1.85786	-30105.68	-39948.78	1.85786	2.126	0.00
0.00	-30105.75	-39948.57	1.85804	-30105.75	-39948.57	1.85804	2.088	0.00
0.00	-30105.81	-39948.36	1.85827	-30105.81	-39948.36	1.85827	2.173	0.00
0.00	-30105.87	-39948.14	1.85844	-30105.87	-39948.14	1.85844	2.109	0.00
0.00	-30105.94	-39947.93	1.85860	-30105.94	-39947.93	1.85860	2.174	0.00
0.00	-30106.00	-39947.71	1.85868	-30106.00	-39947.71	1.85868	2.080	0.00
0.00	-30106.07	-39947.48	1.85866	-30106.07	-39947.48	1.85866	2.269	0.00
0.00	-30106.18	-39947.13	1.85863	-30106.18	-39947.13	1.85863	2.166	0.00
0.00	-30106.22	-39947.00	1.85866	-30106.22	-39947.00	1.85866	2.138	0.00
0.00	-30106.28	-39946.77	1.85882	-30106.28	-39946.77	1.85882	2.160	0.00
0.00	-30106.36	-39946.53	1.85909	-30106.36	-39946.53	1.85909	2.062	0.00
0.00	-30106.43	-39946.29	1.85946	-30106.43	-39946.29	1.85946	2.200	0.00
0.00	-30106.50	-39946.06	1.85975	-30106.50	-39946.06	1.85975	2.138	0.00
0.00	-30106.57	-39945.82	1.85992	-30106.57	-39945.82	1.85992	2.198	0.00
0.00	-30106.64	-39945.59	1.86005	-30106.64	-39945.59	1.86005	2.190	0.00
0.00	-30106.73	-39945.30	1.86020	-30106.73	-39945.30	1.86020	3.235	0.00
0.00	-30106.81	-39945.02	1.86038	-30106.81	-39945.02	1.86038	2.223	0.00
0.00	-30106.89	-39944.75	1.86067	-30106.89	-39944.75	1.86067	2.242	0.00
0.00	-30106.96	-39944.53	1.86120	-30106.96	-39944.53	1.86120	2.218	0.00
0.00	-30107.02	-39944.32	1.86181	-30107.02	-39944.32	1.86181	2.209	0.00
0.00	-30107.09	-39944.11	1.86242	-30107.09	-39944.11	1.86242	2.049	0.00
0.00	-30107.16	-39943.88	1.86301	-30107.16	-39943.88	1.86301	2.074	0.00
0.00	-30107.23	-39943.65	1.86352	-30107.23	-39943.65	1.86352	2.103	0.00
0.00	-30107.30	-39943.42	1.86396	-30107.30	-39943.42	1.86396	2.143	0.00
0.00	-30107.37	-39943.18	1.86443	-30107.37	-39943.18	1.86443	2.214	0.00
0.00	-30107.44	-39942.94	1.86504	-30107.44	-39942.94	1.86504	2.205	0.00
0.00	-30107.52	-39942.70	1.86570	-30107.52	-39942.70	1.86570	2.252	0.00
0.00	-30107.59	-39942.46	1.86634	-30107.59	-39942.46	1.86634	2.226	0.00
0.00	-30107.67	-39942.22	1.86689	-30107.67	-39942.22	1.86689	2.387	0.00
0.00	-30107.74	-39941.98	1.86740	-30107.74	-39941.98	1.86740	2.173	0.00
0.00	-30107.85	-39941.63	1.86799	-30107.85	-39941.63	1.86799	2.181	0.00
0.00	-30107.89	-39941.48	1.86841	-30107.89	-39941.48	1.86841	2.338	0.00
0.00	-30107.96	-39941.25	1.86894	-30107.96	-39941.25	1.86894	2.879	0.00
0.00	-30108.02	-39941.07	1.86937	-30108.02	-39941.07	1.86937	2.140	0.00
0.00	-30108.11	-39940.79	1.86991	-30108.11	-39940.79	1.86991	2.261	0.00
0.00	-30108.19	-39940.52	1.87036	-30108.19	-39940.52	1.87036	2.188	0.00
0.00	-30108.28	-39940.24	1.87067	-30108.28	-39940.24	1.87067	2.099	0.00
0.00	-30108.36	-39939.98	1.87090	-30108.36	-39939.98	1.87090	2.166	0.00
0.00	-30108.42	-39939.76	1.87112	-30108.42	-39939.76	1.87112	2.127	0.00
0.00	-30108.49	-39939.55	1.87136	-30108.49	-39939.55	1.87136	2.196	0.00
0.00	-30108.55	-39939.33	1.87167	-30108.55	-39939.33	1.87167	2.263	0.00
0.00	-30108.62	-39939.11	1.87201	-30108.62	-39939.11	1.87201	2.159	0.00
0.00	-30108.69	-39938.88	1.87230	-30108.69	-39938.88	1.87230	2.292	0.00
0.00	-30108.76	-39938.65	1.87252	-30108.76	-39938.65	1.87252	2.265	0.00
0.00	-30108.83	-39938.42	1.87279	-30108.83	-39938.42	1.87279	4.086	0.00
0.00	-30108.90	-39938.19	1.87308	-30108.90	-39938.19	1.87308	2.633	0.00
0.00	-30108.97	-39937.96	1.87339	-30108.97	-39937.96	1.87339	2.386	0.00
0.00	-30109.05	-39937.73	1.87365	-30109.05	-39937.73	1.87365	2.007	0.00
0.00	-30109.12	-39937.49	1.87383	-30109.12	-39937.49	1.87383	2.321	0.00
0.00	-30109.19	-39937.26	1.87392	-30109.19	-39937.26	1.87392	2.412	0.00
0.00	-30109.26	-39937.03	1.87402	-30109.26	-39937.03	1.87402	2.227	0.00
0.00	-30109.33	-39936.80	1.87418	-30109.33	-39936.80	1.87418	2.356	0.00
0.00	-30109.40	-39936.57	1.87434	-30109.40	-39936.57	1.87434	2.307	0.00
0.00	-30109.47	-39936.34	1.87452	-30109.47	-39936.34	1.87452	2.184	0.00
0.00	-30109.56	-39936.08	1.87478	-30109.56	-39936.08	1.87478	2.303	0.00
0.00	-30109.64	-39935.82	1.87508	-30109.64	-39935.82	1.87508	2.092	0.00
0.00	-30109.72	-39935.55	1.87543	-30109.72	-39935.55	1.87543	2.305	0.00
0.00	-30109.80	-39935.29	1.87584	-30109.80	-39935.29	1.87584	2.278	0.00
0.00	-30109.87	-39935.08	1.87622	-30109.87	-39935.08	1.87622	2.169	0.00
0.00	-30109.94	-39934.87	1.87654	-30109.94	-39934.87	1.87654	2.247	0.00
0.00	-30110.00	-39934.65	1.87679	-30110.00	-39934.65	1.87679	2.159	0.00
0.00	-30110.06	-39934.48	1.87698	-30110.06	-39934.48	1.87698	2.227	0.00
0.00	-30110.15	-39934.19	1.87722	-30110.15	-39934.19	1.87722	2.283	0.00
0.00	-30110.23	-39933.93	1.87744	-30110.23	-39933.93	1.87744	2.169	0.00
0.00	-30110.31	-39933.69	1.87764	-30110.31	-39933.69	1.87764	2.328	0.00
0.00	-30110.38	-39933.47	1.87789	-30110.38	-39933.47	1.87789	2.289	0.00
0.00	-30110.45	-39933.24	1.87825	-30110.45	-39933.24	1.87825	2.167	0.00
0.00	-30110.52	-39933.01	1.87873	-30110.52	-39933.01	1.87873	2.490	0.00
0.00	-30110.59	-39932.80	1.87928	-30110.59	-39932.80	1.87928	2.204	0.00
0.00	-30110.67	-39932.57	1.87980	-30110.67	-39932.57	1.87980	2.167	0.00
0.00	-30110.74	-39932.32	1.88024	-30110.74	-39932.32	1.88024	2.204	0.00
0.00	-30110.82	-39932.09	1.88057	-30110.82	-39932.09	1.88057	2.240	0.00
0.00	-30110.88	-39931.89	1.88081	-30110.88	-39931.89	1.88081	2.120	0.00
0.00	-30110.95	-39931.69	1.88102	-30110.95	-39931.69	1.88102	2.283	0.00
0.00	-30111.01	-39931.50	1.88130	-30111.01	-39931.50	1.88130	2.242	0.00
0.00	-30111.12	-39931.14	1.88176	-30111.12	-39931.14	1.88176	2.272	0.00
0.00	-30111.19	-39930.94	1.88216	-30111.19	-39930.94	1.88216	2.254	0.00
0.00	-30111.24	-39930.78	1.88241	-30111.24	-39930.78	1.88241	2.111	0.00
0.00	-30111.32	-39930.55	1.88269	-30111.32	-39930.55	1.88269	2.173	0.00
0.00	-30111.39	-39930.30	1.88288	-30111.39	-39930.30	1.88288	2.224	0.00
0.00	-30111.48	-39930.05	1.88305	-30111.48	-39930.05	1.88305	2.259	0.00
0.00	-30111.55	-39929.82	1.88324	-30111.55	-39929.82	1.88324	2.167	0.00
0.00	-30111.62	-39929.61	1.88348	-30111.62	-39929.61	1.88348	2.159	0.00
0.00	-30111.68	-39929.42	1.88382	-30111.68	-39929.42	1.88382	2.205	0.00
0.00	-30111.74	-39929.23	1.88422	-30111.74	-39929.23	1.88422	2.115	0.00
0.00	-30111.80	-39929.03	1.88467	-30111.80	-39929.03	1.88467	2.208	0.00
0.00	-30111.87	-39928.83	1.88510	-30111.87	-39928.83	1.88510	2.410	0.00
0.00	-30111.94	-39928.61	1.88539	-30111.94	-39928.61	1.88539	2.285	0.00
0.00	-30112.01	-39928.39	1.88554	-30112.01	-39928.39	1.88554	2.247	0.00
0.00	-30112.08	-39928.17	1.88567	-30112.08	-39928.17	1.88567	2.306	0.00
0.00	-30112.15	-39927.96	1.88581	-30112.15	-39927.96	1.88581	2.202	0.00
0.00	-30112.22	-39927.74	1.88602	-30112.22	-39927.74	1.88602	2.160	0.00
0.00	-30112.29	-39927.52	1.88627	-30112.29	-39927.52	1.88627	2.154	0.00
0.00	-30112.36	-39927.31	1.88655	-30112.36	-39927.31	1.88655	2.238	0.00
0.00	-30112.43	-39927.09	1.88691	-30112.43	-39927.09	1.88691	2.360	0.00
0.00	-30112.52	-39926.84	1.88723	-30112.52	-39926.84	1.88723	2.168	0.00
0.00	-30112.60	-39926.59	1.88754	-30112.60	-39926.59	1.88754	2.259	0.00
0.00	-30112.67	-39926.37	1.88782	-30112.67	-39926.37	1.88782	2.310	0.00
0.00	-30112.75	-39926.14	1.88805	-30112.75	-39926.14	1.88805	2.317	0.00
0.00	-30112.86	-39925.78	1.88827	-30112.86	-39925.78	1.88827	2.242	0.00
0.00	-30112.93	-39925.58	1.88842	-30112.93	-39925.58	1.88842	2.149	0.00
0.00	-30112.98	-39925.41	1.88855	-30112.98	-39925.41	1.88855	2.083	0.00
0.00	-30113.05	-39925.21	1.88869	-30113.05	-39925.21	1.88869	2.149	0.00
0.00	-30113.11	-39925.03	1.88880	-30113.11	-39925.03	1.88880	2.195	0.00
0.00	-30113.17	-39924.84	1.88893	-30113.17	-39924.84	1.88893	2.246	0.00
0.00	-30113.23	-39924.65	1.88904	-30113.23	-39924.65	1.88904	2.301	0.00
0.00	-30113.30	-39924.45	1.88922	-30113.30	-39924.45	1.88922	2.093	0.00
0.00	-30113.38	-39924.21	1.88950	-30113.38	-39924.21	1.88950	2.136	0.00
0.00	-30113.46	-39923.96	1.88987	-30113.46	-39923.96	1.88987	2.158	0.00
0.00	-30113.55	-39923.70	1.89022	-30113.55	-39923.70	1.89022	2.244	0.00
0.00	-30113.62	-39923.49	1.89052	-30113.62	-39923.49	1.89052	3.284	0.00
0.00	-30113.68	-39923.29	1.89068	-30113.68	-39923.29	1.89068	2.306	0.00
0.00	-30113.75	-39923.09	1.89081	-30113.75	-39923.09	1.89081	2.108	0.00
0.00	-30113.82	-39922.89	1.89104	-30113.82	-39922.89	1.89104	2.237	0.00
0.00	-30113.90	-39922.65	1.89132	-30113.90	-39922.65	1.89132	3.457	0.00
0.00	-30113.98	-39922.40	1.89165	-30113.98	-39922.40	1.89165	2.451	0.00
0.00	-30114.06	-39922.15	1.89201	-30114.06	-39922.15	1.89201	2.171	0.00
0.00	-30114.15	-39921.89	1.89238	-30114.15	-39921.89	1.89238	2.304	0.00
0.00	-30114.23	-39921.64	1.89281	-30114.23	-39921.64	1.89281	3.808	0.00
0.00	-30114.31	-39921.41	1.89312	-30114.31	-39921.41	1.89312	2.311	0.00
0.00	-30114.38	-39921.19	1.89332	-30114.38	-39921.19	1.89332	2.406	0.00
0.00	-30114.45	-39921.00	1.89347	-30114.45	-39921.00	1.89347	2.172	0.00
0.00	-30114.54	-39920.72	1.89369	-30114.54	-39920.72	1.89369	2.256	0.00
0.00	-30114.60	-39920.55	1.89391	-30114.60	-39920.55	1.89391	2.335	0.00
0.00	-30114.64	-39920.42	1.89411	-30114.64	-39920.42	1.89411	2.178	0.00
0.00	-30114.72	-39920.20	1.89440	-30114.72	-39920.20	1.89440	2.172	0.00
0.00	-30114.81	-39919.93	1.89472	-30114.81	-39919.93	1.89472	2.199	0.00
0.00	-30114.89	-39919.67	1.89506	-30114.89	-39919.67	1.89506	2.238	0.00
0.00	-30114.98	-39919.42	1.89539	-30114.98	-39919.42	1.89539	2.165	0.00
0.00	-30115.06	-39919.19	1.89565	-30115.06	-39919.19	1.89565	2.136	0.00
0.00	-30115.12	-39919.00	1.89580	-30115.12	-39919.00	1.89580	2.251	0.00
0.00	-30115.20	-39918.74	1.89583	-30115.20	-39918.74	1.89583	2.216	0.00
0.00	-30115.29	-39918.50	1.89578	-30115.29	-39918.50	1.89578	2.225	0.00
0.00	-30115.36	-39918.26	1.89566	-30115.36	-39918.26	1.89566	2.278	0.00
0.00	-30115.45	-39918.01	1.89559	-30115.45	-39918.01	1.89559	2.239	0.00
0.00	-30115.52	-39917.79	1.89558	-30115.52	-39917.79	1.89558	2.276	0.00
0.00	-30115.60	-39917.57	1.89559	-30115.60	-39917.57	1.89559	2.171	0.00
0.00	-30115.65	-39917.39	1.89563	-30115.65	-39917.39	1.89563	2.116	0.00
0.00	-30115.73	-39917.15	1.89563	-30115.73	-39917.15	1.89563	2.124	0.00
0.00	-30115.81	-39916.92	1.89566	-30115.81	-39916.92	1.89566	2.323	0.00
0.00	-30115.89	-39916.70	1.89573	-30115.89	-39916.70	1.89573	2.289	0.00
0.00	-30115.97	-39916.45	1.89581	-30115.97	-39916.45	1.89581	2.185	0.00
0.00	-30116.05	-39916.21	1.89590	-30116.05	-39916.21	1.89590	2.331	0.00
0.00	-30116.10	-39916.04	1.89594	-30116.10	-39916.04	1.89594	2.301	0.00
0.00	-30116.17	-39915.83	1.89599	-30116.17	-39915.83	1.89599	2.252	0.00
0.00	-30116.25	-39915.61	1.89606	-30116.25	-39915.61	1.89606	2.155	0.00
0.00	-30116.32	-39915.38	1.89613	-30116.32	-39915.38	1.89613	2.200	0.00
0.00	-30116.39	-39915.17	1.89614	-30116.39	-39915.17	1.89614	2.200	0.00
0.00	-30116.43	-39915.04	1.89612	-30116.43	-39915.04	1.89612	2.176	0.00
0.00	-30116.50	-39914.84	1.89612	-30116.50	-39914.84	1.89612	2.204	0.00
0.00	-30116.57	-39914.64	1.89603	-30116.57	-39914.64	1.89603	2.251	0.00
0.00	-30116.64	-39914.44	1.89592	-30116.64	-39914.44	1.89592	2.259	0.00
0.00	-30116.71	-39914.23	1.89583	-30116.71	-39914.23	1.89583	2.142	0.00
0.00	-30116.77	-39914.03	1.89576	-30116.77	-39914.03	1.89576	2.113	0.00
0.00	-30116.86	-39913.77	1.89577	-30116.86	-39913.77	1.89577	2.141	0.00
0.00	-30116.95	-39913.49	1.89584	-30116.95	-39913.49	1.89584	2.166	0.00
0.00	-30117.04	-39913.24	1.89592	-30117.04	-39913.24	1.89592	2.356	0.00
0.00	-30117.10	-39913.05	1.89600	-30117.10	-39913.05	1.89600	2.174	0.00
0.00	-30117.16	-39912.87	1.89606	-30117.16	-39912.87	1.89606	2.262	0.00
0.00	-30117.23	-39912.67	1.89611	-30117.23	-39912.67	1.89611	2.097	0.00
0.00	-30117.30	-39912.47	1.89610	-30117.30	-39912.47	1.89610	2.150	0.00
0.00	-30117.37	-39912.26	1.89601	-30117.37	-39912.26	1.89601	2.112	0.00
0.00	-30117.44	-39912.05	1.89588	-30117.44	-39912.05	1.89588	2.206	0.00
0.00	-30117.51	-39911.84	1.89576	-30117.51	-39911.84	1.89576	2.248	0.00
0.00	-30117.58	-39911.62	1.89573	-30117.58	-39911.62	1.89573	2.723	0.00
0.00	-30117.66	-39911.40	1.89580	-30117.66	-39911.40	1.89580	2.399	0.00
0.00	-30117.73	-39911.19	1.89601	-30117.73	-39911.19	1.89601	2.368	0.00
0.00	-30117.80	-39910.97	1.89621	-30117.80	-39910.97	1.89621	2.280	0.00
0.00	-30117.91	-39910.66	1.89633	-30117.91	-39910.66	1.89633	2.137	0.00
0.00	-30117.95	-39910.52	1.89635	-30117.95	-39910.52	1.89635	2.218	0.00
0.00	-30118.02	-39910.32	1.89638	-30118.02	-39910.32	1.89638	2.053	0.00
0.00	-30118.09	-39910.11	1.89646	-30118.09	-39910.11	1.89646	2.248	0.00
0.00	-30118.16	-39909.90	1.89658	-30118.16	-39909.90	1.89658	2.196	0.00
0.00	-30118.24	-39909.69	1.89671	-30118.24	-39909.69	1.89671	2.185	0.00
0.00	-30118.32	-39909.44	1.89687	-30118.32	-39909.44	1.89687	2.208	0.00
0.00	-30118.41	-39909.18	1.89709	-30118.41	-39909.18	1.89709	2.218	0.00
0.00	-30118.49	-39908.94	1.89730	-30118.49	-39908.94	1.89730	2.249	0.00
0.00	-30118.56	-39908.73	1.89742	-30118.56	-39908.73	1.89742	2.257	0.00
0.00	-30118.63	-39908.52	1.89739	-30118.63	-39908.52	1.89739	2.308	0.00
0.00	-30118.70	-39908.32	1.89730	-30118.70	-39908.32	1.89730	2.161	0.00
0.00	-30118.77	-39908.11	1.89723	-30118.77	-39908.11	1.89723	2.279	0.00
0.00	-30118.84	-39907.90	1.89721	-30118.84	-39907.90	1.89721	2.231	0.00
0.00	-30118.91	-39907.70	1.89720	-30118.91	-39907.70	1.89720	2.251	0.00
0.00	-30118.98	-39907.49	1.89718	-30118.98	-39907.49	1.89718	2.101	0.00
0.00	-30119.05	-39907.29	1.89714	-30119.05	-39907.29	1.89714	2.361	0.00
0.00	-30119.12	-39907.08	1.89704	-30119.12	-39907.08	1.89704	2.295	0.00
0.00	-30119.19	-39906.87	1.89690	-30119.19	-39906.87	1.89690	2.284	0.00
0.00	-30119.26	-39906.67	1.89679	-30119.26	-39906.67	1.89679	2.198	0.00
0.00	-30119.33	-39906.44	1.89674	-30119.33	-39906.44	1.89674	2.205	0.00
0.00	-30119.42	-39906.19	1.89673	-30119.42	-39906.19	1.89673	2.248	0.00
0.00	-30119.50	-39905.95	1.89673	-30119.50	-39905.95	1.89673	2.191	0.00
0.00	-30119.57	-39905.74	1.89676	-30119.57	-39905.74	1.89676	2.204	0.00
0.00	-30119.65	-39905.51	1.89673	-30119.65	-39905.51	1.89673	2.191	0.00
0.00	-30119.70	-39905.36	1.89654	-30119.70	-39905.36	1.89654	2.172	0.00
0.00	-30119.78	-39905.13	1.89628	-30119.78	-39905.13	1.89628	2.355	0.00
0.00	-30119.85	-39904.90	1.89604	-30119.85	-39904.90	1.89604	2.099	0.00
0.00	-30119.92	-39904.69	1.89592	-30119.92	-39904.69	1.89592	2.222	0.00
0.00	-30119.99	-39904.50	1.89593	-30119.99	-39904.50	1.89593	2.555	0.00
0.00	-30120.06	-39904.30	1.89595	-30120.06	-39904.30	1.89595	2.205	0.00
0.00	-30120.12	-39904.10	1.89596	-30120.12	-39904.10	1.89596	2.184	0.00
0.00	-30120.19	-39903.90	1.89595	-30120.19	-39903.90	1.89595	2.548	0.00
0.00	-30120.36	-39903.41	1.89575	-30120.36	-39903.41	1.89575	2.366	0.00
0.00	-30120.36	-39903.41	1.89575	-30120.36	-39903.41	1.89575	2.215	0.00
0.00	-30120.39	-39903.32	1.89577	-30120.39	-39903.32	1.89577	2.193	0.00
0.00	-30120.47	-39903.09	1.89574	-30120.47	-39903.09	1.89574	2.292	0.00
0.00	-30120.55	-39902.84	1.89572	-30120.55	-39902.84	1.89572	2.161	0.00
0.00	-30120.63	-39902.61	1.89576	-30120.63	-39902.61	1.89576	2.292	0.00
0.00	-30120.70	-39902.41	1.89588	-30120.70	-39902.41	1.89588	2.203	0.00
0.00	-30120.76	-39902.23	1.89597	-30120.76	-39902.23	1.89597	2.249	0.00
0.00	-30120.82	-39902.04	1.89591	-30120.82	-39902.04	1.89591	2.190	0.00
0.00	-30120.88	-39901.86	1.89578	-30120.88	-39901.86	1.89578	2.267	0.00
0.00	-30120.95	-39901.67	1.89566	-30120.95	-39901.67	1.89566	2.133	0.00
0.00	-30121.01	-39901.47	1.89555	-30121.01	-39901.47	1.89555	2.288	0.00
0.00	-30121.07	-39901.29	1.89544	-30121.07	-39901.29	1.89544	2.132	0.00
0.00	-30121.15	-39901.06	1.89535	-30121.15	-39901.06	1.89535	2.187	0.00
0.00	-30121.22	-39900.85	1.89527	-30121.22	-39900.85	1.89527	2.165	0.00
0.00	-30121.30	-39900.62	1.89522	-30121.30	-39900.62	1.89522	2.186	0.00
0.00	-30121.36	-39900.44	1.89522	-30121.36	-39900.44	1.89522	2.139	0.00
0.00	-30121.43	-39900.24	1.89535	-30121.43	-39900.24	1.89535	2.171	0.00
0.00	-30121.51	-39900.01	1.89555	-30121.51	-39900.01	1.89555	2.253	0.00
0.00	-30121.59	-39899.78	1.89590	-30121.59	-39899.78	1.89590	2.248	0.00
0.00	-30121.65	-39899.58	1.89632	-30121.65	-39899.58	1.89632	2.314	0.00
0.00	-30121.72	-39899.39	1.89667	-30121.72	-39899.39	1.89667	2.329	0.00
0.00	-30121.80	-39899.17	1.89690	-30121.80	-39899.17	1.89690	2.384	0.00
0.00	-30121.88	-39898.93	1.89709	-30121.88	-39898.93	1.89709	2.276	0.00
0.00	-30121.96	-39898.69	1.89742	-30121.96	-39898.69	1.89742	2.455	0.00
0.00	-30122.03	-39898.50	1.89766	-30122.03	-39898.50	1.89766	2.512	0.00
0.00	-30122.10	-39898.31	1.89809	-30122.10	-39898.31	1.89809	2.605	0.00
0.00	-30122.17	-39898.10	1.89858	-30122.17	-39898.10	1.89858	2.469	0.00
0.00	-30122.25	-39897.88	1.89907	-30122.25	-39897.88	1.89907	2.566	0.00
0.00	-30122.33	-39897.64	1.89956	-30122.33	-39897.64	1.89956	2.723	0.00
0.00	-30122.40	-39897.44	1.90000	-30122.40	-39897.44	1.90000	2.655	0.00
0.00	-30122.47	-39897.26	1.90041	-30122.47	-39897.26	1.90041	2.839	0.00
0.00	-30122.55	-39897.04	1.90081	-30122.55	-39897.04	1.90081	2.903	0.00
0.00	-30122.63	-39896.81	1.90116	-30122.63	-39896.81	1.90116	2.767	0.00
0.00	-30122.70	-39896.60	1.90139	-30122.70	-39896.60	1.90139	4.503	0.00
0.00	-30122.78	-39896.38	1.90145	-30122.78	-39896.38	1.90145	3.000	0.00
0.00	-30122.85	-39896.17	1.90134	-30122.85	-39896.17	1.90134	2.773	0.00
0.00	-30122.95	-39895.86	1.90095	-30122.95	-39895.86	1.90095	3.288	0.00
0.00	-30123.00	-39895.71	1.90056	-30123.00	-39895.71	1.90056	3.271	0.00
0.00	-30123.07	-39895.50	1.90015	-30123.07	-39895.50	1.90015	3.240	0.00
0.00	-30123.15	-39895.28	1.89960	-30123.15	-39895.28	1.89960	3.274	0.00
0.00	-30123.22	-39895.06	1.89902	-30123.22	-39895.06	1.89902	3.512	0.00
0.00	-30123.29	-39894.83	1.89850	-30123.29	-39894.83	1.89850	3.379	0.00
0.00	-30123.36	-39894.62	1.89808	-30123.36	-39894.62	1.89808	3.556	0.00
0.00	-30123.43	-39894.41	1.89776	-30123.43	-39894.41	1.89776	3.180	0.00
0.00	-3484655.46	2592698.68	-0.62489	-3484655.46	2592698.68	-0.62489	3.758	0.00
0.00	-12370864.64	6995144.15	-2.70505	-12370864.64	6995144.15	-2.70505	3.710	0.00
0.00	-8486068.29	5036739.96	2.14466	-8486068.29	5036739.96	2.14466	3.836	0.00
0.00	-5233096.93	2465871.58	0.46326	-5233096.93	2465871.58	0.46326	4.372	0.00
0.00	-18417725.31	-270760.29	3.09134	-18417725.31	-270760.29	3.09134	4.294	0.00
0.00	-32636098.48	-1265587.04	2.79244	-32636098.48	-1265587.04	2.79244	3.779	0.00
0.00	-29400531.21	-1751321.26	-0.70706	-29400531.21	-1751321.26	-0.70706	4.004	0.00
0.00	-18284547.69	-4607862.35	-2.35509	-18284547.69	-4607862.35	-2.35509	3.995	0.00
0.00	-11466973.48	-2542534.00	-2.91416	-11466973.48	-2542534.00	-2.91416	3.941	0.00
0.00	-6506464.98	-1323590.44	1.72393	-6506464.98	-1323590.44	1.72393	3.245	0.00
0.00	-4557768.58	-842853.58	0.73110	-4557768.58	-842853.58	0.73110	3.676	0.00
0.00	-2990399.36	-188799.06	-1.94741	-2990399.36	-188799.06	-1.94741	4.346	0.00
0.00	-2197002.03	152811.09	1.93677	-2197002.03	152811.09	1.93677	4.320	0.00
0.00	-1676210.38	34625.56	1.25678	-1676210.38	34625.56	1.25678	3.659	0.00
0.00	-1480304.46	65102.90	-2.80369	-1480304.46	65102.90	-2.80369	4.784	0.00
0.00	-1009500.27	164849.31	2.23015	-1009500.27	164849.31	2.23015	4.498	0.00
0.00	-619406.81	140632.78	1.29744	-619406.81	140632.78	1.29744	3.465	0.00
0.00	-486583.81	111275.49	-3.06106	-486583.81	111275.49	-3.06106	4.729	0.00
0.00	-334261.71	90250.77	0.47538	-334261.71	90250.77	0.47538	3.894	0.00
0.00	-235006.64	83521.46	0.59528	-235006.64	83521.46	0.59528	3.666	0.00
0.00	-177205.89	77003.60	-1.33806	-177205.89	77003.60	-1.33806	3.435	0.00
0.00	-140478.88	40341.00	1.56152	-140478.88	40341.00	1.56152	4.674	0.00
0.00	-118192.44	10273.97	-2.98720	-118192.44	10273.97	-2.98720	4.812	0.00
0.00	-90272.50	-1552.23	2.80785	-90272.50	-1552.23	2.80785	4.831	0.00
0.00	-66648.72	-12551.79	-1.95687	-66648.72	-12551.79	-1.95687	5.027	0.00
0.00	-56940.44	-20315.58	2.40529	-56940.44	-20315.58	2.40529	5.051	0.00
0.00	-45844.69	-29246.53	-0.31056	-45844.69	-29246.53	-0.31056	5.040	0.00
0.00	-38547.09	-33395.12	2.17946	-38547.09	-33395.12	2.17946	4.674	0.00
0.00	-35012.14	-36511.39	2.40606	-35012.14	-36511.39	2.40606	5.246	0.00
0.00	-32927.58	-38245.62	-2.69321	-32927.58	-38245.62	-2.69321	4.933	0.00
0.00	-31833.37	-38685.62	1.84510	-31833.37	-38685.62	1.84510	5.112	0.00
0.00	-31280.14	-39222.79	0.41623	-31280.14	-39222.79	0.41623	4.925	0.00
0.00	-30868.98	-39376.61	-2.95658	-30868.98	-39376.61	-2.95658	5.147	0.00
0.00	-30574.74	-39461.68	-2.46108	-30574.74	-39461.68	-2.46108	5.302	0.00
0.00	-30446.90	-39526.77	-0.12174	-30446.90	-39526.77	-0.12174	5.120	0.00
0.00	-30316.65	-39594.43	0.33749	-30316.65	-39594.43	0.33749	4.321	0.00
0.00	-30253.28	-39638.80	-0.48719	-30253.28	-39638.80	-0.48719	5.298	0.00
0.00	-30180.98	-39708.88	-1.71913	-30180.98	-39708.88	-1.71913	4.435	0.00
0.00	-30169.03	-39785.67	-1.81208	-30169.03	-39785.67	-1.81208	5.248	0.00
0.00	-30165.20	-39821.08	-1.61772	-30165.20	-39821.08	-1.61772	6.035	0.00
0.00	-30159.38	-39847.80	-1.29271	-30159.38	-39847.80	-1.29271	5.726	0.00
0.00	-30151.81	-39865.73	-1.00682	-30151.81	-39865.73	-1.00682	5.816	0.00
0.00	-30144.76	-39875.80	-0.83936	-30144.76	-39875.80	-0.83936	4.451	0.00
0.00	-30139.97	-39880.68	-0.71534	-30139.97	-39880.68	-0.71534	6.027	0.00
0.00	-30135.96	-39883.69	-0.61855	-30135.96	-39883.69	-0.61855	5.770	0.00
0.00	-30133.04	-39885.28	-0.54109	-30133.04	-39885.28	-0.54109	5.418	0.00
0.00	-30131.05	-39886.00	-0.47538	-30131.05	-39886.00	-0.47538	5.202	0.00
0.00	-30129.30	-39886.22	-0.38592	-30129.30	-39886.22	-0.38592	5.176	0.00
0.00	-30128.46	-39886.11	-0.32404	-30128.46	-39886.11	-0.32404	5.301	0.00
0.00	-30127.95	-39885.87	-0.26479	-30127.95	-39885.87	-0.26479	5.124	0.00
0.00	-30127.63	-39885.60	-0.20808	-30127.63	-39885.60	-0.20808	5.088	0.00
0.00	-30127.40	-39885.32	-0.15353	-30127.40	-39885.32	-0.15353	5.361	0.00
0.00	-30127.26	-39885.04	-0.09978	-30127.26	-39885.04	-0.09978	5.223	0.00
0.00	-30127.16	-39884.77	-0.04627	-30127.16	-39884.77	-0.04627	5.145	0.00
0.00	-30127.08	-39884.55	-0.00464	-30127.08	-39884.55	-0.00464	5.127	0.00
0.00	-30127.06	-39884.27	0.05158	-30127.06	-39884.27	0.05158	5.261	0.00
0.00	-30127.05	-39883.99	0.10879	-30127.05	-39883.99	0.10879	5.314	0.00
0.00	-30127.04	-39883.70	0.16659	-30127.04	-39883.70	0.16659	5.327	0.00
0.00	-30127.02	-39883.42	0.22418	-30127.02	-39883.42	0.22418	5.460	0.00
0.00	-30126.97	-39883.12	0.28259	-30126.97	-39883.12	0.28259	5.354	0.00
0.00	-30126.98	-39882.83	0.34021	-30126.98	-39882.83	0.34021	5.311	0.00
0.00	-30126.98	-39882.55	0.39536	-30126.98	-39882.55	0.39536	5.775	0.00
0.00	-30126.95	-39882.31	0.43693	-30126.95	-39882.31	0.43693	5.320	0.00
0.00	-30126.93	-39882.08	0.47880	-30126.93	-39882.08	0.47880	5.748	0.00
0.00	-30126.92	-39881.83	0.52219	-30126.92	-39881.83	0.52219	5.635	0.00
0.00	-30126.97	-39881.53	0.57927	-30126.97	-39881.53	0.57927	5.723	0.00
0.00	-30126.96	-39881.27	0.62218	-30126.96	-39881.27	0.62218	5.344	0.00
0.00	-30126.96	-39880.99	0.66630	-30126.96	-39880.99	0.66630	5.341	0.00
0.00	-30126.97	-39880.72	0.70965	-30126.97	-39880.72	0.70965	5.738	0.00
0.00	-30126.99	-39880.44	0.75226	-30126.99	-39880.44	0.75226	5.511	0.00
0.00	-30127.07	-39880.14	0.80493	-30127.07	-39880.14	0.80493	5.633	0.00
0.00	-30127.09	-39879.86	0.84312	-30127.09	-39879.86	0.84312	5.885	0.00
0.00	-30127.12	-39879.59	0.88105	-30127.12	-39879.59	0.88105	6.207	0.00
0.00	-30127.25	-39879.25	0.93985	-30127.25	-39879.25	0.93985	6.009	0.00
0.00	-30127.30	-39878.91	0.98446	-30127.30	-39878.91	0.98446	5.826	0.00
0.00	-30127.40	-39878.55	1.03657	-30127.40	-39878.55	1.03657	5.640	0.00
0.00	-30127.50	-39878.21	1.08360	-30127.50	-39878.21	1.08360	5.864	0.00
0.00	-30127.55	-39877.88	1.11984	-30127.55	-39877.88	1.11984	5.738	0.00
0.00	-30127.65	-39877.55	1.16286	-30127.65	-39877.55	1.16286	5.850	0.00
0.00	-30127.72	-39877.26	1.19512	-30127.72	-39877.26	1.19512	5.790	0.00
0.00	-30127.84	-39877.00	1.23229	-30127.84	-39877.00	1.23229	6.471	0.00
0.00	-30127.91	-39876.71	1.26152	-30127.91	-39876.71	1.26152	6.078	0.00
0.00	-30127.98	-39876.42	1.29077	-30127.98	-39876.42	1.29077	5.901	0.00
0.00	-30128.06	-39876.16	1.31902	-30128.06	-39876.16	1.31902	6.278	0.00
0.00	-30128.23	-39875.66	1.36954	-30128.23	-39875.66	1.36954	5.918	0.00
0.00	-30128.26	-39875.62	1.37618	-30128.26	-39875.62	1.37618	5.782	0.00
0.00	-30128.38	-39875.31	1.40810	-30128.38	-39875.31	1.40810	5.867	0.00
0.00	-30128.45	-39875.11	1.42764	-30128.45	-39875.11	1.42764	6.253	0.00
0.00	-30128.51	-39874.82	1.44760	-30128.51	-39874.82	1.44760	6.361	0.00
0.00	-30128.59	-39874.57	1.46748	-30128.59	-39874.57	1.46748	6.069	0.00
0.00	-30128.67	-39874.34	1.48730	-30128.67	-39874.34	1.48730	6.476	0.00
0.00	-30128.76	-39874.10	1.50719	-30128.76	-39874.10	1.50719	6.716	0.00
0.00	-30128.85	-39873.86	1.52699	-30128.85	-39873.86	1.52699	5.730	0.00
0.00	-30129.01	-39873.60	1.55804	-30129.01	-39873.60	1.55804	6.181	0.00
0.00	-30129.14	-39873.43	1.58074	-30129.14	-39873.43	1.58074	6.598	0.00
0.00	-30129.23	-39873.16	1.59765	-30129.23	-39873.16	1.59765	5.974	0.00
0.00	-30129.36	-39872.89	1.61944	-30129.36	-39872.89	1.61944	6.393	0.00
0.00	-30129.43	-39872.59	1.63067	-30129.43	-39872.59	1.63067	6.363	0.00
0.00	-30129.59	-39872.30	1.65711	-30129.59	-39872.30	1.65711	6.482	0.00
0.00	-30129.70	-39872.06	1.67157	-30129.70	-39872.06	1.67157	6.297	0.00
0.00	-30129.84	-39871.86	1.69394	-30129.84	-39871.86	1.69394	6.658	0.00
0.00	-30129.95	-39871.57	1.70656	-30129.95	-39871.57	1.70656	6.393	0.00
0.00	-30130.06	-39871.42	1.72298	-30130.06	-39871.42	1.72298	5.976	0.00
0.00	-30130.15	-39871.12	1.73102	-30130.15	-39871.12	1.73102	6.189	0.00
0.00	-30130.27	-39870.96	1.74688	-30130.27	-39870.96	1.74688	6.389	0.00
0.00	-30130.38	-39870.67	1.75800	-30130.38	-39870.67	1.75800	6.312	0.00
0.00	-30130.51	-39870.43	1.77225	-30130.51	-39870.43	1.77225	6.513	0.00
0.00	-30130.62	-39870.16	1.78235	-30130.62	-39870.16	1.78235	6.300	0.00
0.00	-30130.75	-39869.90	1.79500	-30130.75	-39869.90	1.79500	6.649	0.00
0.00	-30130.82	-39869.67	1.79803	-30130.82	-39869.67	1.79803	6.276	0.00
0.00	-30130.94	-39869.49	1.81011	-30130.94	-39869.49	1.81011	6.682	0.00
0.00	-30131.03	-39869.27	1.81593	-30131.03	-39869.27	1.81593	7.042	0.00
0.00	-30131.14	-39869.07	1.82696	-30131.14	-39869.07	1.82696	6.580	0.00
0.00	-30131.22	-39868.84	1.82969	-30131.22	-39868.84	1.82969	6.853	0.00
0.00	-30131.33	-39868.63	1.84000	-30131.33	-39868.63	1.84000	6.760	0.00
0.00	-30131.40	-39868.40	1.83985	-30131.40	-39868.40	1.83985	7.117	0.00
0.00	-30131.52	-39868.20	1.84968	-30131.52	-39868.20	1.84968	7.054	0.00
0.00	-30131.61	-39867.96	1.85411	-30131.61	-39867.96	1.85411	7.085	0.00
0.00	-30131.73	-39867.74	1.86263	-30131.73	-39867.74	1.86263	6.717	0.00
0.00	-30131.83	-39867.50	1.86663	-30131.83	-39867.50	1.86663	7.083	0.00
0.00	-30131.95	-39867.27	1.87564	-30131.95	-39867.27	1.87564	6.636	0.00
0.00	-30132.05	-39867.04	1.87886	-30132.05	-39867.04	1.87886	7.089	0.00
0.00	-30132.16	-39866.83	1.88602	-30132.16	-39866.83	1.88602	7.028	0.00
0.00	-30132.26	-39866.60	1.88972	-30132.26	-39866.60	1.88972	6.595	0.00
0.00	-30132.36	-39866.38	1.89508	-30132.36	-39866.38	1.89508	6.552	0.00
0.00	-30132.47	-39866.10	1.89689	-30132.47	-39866.10	1.89689	6.795	0.00
0.00	-30132.54	-39865.95	1.90036	-30132.54	-39865.95	1.90036	6.712	0.00
0.00	-30132.65	-39865.63	1.90028	-30132.65	-39865.63	1.90028	6.815	0.00
0.00	-30132.71	-39865.49	1.90271	-30132.71	-39865.49	1.90271	6.842	0.00
0.00	-30132.83	-39865.21	1.90477	-30132.83	-39865.21	1.90477	6.773	0.00
0.00	-30132.91	-39864.99	1.90706	-30132.91	-39864.99	1.90706	7.636	0.00
0.00	-30133.00	-39864.78	1.90843	-30133.00	-39864.78	1.90843	6.875	0.00
0.00	-30133.08	-39864.56	1.90989	-30133.08	-39864.56	1.90989	7.307	0.00
0.00	-30133.16	-39864.34	1.91016	-30133.16	-39864.34	1.91016	7.067	0.00
0.00	-30133.24	-39864.13	1.91127	-30133.24	-39864.13	1.91127	6.682	0.00
0.00	-30133.33	-39863.91	1.91179	-30133.33	-39863.91	1.91179	6.916	0.00
0.00	-30133.41	-39863.68	1.91255	-30133.41	-39863.68	1.91255	6.791	0.00
0.00	-30133.49	-39863.45	1.91288	-30133.49	-39863.45	1.91288	7.131	0.00
0.00	-30133.58	-39863.23	1.91320	-30133.58	-39863.23	1.91320	7.319	0.00
0.00	-30133.66	-39863.00	1.91322	-30133.66	-39863.00	1.91322	7.158	0.00
0.00	-30133.74	-39862.77	1.91299	-30133.74	-39862.77	1.91299	7.266	0.00
0.00	-30133.82	-39862.54	1.91281	-30133.82	-39862.54	1.91281	7.339	0.00
0.00	-30133.90	-39862.30	1.91228	-30133.90	-39862.30	1.91228	7.363	0.00
0.00	-30133.98	-39862.06	1.91184	-30133.98	-39862.06	1.91184	7.422	0.00
0.00	-30134.07	-39861.81	1.91107	-30134.07	-39861.81	1.91107	7.108	0.00
0.00	-30134.15	-39861.57	1.91083	-30134.15	-39861.57	1.91083	7.601	0.00
0.00	-30134.25	-39861.28	1.90986	-30134.25	-39861.28	1.90986	7.577	0.00
0.00	-30134.36	-39860.95	1.90941	-30134.36	-39860.95	1.90941	7.403	0.00
0.00	-30134.42	-39860.75	1.90840	-30134.42	-39860.75	1.90840	7.293	0.00
0.00	-30134.51	-39860.49	1.90765	-30134.51	-39860.49	1.90765	7.283	0.00
0.00	-30134.56	-39860.33	1.90663	-30134.56	-39860.33	1.90663	7.530	0.00
0.00	-30134.65	-39860.06	1.90589	-30134.65	-39860.06	1.90589	7.433	0.00
0.00	-30134.72	-39859.83	1.90491	-30134.72	-39859.83	1.90491	7.680	0.00
0.00	-30134.80	-39859.60	1.90441	-30134.80	-39859.60	1.90441	7.838	0.00
0.00	-30134.87	-39859.37	1.90331	-30134.87	-39859.37	1.90331	7.398	0.00
0.00	-30134.95	-39859.13	1.90247	-30134.95	-39859.13	1.90247	8.020	0.00
0.00	-30135.03	-39858.89	1.90136	-30135.03	-39858.89	1.90136	7.014	0.00
0.00	-30135.11	-39858.64	1.90077	-30135.11	-39858.64	1.90077	7.599	0.00
0.00	-30135.18	-39858.40	1.89962	-30135.18	-39858.40	1.89962	8.183	0.00
0.00	-30135.26	-39858.16	1.89902	-30135.26	-39858.16	1.89902	8.230	0.00
0.00	-30135.34	-39857.90	1.89794	-30135.34	-39857.90	1.89794	7.701	0.00
0.00	-30135.42	-39857.66	1.89743	-30135.42	-39857.66	1.89743	7.993	0.00
0.00	-30135.50	-39857.41	1.89648	-30135.50	-39857.41	1.89648	7.991	0.00
0.00	-30135.59	-39857.15	1.89657	-30135.59	-39857.15	1.89657	8.045	0.00
0.00	-30135.67	-39856.88	1.89560	-30135.67	-39856.88	1.89560	7.383	0.00
0.00	-30135.75	-39856.63	1.89514	-30135.75	-39856.63	1.89514	7.777	0.00
0.00	-30135.85	-39856.31	1.89399	-30135.85	-39856.31	1.89399	8.139	0.00
0.00	-30135.95	-39856.01	1.89332	-30135.95	-39856.01	1.89332	7.973	0.00
0.00	-30136.03	-39855.75	1.89239	-30136.03	-39855.75	1.89239	7.699	0.00
0.00	-30136.14	-39855.43	1.89215	-30136.14	-39855.43	1.89215	8.215	0.00
0.00	-30136.19	-39855.26	1.89166	-30136.19	-39855.26	1.89166	7.941	0.00
0.00	-30136.29	-39854.94	1.89159	-30136.29	-39854.94	1.89159	7.767	0.00
0.00	-30136.35	-39854.76	1.89120	-30136.35	-39854.76	1.89120	8.060	0.00
0.00	-30136.46	-39854.43	1.89106	-30136.46	-39854.43	1.89106	7.925	0.00
0.00	-30136.51	-39854.25	1.89058	-30136.51	-39854.25	1.89058	7.309	0.00
0.00	-30136.62	-39853.92	1.89039	-30136.62	-39853.92	1.89039	7.202	0.00
0.00	-30136.69	-39853.69	1.88999	-30136.69	-39853.69	1.88999	7.428	0.00
0.00	-30136.78	-39853.42	1.88985	-30136.78	-39853.42	1.88985	8.197	0.00
0.00	-30136.86	-39853.18	1.88966	-30136.86	-39853.18	1.88966	7.812	0.00
0.00	-30136.94	-39852.91	1.88977	-30136.94	-39852.91	1.88977	7.818	0.00
0.00	-30137.02	-39852.66	1.88944	-30137.02	-39852.66	1.88944	8.695	0.00
0.00	-30137.18	-39852.19	1.88958	-30137.18	-39852.19	1.88958	7.845	0.00
0.00	-30137.19	-39852.14	1.88958	-30137.19	-39852.14	1.88958	8.287	0.00
0.00	-30137.29	-39851.86	1.88935	-30137.29	-39851.86	1.88935	8.267	0.00
0.00	-30137.36	-39851.62	1.88895	-30137.36	-39851.62	1.88895	8.059	0.00
0.00	-30137.43	-39851.40	1.88885	-30137.43	-39851.40	1.88885	8.200	0.00
0.00	-30137.52	-39851.11	1.88867	-30137.52	-39851.11	1.88867	8.088	0.00
0.00	-30137.62	-39850.83	1.88867	-30137.62	-39850.83	1.88867	8.336	0.00
0.00	-30137.70	-39850.57	1.88858	-30137.70	-39850.57	1.88858	8.213	0.00
0.00	-30137.79	-39850.31	1.88860	-30137.79	-39850.31	1.88860	7.850	0.00
0.00	-30137.87	-39850.05	1.88834	-30137.87	-39850.05	1.88834	8.118	0.00
0.00	-30137.96	-39849.77	1.88816	-30137.96	-39849.77	1.88816	8.146	0.00
0.00	-30138.04	-39849.53	1.88789	-30138.04	-39849.53	1.88789	8.248	0.00
0.00	-30138.12	-39849.27	1.88777	-30138.12	-39849.27	1.88777	7.883	0.00
0.00	-30138.20	-39849.02	1.88761	-30138.20	-39849.02	1.88761	8.285	0.00
0.00	-30138.31	-39848.69	1.88760	-30138.31	-39848.69	1.88760	8.284	0.00
0.00	-30138.37	-39848.51	1.88759	-30138.37	-39848.51	1.88759	8.708	0.00
0.00	-30138.48	-39848.19	1.88763	-30138.48	-39848.19	1.88763	8.278	0.00
0.00	-30138.54	-39848.00	1.88763	-30138.54	-39848.00	1.88763	8.744	0.00
0.00	-30138.64	-39847.68	1.88760	-30138.64	-39847.68	1.88760	8.493	0.00
0.00	-30138.72	-39847.44	1.88753	-30138.72	-39847.44	1.88753	8.367	0.00
0.00	-30138.80	-39847.19	1.88756	-30138.80	-39847.19	1.88756	8.868	0.00
0.00	-30138.88	-39846.96	1.88746	-30138.88	-39846.96	1.88746	9.069	0.00
0.00	-30138.96	-39846.70	1.88747	-30138.96	-39846.70	1.88747	8.734	0.00
0.00	-30139.04	-39846.46	1.88728	-30139.04	-39846.46	1.88728	8.363	0.00
0.00	-30139.13	-39846.19	1.88715	-30139.13	-39846.19	1.88715	8.894	0.00
0.00	-30139.21	-39845.93	1.88677	-30139.21	-39845.93	1.88677	8.579	0.00
0.00	-30139.30	-39845.64	1.88660	-30139.30	-39845.64	1.88660	8.843	0.00
0.00	-30139.38	-39845.37	1.88627	-30139.38	-39845.37	1.88627	8.866	0.00
0.00	-30139.46	-39845.12	1.88620	-30139.46	-39845.12	1.88620	8.732	0.00
0.00	-30139.53	-39844.89	1.88578	-30139.53	-39844.89	1.88578	8.812	0.00
0.00	-30139.62	-39844.63	1.88552	-30139.62	-39844.63	1.88552	8.695	0.00
0.00	-30139.70	-39844.37	1.88479	-30139.70	-39844.37	1.88479	8.761	0.00
0.00	-30139.78	-39844.11	1.88400	-30139.78	-39844.11	1.88400	8.836	0.00
0.00	-30139.86	-39843.85	1.88311	-30139.86	-39843.85	1.88311	9.186	0.00
0.00	-30139.93	-39843.60	1.88224	-30139.93	-39843.60	1.88224	8.724	0.00
0.00	-30140.01	-39843.35	1.88155	-30140.01	-39843.35	1.88155	8.492	0.00
0.00	-30140.08	-39843.10	1.88094	-30140.08	-39843.10	1.88094	8.882	0.00
0.00	-30140.16	-39842.86	1.88042	-30140.16	-39842.86	1.88042	8.952	0.00
0.00	-30140.23	-39842.61	1.87996	-30140.23	-39842.61	1.87996	9.204	0.00
0.00	-30140.31	-39842.36	1.87953	-30140.31	-39842.36	1.87953	9.377	0.00
0.00	-30140.40	-39842.06	1.87910	-30140.40	-39842.06	1.87910	9.626	0.00
0.00	-30140.49	-39841.78	1.87866	-30140.49	-39841.78	1.87866	9.203	0.00
0.00	-30140.54	-39841.61	1.87858	-30140.54	-39841.61	1.87858	9.327	0.00
0.00	-30140.60	-39841.41	1.87860	-30140.60	-39841.41	1.87860	9.122	0.00
0.00	-30140.70	-39841.09	1.87867	-30140.70	-39841.09	1.87867	9.209	0.00
0.00	-30140.80	-39840.79	1.87876	-30140.80	-39840.79	1.87876	9.242	0.00
0.00	-30140.89	-39840.50	1.87881	-30140.89	-39840.50	1.87881	9.409	0.00
0.00	-30140.97	-39840.26	1.87885	-30140.97	-39840.26	1.87885	9.536	0.00
0.00	-30141.04	-39840.03	1.87887	-30141.04	-39840.03	1.87887	9.126	0.00
0.00	-30141.12	-39839.79	1.87888	-30141.12	-39839.79	1.87888	9.802	0.00
0.00	-30141.19	-39839.56	1.87903	-30141.19	-39839.56	1.87903	9.053	0.00
0.00	-30141.27	-39839.31	1.87939	-30141.27	-39839.31	1.87939	9.125	0.00
0.00	-30141.37	-39839.01	1.87991	-30141.37	-39839.01	1.87991	9.199	0.00
0.00	-30141.46	-39838.74	1.88060	-30141.46	-39838.74	1.88060	9.221	0.00
0.00	-30141.56	-39838.46	1.88137	-30141.56	-39838.46	1.88137	9.687	0.00
0.00	-30141.64	-39838.20	1.88195	-30141.64	-39838.20	1.88195	9.128	0.00
0.00	-30141.74	-39837.92	1.88249	-30141.74	-39837.92	1.88249	9.460	0.00
0.00	-30141.81	-39837.71	1.88300	-30141.81	-39837.71	1.88300	9.940	0.00
0.00	-30141.89	-39837.48	1.88349	-30141.89	-39837.48	1.88349	10.133	0.00
0.00	-30141.97	-39837.22	1.88404	-30141.97	-39837.22	1.88404	9.575	0.00
0.00	-30142.06	-39836.96	1.88474	-30142.06	-39836.96	1.88474	9.361	0.00
0.00	-30142.13	-39836.76	1.88552	-30142.13	-39836.76	1.88552	9.511	0.00
0.00	-30142.20	-39836.55	1.88635	-30142.20	-39836.55	1.88635	9.161	0.00
0.00	-30142.27	-39836.33	1.88706	-30142.27	-39836.33	1.88706	9.488	0.00
0.00	-30142.40	-39835.95	1.88812	-30142.40	-39835.95	1.88812	9.612	0.00
0.00	-30142.47	-39835.76	1.88875	-30142.47	-39835.76	1.88875	9.799	0.00
0.00	-30142.55	-39835.50	1.88940	-30142.55	-39835.50	1.88940	9.598	0.00
0.00	-30142.62	-39835.29	1.88978	-30142.62	-39835.29	1.88978	9.718	0.00
0.00	-30142.70	-39835.07	1.89024	-30142.70	-39835.07	1.89024	10.219	0.00
0.00	-30142.79	-39834.80	1.89082	-30142.79	-39834.80	1.89082	9.494	0.00
0.00	-30142.88	-39834.52	1.89146	-30142.88	-39834.52	1.89146	9.833	0.00
0.00	-30142.97	-39834.26	1.89209	-30142.97	-39834.26	1.89209	12.031	0.00
0.00	-30143.06	-39834.00	1.89266	-30143.06	-39834.00	1.89266	9.672	0.00
0.00	-30143.15	-39833.74	1.89315	-30143.15	-39833.74	1.89315	9.730	0.00
0.00	-30143.23	-39833.49	1.89355	-30143.23	-39833.49	1.89355	10.529	0.00
0.00	-30143.30	-39833.30	1.89400	-30143.30	-39833.30	1.89400	10.166	0.00
0.00	-30143.36	-39833.09	1.89442	-30143.36	-39833.09	1.89442	10.223	0.00
0.00	-30143.43	-39832.88	1.89479	-30143.43	-39832.88	1.89479	10.374	0.00
0.00	-30143.51	-39832.67	1.89506	-30143.51	-39832.67	1.89506	10.077	0.00
0.00	-30143.58	-39832.43	1.89524	-30143.58	-39832.43	1.89524	10.425	0.00
0.00	-30143.66	-39832.19	1.89537	-30143.66	-39832.19	1.89537	10.096	0.00
0.00	-30143.74	-39831.95	1.89533	-30143.74	-39831.95	1.89533	10.890	0.00
0.00	-30143.82	-39831.70	1.89517	-30143.82	-39831.70	1.89517	10.485	0.00
0.00	-30143.90	-39831.47	1.89497	-30143.90	-39831.47	1.89497	10.447	0.00
0.00	-30144.00	-39831.19	1.89491	-30144.00	-39831.19	1.89491	10.079	0.00
0.00	-30144.10	-39830.87	1.89491	-30144.10	-39830.87	1.89491	10.566	0.00
0.00	-30144.19	-39830.59	1.89499	-30144.19	-39830.59	1.89499	10.812	0.00
0.00	-30144.28	-39830.34	1.89472	-30144.28	-39830.34	1.89472	10.657	0.00
0.00	-30144.34	-39830.15	1.89434	-30144.34	-39830.15	1.89434	10.857	0.00
0.00	-30144.40	-39829.95	1.89399	-30144.40	-39829.95	1.89399	10.585	0.00
0.00	-30144.47	-39829.73	1.89372	-30144.47	-39829.73	1.89372	10.455	0.00
0.00	-30144.57	-39829.42	1.89353	-30144.57	-39829.42	1.89353	10.488	0.00
0.00	-30144.62	-39829.28	1.89345	-30144.62	-39829.28	1.89345	10.736	0.00
0.00	-30144.72	-39828.96	1.89337	-30144.72	-39828.96	1.89337	11.285	0.00
0.00	-30144.82	-39828.66	1.89313	-30144.82	-39828.66	1.89313	11.161	0.00
0.00	-30144.92	-39828.38	1.89293	-30144.92	-39828.38	1.89293	10.677	0.00
0.00	-30145.00	-39828.12	1.89272	-30145.00	-39828.12	1.89272	10.440	0.00
0.00	-30145.07	-39827.90	1.89242	-30145.07	-39827.90	1.89242	10.921	0.00
0.00	-30145.14	-39827.69	1.89202	-30145.14	-39827.69	1.89202	10.406	0.00
0.00	-30145.27	-39827.29	1.89176	-30145.27	-39827.29	1.89176	10.122	0.00
0.00	-30145.28	-39827.26	1.89162	-30145.28	-39827.26	1.89162	10.588	0.00
0.00	-30145.37	-39827.01	1.89128	-30145.37	-39827.01	1.89128	10.525	0.00
0.00	-30145.44	-39826.77	1.89115	-30145.44	-39826.77	1.89115	12.043	0.00
0.00	-30145.56	-39826.43	1.89097	-30145.56	-39826.43	1.89097	10.519	0.00
0.00	-30145.59	-39826.31	1.89088	-30145.59	-39826.31	1.89088	10.309	0.00
0.00	-30145.69	-39826.01	1.89086	-30145.69	-39826.01	1.89086	10.767	0.00
0.00	-30145.78	-39825.74	1.89088	-30145.78	-39825.74	1.89088	12.656	0.00
0.00	-30145.86	-39825.51	1.89092	-30145.86	-39825.51	1.89092	11.537	0.00
0.00	-30145.93	-39825.30	1.89098	-30145.93	-39825.30	1.89098	11.808	0.00
0.00	-30146.01	-39825.07	1.89106	-30146.01	-39825.07	1.89106	10.899	0.00
0.00	-30146.10	-39824.78	1.89120	-30146.10	-39824.78	1.89120	11.014	0.00
0.00	-30146.18	-39824.57	1.89140	-30146.18	-39824.57	1.89140	12.082	0.00
0.00	-30146.25	-39824.34	1.89164	-30146.25	-39824.34	1.89164	11.115	0.00
0.00	-30146.33	-39824.11	1.89186	-30146.33	-39824.11	1.89186	11.155	0.00
0.00	-30146.41	-39823.87	1.89208	-30146.41	-39823.87	1.89208	12.793	0.00
0.00	-30146.50	-39823.63	1.89235	-30146.50	-39823.63	1.89235	11.393	0.00
0.00	-30146.58	-39823.39	1.89276	-30146.58	-39823.39	1.89276	11.192	0.00
0.00	-30146.66	-39823.16	1.89335	-30146.66	-39823.16	1.89335	12.975	0.00
0.00	-30146.74	-39822.93	1.89386	-30146.74	-39822.93	1.89386	14.261	0.00
0.00	-30146.82	-39822.69	1.89420	-30146.82	-39822.69	1.89420	13.441	0.00
0.00	-30146.90	-39822.45	1.89442	-30146.90	-39822.45	1.89442	11.809	0.00
0.00	-30146.99	-39822.20	1.89455	-30146.99	-39822.20	1.89455	10.815	0.00
0.00	-30147.07	-39821.96	1.89486	-30147.07	-39821.96	1.89486	12.033	0.00
0.00	-30147.16	-39821.71	1.89529	-30147.16	-39821.71	1.89529	13.801	0.00
0.00	-30147.25	-39821.44	1.89564	-30147.25	-39821.44	1.89564	10.850	0.00
0.00	-30147.34	-39821.18	1.89600	-30147.34	-39821.18	1.89600	12.782	0.00
0.00	-30147.43	-39820.93	1.89617	-30147.43	-39820.93	1.89617	10.994	0.00
0.00	-30147.64	-39820.30	1.89614	-30147.64	-39820.30	1.89614	11.319	0.00
0.00	-30147.64	-39820.30	1.89614	-30147.64	-39820.30	1.89614	14.542	0.00
0.00	-30147.66	-39820.24	1.89642	-30147.66	-39820.24	1.89642	11.599	0.00
0.00	-30147.70	-39820.14	1.89666	-30147.70	-39820.14	1.89666	14.279	0.00
0.00	-30147.82	-39819.78	1.89707	-30147.82	-39819.78	1.89707	11.779	0.00
0.00	-30147.90	-39819.55	1.89735	-30147.90	-39819.55	1.89735	14.251	0.00
0.00	-30147.99	-39819.30	1.89750	-30147.99	-39819.30	1.89750	11.514	0.00
0.00	-30148.04	-39819.14	1.89750	-30148.04	-39819.14	1.89750	11.149	0.00
0.00	-30148.13	-39818.89	1.89741	-30148.13	-39818.89	1.89741	11.279	0.00
0.00	-30148.20	-39818.66	1.89728	-30148.20	-39818.66	1.89728	11.205	0.00
0.00	-30148.29	-39818.41	1.89715	-30148.29	-39818.41	1.89715	10.923	0.00
0.00	-30148.36	-39818.19	1.89703	-30148.36	-39818.19	1.89703	11.083	0.00
0.00	-30148.44	-39817.95	1.89691	-30148.44	-39817.95	1.89691	11.224	0.00
0.00	-30148.52	-39817.70	1.89674	-30148.52	-39817.70	1.89674	11.807	0.00
0.00	-30148.60	-39817.48	1.89635	-30148.60	-39817.48	1.89635	11.606	0.00
0.00	-30148.68	-39817.25	1.89587	-30148.68	-39817.25	1.89587	12.036	0.00
0.00	-30148.76	-39816.99	1.89535	-30148.76	-39816.99	1.89535	13.040	0.00
0.00	-30148.85	-39816.72	1.89497	-30148.85	-39816.72	1.89497	16.724	0.00
0.00	-30148.94	-39816.46	1.89472	-30148.94	-39816.46	1.89472	13.574	0.00
0.00	-30149.01	-39816.23	1.89461	-30149.01	-39816.23	1.89461	12.234	0.00
0.00	-30149.08	-39816.02	1.89432	-30149.08	-39816.02	1.89432	11.439	0.00
0.00	-30149.15	-39815.80	1.89398	-30149.15	-39815.80	1.89398	11.669	0.00
0.00	-30149.24	-39815.53	1.89352	-30149.24	-39815.53	1.89352	11.309	0.00
0.00	-30149.33	-39815.27	1.89298	-30149.33	-39815.27	1.89298	13.028	0.00
0.00	-30149.41	-39815.02	1.89243	-30149.41	-39815.02	1.89243	11.852	0.00
0.00	-30149.50	-39814.76	1.89191	-30149.50	-39814.76	1.89191	11.765	0.00
0.00	-30149.58	-39814.51	1.89146	-30149.58	-39814.51	1.89146	13.372	0.00
0.00	-30149.65	-39814.28	1.89101	-30149.65	-39814.28	1.89101	12.230	0.00
0.00	-30149.74	-39813.99	1.89052	-30149.74	-39813.99	1.89052	12.083	0.00
0.00	-30149.78	-39813.88	1.89027	-30149.78	-39813.88	1.89027	12.252	0.00
0.00	-30149.84	-39813.70	1.88996	-30149.84	-39813.70	1.88996	13.439	0.00
0.00	-30149.91	-39813.48	1.88977	-30149.91	-39813.48	1.88977	12.696	0.00
0.00	-30149.97	-39813.28	1.88951	-30149.97	-39813.28	1.88951	11.503	0.00
0.00	-30150.05	-39813.04	1.88930	-30150.05	-39813.04	1.88930	11.976	0.00
0.00	-30150.12	-39812.82	1.88909	-30150.12	-39812.82	1.88909	13.491	0.00
0.00	-30150.19	-39812.60	1.88891	-30150.19	-39812.60	1.88891	11.892	0.00
0.00	-30150.27	-39812.36	1.88872	-30150.27	-39812.36	1.88872	14.127	0.00
0.00	-30150.36	-39812.09	1.88848	-30150.36	-39812.09	1.88848	11.946	0.00
0.00	-30150.44	-39811.84	1.88813	-30150.44	-39811.84	1.88813	12.404	0.00
0.00	-30150.51	-39811.62	1.88780	-30150.51	-39811.62	1.88780	12.140	0.00
0.00	-30150.58	-39811.41	1.88751	-30150.58	-39811.41	1.88751	12.407	0.00
0.00	-30150.64	-39811.21	1.88719	-30150.64	-39811.21	1.88719	12.650	0.00
0.00	-30150.72	-39810.98	1.88690	-30150.72	-39810.98	1.88690	13.039	0.00
0.00	-30150.79	-39810.76	1.88666	-30150.79	-39810.76	1.88666	13.256	0.00
0.00	-30150.86	-39810.53	1.88641	-30150.86	-39810.53	1.88641	12.178	0.00
0.00	-30150.94	-39810.30	1.88627	-30150.94	-39810.30	1.88627	12.405	0.00
0.00	-30151.00	-39810.09	1.88620	-30151.00	-39810.09	1.88620	12.846	0.00
0.00	-30151.08	-39809.86	1.88624	-30151.08	-39809.86	1.88624	12.299	0.00
0.00	-30151.15	-39809.64	1.88632	-30151.15	-39809.64	1.88632	16.406	0.00
0.00	-30151.23	-39809.41	1.88634	-30151.23	-39809.41	1.88634	11.943	0.00
0.00	-30151.30	-39809.18	1.88626	-30151.30	-39809.18	1.88626	13.029	0.00
0.00	-30151.40	-39808.87	1.88607	-30151.40	-39808.87	1.88607	12.681	0.00
0.00	-30151.45	-39808.72	1.88590	-30151.45	-39808.72	1.88590	13.069	0.00
0.00	-30151.52	-39808.50	1.88566	-30151.52	-39808.50	1.88566	12.755	0.00
0.00	-30151.61	-39808.23	1.88547	-30151.61	-39808.23	1.88547	12.380	0.00
0.00	-30151.69	-39807.98	1.88544	-30151.69	-39807.98	1.88544	12.473	0.00
0.00	-30151.74	-39807.83	1.88552	-30151.74	-39807.83	1.88552	12.692	0.00
0.00	-30151.83	-39807.57	1.88558	-30151.83	-39807.57	1.88558	12.668	0.00
0.00	-30151.91	-39807.32	1.88556	-30151.91	-39807.32	1.88556	12.696	0.00
0.00	-30151.99	-39807.08	1.88545	-30151.99	-39807.08	1.88545	12.568	0.00
0.00	-30152.06	-39806.84	1.88529	-30152.06	-39806.84	1.88529	12.626	0.00
0.00	-30152.13	-39806.65	1.88508	-30152.13	-39806.65	1.88508	12.713	0.00
0.00	-30152.19	-39806.47	1.88493	-30152.19	-39806.47	1.88493	12.915	0.00
0.00	-30152.25	-39806.27	1.88488	-30152.25	-39806.27	1.88488	12.940	0.00
0.00	-30152.31	-39806.08	1.88488	-30152.31	-39806.08	1.88488	14.509	0.00
0.00	-30152.38	-39805.87	1.88491	-30152.38	-39805.87	1.88491	13.615	0.00
0.00	-30152.45	-39805.65	1.88496	-30152.45	-39805.65	1.88496	17.020	0.00
0.00	-30152.52	-39805.44	1.88498	-30152.52	-39805.44	1.88498	12.992	0.00
0.00	-30152.59	-39805.21	1.88478	-30152.59	-39805.21	1.88478	12.484	0.00
0.00	-30152.66	-39804.99	1.88453	-30152.66	-39804.99	1.88453	13.763	0.00
0.00	-30152.74	-39804.75	1.88437	-30152.74	-39804.75	1.88437	13.751	0.00
0.00	-30152.82	-39804.51	1.88428	-30152.82	-39804.51	1.88428	13.801	0.00
0.00	-30152.89	-39804.28	1.88429	-30152.89	-39804.28	1.88429	12.511	0.00
0.00	-30152.96	-39804.07	1.88442	-30152.96	-39804.07	1.88442	16.030	0.00
0.00	-30153.03	-39803.86	1.88465	-30153.03	-39803.86	1.88465	12.828	0.00
0.00	-30153.09	-39803.68	1.88485	-30153.09	-39803.68	1.88485	13.078	0.00
0.00	-30153.16	-39803.47	1.88494	-30153.16	-39803.47	1.88494	17.030	0.00
0.00	-30153.20	-39803.33	1.88488	-30153.20	-39803.33	1.88488	13.220	0.00
0.00	-30153.27	-39803.13	1.88473	-30153.27	-39803.13	1.88473	13.154	0.00
0.00	-30153.32	-39802.98	1.88459	-30153.32	-39802.98	1.88459	13.131	0.00
0.00	-30153.37	-39802.82	1.88451	-30153.37	-39802.82	1.88451	13.398	0.00
0.00	-30153.42	-39802.66	1.88470	-30153.42	-39802.66	1.88470	14.397	0.00
0.00	-30153.48	-39802.48	1.88500	-30153.48	-39802.48	1.88500	13.234	0.00
0.00	-30153.55	-39802.29	1.88534	-30153.55	-39802.29	1.88534	14.224	0.00
