0.00	-30420.19	-40004.94	0.35000	-30420.19	-40004.94	0.35000	4.788	0.00
0.00	-30419.89	-40004.66	0.35059	-30419.89	-40004.66	0.35059	2.124	0.00
0.00	-30420.09	-40004.23	1.16425	-30420.09	-40004.23	1.16425	2.686	0.00
0.00	-30420.20	-40004.08	1.34274	-30420.20	-40004.08	1.34274	2.272	0.00
0.00	-30420.32	-40003.79	1.55821	-30420.32	-40003.79	1.55821	2.436	0.00
0.00	-30420.47	-40003.52	1.71239	-30420.47	-40003.52	1.71239	2.475	0.00
0.00	-30420.60	-40003.28	1.80018	-30420.60	-40003.28	1.80018	2.449	0.00
0.00	-30420.70	-40003.08	1.83841	-30420.70	-40003.08	1.83841	2.118	0.00
0.00	-30420.80	-40002.88	1.86133	-30420.80	-40002.88	1.86133	2.201	0.00
0.00	-30420.88	-40002.68	1.87604	-30420.88	-40002.68	1.87604	2.218	0.00
0.00	-30420.97	-40002.47	1.88543	-30420.97	-40002.47	1.88543	2.220	0.00
0.00	-30421.05	-40002.25	1.89137	-30421.05	-40002.25	1.89137	2.217	0.00
0.00	-30421.13	-40002.03	1.89515	-30421.13	-40002.03	1.89515	2.162	0.00
0.00	-30421.21	-40001.81	1.89751	-30421.21	-40001.81	1.89751	2.323	0.00
0.00	-30421.28	-40001.59	1.89904	-30421.28	-40001.59	1.89904	2.181	0.00
0.00	-30421.36	-40001.36	1.89968	-30421.36	-40001.36	1.89968	2.180	0.00
0.00	-30421.44	-40001.13	1.89998	-30421.44	-40001.13	1.89998	2.278	0.00
0.00	-30421.52	-40000.90	1.90006	-30421.52	-40000.90	1.90006	2.125	0.00
0.00	-30421.60	-40000.67	1.90004	-30421.60	-40000.67	1.90004	2.273	0.00
0.00	-30421.69	-40000.41	1.90047	-30421.69	-40000.41	1.90047	2.083	0.00
0.00	-30421.74	-40000.25	1.90045	-30421.74	-40000.25	1.90045	2.191	0.00
0.00	-30421.82	-40000.01	1.90047	-30421.82	-40000.01	1.90047	2.245	0.00
0.00	-30421.90	-39999.77	1.90041	-30421.90	-39999.77	1.90041	2.315	0.00
0.00	-30421.98	-39999.54	1.90029	-30421.98	-39999.54	1.90029	2.253	0.00
0.00	-30422.12	-39999.12	1.89979	-30422.12	-39999.12	1.89979	2.109	0.00
0.00	-30422.20	-39998.88	1.89935	-30422.20	-39998.88	1.89935	2.186	0.00
0.00	-30422.24	-39998.73	1.89906	-30422.24	-39998.73	1.89906	2.286	0.00
0.00	-30422.32	-39998.51	1.89887	-30422.32	-39998.51	1.89887	2.407	0.00
0.00	-30422.39	-39998.29	1.89878	-30422.39	-39998.29	1.89878	2.225	0.00
0.00	-30422.47	-39998.07	1.89872	-30422.47	-39998.07	1.89872	2.106	0.00
0.00	-30422.54	-39997.86	1.89861	-30422.54	-39997.86	1.89861	2.211	0.00
0.00	-30422.61	-39997.63	1.89859	-30422.61	-39997.63	1.89859	2.521	0.00
0.00	-30422.69	-39997.40	1.89854	-30422.69	-39997.40	1.89854	2.302	0.00
0.00	-30422.76	-39997.18	1.89833	-30422.76	-39997.18	1.89833	2.321	0.00
0.00	-30422.84	-39996.94	1.89811	-30422.84	-39996.94	1.89811	2.242	0.00
0.00	-30422.92	-39996.70	1.89788	-30422.92	-39996.70	1.89788	2.199	0.00
0.00	-30423.00	-39996.47	1.89768	-30423.00	-39996.47	1.89768	2.129	0.00
0.00	-30423.08	-39996.24	1.89743	-30423.08	-39996.24	1.89743	2.279	0.00
0.00	-30423.15	-39996.00	1.89710	-30423.15	-39996.00	1.89710	2.408	0.00
0.00	-30423.23	-39995.77	1.89678	-30423.23	-39995.77	1.89678	2.276	0.00
0.00	-30423.30	-39995.55	1.89623	-30423.30	-39995.55	1.89623	2.248	0.00
0.00	-30423.38	-39995.33	1.89557	-30423.38	-39995.33	1.89557	3.817	0.00
0.00	-30423.46	-39995.09	1.89515	-30423.46	-39995.09	1.89515	2.199	0.00
0.00	-30423.53	-39994.86	1.89480	-30423.53	-39994.86	1.89480	2.254	0.00
0.00	-30423.62	-39994.59	1.89451	-30423.62	-39994.59	1.89451	2.238	0.00
0.00	-30423.72	-39994.30	1.89429	-30423.72	-39994.30	1.89429	2.288	0.00
0.00	-30423.81	-39994.02	1.89395	-30423.81	-39994.02	1.89395	2.163	0.00
0.00	-30423.88	-39993.80	1.89366	-30423.88	-39993.80	1.89366	2.280	0.00
0.00	-30423.97	-39993.54	1.89343	-30423.97	-39993.54	1.89343	2.329	0.00
0.00	-30424.06	-39993.28	1.89333	-30424.06	-39993.28	1.89333	2.201	0.00
0.00	-30424.10	-39993.17	1.89347	-30424.10	-39993.17	1.89347	2.192	0.00
0.00	-30424.18	-39992.94	1.89349	-30424.18	-39992.94	1.89349	2.247	0.00
0.00	-30424.26	-39992.72	1.89364	-30424.26	-39992.72	1.89364	2.418	0.00
0.00	-30424.33	-39992.49	1.89377	-30424.33	-39992.49	1.89377	2.248	0.00
0.00	-30424.41	-39992.26	1.89382	-30424.41	-39992.26	1.89382	2.189	0.00
0.00	-30424.49	-39992.03	1.89393	-30424.49	-39992.03	1.89393	2.292	0.00
0.00	-30424.57	-39991.79	1.89392	-30424.57	-39991.79	1.89392	2.267	0.00
0.00	-30424.65	-39991.55	1.89393	-30424.65	-39991.55	1.89393	2.326	0.00
0.00	-30424.73	-39991.33	1.89378	-30424.73	-39991.33	1.89378	2.225	0.00
0.00	-30424.81	-39991.10	1.89350	-30424.81	-39991.10	1.89350	2.149	0.00
0.00	-30424.88	-39990.88	1.89342	-30424.88	-39990.88	1.89342	2.177	0.00
0.00	-30424.96	-39990.65	1.89345	-30424.96	-39990.65	1.89345	2.252	0.00
0.00	-30425.05	-39990.41	1.89360	-30425.05	-39990.41	1.89360	2.203	0.00
0.00	-30425.13	-39990.18	1.89372	-30425.13	-39990.18	1.89372	2.313	0.00
0.00	-30425.22	-39989.89	1.89365	-30425.22	-39989.89	1.89365	2.203	0.00
0.00	-30425.32	-39989.60	1.89360	-30425.32	-39989.60	1.89360	2.256	0.00
0.00	-30425.41	-39989.34	1.89332	-30425.41	-39989.34	1.89332	2.247	0.00
0.00	-30425.49	-39989.10	1.89282	-30425.49	-39989.10	1.89282	3.723	0.00
0.00	-30425.57	-39988.88	1.89222	-30425.57	-39988.88	1.89222	2.185	0.00
0.00	-30425.64	-39988.68	1.89173	-30425.64	-39988.68	1.89173	2.376	0.00
0.00	-30425.76	-39988.33	1.89146	-30425.76	-39988.33	1.89146	2.325	0.00
0.00	-30425.80	-39988.20	1.89156	-30425.80	-39988.20	1.89156	2.246	0.00
0.00	-30425.88	-39987.98	1.89147	-30425.88	-39987.98	1.89147	2.250	0.00
0.00	-30425.95	-39987.75	1.89116	-30425.95	-39987.75	1.89116	2.236	0.00
0.00	-30426.03	-39987.52	1.89072	-30426.03	-39987.52	1.89072	2.197	0.00
0.00	-30426.11	-39987.28	1.89007	-30426.11	-39987.28	1.89007	2.251	0.00
0.00	-30426.19	-39987.06	1.88959	-30426.19	-39987.06	1.88959	2.192	0.00
0.00	-30426.27	-39986.81	1.88920	-30426.27	-39986.81	1.88920	2.463	0.00
0.00	-30426.35	-39986.59	1.88915	-30426.35	-39986.59	1.88915	2.157	0.00
0.00	-30426.43	-39986.36	1.88907	-30426.43	-39986.36	1.88907	2.194	0.00
0.00	-30426.51	-39986.13	1.88903	-30426.51	-39986.13	1.88903	2.194	0.00
0.00	-30426.58	-39985.91	1.88909	-30426.58	-39985.91	1.88909	2.217	0.00
0.00	-30426.66	-39985.68	1.88902	-30426.66	-39985.68	1.88902	2.147	0.00
0.00	-30426.73	-39985.46	1.88874	-30426.73	-39985.46	1.88874	2.410	0.00
0.00	-30426.82	-39985.20	1.88847	-30426.82	-39985.20	1.88847	2.140	0.00
0.00	-30426.91	-39984.94	1.88816	-30426.91	-39984.94	1.88816	2.222	0.00
0.00	-30426.99	-39984.70	1.88786	-30426.99	-39984.70	1.88786	2.221	0.00
0.00	-30427.05	-39984.49	1.88744	-30427.05	-39984.49	1.88744	2.174	0.00
0.00	-30427.13	-39984.27	1.88702	-30427.13	-39984.27	1.88702	2.337	0.00
0.00	-30427.20	-39984.04	1.88661	-30427.20	-39984.04	1.88661	2.237	0.00
0.00	-30427.27	-39983.83	1.88606	-30427.27	-39983.83	1.88606	2.334	0.00
0.00	-30427.34	-39983.59	1.88560	-30427.34	-39983.59	1.88560	2.254	0.00
0.00	-30427.41	-39983.37	1.88498	-30427.41	-39983.37	1.88498	2.257	0.00
0.00	-30427.52	-39983.01	1.88401	-30427.52	-39983.01	1.88401	2.199	0.00
0.00	-30427.58	-39982.81	1.88309	-30427.58	-39982.81	1.88309	2.284	0.00
0.00	-30427.63	-39982.67	1.88242	-30427.63	-39982.67	1.88242	2.317	0.00
0.00	-30427.71	-39982.40	1.88173	-30427.71	-39982.40	1.88173	2.313	0.00
0.00	-30427.80	-39982.11	1.88107	-30427.80	-39982.11	1.88107	2.318	0.00
0.00	-30427.88	-39981.85	1.88040	-30427.88	-39981.85	1.88040	2.278	0.00
0.00	-30427.95	-39981.62	1.87985	-30427.95	-39981.62	1.87985	2.309	0.00
0.00	-30428.01	-39981.41	1.87917	-30428.01	-39981.41	1.87917	2.100	0.00
0.00	-30428.08	-39981.19	1.87872	-30428.08	-39981.19	1.87872	2.174	0.00
0.00	-30428.14	-39980.97	1.87811	-30428.14	-39980.97	1.87811	2.240	0.00
0.00	-30428.21	-39980.76	1.87746	-30428.21	-39980.76	1.87746	2.250	0.00
0.00	-30428.28	-39980.51	1.87681	-30428.28	-39980.51	1.87681	2.244	0.00
0.00	-30428.37	-39980.23	1.87632	-30428.37	-39980.23	1.87632	2.245	0.00
0.00	-30428.44	-39979.99	1.87580	-30428.44	-39979.99	1.87580	2.154	0.00
0.00	-30428.50	-39979.78	1.87538	-30428.50	-39979.78	1.87538	2.061	0.00
0.00	-30428.58	-39979.53	1.87493	-30428.58	-39979.53	1.87493	2.134	0.00
0.00	-30428.66	-39979.26	1.87451	-30428.66	-39979.26	1.87451	2.190	0.00
0.00	-30428.73	-39979.02	1.87423	-30428.73	-39979.02	1.87423	2.167	0.00
0.00	-30428.79	-39978.82	1.87382	-30428.79	-39978.82	1.87382	2.298	0.00
0.00	-30428.86	-39978.59	1.87351	-30428.86	-39978.59	1.87351	2.293	0.00
0.00	-30428.94	-39978.34	1.87312	-30428.94	-39978.34	1.87312	2.161	0.00
0.00	-30429.02	-39978.09	1.87268	-30429.02	-39978.09	1.87268	2.194	0.00
0.00	-30429.09	-39977.86	1.87231	-30429.09	-39977.86	1.87231	2.729	0.00
0.00	-30429.15	-39977.65	1.87184	-30429.15	-39977.65	1.87184	2.310	0.00
0.00	-30429.24	-39977.38	1.87135	-30429.24	-39977.38	1.87135	2.395	0.00
0.00	-30429.31	-39977.16	1.87081	-30429.31	-39977.16	1.87081	2.357	0.00
0.00	-30429.37	-39976.95	1.87020	-30429.37	-39976.95	1.87020	2.306	0.00
0.00	-30429.44	-39976.72	1.86959	-30429.44	-39976.72	1.86959	2.267	0.00
0.00	-30429.50	-39976.55	1.86908	-30429.50	-39976.55	1.86908	2.257	0.00
0.00	-30429.59	-39976.25	1.86869	-30429.59	-39976.25	1.86869	2.200	0.00
0.00	-30429.67	-39975.99	1.86844	-30429.67	-39975.99	1.86844	2.149	0.00
0.00	-30429.76	-39975.72	1.86827	-30429.76	-39975.72	1.86827	2.208	0.00
0.00	-30429.84	-39975.44	1.86799	-30429.84	-39975.44	1.86799	2.102	0.00
0.00	-30429.91	-39975.21	1.86774	-30429.91	-39975.21	1.86774	2.215	0.00
0.00	-30429.98	-39975.00	1.86753	-30429.98	-39975.00	1.86753	2.253	0.00
0.00	-30430.05	-39974.78	1.86734	-30430.05	-39974.78	1.86734	2.220	0.00
0.00	-30430.12	-39974.55	1.86708	-30430.12	-39974.55	1.86708	2.272	0.00
0.00	-30430.19	-39974.32	1.86700	-30430.19	-39974.32	1.86700	2.319	0.00
0.00	-30430.27	-39974.09	1.86704	-30430.27	-39974.09	1.86704	2.344	0.00
0.00	-30430.34	-39973.85	1.86720	-30430.34	-39973.85	1.86720	2.261	0.00
0.00	-30430.42	-39973.61	1.86746	-30430.42	-39973.61	1.86746	2.308	0.00
0.00	-30430.49	-39973.37	1.86771	-30430.49	-39973.37	1.86771	2.274	0.00
0.00	-30430.57	-39973.13	1.86788	-30430.57	-39973.13	1.86788	2.225	0.00
0.00	-30430.64	-39972.89	1.86796	-30430.64	-39972.89	1.86796	2.311	0.00
0.00	-30430.72	-39972.64	1.86804	-30430.72	-39972.64	1.86804	2.308	0.00
0.00	-30430.80	-39972.39	1.86813	-30430.80	-39972.39	1.86813	2.199	0.00
0.00	-30430.87	-39972.15	1.86835	-30430.87	-39972.15	1.86835	2.219	0.00
0.00	-30430.96	-39971.86	1.86858	-30430.96	-39971.86	1.86858	2.224	0.00
0.00	-30431.04	-39971.62	1.86875	-30431.04	-39971.62	1.86875	2.167	0.00
0.00	-30431.11	-39971.40	1.86895	-30431.11	-39971.40	1.86895	2.258	0.00
0.00	-30431.20	-39971.10	1.86910	-30431.20	-39971.10	1.86910	2.335	0.00
0.00	-30431.29	-39970.80	1.86937	-30431.29	-39970.80	1.86937	2.374	0.00
0.00	-30431.38	-39970.53	1.86972	-30431.38	-39970.53	1.86972	2.291	0.00
0.00	-30431.44	-39970.30	1.87009	-30431.44	-39970.30	1.87009	2.160	0.00
0.00	-30431.51	-39970.10	1.87050	-30431.51	-39970.10	1.87050	2.142	0.00
0.00	-30431.58	-39969.87	1.87099	-30431.58	-39969.87	1.87099	2.243	0.00
0.00	-30431.65	-39969.64	1.87147	-30431.65	-39969.64	1.87147	2.330	0.00
0.00	-30431.72	-39969.40	1.87193	-30431.72	-39969.40	1.87193	2.290	0.00
0.00	-30431.79	-39969.16	1.87225	-30431.79	-39969.16	1.87225	2.230	0.00
0.00	-30431.87	-39968.91	1.87258	-30431.87	-39968.91	1.87258	2.225	0.00
0.00	-30431.95	-39968.66	1.87294	-30431.95	-39968.66	1.87294	2.247	0.00
0.00	-30432.02	-39968.42	1.87336	-30432.02	-39968.42	1.87336	2.227	0.00
0.00	-30432.11	-39968.13	1.87402	-30432.11	-39968.13	1.87402	2.203	0.00
0.00	-30432.20	-39967.84	1.87461	-30432.20	-39967.84	1.87461	2.138	0.00
0.00	-30432.28	-39967.58	1.87541	-30432.28	-39967.58	1.87541	2.296	0.00
0.00	-30432.35	-39967.36	1.87581	-30432.35	-39967.36	1.87581	2.170	0.00
0.00	-30432.41	-39967.15	1.87627	-30432.41	-39967.15	1.87627	2.229	0.00
0.00	-30432.48	-39966.92	1.87671	-30432.48	-39966.92	1.87671	2.219	0.00
0.00	-30432.55	-39966.69	1.87709	-30432.55	-39966.69	1.87709	2.185	0.00
0.00	-30432.67	-39966.32	1.87783	-30432.67	-39966.32	1.87783	2.302	0.00
0.00	-30432.72	-39966.15	1.87863	-30432.72	-39966.15	1.87863	2.278	0.00
0.00	-30432.82	-39965.86	1.88004	-30432.82	-39965.86	1.88004	2.254	0.00
0.00	-30432.91	-39965.59	1.88123	-30432.91	-39965.59	1.88123	2.296	0.00
0.00	-30432.97	-39965.39	1.88253	-30432.97	-39965.39	1.88253	2.179	0.00
0.00	-30433.06	-39965.14	1.88396	-30433.06	-39965.14	1.88396	2.351	0.00
0.00	-30433.15	-39964.88	1.88553	-30433.15	-39964.88	1.88553	2.104	0.00
0.00	-30433.24	-39964.63	1.88706	-30433.24	-39964.63	1.88706	2.216	0.00
0.00	-30433.34	-39964.38	1.88887	-30433.34	-39964.38	1.88887	2.205	0.00
0.00	-30433.43	-39964.13	1.89070	-30433.43	-39964.13	1.89070	2.163	0.00
0.00	-30433.49	-39963.95	1.89266	-30433.49	-39963.95	1.89266	2.193	0.00
0.00	-30433.58	-39963.73	1.89485	-30433.58	-39963.73	1.89485	2.176	0.00
0.00	-30433.67	-39963.50	1.89692	-30433.67	-39963.50	1.89692	2.308	0.00
0.00	-30433.76	-39963.26	1.89894	-30433.76	-39963.26	1.89894	2.819	0.00
0.00	-30433.85	-39963.02	1.90085	-30433.85	-39963.02	1.90085	2.076	0.00
0.00	-30433.94	-39962.78	1.90193	-30433.94	-39962.78	1.90193	2.286	0.00
0.00	-30434.02	-39962.58	1.90388	-30434.02	-39962.58	1.90388	2.282	0.00
0.00	-30434.11	-39962.34	1.90581	-30434.11	-39962.34	1.90581	2.252	0.00
0.00	-30434.22	-39962.07	1.90764	-30434.22	-39962.07	1.90764	2.134	0.00
0.00	-30434.32	-39961.80	1.90933	-30434.32	-39961.80	1.90933	2.241	0.00
0.00	-30434.40	-39961.59	1.91057	-30434.40	-39961.59	1.91057	2.365	0.00
0.00	-30434.50	-39961.32	1.91201	-30434.50	-39961.32	1.91201	2.137	0.00
0.00	-30434.60	-39961.04	1.91329	-30434.60	-39961.04	1.91329	2.218	0.00
0.00	-30434.75	-39960.65	1.91476	-30434.75	-39960.65	1.91476	2.258	0.00
0.00	-30434.80	-39960.52	1.91574	-30434.80	-39960.52	1.91574	2.426	0.00
0.00	-30434.91	-39960.24	1.91666	-30434.91	-39960.24	1.91666	2.301	0.00
0.00	-30435.00	-39959.99	1.91747	-30435.00	-39959.99	1.91747	2.599	0.00
0.00	-30435.08	-39959.77	1.91804	-30435.08	-39959.77	1.91804	2.350	0.00
0.00	-30435.16	-39959.54	1.91833	-30435.16	-39959.54	1.91833	2.256	0.00
0.00	-30435.24	-39959.32	1.91838	-30435.24	-39959.32	1.91838	2.224	0.00
0.00	-30435.33	-39959.09	1.91822	-30435.33	-39959.09	1.91822	2.210	0.00
0.00	-30435.41	-39958.86	1.91795	-30435.41	-39958.86	1.91795	2.260	0.00
0.00	-30435.50	-39958.60	1.91765	-30435.50	-39958.60	1.91765	2.201	0.00
0.00	-30435.58	-39958.37	1.91714	-30435.58	-39958.37	1.91714	2.183	0.00
0.00	-30435.67	-39958.10	1.91648	-30435.67	-39958.10	1.91648	2.164	0.00
0.00	-30435.77	-39957.83	1.91655	-30435.77	-39957.83	1.91655	2.161	0.00
0.00	-30435.85	-39957.59	1.91595	-30435.85	-39957.59	1.91595	2.150	0.00
0.00	-30435.95	-39957.32	1.91495	-30435.95	-39957.32	1.91495	2.143	0.00
0.00	-30436.03	-39957.06	1.91389	-30436.03	-39957.06	1.91389	2.201	0.00
0.00	-30436.11	-39956.82	1.91283	-30436.11	-39956.82	1.91283	2.182	0.00
0.00	-30436.20	-39956.55	1.91178	-30436.20	-39956.55	1.91178	2.200	0.00
0.00	-30436.29	-39956.30	1.91080	-30436.29	-39956.30	1.91080	2.320	0.00
0.00	-30436.37	-39956.05	1.90977	-30436.37	-39956.05	1.90977	2.344	0.00
0.00	-30436.45	-39955.81	1.90885	-30436.45	-39955.81	1.90885	2.222	0.00
0.00	-30436.52	-39955.58	1.90791	-30436.52	-39955.58	1.90791	2.268	0.00
0.00	-30436.61	-39955.32	1.90687	-30436.61	-39955.32	1.90687	2.135	0.00
0.00	-30436.69	-39955.08	1.90585	-30436.69	-39955.08	1.90585	2.103	0.00
0.00	-30436.78	-39954.79	1.90479	-30436.78	-39954.79	1.90479	2.388	0.00
0.00	-30436.86	-39954.55	1.90366	-30436.86	-39954.55	1.90366	2.137	0.00
0.00	-30436.94	-39954.30	1.90236	-30436.94	-39954.30	1.90236	2.104	0.00
0.00	-30437.02	-39954.05	1.90135	-30437.02	-39954.05	1.90135	2.127	0.00
0.00	-30437.10	-39953.80	1.90030	-30437.10	-39953.80	1.90030	2.240	0.00
0.00	-30437.18	-39953.54	1.89961	-30437.18	-39953.54	1.89961	2.049	0.00
0.00	-30437.26	-39953.29	1.89888	-30437.26	-39953.29	1.89888	2.125	0.00
0.00	-30437.34	-39953.03	1.89809	-30437.34	-39953.03	1.89809	2.103	0.00
0.00	-30437.43	-39952.77	1.89765	-30437.43	-39952.77	1.89765	2.137	0.00
0.00	-30437.51	-39952.50	1.89696	-30437.51	-39952.50	1.89696	2.201	0.00
0.00	-30437.59	-39952.26	1.89614	-30437.59	-39952.26	1.89614	2.142	0.00
0.00	-30437.66	-39952.03	1.89540	-30437.66	-39952.03	1.89540	2.169	0.00
0.00	-30437.79	-39951.63	1.89396	-30437.79	-39951.63	1.89396	2.207	0.00
0.00	-30437.82	-39951.52	1.89326	-30437.82	-39951.52	1.89326	2.100	0.00
0.00	-30437.85	-39951.41	1.89276	-30437.85	-39951.41	1.89276	2.376	0.00
0.00	-30437.94	-39951.13	1.89215	-30437.94	-39951.13	1.89215	2.183	0.00
0.00	-30438.04	-39950.84	1.89148	-30438.04	-39950.84	1.89148	2.222	0.00
0.00	-30438.13	-39950.56	1.89091	-30438.13	-39950.56	1.89091	2.223	0.00
0.00	-30438.21	-39950.29	1.89017	-30438.21	-39950.29	1.89017	2.200	0.00
0.00	-30438.29	-39950.05	1.88935	-30438.29	-39950.05	1.88935	2.240	0.00
0.00	-30438.37	-39949.81	1.88864	-30438.37	-39949.81	1.88864	2.302	0.00
0.00	-30438.45	-39949.56	1.88792	-30438.45	-39949.56	1.88792	2.222	0.00
0.00	-30438.53	-39949.31	1.88738	-30438.53	-39949.31	1.88738	2.307	0.00
0.00	-30438.66	-39948.91	1.88684	-30438.66	-39948.91	1.88684	2.196	0.00
0.00	-30438.70	-39948.79	1.88646	-30438.70	-39948.79	1.88646	2.311	0.00
0.00	-30438.77	-39948.56	1.88601	-30438.77	-39948.56	1.88601	2.336	0.00
0.00	-30438.85	-39948.29	1.88560	-30438.85	-39948.29	1.88560	2.220	0.00
0.00	-30438.93	-39948.06	1.88521	-30438.93	-39948.06	1.88521	2.184	0.00
0.00	-30439.00	-39947.84	1.88482	-30439.00	-39947.84	1.88482	2.180	0.00
0.00	-30439.08	-39947.60	1.88455	-30439.08	-39947.60	1.88455	2.135	0.00
0.00	-30439.15	-39947.37	1.88426	-30439.15	-39947.37	1.88426	2.189	0.00
0.00	-30439.23	-39947.14	1.88391	-30439.23	-39947.14	1.88391	2.100	0.00
0.00	-30439.30	-39946.91	1.88346	-30439.30	-39946.91	1.88346	2.320	0.00
0.00	-30439.38	-39946.67	1.88296	-30439.38	-39946.67	1.88296	2.107	0.00
0.00	-30439.46	-39946.41	1.88248	-30439.46	-39946.41	1.88248	2.185	0.00
0.00	-30439.54	-39946.17	1.88209	-30439.54	-39946.17	1.88209	2.177	0.00
0.00	-30439.62	-39945.91	1.88174	-30439.62	-39945.91	1.88174	2.257	0.00
0.00	-30439.70	-39945.65	1.88143	-30439.70	-39945.65	1.88143	2.198	0.00
0.00	-30439.78	-39945.42	1.88111	-30439.78	-39945.42	1.88111	2.191	0.00
0.00	-30439.86	-39945.17	1.88080	-30439.86	-39945.17	1.88080	2.159	0.00
0.00	-30439.93	-39944.94	1.88051	-30439.93	-39944.94	1.88051	2.393	0.00
0.00	-30440.01	-39944.71	1.88016	-30440.01	-39944.71	1.88016	2.234	0.00
0.00	-30440.08	-39944.48	1.87992	-30440.08	-39944.48	1.87992	2.212	0.00
0.00	-30440.16	-39944.22	1.87977	-30440.16	-39944.22	1.87977	2.115	0.00
0.00	-30440.24	-39943.99	1.87965	-30440.24	-39943.99	1.87965	2.188	0.00
0.00	-30440.31	-39943.78	1.87957	-30440.31	-39943.78	1.87957	2.239	0.00
0.00	-30440.40	-39943.50	1.87956	-30440.40	-39943.50	1.87956	2.293	0.00
0.00	-30440.49	-39943.20	1.87978	-30440.49	-39943.20	1.87978	2.204	0.00
0.00	-30440.53	-39943.10	1.87991	-30440.53	-39943.10	1.87991	2.148	0.00
0.00	-30440.61	-39942.85	1.88008	-30440.61	-39942.85	1.88008	2.287	0.00
0.00	-30440.69	-39942.60	1.88023	-30440.69	-39942.60	1.88023	2.230	0.00
0.00	-30440.77	-39942.34	1.88034	-30440.77	-39942.34	1.88034	2.264	0.00
0.00	-30440.85	-39942.12	1.88042	-30440.85	-39942.12	1.88042	2.223	0.00
0.00	-30440.92	-39941.90	1.88050	-30440.92	-39941.90	1.88050	2.209	0.00
0.00	-30440.99	-39941.68	1.88064	-30440.99	-39941.68	1.88064	2.332	0.00
0.00	-30441.07	-39941.45	1.88077	-30441.07	-39941.45	1.88077	2.175	0.00
0.00	-30441.15	-39941.19	1.88090	-30441.15	-39941.19	1.88090	2.220	0.00
0.00	-30441.23	-39940.93	1.88105	-30441.23	-39940.93	1.88105	2.327	0.00
0.00	-30441.31	-39940.71	1.88122	-30441.31	-39940.71	1.88122	2.228	0.00
0.00	-30441.38	-39940.49	1.88135	-30441.38	-39940.49	1.88135	2.189	0.00
0.00	-30441.45	-39940.27	1.88149	-30441.45	-39940.27	1.88149	2.158	0.00
0.00	-30441.52	-39940.04	1.88175	-30441.52	-39940.04	1.88175	2.092	0.00
0.00	-30441.60	-39939.81	1.88209	-30441.60	-39939.81	1.88209	2.188	0.00
0.00	-30441.67	-39939.58	1.88242	-30441.67	-39939.58	1.88242	2.160	0.00
0.00	-30441.75	-39939.35	1.88264	-30441.75	-39939.35	1.88264	2.294	0.00
0.00	-30441.82	-39939.12	1.88270	-30441.82	-39939.12	1.88270	2.294	0.00
0.00	-30441.90	-39938.89	1.88265	-30441.90	-39938.89	1.88265	2.098	0.00
0.00	-30441.98	-39938.64	1.88256	-30441.98	-39938.64	1.88256	2.751	0.00
0.00	-30442.13	-39938.17	1.88235	-30442.13	-39938.17	1.88235	2.233	0.00
0.00	-30442.14	-39938.16	1.88226	-30442.14	-39938.16	1.88226	2.344	0.00
0.00	-30442.20	-39937.95	1.88215	-30442.20	-39937.95	1.88215	2.251	0.00
0.00	-30442.27	-39937.74	1.88209	-30442.27	-39937.74	1.88209	2.312	0.00
0.00	-30442.35	-39937.51	1.88202	-30442.35	-39937.51	1.88202	2.291	0.00
0.00	-30442.43	-39937.24	1.88180	-30442.43	-39937.24	1.88180	2.347	0.00
0.00	-30442.51	-39937.00	1.88148	-30442.51	-39937.00	1.88148	2.287	0.00
0.00	-30442.59	-39936.74	1.88106	-30442.59	-39936.74	1.88106	2.235	0.00
0.00	-30442.67	-39936.50	1.88074	-30442.67	-39936.50	1.88074	2.216	0.00
0.00	-30442.74	-39936.29	1.88039	-30442.74	-39936.29	1.88039	2.300	0.00
0.00	-30442.81	-39936.06	1.88014	-30442.81	-39936.06	1.88014	2.401	0.00
0.00	-30442.87	-39935.85	1.88004	-30442.87	-39935.85	1.88004	2.121	0.00
0.00	-30442.95	-39935.62	1.88000	-30442.95	-39935.62	1.88000	2.205	0.00
0.00	-30443.01	-39935.40	1.87992	-30443.01	-39935.40	1.87992	2.329	0.00
0.00	-30443.12	-39935.07	1.87977	-30443.12	-39935.07	1.87977	2.254	0.00
0.00	-30443.15	-39934.98	1.87967	-30443.15	-39934.98	1.87967	2.241	0.00
0.00	-30443.23	-39934.72	1.87958	-30443.23	-39934.72	1.87958	2.241	0.00
0.00	-30443.31	-39934.48	1.87950	-30443.31	-39934.48	1.87950	2.177	0.00
0.00	-30443.38	-39934.24	1.87946	-30443.38	-39934.24	1.87946	2.364	0.00
0.00	-30443.46	-39933.98	1.87944	-30443.46	-39933.98	1.87944	2.386	0.00
0.00	-30443.54	-39933.74	1.87938	-30443.54	-39933.74	1.87938	2.271	0.00
0.00	-30443.61	-39933.50	1.87934	-30443.61	-39933.50	1.87934	2.383	0.00
0.00	-30443.69	-39933.26	1.87939	-30443.69	-39933.26	1.87939	2.393	0.00
0.00	-30443.79	-39932.94	1.87933	-30443.79	-39932.94	1.87933	2.750	0.00
0.00	-30443.81	-39932.86	1.87933	-30443.81	-39932.86	1.87933	2.528	0.00
0.00	-30443.89	-39932.63	1.87934	-30443.89	-39932.63	1.87934	2.532	0.00
0.00	-30443.96	-39932.38	1.87945	-30443.96	-39932.38	1.87945	2.678	0.00
0.00	-30444.04	-39932.16	1.87939	-30444.04	-39932.16	1.87939	2.634	0.00
0.00	-30444.11	-39931.91	1.87926	-30444.11	-39931.91	1.87926	2.741	0.00
0.00	-30444.18	-39931.68	1.87914	-30444.18	-39931.68	1.87914	2.751	0.00
0.00	-30444.26	-39931.45	1.87915	-30444.26	-39931.45	1.87915	2.856	0.00
0.00	-30444.33	-39931.23	1.87926	-30444.33	-39931.23	1.87926	2.870	0.00
0.00	-30444.40	-39931.00	1.87942	-30444.40	-39931.00	1.87942	2.988	0.00
0.00	-30444.48	-39930.77	1.87958	-30444.48	-39930.77	1.87958	3.273	0.00
0.00	-30444.54	-39930.57	1.87986	-30444.54	-39930.57	1.87986	2.953	0.00
0.00	-30444.62	-39930.33	1.88021	-30444.62	-39930.33	1.88021	3.346	0.00
0.00	-30444.69	-39930.11	1.88049	-30444.69	-39930.11	1.88049	2.839	0.00
0.00	-30444.76	-39929.90	1.88090	-30444.76	-39929.90	1.88090	3.309	0.00
0.00	-30444.83	-39929.68	1.88129	-30444.83	-39929.68	1.88129	3.600	0.00
0.00	-30444.90	-39929.48	1.88181	-30444.90	-39929.48	1.88181	3.583	0.00
0.00	-30444.97	-39929.25	1.88235	-30444.97	-39929.25	1.88235	2.959	0.00
0.00	-30445.04	-39929.04	1.88307	-30445.04	-39929.04	1.88307	3.409	0.00
0.00	-30445.12	-39928.80	1.88370	-30445.12	-39928.80	1.88370	3.679	0.00
0.00	-30445.20	-39928.57	1.88423	-30445.20	-39928.57	1.88423	3.524	0.00
0.00	-30445.26	-39928.40	1.88481	-30445.26	-39928.40	1.88481	3.890	0.00
0.00	-30445.33	-39928.17	1.88528	-30445.33	-39928.17	1.88528	3.870	0.00
0.00	-30445.41	-39927.94	1.88580	-30445.41	-39927.94	1.88580	3.794	0.00
0.00	-30445.49	-39927.68	1.88641	-30445.49	-39927.68	1.88641	3.991	0.00
0.00	-30445.59	-39927.39	1.88705	-30445.59	-39927.39	1.88705	3.954	0.00
0.00	-30445.63	-39927.27	1.88739	-30445.63	-39927.27	1.88739	3.508	0.00
0.00	-30445.71	-39927.03	1.88769	-30445.71	-39927.03	1.88769	4.035	0.00
0.00	-30445.79	-39926.79	1.88799	-30445.79	-39926.79	1.88799	4.173	0.00
0.00	-30445.87	-39926.55	1.88827	-30445.87	-39926.55	1.88827	4.092	0.00
0.00	-30445.95	-39926.32	1.88831	-30445.95	-39926.32	1.88831	4.117	0.00
0.00	-30446.02	-39926.11	1.88820	-30446.02	-39926.11	1.88820	4.246	0.00
0.00	-30446.09	-39925.88	1.88806	-30446.09	-39925.88	1.88806	4.275	0.00
0.00	-30446.17	-39925.66	1.88809	-30446.17	-39925.66	1.88809	4.259	0.00
0.00	-30446.24	-39925.45	1.88823	-30446.24	-39925.45	1.88823	3.733	0.00
0.00	-30446.30	-39925.24	1.88827	-30446.30	-39925.24	1.88827	4.690	0.00
0.00	-30446.38	-39925.02	1.88815	-30446.38	-39925.02	1.88815	4.327	0.00
0.00	-30446.45	-39924.81	1.88789	-30446.45	-39924.81	1.88789	4.431	0.00
0.00	-30446.52	-39924.59	1.88764	-30446.52	-39924.59	1.88764	3.553	0.00
0.00	-30446.59	-39924.36	1.88758	-30446.59	-39924.36	1.88758	4.097	0.00
0.00	-30446.66	-39924.16	1.88761	-30446.66	-39924.16	1.88761	4.825	0.00
0.00	-30446.72	-39923.96	1.88771	-30446.72	-39923.96	1.88771	4.650	0.00
0.00	-30446.80	-39923.71	1.88785	-30446.80	-39923.71	1.88785	3.437	0.00
0.00	-30446.87	-39923.49	1.88786	-30446.87	-39923.49	1.88786	4.708	0.00
0.00	-30446.94	-39923.28	1.88779	-30446.94	-39923.28	1.88779	4.759	0.00
0.00	-30447.01	-39923.06	1.88776	-30447.01	-39923.06	1.88776	4.967	0.00
0.00	-30447.08	-39922.85	1.88780	-30447.08	-39922.85	1.88780	5.015	0.00
0.00	-30447.16	-39922.60	1.88792	-30447.16	-39922.60	1.88792	4.536	0.00
0.00	-30447.25	-39922.35	1.88820	-30447.25	-39922.35	1.88820	8.718	0.00
0.00	-30447.30	-39922.20	1.88842	-30447.30	-39922.20	1.88842	5.029	0.00
0.00	-30447.38	-39921.95	1.88871	-30447.38	-39921.95	1.88871	5.090	0.00
0.00	-30447.45	-39921.73	1.88900	-30447.45	-39921.73	1.88900	5.210	0.00
0.00	-30447.53	-39921.51	1.88929	-30447.53	-39921.51	1.88929	5.194	0.00
0.00	-30447.60	-39921.28	1.88958	-30447.60	-39921.28	1.88958	5.308	0.00
0.00	-30447.67	-39921.07	1.88987	-30447.67	-39921.07	1.88987	5.618	0.00
0.00	-30447.74	-39920.86	1.89015	-30447.74	-39920.86	1.89015	5.185	0.00
0.00	-30447.82	-39920.64	1.89049	-30447.82	-39920.64	1.89049	4.267	0.00
0.00	-30447.88	-39920.44	1.89076	-30447.88	-39920.44	1.89076	4.643	0.00
0.00	-30447.95	-39920.24	1.89112	-30447.95	-39920.24	1.89112	5.744	0.00
0.00	-30448.03	-39920.01	1.89138	-30448.03	-39920.01	1.89138	5.511	0.00
0.00	-30448.09	-39919.82	1.89160	-30448.09	-39919.82	1.89160	5.517	0.00
0.00	-30448.16	-39919.63	1.89174	-30448.16	-39919.63	1.89174	5.586	0.00
0.00	-30448.23	-39919.41	1.89179	-30448.23	-39919.41	1.89179	5.593	0.00
0.00	-30448.30	-39919.19	1.89187	-30448.30	-39919.19	1.89187	5.658	0.00
0.00	-30448.38	-39918.98	1.89191	-30448.38	-39918.98	1.89191	14.498	0.00
0.00	-30448.44	-39918.78	1.89199	-30448.44	-39918.78	1.89199	8.123	0.00
0.00	-30448.51	-39918.59	1.89210	-30448.51	-39918.59	1.89210	7.097	0.00
0.00	-30448.57	-39918.39	1.89222	-30448.57	-39918.39	1.89222	6.888	0.00
0.00	-30448.65	-39918.16	1.89230	-30448.65	-39918.16	1.89230	6.876	0.00
0.00	-30448.76	-39917.81	1.89233	-30448.76	-39917.81	1.89233	7.215	0.00
0.00	-30448.83	-39917.60	1.89235	-30448.83	-39917.60	1.89235	6.791	0.00
0.00	-30448.86	-39917.53	1.89236	-30448.86	-39917.53	1.89236	7.607	0.00
0.00	-30448.93	-39917.31	1.89240	-30448.93	-39917.31	1.89240	6.699	0.00
0.00	-30449.00	-39917.11	1.89243	-30449.00	-39917.11	1.89243	7.300	0.00
0.00	-30449.07	-39916.90	1.89242	-30449.07	-39916.90	1.89242	7.377	0.00
0.00	-30449.14	-39916.68	1.89236	-30449.14	-39916.68	1.89236	7.767	0.00
0.00	-30449.20	-39916.50	1.89228	-30449.20	-39916.50	1.89228	7.708	0.00
0.00	-30449.27	-39916.29	1.89226	-30449.27	-39916.29	1.89226	7.326	0.00
0.00	-30449.34	-39916.07	1.89226	-30449.34	-39916.07	1.89226	8.009	0.00
0.00	-30449.40	-39915.89	1.89222	-30449.40	-39915.89	1.89222	7.470	0.00
0.00	-30449.47	-39915.70	1.89211	-30449.47	-39915.70	1.89211	8.254	0.00
0.00	-30449.53	-39915.49	1.89188	-30449.53	-39915.49	1.89188	8.379	0.00
0.00	-30449.61	-39915.27	1.89177	-30449.61	-39915.27	1.89177	8.638	0.00
0.00	-30449.67	-39915.09	1.89164	-30449.67	-39915.09	1.89164	7.991	0.00
0.00	-30449.74	-39914.87	1.89155	-30449.74	-39914.87	1.89155	8.644	0.00
0.00	-30449.80	-39914.67	1.89137	-30449.80	-39914.67	1.89137	8.552	0.00
0.00	-30449.86	-39914.48	1.89121	-30449.86	-39914.48	1.89121	8.937	0.00
0.00	-30449.93	-39914.28	1.89101	-30449.93	-39914.28	1.89101	8.571	0.00
0.00	-30450.00	-39914.06	1.89090	-30450.00	-39914.06	1.89090	8.627	0.00
0.00	-30450.06	-39913.87	1.89085	-30450.06	-39913.87	1.89085	8.545	0.00
0.00	-30450.13	-39913.67	1.89081	-30450.13	-39913.67	1.89081	8.575	0.00
0.00	-30450.20	-39913.45	1.89086	-30450.20	-39913.45	1.89086	8.605	0.00
0.00	-30450.26	-39913.27	1.89082	-30450.26	-39913.27	1.89082	9.233	0.00
0.00	-30450.38	-39912.92	1.89057	-30450.38	-39912.92	1.89057	8.702	0.00
0.00	-30450.42	-39912.77	1.89041	-30450.42	-39912.77	1.89041	8.781	0.00
0.00	-30450.46	-39912.67	1.89035	-30450.46	-39912.67	1.89035	9.373	0.00
0.00	-30450.52	-39912.48	1.89028	-30450.52	-39912.48	1.89028	9.310	0.00
0.00	-30450.58	-39912.28	1.89017	-30450.58	-39912.28	1.89017	8.536	0.00
0.00	-30450.65	-39912.09	1.89003	-30450.65	-39912.09	1.89003	9.594	0.00
0.00	-30450.72	-39911.87	1.88922	-30450.72	-39911.87	1.88922	8.925	0.00
0.00	-30450.78	-39911.65	1.88839	-30450.78	-39911.65	1.88839	9.033	0.00
0.00	-30450.85	-39911.44	1.88740	-30450.85	-39911.44	1.88740	9.282	0.00
0.00	-30450.90	-39911.24	1.88557	-30450.90	-39911.24	1.88557	9.619	0.00
0.00	-30450.95	-39911.04	1.88339	-30450.95	-39911.04	1.88339	9.831	0.00
0.00	-30451.01	-39910.83	1.88090	-30451.01	-39910.83	1.88090	9.704	0.00
0.00	-30451.06	-39910.62	1.87811	-30451.06	-39910.62	1.87811	9.866	0.00
0.00	-30451.11	-39910.41	1.87507	-30451.11	-39910.41	1.87507	9.890	0.00
0.00	-30451.16	-39910.19	1.87192	-30451.16	-39910.19	1.87192	10.056	0.00
0.00	-30451.21	-39909.98	1.86881	-30451.21	-39909.98	1.86881	9.837	0.00
0.00	-30451.27	-39909.71	1.86567	-30451.27	-39909.71	1.86567	9.447	0.00
0.00	-30451.33	-39909.47	1.86263	-30451.33	-39909.47	1.86263	10.687	0.00
0.00	-30451.38	-39909.26	1.85961	-30451.38	-39909.26	1.85961	10.064	0.00
0.00	-30451.44	-39909.02	1.85728	-30451.44	-39909.02	1.85728	10.724	0.00
0.00	-30451.49	-39908.80	1.85429	-30451.49	-39908.80	1.85429	10.341	0.00
0.00	-30451.54	-39908.59	1.85219	-30451.54	-39908.59	1.85219	10.226	0.00
0.00	-30451.58	-39908.40	1.84978	-30451.58	-39908.40	1.84978	11.031	0.00
0.00	-30451.65	-39908.13	1.84796	-30451.65	-39908.13	1.84796	11.000	0.00
0.00	-30451.68	-39907.99	1.84587	-30451.68	-39907.99	1.84587	10.049	0.00
0.00	-30451.74	-39907.73	1.84453	-30451.74	-39907.73	1.84453	11.124	0.00
0.00	-30451.80	-39907.52	1.84307	-30451.80	-39907.52	1.84307	10.889	0.00
0.00	-30451.84	-39907.33	1.84227	-30451.84	-39907.33	1.84227	10.679	0.00
0.00	-30451.91	-39907.10	1.84158	-30451.91	-39907.10	1.84158	11.525	0.00
0.00	-30451.97	-39906.87	1.84103	-30451.97	-39906.87	1.84103	10.806	0.00
0.00	-30452.03	-39906.64	1.84078	-30452.03	-39906.64	1.84078	11.420	0.00
0.00	-30452.09	-39906.41	1.84073	-30452.09	-39906.41	1.84073	10.890	0.00
0.00	-30452.15	-39906.21	1.84100	-30452.15	-39906.21	1.84100	11.214	0.00
0.00	-30452.22	-39905.98	1.84157	-30452.22	-39905.98	1.84157	11.900	0.00
0.00	-30452.28	-39905.77	1.84242	-30452.28	-39905.77	1.84242	11.802	0.00
0.00	-30452.35	-39905.54	1.84334	-30452.35	-39905.54	1.84334	12.050	0.00
0.00	-30452.42	-39905.31	1.84466	-30452.42	-39905.31	1.84466	11.726	0.00
0.00	-30452.49	-39905.07	1.84569	-30452.49	-39905.07	1.84569	11.944	0.00
0.00	-30452.57	-39904.83	1.84714	-30452.57	-39904.83	1.84714	12.465	0.00
0.00	-30452.64	-39904.60	1.84831	-30452.64	-39904.60	1.84831	12.717	0.00
0.00	-30452.70	-39904.43	1.84993	-30452.70	-39904.43	1.84993	11.799	0.00
0.00	-30452.76	-39904.23	1.85126	-30452.76	-39904.23	1.85126	12.164	0.00
0.00	-30452.83	-39904.03	1.85314	-30452.83	-39904.03	1.85314	12.662	0.00
0.00	-30452.90	-39903.82	1.85462	-30452.90	-39903.82	1.85462	12.096	0.00
0.00	-30452.97	-39903.61	1.85567	-30452.97	-39903.61	1.85567	12.693	0.00
0.00	-30453.03	-39903.41	1.85714	-30453.03	-39903.41	1.85714	12.651	0.00
0.00	-30453.11	-39903.18	1.85898	-30453.11	-39903.18	1.85898	12.556	0.00
0.00	-30453.17	-39903.01	1.86026	-30453.17	-39903.01	1.86026	12.996	0.00
0.00	-30453.24	-39902.80	1.86157	-30453.24	-39902.80	1.86157	12.663	0.00
0.00	-30453.31	-39902.58	1.86250	-30453.31	-39902.58	1.86250	12.751	0.00
0.00	-30453.39	-39902.35	1.86437	-30453.39	-39902.35	1.86437	13.344	0.00
0.00	-30453.46	-39902.13	1.86577	-30453.46	-39902.13	1.86577	12.730	0.00
0.00	-30453.54	-39901.92	1.86753	-30453.54	-39901.92	1.86753	13.065	0.00
0.00	-30453.61	-39901.70	1.86874	-30453.61	-39901.70	1.86874	13.023	0.00
0.00	-30453.68	-39901.51	1.87015	-30453.68	-39901.51	1.87015	13.565	0.00
0.00	-30453.75	-39901.30	1.87142	-30453.75	-39901.30	1.87142	12.904	0.00
0.00	-30453.82	-39901.09	1.87261	-30453.82	-39901.09	1.87261	12.993	0.00
0.00	-30453.89	-39900.88	1.87351	-30453.89	-39900.88	1.87351	13.216	0.00
0.00	-30453.96	-39900.67	1.87465	-30453.96	-39900.67	1.87465	13.992	0.00
0.00	-30454.03	-39900.46	1.87551	-30454.03	-39900.46	1.87551	13.778	0.00
0.00	-30454.10	-39900.27	1.87642	-30454.10	-39900.27	1.87642	13.723	0.00
0.00	-30454.17	-39900.06	1.87724	-30454.17	-39900.06	1.87724	13.573	0.00
0.00	-30454.24	-39899.83	1.87800	-30454.24	-39899.83	1.87800	12.958	0.00
0.00	-30454.32	-39899.60	1.87867	-30454.32	-39899.60	1.87867	13.918	0.00
0.00	-30454.40	-39899.37	1.87915	-30454.40	-39899.37	1.87915	13.683	0.00
0.00	-30454.47	-39899.17	1.87976	-30454.47	-39899.17	1.87976	14.392	0.00
0.00	-30454.53	-39898.98	1.88022	-30454.53	-39898.98	1.88022	13.840	0.00
0.00	-30454.58	-39898.84	1.88090	-30454.58	-39898.84	1.88090	14.886	0.00
0.00	-30454.65	-39898.63	1.88165	-30454.65	-39898.63	1.88165	13.800	0.00
0.00	-30454.73	-39898.39	1.88230	-30454.73	-39898.39	1.88230	14.238	0.00
0.00	-30454.78	-39898.22	1.88296	-30454.78	-39898.22	1.88296	14.148	0.00
0.00	-30454.86	-39898.00	1.88317	-30454.86	-39898.00	1.88317	14.036	0.00
0.00	-30454.93	-39897.78	1.88332	-30454.93	-39897.78	1.88332	14.370	0.00
0.00	-30455.01	-39897.54	1.88331	-30455.01	-39897.54	1.88331	14.562	0.00
0.00	-30455.09	-39897.30	1.88342	-30455.09	-39897.30	1.88342	14.324	0.00
0.00	-30455.14	-39897.12	1.88344	-30455.14	-39897.12	1.88344	14.954	0.00
0.00	-30455.21	-39896.94	1.88357	-30455.21	-39896.94	1.88357	14.700	0.00
0.00	-30455.27	-39896.75	1.88378	-30455.27	-39896.75	1.88378	15.148	0.00
0.00	-30455.33	-39896.56	1.88411	-30455.33	-39896.56	1.88411	15.016	0.00
0.00	-30455.39	-39896.37	1.88439	-30455.39	-39896.37	1.88439	15.284	0.00
0.00	-30455.45	-39896.19	1.88458	-30455.45	-39896.19	1.88458	15.376	0.00
0.00	-30455.52	-39895.99	1.88464	-30455.52	-39895.99	1.88464	14.826	0.00
0.00	-30455.58	-39895.80	1.88456	-30455.58	-39895.80	1.88456	15.110	0.00
0.00	-30455.64	-39895.60	1.88430	-30455.64	-39895.60	1.88430	15.832	0.00
0.00	-30455.71	-39895.40	1.88404	-30455.71	-39895.40	1.88404	15.374	0.00
0.00	-30455.77	-39895.19	1.88385	-30455.77	-39895.19	1.88385	16.615	0.00
0.00	-30455.84	-39894.99	1.88371	-30455.84	-39894.99	1.88371	15.614	0.00
0.00	-30455.91	-39894.78	1.88364	-30455.91	-39894.78	1.88364	15.597	0.00
0.00	-30455.98	-39894.58	1.88365	-30455.98	-39894.58	1.88365	16.384	0.00
0.00	-30456.04	-39894.40	1.88362	-30456.04	-39894.40	1.88362	15.681	0.00
0.00	-30456.09	-39894.23	1.88357	-30456.09	-39894.23	1.88357	16.077	0.00
0.00	-30456.19	-39893.92	1.88357	-30456.19	-39893.92	1.88357	15.884	0.00
0.00	-30456.23	-39893.79	1.88354	-30456.23	-39893.79	1.88354	16.437	0.00
0.00	-30456.31	-39893.58	1.88353	-30456.31	-39893.58	1.88353	16.111	0.00
0.00	-30456.38	-39893.37	1.88353	-30456.38	-39893.37	1.88353	15.941	0.00
0.00	-30456.44	-39893.18	1.88346	-30456.44	-39893.18	1.88346	16.569	0.00
0.00	-30456.49	-39893.02	1.88339	-30456.49	-39893.02	1.88339	15.907	0.00
0.00	-30456.55	-39892.84	1.88324	-30456.55	-39892.84	1.88324	16.194	0.00
0.00	-30456.62	-39892.65	1.88306	-30456.62	-39892.65	1.88306	16.111	0.00
0.00	-30456.67	-39892.48	1.88285	-30456.67	-39892.48	1.88285	16.784	0.00
0.00	-30456.73	-39892.31	1.88268	-30456.73	-39892.31	1.88268	16.530	0.00
0.00	-30456.79	-39892.14	1.88248	-30456.79	-39892.14	1.88248	16.440	0.00
0.00	-30456.85	-39891.96	1.88222	-30456.85	-39891.96	1.88222	17.252	0.00
0.00	-30456.92	-39891.75	1.88192	-30456.92	-39891.75	1.88192	16.738	0.00
0.00	-30456.99	-39891.54	1.88151	-30456.99	-39891.54	1.88151	16.536	0.00
0.00	-30457.06	-39891.33	1.88102	-30457.06	-39891.33	1.88102	17.710	0.00
0.00	-30457.11	-39891.17	1.88041	-30457.11	-39891.17	1.88041	17.844	0.00
0.00	-30457.18	-39890.98	1.87986	-30457.18	-39890.98	1.87986	17.186	0.00
0.00	-30457.24	-39890.78	1.87930	-30457.24	-39890.78	1.87930	18.536	0.00
0.00	-30457.30	-39890.59	1.87882	-30457.30	-39890.59	1.87882	17.320	0.00
0.00	-30457.35	-39890.44	1.87837	-30457.35	-39890.44	1.87837	17.695	0.00
0.00	-30457.42	-39890.23	1.87776	-30457.42	-39890.23	1.87776	18.558	0.00
0.00	-30457.48	-39890.04	1.87700	-30457.48	-39890.04	1.87700	17.575	0.00
0.00	-30457.54	-39889.85	1.87621	-30457.54	-39889.85	1.87621	17.702	0.00
0.00	-30457.59	-39889.70	1.87534	-30457.59	-39889.70	1.87534	17.849	0.00
0.00	-30457.65	-39889.52	1.87435	-30457.65	-39889.52	1.87435	17.650	0.00
0.00	-30457.69	-39889.38	1.87317	-30457.69	-39889.38	1.87317	17.719	0.00
0.00	-30457.75	-39889.22	1.87181	-30457.75	-39889.22	1.87181	17.525	0.00
0.00	-30457.80	-39889.06	1.87036	-30457.80	-39889.06	1.87036	18.026	0.00
0.00	-30457.85	-39888.89	1.86881	-30457.85	-39888.89	1.86881	17.137	0.00
0.00	-30457.90	-39888.71	1.86723	-30457.90	-39888.71	1.86723	18.069	0.00
0.00	-30457.96	-39888.53	1.86555	-30457.96	-39888.53	1.86555	17.811	0.00
0.00	-30458.01	-39888.35	1.86371	-30458.01	-39888.35	1.86371	18.838	0.00
0.00	-30458.06	-39888.18	1.86179	-30458.06	-39888.18	1.86179	18.211	0.00
0.00	-30458.12	-39888.00	1.85978	-30458.12	-39888.00	1.85978	18.513	0.00
0.00	-30458.18	-39887.80	1.85781	-30458.18	-39887.80	1.85781	19.226	0.00
0.00	-30458.23	-39887.60	1.85550	-30458.23	-39887.60	1.85550	17.874	0.00
0.00	-30458.28	-39887.45	1.85330	-30458.28	-39887.45	1.85330	18.850	0.00
0.00	-30458.32	-39887.29	1.85106	-30458.32	-39887.29	1.85106	18.691	0.00
0.00	-30458.37	-39887.14	1.84878	-30458.37	-39887.14	1.84878	18.513	0.00
0.00	-30458.41	-39886.98	1.84649	-30458.41	-39886.98	1.84649	19.367	0.00
0.00	-30458.45	-39886.83	1.84434	-30458.45	-39886.83	1.84434	18.914	0.00
0.00	-30458.50	-39886.67	1.84225	-30458.50	-39886.67	1.84225	19.161	0.00
0.00	-30458.55	-39886.51	1.84016	-30458.55	-39886.51	1.84016	19.502	0.00
0.00	-30458.59	-39886.35	1.83819	-30458.59	-39886.35	1.83819	18.776	0.00
0.00	-30458.64	-39886.18	1.83589	-30458.64	-39886.18	1.83589	19.180	0.00
0.00	-30458.68	-39886.01	1.83365	-30458.68	-39886.01	1.83365	19.182	0.00
0.00	-30458.76	-39885.74	1.83143	-30458.76	-39885.74	1.83143	19.124	0.00
0.00	-30458.78	-39885.65	1.82992	-30458.78	-39885.65	1.82992	19.903	0.00
0.00	-30458.83	-39885.47	1.82764	-30458.83	-39885.47	1.82764	18.558	0.00
0.00	-30458.88	-39885.29	1.82529	-30458.88	-39885.29	1.82529	19.322	0.00
0.00	-30458.92	-39885.13	1.82300	-30458.92	-39885.13	1.82300	19.224	0.00
0.00	-30458.96	-39884.99	1.82088	-30458.96	-39884.99	1.82088	19.805	0.00
0.00	-30459.00	-39884.84	1.81880	-30459.00	-39884.84	1.81880	18.849	0.00
0.00	-30459.04	-39884.68	1.81660	-30459.04	-39884.68	1.81660	19.253	0.00
0.00	-30459.08	-39884.53	1.81452	-30459.08	-39884.53	1.81452	19.911	0.00
0.00	-30459.12	-39884.39	1.81248	-30459.12	-39884.39	1.81248	19.815	0.00
0.00	-30459.17	-39884.21	1.81031	-30459.17	-39884.21	1.81031	19.924	0.00
0.00	-30459.21	-39884.02	1.80775	-30459.21	-39884.02	1.80775	20.060	0.00
0.00	-30459.25	-39883.86	1.80485	-30459.25	-39883.86	1.80485	19.490	0.00
0.00	-30459.29	-39883.70	1.80166	-30459.29	-39883.70	1.80166	20.043	0.00
0.00	-30459.34	-39883.51	1.79834	-30459.34	-39883.51	1.79834	19.734	0.00
0.00	-30459.38	-39883.35	1.79517	-30459.38	-39883.35	1.79517	20.685	0.00
0.00	-30459.41	-39883.21	1.79241	-30459.41	-39883.21	1.79241	20.066	0.00
0.00	-30459.44	-39883.08	1.78962	-30459.44	-39883.08	1.78962	20.504	0.00
0.00	-30459.47	-39882.94	1.78613	-30459.47	-39882.94	1.78613	21.300	0.00
0.00	-30459.50	-39882.80	1.78218	-30459.50	-39882.80	1.78218	20.627	0.00
0.00	-30459.53	-39882.64	1.77816	-30459.53	-39882.64	1.77816	20.408	0.00
0.00	-30459.56	-39882.46	1.77454	-30459.56	-39882.46	1.77454	20.944	0.00
0.00	-30459.60	-39882.29	1.77115	-30459.60	-39882.29	1.77115	20.524	0.00
0.00	-30459.65	-39882.02	1.76647	-30459.65	-39882.02	1.76647	20.326	0.00
0.00	-30459.68	-39881.86	1.76213	-30459.68	-39881.86	1.76213	20.099	0.00
0.00	-30459.69	-39881.77	1.75867	-30459.69	-39881.77	1.75867	20.358	0.00
0.00	-30459.72	-39881.64	1.75391	-30459.72	-39881.64	1.75391	21.017	0.00
0.00	-30459.74	-39881.49	1.74930	-30459.74	-39881.49	1.74930	21.219	0.00
0.00	-30459.77	-39881.35	1.74473	-30459.77	-39881.35	1.74473	20.755	0.00
0.00	-30459.79	-39881.23	1.74000	-30459.79	-39881.23	1.74000	21.605	0.00
0.00	-30459.81	-39881.06	1.73517	-30459.81	-39881.06	1.73517	20.905	0.00
0.00	-30459.84	-39880.90	1.73028	-30459.84	-39880.90	1.73028	21.029	0.00
0.00	-30459.86	-39880.72	1.72523	-30459.86	-39880.72	1.72523	21.195	0.00
0.00	-30459.89	-39880.55	1.72002	-30459.89	-39880.55	1.72002	22.350	0.00
0.00	-30459.91	-39880.39	1.71474	-30459.91	-39880.39	1.71474	21.981	0.00
0.00	-30459.94	-39880.16	1.70811	-30459.94	-39880.16	1.70811	20.854	0.00
0.00	-30459.95	-39880.07	1.70425	-30459.95	-39880.07	1.70425	21.025	0.00
0.00	-30459.98	-39879.91	1.69907	-30459.98	-39879.91	1.69907	21.937	0.00
0.00	-30459.99	-39879.77	1.69386	-30459.99	-39879.77	1.69386	22.730	0.00
0.00	-30460.01	-39879.64	1.68863	-30460.01	-39879.64	1.68863	21.714	0.00
0.00	-30460.02	-39879.52	1.68333	-30460.02	-39879.52	1.68333	22.275	0.00
0.00	-30460.03	-39879.37	1.67799	-30460.03	-39879.37	1.67799	22.607	0.00
0.00	-30460.05	-39879.24	1.67251	-30460.05	-39879.24	1.67251	21.553	0.00
0.00	-30460.06	-39879.10	1.66688	-30460.06	-39879.10	1.66688	22.098	0.00
0.00	-30460.07	-39878.94	1.66111	-30460.07	-39878.94	1.66111	22.150	0.00
0.00	-30460.09	-39878.80	1.65517	-30460.09	-39878.80	1.65517	22.361	0.00
0.00	-30460.10	-39878.65	1.64952	-30460.10	-39878.65	1.64952	22.059	0.00
0.00	-30460.11	-39878.46	1.64293	-30460.11	-39878.46	1.64293	21.954	0.00
0.00	-30460.12	-39878.34	1.63658	-30460.12	-39878.34	1.63658	22.682	0.00
0.00	-30460.13	-39878.19	1.63014	-30460.13	-39878.19	1.63014	21.794	0.00
0.00	-30460.14	-39878.02	1.62349	-30460.14	-39878.02	1.62349	22.249	0.00
0.00	-30460.15	-39877.87	1.61725	-30460.15	-39877.87	1.61725	22.771	0.00
0.00	-30460.16	-39877.67	1.60999	-30460.16	-39877.67	1.60999	23.347	0.00
0.00	-30460.16	-39877.54	1.60308	-30460.16	-39877.54	1.60308	23.232	0.00
0.00	-30460.17	-39877.40	1.59599	-30460.17	-39877.40	1.59599	22.870	0.00
0.00	-30460.17	-39877.26	1.58869	-30460.17	-39877.26	1.58869	22.646	0.00
0.00	-30460.18	-39877.09	1.58120	-30460.18	-39877.09	1.58120	23.265	0.00
0.00	-30460.18	-39876.91	1.57343	-30460.18	-39876.91	1.57343	22.646	0.00
0.00	-30460.18	-39876.75	1.56570	-30460.18	-39876.75	1.56570	23.449	0.00
0.00	-30460.18	-39876.61	1.55774	-30460.18	-39876.61	1.55774	23.389	0.00
0.00	-30460.18	-39876.48	1.54992	-30460.18	-39876.48	1.54992	23.800	0.00
0.00	-30460.18	-39876.35	1.54206	-30460.18	-39876.35	1.54206	24.137	0.00
0.00	-30460.17	-39876.20	1.53408	-30460.17	-39876.20	1.53408	23.129	0.00
0.00	-30460.17	-39876.06	1.52609	-30460.17	-39876.06	1.52609	24.200	0.00
0.00	-30460.16	-39875.91	1.51778	-30460.16	-39875.91	1.51778	24.031	0.00
0.00	-30460.16	-39875.77	1.50944	-30460.16	-39875.77	1.50944	23.540	0.00
0.00	-30460.15	-39875.62	1.50085	-30460.15	-39875.62	1.50085	23.927	0.00
0.00	-30460.14	-39875.47	1.49209	-30460.14	-39875.47	1.49209	24.614	0.00
0.00	-30460.13	-39875.34	1.48365	-30460.13	-39875.34	1.48365	24.614	0.00
0.00	-30460.12	-39875.18	1.47525	-30460.12	-39875.18	1.47525	23.901	0.00
0.00	-30460.09	-39874.92	1.46457	-30460.09	-39874.92	1.46457	24.567	0.00
0.00	-30460.08	-39874.75	1.45553	-30460.08	-39874.75	1.45553	24.058	0.00
0.00	-30460.07	-39874.69	1.44969	-30460.07	-39874.69	1.44969	24.065	0.00
0.00	-30460.05	-39874.52	1.44073	-30460.05	-39874.52	1.44073	24.556	0.00
0.00	-30460.03	-39874.35	1.43167	-30460.03	-39874.35	1.43167	24.162	0.00
0.00	-30460.00	-39874.19	1.42265	-30460.00	-39874.19	1.42265	23.796	0.00
0.00	-30459.98	-39874.06	1.41371	-30459.98	-39874.06	1.41371	25.000	0.00
0.00	-30459.96	-39873.93	1.40461	-30459.96	-39873.93	1.40461	24.322	0.00
0.00	-30459.94	-39873.80	1.39546	-30459.94	-39873.80	1.39546	25.663	0.00
0.00	-30459.91	-39873.66	1.38612	-30459.91	-39873.66	1.38612	25.055	0.00
0.00	-30459.89	-39873.52	1.37647	-30459.89	-39873.52	1.37647	24.702	0.00
0.00	-30459.86	-39873.38	1.36681	-30459.86	-39873.38	1.36681	25.736	0.00
0.00	-30459.83	-39873.24	1.35701	-30459.83	-39873.24	1.35701	24.661	0.00
0.00	-30459.79	-39873.09	1.34723	-30459.79	-39873.09	1.34723	25.095	0.00
0.00	-30459.76	-39872.96	1.33752	-30459.76	-39872.96	1.33752	24.916	0.00
0.00	-30459.72	-39872.81	1.32770	-30459.72	-39872.81	1.32770	24.901	0.00
0.00	-30459.69	-39872.67	1.31763	-30459.69	-39872.67	1.31763	24.784	0.00
0.00	-30459.65	-39872.53	1.30743	-30459.65	-39872.53	1.30743	25.804	0.00
0.00	-30459.62	-39872.41	1.29710	-30459.62	-39872.41	1.29710	25.913	0.00
0.00	-30459.57	-39872.24	1.28669	-30459.57	-39872.24	1.28669	25.940	0.00
0.00	-30459.52	-39872.07	1.27622	-30459.52	-39872.07	1.27622	25.844	0.00
0.00	-30459.47	-39871.91	1.26578	-30459.47	-39871.91	1.26578	25.814	0.00
0.00	-30459.43	-39871.79	1.25515	-30459.43	-39871.79	1.25515	25.585	0.00
0.00	-30459.38	-39871.64	1.24429	-30459.38	-39871.64	1.24429	27.604	0.00
0.00	-30459.34	-39871.53	1.23306	-30459.34	-39871.53	1.23306	26.133	0.00
0.00	-30459.29	-39871.41	1.22161	-30459.29	-39871.41	1.22161	25.939	0.00
0.00	-30459.25	-39871.28	1.20982	-30459.25	-39871.28	1.20982	25.560	0.00
0.00	-30459.20	-39871.15	1.19771	-30459.20	-39871.15	1.19771	26.395	0.00
0.00	-30459.15	-39871.03	1.18591	-30459.15	-39871.03	1.18591	26.484	0.00
0.00	-30459.09	-39870.90	1.17374	-30459.09	-39870.90	1.17374	26.546	0.00
0.00	-30459.04	-39870.77	1.16141	-30459.04	-39870.77	1.16141	26.547	0.00
0.00	-30458.98	-39870.64	1.14905	-30458.98	-39870.64	1.14905	27.749	0.00
0.00	-30458.91	-39870.47	1.13649	-30458.91	-39870.47	1.13649	26.777	0.00
0.00	-30458.84	-39870.32	1.12369	-30458.84	-39870.32	1.12369	27.846	0.00
0.00	-30458.77	-39870.17	1.11098	-30458.77	-39870.17	1.11098	26.950	0.00
0.00	-30458.72	-39870.07	1.09824	-30458.72	-39870.07	1.09824	26.037	0.00
0.00	-30458.67	-39869.96	1.08578	-30458.67	-39869.96	1.08578	27.499	0.00
0.00	-30458.62	-39869.86	1.07360	-30458.62	-39869.86	1.07360	26.798	0.00
0.00	-30458.56	-39869.75	1.06157	-30458.56	-39869.75	1.06157	27.129	0.00
0.00	-30458.48	-39869.61	1.04938	-30458.48	-39869.61	1.04938	27.797	0.00
0.00	-30458.40	-39869.46	1.03730	-30458.40	-39869.46	1.03730	27.536	0.00
0.00	-30458.32	-39869.32	1.02528	-30458.32	-39869.32	1.02528	27.997	0.00
0.00	-30458.26	-39869.22	1.01340	-30458.26	-39869.22	1.01340	27.455	0.00
0.00	-30458.20	-39869.12	1.00145	-30458.20	-39869.12	1.00145	27.242	0.00
0.00	-30458.14	-39869.02	0.98946	-30458.14	-39869.02	0.98946	27.378	0.00
0.00	-30458.07	-39868.92	0.97749	-30458.07	-39868.92	0.97749	27.259	0.00
0.00	-30457.95	-39868.73	0.96242	-30457.95	-39868.73	0.96242	27.366	0.00
0.00	-30457.91	-39868.67	0.95365	-30457.91	-39868.67	0.95365	26.978	0.00
0.00	-30457.83	-39868.55	0.94176	-30457.83	-39868.55	0.94176	28.004	0.00
0.00	-30457.75	-39868.44	0.92958	-30457.75	-39868.44	0.92958	27.494	0.00
0.00	-30457.67	-39868.33	0.91719	-30457.67	-39868.33	0.91719	27.936	0.00
0.00	-30457.56	-39868.19	0.90487	-30457.56	-39868.19	0.90487	29.859	0.00
0.00	-30457.47	-39868.06	0.89244	-30457.47	-39868.06	0.89244	27.958	0.00
0.00	-30457.38	-39867.96	0.88003	-30457.38	-39867.96	0.88003	29.654	0.00
0.00	-30457.30	-39867.86	0.86774	-30457.30	-39867.86	0.86774	29.152	0.00
0.00	-30457.21	-39867.75	0.85527	-30457.21	-39867.75	0.85527	27.996	0.00
0.00	-30457.11	-39867.63	0.84285	-30457.11	-39867.63	0.84285	28.147	0.00
0.00	-30457.01	-39867.52	0.83038	-30457.01	-39867.52	0.83038	28.910	0.00
0.00	-30456.94	-39867.44	0.81779	-30456.94	-39867.44	0.81779	29.038	0.00
0.00	-30456.84	-39867.32	0.80507	-30456.84	-39867.32	0.80507	29.096	0.00
0.00	-30456.73	-39867.22	0.79206	-30456.73	-39867.22	0.79206	28.540	0.00
0.00	-30456.63	-39867.11	0.77856	-30456.63	-39867.11	0.77856	29.320	0.00
0.00	-30456.54	-39867.03	0.76496	-30456.54	-39867.03	0.76496	29.062	0.00
0.00	-30456.45	-39866.94	0.75105	-30456.45	-39866.94	0.75105	28.946	0.00
0.00	-30456.35	-39866.84	0.73757	-30456.35	-39866.84	0.73757	29.904	0.00
0.00	-30456.22	-39866.73	0.72400	-30456.22	-39866.73	0.72400	29.622	0.00
0.00	-30456.10	-39866.62	0.71081	-30456.10	-39866.62	0.71081	28.874	0.00
0.00	-30455.99	-39866.53	0.69763	-30455.99	-39866.53	0.69763	29.957	0.00
0.00	-30455.89	-39866.44	0.68449	-30455.89	-39866.44	0.68449	29.978	0.00
0.00	-30455.76	-39866.34	0.67108	-30455.76	-39866.34	0.67108	29.902	0.00
0.00	-30455.66	-39866.26	0.65750	-30455.66	-39866.26	0.65750	29.451	0.00
0.00	-30455.55	-39866.18	0.64404	-30455.55	-39866.18	0.64404	29.640	0.00
0.00	-30455.43	-39866.09	0.63094	-30455.43	-39866.09	0.63094	29.992	0.00
0.00	-30455.30	-39866.00	0.61797	-30455.30	-39866.00	0.61797	32.594	0.00
0.00	-30455.17	-39865.91	0.60613	-30455.17	-39865.91	0.60613	30.185	0.00
0.00	-30455.05	-39865.82	0.59498	-30455.05	-39865.82	0.59498	29.933	0.00
0.00	-30454.91	-39865.73	0.58387	-30454.91	-39865.73	0.58387	31.040	0.00
0.00	-30454.78	-39865.64	0.57320	-30454.78	-39865.64	0.57320	29.602	0.00
0.00	-30454.63	-39865.54	0.56248	-30454.63	-39865.54	0.56248	30.933	0.00
0.00	-30454.47	-39865.45	0.55184	-30454.47	-39865.45	0.55184	30.329	0.00
0.00	-30454.31	-39865.34	0.54138	-30454.31	-39865.34	0.54138	30.596	0.00
0.00	-30454.16	-39865.25	0.53130	-30454.16	-39865.25	0.53130	30.808	0.00
0.00	-30454.01	-39865.17	0.52149	-30454.01	-39865.17	0.52149	31.252	0.00
0.00	-30453.86	-39865.09	0.51213	-30453.86	-39865.09	0.51213	30.424	0.00
0.00	-30453.72	-39865.01	0.50318	-30453.72	-39865.01	0.50318	30.822	0.00
0.00	-30453.57	-39864.93	0.49442	-30453.57	-39864.93	0.49442	31.678	0.00
0.00	-30453.41	-39864.84	0.48601	-30453.41	-39864.84	0.48601	32.595	0.00
0.00	-30453.26	-39864.76	0.47776	-30453.26	-39864.76	0.47776	31.593	0.00
0.00	-30453.10	-39864.69	0.46982	-30453.10	-39864.69	0.46982	31.113	0.00
0.00	-30452.94	-39864.61	0.46213	-30452.94	-39864.61	0.46213	30.596	0.00
0.00	-30452.78	-39864.53	0.45474	-30452.78	-39864.53	0.45474	32.842	0.00
0.00	-30452.51	-39864.40	0.44596	-30452.51	-39864.40	0.44596	31.015	0.00
0.00	-30452.28	-39864.30	0.43650	-30452.28	-39864.30	0.43650	36.470	0.00
0.00	-30452.19	-39864.26	0.43157	-30452.19	-39864.26	0.43157	32.476	0.00
0.00	-30452.12	-39864.23	0.42731	-30452.12	-39864.23	0.42731	32.141	0.00
0.00	-30451.95	-39864.15	0.42172	-30451.95	-39864.15	0.42172	33.150	0.00
0.00	-30451.77	-39864.07	0.41550	-30451.77	-39864.07	0.41550	32.457	0.00
0.00	-30451.59	-39864.00	0.40897	-30451.59	-39864.00	0.40897	35.550	0.00
0.00	-30451.41	-39863.92	0.40326	-30451.41	-39863.92	0.40326	32.355	0.00
0.00	-30451.20	-39863.84	0.39745	-30451.20	-39863.84	0.39745	32.590	0.00
0.00	-30451.01	-39863.76	0.39194	-30451.01	-39863.76	0.39194	31.403	0.00
0.00	-30450.81	-39863.68	0.38647	-30450.81	-39863.68	0.38647	32.797	0.00
0.00	-30450.62	-39863.61	0.38155	-30450.62	-39863.61	0.38155	32.497	0.00
0.00	-30450.46	-39863.55	0.37698	-30450.46	-39863.55	0.37698	32.431	0.00
0.00	-30450.30	-39863.49	0.37267	-30450.30	-39863.49	0.37267	32.929	0.00
0.00	-30450.14	-39863.43	0.36844	-30450.14	-39863.43	0.36844	32.893	0.00
0.00	-30449.97	-39863.37	0.36457	-30449.97	-39863.37	0.36457	32.574	0.00
0.00	-30449.79	-39863.30	0.36112	-30449.79	-39863.30	0.36112	32.434	0.00
0.00	-30449.61	-39863.24	0.35791	-30449.61	-39863.24	0.35791	32.985	0.00
0.00	-30449.44	-39863.18	0.35478	-30449.44	-39863.18	0.35478	33.820	0.00
0.00	-30449.26	-39863.12	0.35172	-30449.26	-39863.12	0.35172	32.614	0.00
0.00	-30449.09	-39863.06	0.34855	-30449.09	-39863.06	0.34855	32.658	0.00
0.00	-30448.88	-39862.98	0.34595	-30448.88	-39862.98	0.34595	33.756	0.00
0.00	-30448.68	-39862.92	0.34310	-30448.68	-39862.92	0.34310	33.984	0.00
0.00	-30448.50	-39862.86	0.34066	-30448.50	-39862.86	0.34066	32.917	0.00
0.00	-30448.29	-39862.79	0.33814	-30448.29	-39862.79	0.33814	33.505	0.00
0.00	-30447.96	-39862.68	0.33470	-30447.96	-39862.68	0.33470	34.907	0.00
0.00	-30447.91	-39862.67	0.33293	-30447.91	-39862.67	0.33293	33.548	0.00
0.00	-30447.71	-39862.60	0.33138	-30447.71	-39862.60	0.33138	34.809	0.00
0.00	-30447.52	-39862.54	0.32987	-30447.52	-39862.54	0.32987	33.899	0.00
0.00	-30447.33	-39862.47	0.32858	-30447.33	-39862.47	0.32858	33.652	0.00
0.00	-30447.18	-39862.43	0.32720	-30447.18	-39862.43	0.32720	34.075	0.00
0.00	-30447.03	-39862.38	0.32614	-30447.03	-39862.38	0.32614	34.949	0.00
0.00	-30446.86	-39862.32	0.32496	-30446.86	-39862.32	0.32496	33.494	0.00
0.00	-30446.68	-39862.27	0.32364	-30446.68	-39862.27	0.32364	34.095	0.00
0.00	-30446.50	-39862.21	0.32224	-30446.50	-39862.21	0.32224	34.469	0.00
0.00	-30446.28	-39862.14	0.32087	-30446.28	-39862.14	0.32087	34.486	0.00
0.00	-30446.07	-39862.07	0.31936	-30446.07	-39862.07	0.31936	34.756	0.00
0.00	-30445.86	-39862.01	0.31778	-30445.86	-39862.01	0.31778	38.379	0.00
0.00	-30445.67	-39861.95	0.31662	-30445.67	-39861.95	0.31662	34.557	0.00
0.00	-30445.51	-39861.90	0.31500	-30445.51	-39861.90	0.31500	35.400	0.00
0.00	-30445.31	-39861.84	0.31359	-30445.31	-39861.84	0.31359	35.179	0.00
0.00	-30445.11	-39861.78	0.31239	-30445.11	-39861.78	0.31239	35.079	0.00
0.00	-30444.92	-39861.72	0.31140	-30444.92	-39861.72	0.31140	34.627	0.00
0.00	-30444.75	-39861.66	0.31048	-30444.75	-39861.66	0.31048	35.829	0.00
0.00	-30444.56	-39861.61	0.30951	-30444.56	-39861.61	0.30951	36.003	0.00
0.00	-30444.40	-39861.56	0.30851	-30444.40	-39861.56	0.30851	35.205	0.00
0.00	-30444.20	-39861.50	0.30756	-30444.20	-39861.50	0.30756	34.194	0.00
0.00	-30444.08	-39861.46	0.30679	-30444.08	-39861.46	0.30679	36.190	0.00
0.00	-30443.74	-39861.35	0.30598	-30443.74	-39861.35	0.30598	34.686	0.00
0.00	-30443.62	-39861.32	0.30576	-30443.62	-39861.32	0.30576	44.382	0.00
0.00	-30443.45	-39861.27	0.30576	-30443.45	-39861.27	0.30576	36.243	0.00
0.00	-30443.23	-39861.20	0.30577	-30443.23	-39861.20	0.30577	35.249	0.00
0.00	-30443.03	-39861.14	0.30571	-30443.03	-39861.14	0.30571	35.081	0.00
0.00	-30442.86	-39861.08	0.30541	-30442.86	-39861.08	0.30541	35.012	0.00
0.00	-30442.68	-39861.03	0.30490	-30442.68	-39861.03	0.30490	36.182	0.00
0.00	-30442.49	-39860.97	0.30420	-30442.49	-39860.97	0.30420	35.905	0.00
0.00	-30442.30	-39860.92	0.30355	-30442.30	-39860.92	0.30355	37.321	0.00
0.00	-30442.09	-39860.85	0.30307	-30442.09	-39860.85	0.30307	36.386	0.00
0.00	-30441.86	-39860.79	0.30247	-30441.86	-39860.79	0.30247	40.200	0.00
0.00	-30441.67	-39860.73	0.30194	-30441.67	-39860.73	0.30194	35.491	0.00
0.00	-30441.25	-39860.60	0.30182	-30441.25	-39860.60	0.30182	36.688	0.00
0.00	-30441.20	-39860.58	0.30171	-30441.20	-39860.58	0.30171	36.922	0.00
0.00	-30441.07	-39860.55	0.30141	-30441.07	-39860.55	0.30141	36.468	0.00
0.00	-30440.96	-39860.51	0.30130	-30440.96	-39860.51	0.30130	37.383	0.00
0.00	-30440.73	-39860.45	0.30112	-30440.73	-39860.45	0.30112	37.526	0.00
0.00	-30440.51	-39860.38	0.30084	-30440.51	-39860.38	0.30084	36.475	0.00
0.00	-30440.30	-39860.31	0.30050	-30440.30	-39860.31	0.30050	36.327	0.00
0.00	-30440.07	-39860.24	0.30007	-30440.07	-39860.24	0.30007	37.586	0.00
0.00	-30439.81	-39860.16	0.29964	-30439.81	-39860.16	0.29964	36.590	0.00
0.00	-30439.57	-39860.09	0.29933	-30439.57	-39860.09	0.29933	36.562	0.00
0.00	-30439.20	-39859.98	0.29911	-30439.20	-39859.98	0.29911	37.592	0.00
0.00	-30439.09	-39859.95	0.29911	-30439.09	-39859.95	0.29911	37.655	0.00
0.00	-30438.87	-39859.88	0.29914	-30438.87	-39859.88	0.29914	46.177	0.00
0.00	-30438.65	-39859.81	0.29917	-30438.65	-39859.81	0.29917	37.671	0.00
0.00	-30438.45	-39859.75	0.29913	-30438.45	-39859.75	0.29913	37.814	0.00
0.00	-30438.24	-39859.69	0.29913	-30438.24	-39859.69	0.29913	38.301	0.00
0.00	-30438.03	-39859.62	0.29918	-30438.03	-39859.62	0.29918	38.254	0.00
0.00	-30437.84	-39859.57	0.29939	-30437.84	-39859.57	0.29939	38.240	0.00
0.00	-30437.64	-39859.50	0.29975	-30437.64	-39859.50	0.29975	37.627	0.00
0.00	-30437.43	-39859.44	0.30014	-30437.43	-39859.44	0.30014	38.229	0.00
0.00	-30437.23	-39859.38	0.30057	-30437.23	-39859.38	0.30057	38.482	0.00
0.00	-30437.02	-39859.31	0.30108	-30437.02	-39859.31	0.30108	37.964	0.00
0.00	-30436.81	-39859.24	0.30161	-30436.81	-39859.24	0.30161	38.284	0.00
0.00	-30436.60	-39859.18	0.30207	-30436.60	-39859.18	0.30207	40.252	0.00
0.00	-30436.38	-39859.11	0.30244	-30436.38	-39859.11	0.30244	37.804	0.00
0.00	-30436.16	-39859.04	0.30276	-30436.16	-39859.04	0.30276	38.695	0.00
0.00	-30435.96	-39858.98	0.30311	-30435.96	-39858.98	0.30311	39.409	0.00
0.00	-30435.70	-39858.90	0.30358	-30435.70	-39858.90	0.30358	39.308	0.00
0.00	-30435.46	-39858.82	0.30422	-30435.46	-39858.82	0.30422	39.928	0.00
0.00	-30435.22	-39858.74	0.30499	-30435.22	-39858.74	0.30499	39.558	0.00
0.00	-30434.96	-39858.66	0.30565	-30434.96	-39858.66	0.30565	39.685	0.00
0.00	-30434.74	-39858.59	0.30631	-30434.74	-39858.59	0.30631	43.211	0.00
0.00	-30434.53	-39858.52	0.30691	-30434.53	-39858.52	0.30691	40.135	0.00
0.00	-30434.20	-39858.41	0.30773	-30434.20	-39858.41	0.30773	40.001	0.00
0.00	-30434.13	-39858.39	0.30833	-30434.13	-39858.39	0.30833	48.099	0.00
0.00	-30433.93	-39858.33	0.30904	-30433.93	-39858.33	0.30904	39.577	0.00
0.00	-30433.74	-39858.26	0.30971	-30433.74	-39858.26	0.30971	38.711	0.00
0.00	-30433.54	-39858.20	0.31042	-30433.54	-39858.20	0.31042	39.866	0.00
0.00	-30433.33	-39858.13	0.31102	-30433.33	-39858.13	0.31102	39.260	0.00
0.00	-30433.12	-39858.06	0.31143	-30433.12	-39858.06	0.31143	41.412	0.00
0.00	-30432.90	-39858.00	0.31169	-30432.90	-39858.00	0.31169	39.490	0.00
0.00	-30432.65	-39857.91	0.31192	-30432.65	-39857.91	0.31192	40.014	0.00
0.00	-30432.39	-39857.83	0.31223	-30432.39	-39857.83	0.31223	39.859	0.00
0.00	-30432.16	-39857.76	0.31270	-30432.16	-39857.76	0.31270	49.405	0.00
0.00	-30431.92	-39857.68	0.31330	-30431.92	-39857.68	0.31330	40.450	0.00
0.00	-30431.68	-39857.60	0.31398	-30431.68	-39857.60	0.31398	47.463	0.00
0.00	-30431.48	-39857.53	0.31467	-30431.48	-39857.53	0.31467	39.585	0.00
0.00	-30431.31	-39857.48	0.31512	-30431.31	-39857.48	0.31512	47.927	0.00
0.00	-30431.13	-39857.42	0.31534	-30431.13	-39857.42	0.31534	40.859	0.00
0.00	-30430.94	-39857.36	0.31549	-30430.94	-39857.36	0.31549	40.754	0.00
0.00	-30430.74	-39857.29	0.31564	-30430.74	-39857.29	0.31564	40.185	0.00
0.00	-30430.54	-39857.23	0.31593	-30430.54	-39857.23	0.31593	40.136	0.00
0.00	-30430.33	-39857.16	0.31629	-30430.33	-39857.16	0.31629	40.092	0.00
0.00	-30430.12	-39857.09	0.31667	-30430.12	-39857.09	0.31667	39.928	0.00
0.00	-30429.92	-39857.02	0.31703	-30429.92	-39857.02	0.31703	40.678	0.00
0.00	-30429.58	-39856.91	0.31736	-30429.58	-39856.91	0.31736	41.218	0.00
0.00	-30429.47	-39856.88	0.31746	-30429.47	-39856.88	0.31746	50.084	0.00
0.00	-30429.19	-39856.78	0.31755	-30429.19	-39856.78	0.31755	41.651	0.00
0.00	-30429.06	-39856.74	0.31768	-30429.06	-39856.74	0.31768	49.286	0.00
0.00	-30428.75	-39856.64	0.31799	-30428.75	-39856.64	0.31799	41.255	0.00
0.00	-30428.55	-39856.57	0.31841	-30428.55	-39856.57	0.31841	40.514	0.00
0.00	-30428.36	-39856.51	0.31887	-30428.36	-39856.51	0.31887	41.016	0.00
0.00	-30428.14	-39856.44	0.31920	-30428.14	-39856.44	0.31920	40.893	0.00
0.00	-30427.94	-39856.37	0.31939	-30427.94	-39856.37	0.31939	41.422	0.00
0.00	-30427.75	-39856.31	0.31950	-30427.75	-39856.31	0.31950	41.148	0.00
0.00	-30427.55	-39856.24	0.31965	-30427.55	-39856.24	0.31965	41.470	0.00
0.00	-30427.35	-39856.18	0.31992	-30427.35	-39856.18	0.31992	48.019	0.00
0.00	-30427.12	-39856.10	0.32024	-30427.12	-39856.10	0.32024	41.081	0.00
0.00	-30426.90	-39856.03	0.32057	-30426.90	-39856.03	0.32057	41.119	0.00
0.00	-30426.70	-39855.96	0.32086	-30426.70	-39855.96	0.32086	40.675	0.00
0.00	-30426.49	-39855.89	0.32119	-30426.49	-39855.89	0.32119	41.728	0.00
0.00	-30426.28	-39855.82	0.32152	-30426.28	-39855.82	0.32152	41.932	0.00
0.00	-30426.07	-39855.75	0.32176	-30426.07	-39855.75	0.32176	41.702	0.00
0.00	-30425.83	-39855.67	0.32184	-30425.83	-39855.67	0.32184	42.468	0.00
0.00	-30425.59	-39855.59	0.32180	-30425.59	-39855.59	0.32180	42.639	0.00
0.00	-30425.35	-39855.51	0.32171	-30425.35	-39855.51	0.32171	42.093	0.00
0.00	-30425.11	-39855.43	0.32158	-30425.11	-39855.43	0.32158	43.121	0.00
0.00	-30424.93	-39855.37	0.32145	-30424.93	-39855.37	0.32145	49.669	0.00
0.00	-30424.75	-39855.31	0.32145	-30424.75	-39855.31	0.32145	43.091	0.00
0.00	-30424.50	-39855.23	0.32164	-30424.50	-39855.23	0.32164	51.672	0.00
0.00	-30424.25	-39855.15	0.32208	-30424.25	-39855.15	0.32208	52.028	0.00
0.00	-30424.15	-39855.11	0.32250	-30424.15	-39855.11	0.32250	42.056	0.00
0.00	-30423.96	-39855.05	0.32278	-30423.96	-39855.05	0.32278	42.302	0.00
0.00	-30423.76	-39854.98	0.32290	-30423.76	-39854.98	0.32290	52.245	0.00
0.00	-30423.56	-39854.91	0.32302	-30423.56	-39854.91	0.32302	42.045	0.00
0.00	-30423.37	-39854.85	0.32303	-30423.37	-39854.85	0.32303	52.487	0.00
0.00	-30423.17	-39854.78	0.32318	-30423.17	-39854.78	0.32318	43.205	0.00
0.00	-30422.92	-39854.69	0.32346	-30422.92	-39854.69	0.32346	50.766	0.00
0.00	-30422.68	-39854.61	0.32394	-30422.68	-39854.61	0.32394	43.229	0.00
0.00	-30422.42	-39854.53	0.32443	-30422.42	-39854.53	0.32443	42.081	0.00
0.00	-30422.19	-39854.45	0.32484	-30422.19	-39854.45	0.32484	42.887	0.00
0.00	-30422.03	-39854.39	0.32510	-30422.03	-39854.39	0.32510	43.779	0.00
0.00	-30421.84	-39854.33	0.32526	-30421.84	-39854.33	0.32526	42.446	0.00
0.00	-30421.64	-39854.26	0.32540	-30421.64	-39854.26	0.32540	42.970	0.00
0.00	-30421.46	-39854.20	0.32559	-30421.46	-39854.20	0.32559	53.644	0.00
0.00	-30421.27	-39854.13	0.32594	-30421.27	-39854.13	0.32594	43.532	0.00
0.00	-30421.08	-39854.07	0.32645	-30421.08	-39854.07	0.32645	44.397	0.00
0.00	-30420.90	-39854.00	0.32716	-30420.90	-39854.00	0.32716	50.167	0.00
0.00	-30420.70	-39853.94	0.32799	-30420.70	-39853.94	0.32799	44.645	0.00
0.00	-30420.51	-39853.87	0.32875	-30420.51	-39853.87	0.32875	44.918	0.00
0.00	-30420.31	-39853.80	0.32932	-30420.31	-39853.80	0.32932	48.786	0.00
0.00	-30420.11	-39853.73	0.32964	-30420.11	-39853.73	0.32964	44.038	0.00
0.00	-30419.87	-39853.65	0.32971	-30419.87	-39853.65	0.32971	44.886	0.00
0.00	-30419.58	-39853.55	0.32964	-30419.58	-39853.55	0.32964	47.965	0.00
0.00	-30419.47	-39853.51	0.32964	-30419.47	-39853.51	0.32964	43.851	0.00
0.00	-30419.19	-39853.42	0.32966	-30419.19	-39853.42	0.32966	44.691	0.00
0.00	-30418.98	-39853.34	0.32976	-30418.98	-39853.34	0.32976	45.278	0.00
0.00	-30418.78	-39853.27	0.32997	-30418.78	-39853.27	0.32997	44.929	0.00
0.00	-30418.62	-39853.22	0.33029	-30418.62	-39853.22	0.33029	43.269	0.00
0.00	-30418.46	-39853.16	0.33068	-30418.46	-39853.16	0.33068	45.011	0.00
0.00	-30418.29	-39853.10	0.33100	-30418.29	-39853.10	0.33100	44.106	0.00
0.00	-30418.10	-39853.04	0.33121	-30418.10	-39853.04	0.33121	45.278	0.00
0.00	-30417.91	-39852.97	0.33132	-30417.91	-39852.97	0.33132	43.198	0.00
0.00	-30417.71	-39852.90	0.33138	-30417.71	-39852.90	0.33138	46.437	0.00
0.00	-30417.52	-39852.84	0.33144	-30417.52	-39852.84	0.33144	45.471	0.00
0.00	-30417.33	-39852.77	0.33153	-30417.33	-39852.77	0.33153	45.142	0.00
0.00	-30417.14	-39852.70	0.33170	-30417.14	-39852.70	0.33170	45.074	0.00
0.00	-30416.94	-39852.64	0.33190	-30416.94	-39852.64	0.33190	44.978	0.00
0.00	-30416.75	-39852.57	0.33211	-30416.75	-39852.57	0.33211	46.310	0.00
0.00	-30416.56	-39852.50	0.33235	-30416.56	-39852.50	0.33235	45.649	0.00
0.00	-30416.34	-39852.43	0.33240	-30416.34	-39852.43	0.33240	45.841	0.00
0.00	-30416.10	-39852.34	0.33237	-30416.10	-39852.34	0.33237	46.163	0.00
0.00	-30415.79	-39852.24	0.33248	-30415.79	-39852.24	0.33248	47.620	0.00
0.00	-30415.59	-39852.17	0.33247	-30415.59	-39852.17	0.33247	47.659	0.00
0.00	-30415.39	-39852.10	0.33234	-30415.39	-39852.10	0.33234	46.042	0.00
0.00	-30415.30	-39852.07	0.33215	-30415.30	-39852.07	0.33215	45.138	0.00
0.00	-30415.09	-39851.99	0.33179	-30415.09	-39851.99	0.33179	45.443	0.00
0.00	-30414.92	-39851.94	0.33152	-30414.92	-39851.94	0.33152	45.459	0.00
0.00	-30414.72	-39851.87	0.33130	-30414.72	-39851.87	0.33130	44.956	0.00
0.00	-30414.54	-39851.81	0.33105	-30414.54	-39851.81	0.33105	46.126	0.00
0.00	-30414.32	-39851.73	0.33067	-30414.32	-39851.73	0.33067	46.412	0.00
0.00	-30414.11	-39851.66	0.33018	-30414.11	-39851.66	0.33018	46.919	0.00
0.00	-30413.94	-39851.60	0.32955	-30413.94	-39851.60	0.32955	46.838	0.00
0.00	-30413.76	-39851.54	0.32877	-30413.76	-39851.54	0.32877	46.998	0.00
0.00	-30413.59	-39851.48	0.32792	-30413.59	-39851.48	0.32792	47.648	0.00
0.00	-30413.41	-39851.42	0.32684	-30413.41	-39851.42	0.32684	46.792	0.00
0.00	-30413.23	-39851.36	0.32569	-30413.23	-39851.36	0.32569	46.374	0.00
0.00	-30413.05	-39851.30	0.32469	-30413.05	-39851.30	0.32469	57.831	0.00
0.00	-30412.85	-39851.23	0.32376	-30412.85	-39851.23	0.32376	46.954	0.00
0.00	-30412.64	-39851.16	0.32310	-30412.64	-39851.16	0.32310	47.080	0.00
0.00	-30412.44	-39851.10	0.32251	-30412.44	-39851.10	0.32251	48.137	0.00
0.00	-30412.24	-39851.03	0.32190	-30412.24	-39851.03	0.32190	47.197	0.00
0.00	-30412.02	-39850.96	0.32127	-30412.02	-39850.96	0.32127	47.458	0.00
0.00	-30411.83	-39850.89	0.32055	-30411.83	-39850.89	0.32055	47.868	0.00
0.00	-30411.68	-39850.84	0.31978	-30411.68	-39850.84	0.31978	57.816	0.00
0.00	-30411.55	-39850.80	0.31898	-30411.55	-39850.80	0.31898	46.540	0.00
0.00	-30411.36	-39850.74	0.31843	-30411.36	-39850.74	0.31843	49.006	0.00
0.00	-30411.16	-39850.67	0.31795	-30411.16	-39850.67	0.31795	47.545	0.00
0.00	-30410.94	-39850.60	0.31758	-30410.94	-39850.60	0.31758	57.577	0.00
0.00	-30410.70	-39850.52	0.31715	-30410.70	-39850.52	0.31715	46.538	0.00
0.00	-30410.57	-39850.48	0.31679	-30410.57	-39850.48	0.31679	58.828	0.00
0.00	-30410.29	-39850.38	0.31633	-30410.29	-39850.38	0.31633	47.232	0.00
0.00	-30410.24	-39850.37	0.31598	-30410.24	-39850.37	0.31598	58.621	0.00
0.00	-30409.92	-39850.26	0.31559	-30409.92	-39850.26	0.31559	47.023	0.00
0.00	-30409.78	-39850.22	0.31533	-30409.78	-39850.22	0.31533	48.474	0.00
0.00	-30409.62	-39850.16	0.31517	-30409.62	-39850.16	0.31517	49.196	0.00
0.00	-30409.44	-39850.10	0.31504	-30409.44	-39850.10	0.31504	48.218	0.00
0.00	-30409.38	-39850.08	0.31483	-30409.38	-39850.08	0.31483	49.324	0.00
0.00	-30409.04	-39849.97	0.31451	-30409.04	-39849.97	0.31451	54.858	0.00
0.00	-30408.87	-39849.92	0.31398	-30408.87	-39849.92	0.31398	50.997	0.00
0.00	-30408.67	-39849.85	0.31338	-30408.67	-39849.85	0.31338	51.410	0.00
0.00	-30408.50	-39849.80	0.31278	-30408.50	-39849.80	0.31278	53.162	0.00
0.00	-30408.32	-39849.74	0.31222	-30408.32	-39849.74	0.31222	48.587	0.00
0.00	-30408.12	-39849.67	0.31164	-30408.12	-39849.67	0.31164	52.192	0.00
0.00	-30407.89	-39849.60	0.31091	-30407.89	-39849.60	0.31091	49.025	0.00
0.00	-30407.72	-39849.55	0.31019	-30407.72	-39849.55	0.31019	60.104	0.00
0.00	-30407.52	-39849.48	0.30929	-30407.52	-39849.48	0.30929	54.280	0.00
0.00	-30407.29	-39849.41	0.30857	-30407.29	-39849.41	0.30857	60.127	0.00
0.00	-30406.99	-39849.31	0.30789	-30406.99	-39849.31	0.30789	49.683	0.00
0.00	-30406.86	-39849.27	0.30733	-30406.86	-39849.27	0.30733	50.660	0.00
0.00	-30406.71	-39849.23	0.30667	-30406.71	-39849.23	0.30667	59.378	0.00
0.00	-30406.50	-39849.16	0.30577	-30406.50	-39849.16	0.30577	50.561	0.00
0.00	-30406.33	-39849.11	0.30502	-30406.33	-39849.11	0.30502	59.773	0.00
0.00	-30406.09	-39849.03	0.30424	-30406.09	-39849.03	0.30424	60.707	0.00
0.00	-30405.82	-39848.95	0.30356	-30405.82	-39848.95	0.30356	60.702	0.00
0.00	-30405.58	-39848.87	0.30291	-30405.58	-39848.87	0.30291	55.294	0.00
0.00	-30405.26	-39848.77	0.30219	-30405.26	-39848.77	0.30219	51.038	0.00
0.00	-30405.12	-39848.73	0.30151	-30405.12	-39848.73	0.30151	50.285	0.00
0.00	-30404.99	-39848.69	0.30110	-30404.99	-39848.69	0.30110	59.736	0.00
0.00	-30404.79	-39848.63	0.30085	-30404.79	-39848.63	0.30085	51.181	0.00
0.00	-30404.63	-39848.58	0.30066	-30404.63	-39848.58	0.30066	51.193	0.00
0.00	-30404.45	-39848.52	0.30042	-30404.45	-39848.52	0.30042	65.259	0.00
0.00	-30404.24	-39848.46	0.30016	-30404.24	-39848.46	0.30016	51.535	0.00
0.00	-30404.00	-39848.38	0.30003	-30404.00	-39848.38	0.30003	53.029	0.00
0.00	-30403.70	-39848.29	0.29997	-30403.70	-39848.29	0.29997	58.814	0.00
0.00	-30403.47	-39848.22	0.29983	-30403.47	-39848.22	0.29983	51.118	0.00
0.00	-30403.28	-39848.16	0.29961	-30403.28	-39848.16	0.29961	60.599	0.00
0.00	-30403.03	-39848.08	0.29940	-30403.03	-39848.08	0.29940	58.007	0.00
0.00	-30402.78	-39848.01	0.29931	-30402.78	-39848.01	0.29931	58.981	0.00
0.00	-30402.62	-39847.96	0.29927	-30402.62	-39847.96	0.29927	54.561	0.00
0.00	-30402.42	-39847.90	0.29930	-30402.42	-39847.90	0.29930	57.700	0.00
0.00	-30402.18	-39847.82	0.29928	-30402.18	-39847.82	0.29928	51.614	0.00
0.00	-30402.10	-39847.80	0.29917	-30402.10	-39847.80	0.29917	58.752	0.00
0.00	-30401.80	-39847.70	0.29902	-30401.80	-39847.70	0.29902	62.018	0.00
0.00	-30401.56	-39847.63	0.29896	-30401.56	-39847.63	0.29896	59.129	0.00
0.00	-30401.38	-39847.57	0.29892	-30401.38	-39847.57	0.29892	55.671	0.00
0.00	-30401.15	-39847.50	0.29892	-30401.15	-39847.50	0.29892	63.225	0.00
0.00	-30400.79	-39847.39	0.29907	-30400.79	-39847.39	0.29907	54.323	0.00
0.00	-30400.60	-39847.33	0.29930	-30400.60	-39847.33	0.29930	52.935	0.00
0.00	-30400.41	-39847.28	0.29948	-30400.41	-39847.28	0.29948	62.614	0.00
0.00	-30400.16	-39847.20	0.29963	-30400.16	-39847.20	0.29963	51.507	0.00
0.00	-30399.93	-39847.13	0.29976	-30399.93	-39847.13	0.29976	51.295	0.00
0.00	-30399.69	-39847.06	0.29996	-30399.69	-39847.06	0.29996	53.821	0.00
0.00	-30399.46	-39846.99	0.30020	-30399.46	-39846.99	0.30020	57.875	0.00
0.00	-30399.22	-39846.91	0.30038	-30399.22	-39846.91	0.30038	52.238	0.00
0.00	-30399.06	-39846.86	0.30047	-30399.06	-39846.86	0.30047	55.291	0.00
0.00	-30398.89	-39846.81	0.30050	-30398.89	-39846.81	0.30050	53.031	0.00
0.00	-30398.67	-39846.74	0.30048	-30398.67	-39846.74	0.30048	62.544	0.00
0.00	-30398.42	-39846.66	0.30059	-30398.42	-39846.66	0.30059	59.874	0.00
0.00	-30398.17	-39846.59	0.30078	-30398.17	-39846.59	0.30078	52.640	0.00
0.00	-30397.88	-39846.50	0.30096	-30397.88	-39846.50	0.30096	66.360	0.00
0.00	-30397.62	-39846.42	0.30125	-30397.62	-39846.42	0.30125	64.467	0.00
0.00	-30397.40	-39846.35	0.30143	-30397.40	-39846.35	0.30143	67.638	0.00
0.00	-30397.18	-39846.28	0.30134	-30397.18	-39846.28	0.30134	52.057	0.00
0.00	-30396.98	-39846.22	0.30114	-30396.98	-39846.22	0.30114	61.165	0.00
0.00	-30396.66	-39846.12	0.30099	-30396.66	-39846.12	0.30099	58.223	0.00
0.00	-30396.43	-39846.05	0.30101	-30396.43	-39846.05	0.30101	52.280	0.00
0.00	-30396.13	-39845.96	0.30109	-30396.13	-39845.96	0.30109	62.214	0.00
0.00	-30395.84	-39845.87	0.30116	-30395.84	-39845.87	0.30116	57.326	0.00
0.00	-30395.65	-39845.81	0.30117	-30395.65	-39845.81	0.30117	59.681	0.00
0.00	-30395.46	-39845.75	0.30113	-30395.46	-39845.75	0.30113	53.716	0.00
0.00	-30395.13	-39845.65	0.30110	-30395.13	-39845.65	0.30110	63.236	0.00
0.00	-30394.91	-39845.58	0.30110	-30394.91	-39845.58	0.30110	55.408	0.00
0.00	-30394.67	-39845.50	0.30107	-30394.67	-39845.50	0.30107	64.115	0.00
0.00	-30394.45	-39845.44	0.30102	-30394.45	-39845.44	0.30102	56.206	0.00
0.00	-30394.22	-39845.37	0.30104	-30394.22	-39845.37	0.30104	54.048	0.00
0.00	-30393.86	-39845.25	0.30113	-30393.86	-39845.25	0.30113	64.488	0.00
0.00	-30393.63	-39845.18	0.30118	-30393.63	-39845.18	0.30118	54.154	0.00
0.00	-30393.39	-39845.10	0.30116	-30393.39	-39845.10	0.30116	64.845	0.00
0.00	-30393.11	-39845.02	0.30109	-30393.11	-39845.02	0.30109	55.612	0.00
0.00	-30392.89	-39844.95	0.30103	-30392.89	-39844.95	0.30103	54.360	0.00
0.00	-30392.62	-39844.86	0.30102	-30392.62	-39844.86	0.30102	54.505	0.00
0.00	-30392.33	-39844.77	0.30108	-30392.33	-39844.77	0.30108	64.779	0.00
0.00	-30391.88	-39844.63	0.30124	-30391.88	-39844.63	0.30124	62.287	0.00
0.00	-30391.66	-39844.56	0.30148	-30391.66	-39844.56	0.30148	54.388	0.00
0.00	-30391.44	-39844.50	0.30171	-30391.44	-39844.50	0.30171	64.991	0.00
0.00	-30391.12	-39844.40	0.30207	-30391.12	-39844.40	0.30207	54.716	0.00
0.00	-30390.93	-39844.33	0.30238	-30390.93	-39844.33	0.30238	64.722	0.00
0.00	-30390.63	-39844.24	0.30280	-30390.63	-39844.24	0.30280	64.608	0.00
0.00	-30390.41	-39844.17	0.30306	-30390.41	-39844.17	0.30306	62.381	0.00
0.00	-30390.03	-39844.05	0.30332	-30390.03	-39844.05	0.30332	65.244	0.00
0.00	-30389.79	-39843.97	0.30368	-30389.79	-39843.97	0.30368	66.035	0.00
0.00	-30389.52	-39843.89	0.30410	-30389.52	-39843.89	0.30410	55.430	0.00
0.00	-30389.28	-39843.81	0.30439	-30389.28	-39843.81	0.30439	62.525	0.00
0.00	-30388.91	-39843.70	0.30467	-30388.91	-39843.70	0.30467	67.532	0.00
0.00	-30388.63	-39843.61	0.30496	-30388.63	-39843.61	0.30496	67.818	0.00
0.00	-30388.30	-39843.50	0.30521	-30388.30	-39843.50	0.30521	66.767	0.00
0.00	-30388.03	-39843.42	0.30544	-30388.03	-39843.42	0.30544	56.138	0.00
0.00	-30387.84	-39843.36	0.30569	-30387.84	-39843.36	0.30569	55.275	0.00
0.00	-30387.52	-39843.26	0.30591	-30387.52	-39843.26	0.30591	57.163	0.00
0.00	-30387.23	-39843.16	0.30611	-30387.23	-39843.16	0.30611	71.545	0.00
0.00	-30386.89	-39843.06	0.30640	-30386.89	-39843.06	0.30640	65.190	0.00
0.00	-30386.61	-39842.97	0.30647	-30386.61	-39842.97	0.30647	69.825	0.00
0.00	-30386.36	-39842.89	0.30637	-30386.36	-39842.89	0.30637	55.984	0.00
0.00	-30385.99	-39842.77	0.30629	-30385.99	-39842.77	0.30629	57.662	0.00
0.00	-30385.71	-39842.69	0.30625	-30385.71	-39842.69	0.30625	62.830	0.00
0.00	-30385.44	-39842.60	0.30626	-30385.44	-39842.60	0.30626	71.228	0.00
0.00	-30385.19	-39842.53	0.30616	-30385.19	-39842.53	0.30616	62.853	0.00
0.00	-30384.84	-39842.41	0.30601	-30384.84	-39842.41	0.30601	63.947	0.00
0.00	-30384.60	-39842.34	0.30585	-30384.60	-39842.34	0.30585	57.299	0.00
0.00	-30384.36	-39842.27	0.30571	-30384.36	-39842.27	0.30571	69.368	0.00
0.00	-30384.12	-39842.19	0.30553	-30384.12	-39842.19	0.30553	59.210	0.00
0.00	-30383.71	-39842.06	0.30527	-30383.71	-39842.06	0.30527	59.783	0.00
0.00	-30383.48	-39841.99	0.30512	-30383.48	-39841.99	0.30512	68.921	0.00
0.00	-30383.22	-39841.91	0.30507	-30383.22	-39841.91	0.30507	60.337	0.00
0.00	-30382.79	-39841.78	0.30500	-30382.79	-39841.78	0.30500	65.652	0.00
0.00	-30382.51	-39841.69	0.30473	-30382.51	-39841.69	0.30473	57.590	0.00
0.00	-30382.29	-39841.62	0.30442	-30382.29	-39841.62	0.30442	62.364	0.00
0.00	-30382.04	-39841.54	0.30406	-30382.04	-39841.54	0.30406	69.295	0.00
0.00	-30381.60	-39841.41	0.30371	-30381.60	-39841.41	0.30371	63.426	0.00
0.00	-30381.32	-39841.32	0.30336	-30381.32	-39841.32	0.30336	69.037	0.00
0.00	-30381.06	-39841.24	0.30288	-30381.06	-39841.24	0.30288	69.188	0.00
0.00	-30380.69	-39841.13	0.30249	-30380.69	-39841.13	0.30249	65.982	0.00
0.00	-30380.45	-39841.05	0.30234	-30380.45	-39841.05	0.30234	59.769	0.00
0.00	-30380.23	-39840.99	0.30236	-30380.23	-39840.99	0.30236	61.797	0.00
0.00	-30379.86	-39840.87	0.30238	-30379.86	-39840.87	0.30238	58.377	0.00
0.00	-30379.65	-39840.81	0.30238	-30379.65	-39840.81	0.30238	57.528	0.00
0.00	-30379.35	-39840.71	0.30233	-30379.35	-39840.71	0.30233	63.975	0.00
0.00	-30379.02	-39840.61	0.30219	-30379.02	-39840.61	0.30219	67.026	0.00
0.00	-30378.65	-39840.49	0.30209	-30378.65	-39840.49	0.30209	70.241	0.00
0.00	-30378.31	-39840.39	0.30215	-30378.31	-39840.39	0.30215	70.019	0.00
0.00	-30377.94	-39840.27	0.30225	-30377.94	-39840.27	0.30225	68.125	0.00
0.00	-30377.61	-39840.17	0.30235	-30377.61	-39840.17	0.30235	66.551	0.00
0.00	-30377.35	-39840.09	0.30247	-30377.35	-39840.09	0.30247	72.216	0.00
0.00	-30377.02	-39839.98	0.30261	-30377.02	-39839.98	0.30261	69.131	0.00
0.00	-30376.77	-39839.90	0.30274	-30376.77	-39839.90	0.30274	76.119	0.00
0.00	-30376.41	-39839.79	0.30287	-30376.41	-39839.79	0.30287	65.551	0.00
0.00	-30376.32	-39839.76	0.30301	-30376.32	-39839.76	0.30301	77.771	0.00
0.00	-30375.77	-39839.58	0.30327	-30375.77	-39839.58	0.30327	59.252	0.00
0.00	-30375.46	-39839.49	0.30356	-30375.46	-39839.49	0.30356	59.775	0.00
0.00	-30375.23	-39839.41	0.30377	-30375.23	-39839.41	0.30377	69.643	0.00
0.00	-30375.14	-39839.39	0.30394	-30375.14	-39839.39	0.30394	61.033	0.00
