0.00	-30135.65	-39871.45	0.35000	-30135.65	-39871.45	0.35000	20.740	0.00
0.00	-30135.21	-39871.50	0.35000	-30135.21	-39871.50	0.35000	2.361	0.00
0.00	-30135.15	-39872.51	-1.10195	-30135.15	-39872.51	-1.10195	2.457	0.00
0.00	-30135.11	-39872.94	-1.24949	-30135.11	-39872.94	-1.24949	2.152	0.00
0.00	-30135.02	-39873.33	-1.27989	-30135.02	-39873.33	-1.27989	2.159	0.00
0.00	-30134.91	-39873.67	-1.27654	-30134.91	-39873.67	-1.27654	2.408	0.00
0.00	-30134.78	-39874.04	-1.26949	-30134.78	-39874.04	-1.26949	2.203	0.00
0.00	-30134.65	-39874.43	-1.26338	-30134.65	-39874.43	-1.26338	2.128	0.00
0.00	-30134.52	-39874.81	-1.25883	-30134.52	-39874.81	-1.25883	2.457	0.00
0.00	-30134.39	-39875.20	-1.25585	-30134.39	-39875.20	-1.25585	2.159	0.00
0.00	-30134.26	-39875.56	-1.25357	-30134.26	-39875.56	-1.25357	2.115	0.00
0.00	-30134.14	-39875.91	-1.25204	-30134.14	-39875.91	-1.25204	2.281	0.00
0.00	-30133.99	-39876.36	-1.25098	-30133.99	-39876.36	-1.25098	2.052	0.00
0.00	-30133.86	-39876.74	-1.25020	-30133.86	-39876.74	-1.25020	2.077	0.00
0.00	-30133.75	-39877.07	-1.24984	-30133.75	-39877.07	-1.24984	2.089	0.00
0.00	-30133.62	-39877.46	-1.24964	-30133.62	-39877.46	-1.24964	2.207	0.00
0.00	-30133.50	-39877.82	-1.24950	-30133.50	-39877.82	-1.24950	2.086	0.00
0.00	-30133.37	-39878.19	-1.24937	-30133.37	-39878.19	-1.24937	2.109	0.00
0.00	-30133.25	-39878.56	-1.24924	-30133.25	-39878.56	-1.24924	2.032	0.00
0.00	-30133.13	-39878.93	-1.24917	-30133.13	-39878.93	-1.24917	2.093	0.00
0.00	-30133.01	-39879.29	-1.24921	-30133.01	-39879.29	-1.24921	2.041	0.00
0.00	-30132.89	-39879.65	-1.24938	-30132.89	-39879.65	-1.24938	2.017	0.00
0.00	-30132.74	-39880.11	-1.24968	-30132.74	-39880.11	-1.24968	2.007	0.00
0.00	-30132.63	-39880.45	-1.25006	-30132.63	-39880.45	-1.25006	2.045	0.00
0.00	-30132.52	-39880.77	-1.25049	-30132.52	-39880.77	-1.25049	2.163	0.00
0.00	-30132.41	-39881.12	-1.25092	-30132.41	-39881.12	-1.25092	2.094	0.00
0.00	-30132.29	-39881.47	-1.25131	-30132.29	-39881.47	-1.25131	2.042	0.00
0.00	-30132.16	-39881.88	-1.25166	-30132.16	-39881.88	-1.25166	2.108	0.00
0.00	-30132.05	-39882.23	-1.25195	-30132.05	-39882.23	-1.25195	2.069	0.00
0.00	-30131.93	-39882.58	-1.25221	-30131.93	-39882.58	-1.25221	2.129	0.00
0.00	-30131.81	-39882.94	-1.25248	-30131.81	-39882.94	-1.25248	2.501	0.00
0.00	-30131.70	-39883.30	-1.25278	-30131.70	-39883.30	-1.25278	2.176	0.00
0.00	-30131.56	-39883.72	-1.25306	-30131.56	-39883.72	-1.25306	2.153	0.00
0.00	-30131.45	-39884.06	-1.25329	-30131.45	-39884.06	-1.25329	2.026	0.00
0.00	-30131.35	-39884.38	-1.25346	-30131.35	-39884.38	-1.25346	2.065	0.00
0.00	-30131.23	-39884.71	-1.25356	-30131.23	-39884.71	-1.25356	2.092	0.00
0.00	-30131.12	-39885.06	-1.25358	-30131.12	-39885.06	-1.25358	2.099	0.00
0.00	-30131.01	-39885.40	-1.25348	-30131.01	-39885.40	-1.25348	2.191	0.00
0.00	-30130.89	-39885.78	-1.25330	-30130.89	-39885.78	-1.25330	2.135	0.00
0.00	-30130.77	-39886.11	-1.25307	-30130.77	-39886.11	-1.25307	2.247	0.00
0.00	-30130.67	-39886.44	-1.25282	-30130.67	-39886.44	-1.25282	2.078	0.00
0.00	-30130.55	-39886.77	-1.25255	-30130.55	-39886.77	-1.25255	2.039	0.00
0.00	-30130.42	-39887.17	-1.25231	-30130.42	-39887.17	-1.25231	2.050	0.00
0.00	-30130.32	-39887.47	-1.25222	-30130.32	-39887.47	-1.25222	2.045	0.00
0.00	-30130.22	-39887.78	-1.25235	-30130.22	-39887.78	-1.25235	2.149	0.00
0.00	-30130.12	-39888.09	-1.25262	-30130.12	-39888.09	-1.25262	2.069	0.00
0.00	-30130.01	-39888.41	-1.25292	-30130.01	-39888.41	-1.25292	2.168	0.00
0.00	-30129.90	-39888.76	-1.25314	-30129.90	-39888.76	-1.25314	2.096	0.00
0.00	-30129.78	-39889.15	-1.25324	-30129.78	-39889.15	-1.25324	3.700	0.00
0.00	-30129.64	-39889.55	-1.25327	-30129.64	-39889.55	-1.25327	3.283	0.00
0.00	-30129.55	-39889.82	-1.25324	-30129.55	-39889.82	-1.25324	2.370	0.00
0.00	-30129.47	-39890.09	-1.25320	-30129.47	-39890.09	-1.25320	2.255	0.00
0.00	-30129.35	-39890.43	-1.25317	-30129.35	-39890.43	-1.25317	2.202	0.00
0.00	-30129.26	-39890.70	-1.25321	-30129.26	-39890.70	-1.25321	2.103	0.00
0.00	-30129.17	-39890.99	-1.25336	-30129.17	-39890.99	-1.25336	2.217	0.00
0.00	-30129.07	-39891.31	-1.25358	-30129.07	-39891.31	-1.25358	2.124	0.00
0.00	-30128.96	-39891.63	-1.25379	-30128.96	-39891.63	-1.25379	2.232	0.00
0.00	-30128.87	-39891.92	-1.25399	-30128.87	-39891.92	-1.25399	2.269	0.00
0.00	-30128.75	-39892.27	-1.25418	-30128.75	-39892.27	-1.25418	2.300	0.00
0.00	-30128.64	-39892.63	-1.25435	-30128.64	-39892.63	-1.25435	2.334	0.00
0.00	-30128.54	-39892.93	-1.25458	-30128.54	-39892.93	-1.25458	3.976	0.00
0.00	-30128.44	-39893.22	-1.25481	-30128.44	-39893.22	-1.25481	2.484	0.00
0.00	-30128.33	-39893.59	-1.25504	-30128.33	-39893.59	-1.25504	2.337	0.00
0.00	-30128.21	-39893.94	-1.25533	-30128.21	-39893.94	-1.25533	2.189	0.00
0.00	-30128.11	-39894.27	-1.25567	-30128.11	-39894.27	-1.25567	2.223	0.00
0.00	-30128.01	-39894.56	-1.25606	-30128.01	-39894.56	-1.25606	2.211	0.00
0.00	-30127.91	-39894.87	-1.25656	-30127.91	-39894.87	-1.25656	2.355	0.00
0.00	-30127.81	-39895.21	-1.25699	-30127.81	-39895.21	-1.25699	2.430	0.00
0.00	-30127.73	-39895.46	-1.25746	-30127.73	-39895.46	-1.25746	2.277	0.00
0.00	-30127.63	-39895.77	-1.25804	-30127.63	-39895.77	-1.25804	2.379	0.00
0.00	-30127.53	-39896.09	-1.25860	-30127.53	-39896.09	-1.25860	2.271	0.00
0.00	-30127.42	-39896.41	-1.25905	-30127.42	-39896.41	-1.25905	2.182	0.00
0.00	-30127.30	-39896.79	-1.25933	-30127.30	-39896.79	-1.25933	2.283	0.00
0.00	-30127.20	-39897.10	-1.25941	-30127.20	-39897.10	-1.25941	2.557	0.00
0.00	-30127.10	-39897.41	-1.25944	-30127.10	-39897.41	-1.25944	2.156	0.00
0.00	-30126.99	-39897.78	-1.25949	-30126.99	-39897.78	-1.25949	2.349	0.00
0.00	-30126.88	-39898.12	-1.25961	-30126.88	-39898.12	-1.25961	2.337	0.00
0.00	-30126.76	-39898.47	-1.25975	-30126.76	-39898.47	-1.25975	2.374	0.00
0.00	-30126.66	-39898.80	-1.25986	-30126.66	-39898.80	-1.25986	2.275	0.00
0.00	-30126.55	-39899.13	-1.25970	-30126.55	-39899.13	-1.25970	2.268	0.00
0.00	-30126.45	-39899.45	-1.25911	-30126.45	-39899.45	-1.25911	2.368	0.00
0.00	-30126.34	-39899.77	-1.25805	-30126.34	-39899.77	-1.25805	2.320	0.00
0.00	-30126.22	-39900.12	-1.25682	-30126.22	-39900.12	-1.25682	2.405	0.00
0.00	-30126.10	-39900.49	-1.25559	-30126.10	-39900.49	-1.25559	2.285	0.00
0.00	-30125.97	-39900.87	-1.25436	-30125.97	-39900.87	-1.25436	2.602	0.00
0.00	-30125.85	-39901.20	-1.25338	-30125.85	-39901.20	-1.25338	2.607	0.00
0.00	-30125.73	-39901.56	-1.25262	-30125.73	-39901.56	-1.25262	2.278	0.00
0.00	-30125.61	-39901.93	-1.25189	-30125.61	-39901.93	-1.25189	2.292	0.00
0.00	-30125.47	-39902.32	-1.25117	-30125.47	-39902.32	-1.25117	2.487	0.00
0.00	-30125.36	-39902.66	-1.25052	-30125.36	-39902.66	-1.25052	2.442	0.00
0.00	-30125.26	-39902.97	-1.24997	-30125.26	-39902.97	-1.24997	2.434	0.00
0.00	-30125.14	-39903.31	-1.24955	-30125.14	-39903.31	-1.24955	2.548	0.00
0.00	-30125.01	-39903.69	-1.24922	-30125.01	-39903.69	-1.24922	2.422	0.00
0.00	-30124.89	-39904.04	-1.24899	-30124.89	-39904.04	-1.24899	2.374	0.00
0.00	-30124.78	-39904.40	-1.24904	-30124.78	-39904.40	-1.24904	2.281	0.00
0.00	-30124.64	-39904.82	-1.24951	-30124.64	-39904.82	-1.24951	2.526	0.00
0.00	-30124.52	-39905.19	-1.25039	-30124.52	-39905.19	-1.25039	2.450	0.00
0.00	-30124.40	-39905.56	-1.25141	-30124.40	-39905.56	-1.25141	2.603	0.00
0.00	-30124.28	-39905.95	-1.25254	-30124.28	-39905.95	-1.25254	2.359	0.00
0.00	-30124.16	-39906.32	-1.25361	-30124.16	-39906.32	-1.25361	2.442	0.00
0.00	-30124.05	-39906.68	-1.25453	-30124.05	-39906.68	-1.25453	2.463	0.00
0.00	-30123.94	-39907.02	-1.25537	-30123.94	-39907.02	-1.25537	2.339	0.00
0.00	-30123.81	-39907.41	-1.25602	-30123.81	-39907.41	-1.25602	2.713	0.00
0.00	-30123.69	-39907.80	-1.25646	-30123.69	-39907.80	-1.25646	2.442	0.00
0.00	-30123.57	-39908.15	-1.25666	-30123.57	-39908.15	-1.25666	2.502	0.00
0.00	-30123.44	-39908.56	-1.25653	-30123.44	-39908.56	-1.25653	2.507	0.00
0.00	-30123.32	-39908.91	-1.25599	-30123.32	-39908.91	-1.25599	4.016	0.00
0.00	-30123.21	-39909.24	-1.25524	-30123.21	-39909.24	-1.25524	2.523	0.00
0.00	-30123.09	-39909.61	-1.25427	-30123.09	-39909.61	-1.25427	2.583	0.00
0.00	-30122.97	-39909.97	-1.25350	-30122.97	-39909.97	-1.25350	2.624	0.00
0.00	-30122.84	-39910.34	-1.25294	-30122.84	-39910.34	-1.25294	2.592	0.00
0.00	-30122.73	-39910.70	-1.25280	-30122.73	-39910.70	-1.25280	2.614	0.00
0.00	-30122.61	-39911.05	-1.25279	-30122.61	-39911.05	-1.25279	3.546	0.00
0.00	-30122.49	-39911.43	-1.25282	-30122.49	-39911.43	-1.25282	2.352	0.00
0.00	-30122.37	-39911.78	-1.25281	-30122.37	-39911.78	-1.25281	2.504	0.00
0.00	-30122.25	-39912.14	-1.25274	-30122.25	-39912.14	-1.25274	2.738	0.00
0.00	-30122.14	-39912.49	-1.25263	-30122.14	-39912.49	-1.25263	2.562	0.00
0.00	-30122.00	-39912.89	-1.25241	-30122.00	-39912.89	-1.25241	2.762	0.00
0.00	-30121.90	-39913.19	-1.25208	-30121.90	-39913.19	-1.25208	2.523	0.00
0.00	-30121.76	-39913.61	-1.25153	-30121.76	-39913.61	-1.25153	2.633	0.00
0.00	-30121.64	-39913.97	-1.25091	-30121.64	-39913.97	-1.25091	2.636	0.00
0.00	-30121.53	-39914.29	-1.25021	-30121.53	-39914.29	-1.25021	2.579	0.00
0.00	-30121.39	-39914.71	-1.24943	-30121.39	-39914.71	-1.24943	2.755	0.00
0.00	-30121.27	-39915.05	-1.24874	-30121.27	-39915.05	-1.24874	2.567	0.00
0.00	-30121.15	-39915.40	-1.24817	-30121.15	-39915.40	-1.24817	2.515	0.00
0.00	-30121.03	-39915.75	-1.24780	-30121.03	-39915.75	-1.24780	2.536	0.00
0.00	-30120.92	-39916.10	-1.24764	-30120.92	-39916.10	-1.24764	2.549	0.00
0.00	-30120.80	-39916.45	-1.24763	-30120.80	-39916.45	-1.24763	2.598	0.00
0.00	-30120.69	-39916.78	-1.24769	-30120.69	-39916.78	-1.24769	2.457	0.00
0.00	-30120.56	-39917.17	-1.24781	-30120.56	-39917.17	-1.24781	2.528	0.00
0.00	-30120.45	-39917.48	-1.24798	-30120.45	-39917.48	-1.24798	2.591	0.00
0.00	-30120.33	-39917.85	-1.24839	-30120.33	-39917.85	-1.24839	2.478	0.00
0.00	-30120.22	-39918.20	-1.24896	-30120.22	-39918.20	-1.24896	2.598	0.00
0.00	-30120.10	-39918.55	-1.24967	-30120.10	-39918.55	-1.24967	2.472	0.00
0.00	-30119.99	-39918.90	-1.25050	-30119.99	-39918.90	-1.25050	2.280	0.00
0.00	-30119.88	-39919.24	-1.25137	-30119.88	-39919.24	-1.25137	2.593	0.00
0.00	-30119.77	-39919.59	-1.25222	-30119.77	-39919.59	-1.25222	2.383	0.00
0.00	-30119.66	-39919.93	-1.25300	-30119.66	-39919.93	-1.25300	2.588	0.00
0.00	-30119.55	-39920.27	-1.25377	-30119.55	-39920.27	-1.25377	2.421	0.00
0.00	-30119.44	-39920.61	-1.25456	-30119.44	-39920.61	-1.25456	2.320	0.00
0.00	-30119.33	-39920.96	-1.25545	-30119.33	-39920.96	-1.25545	4.257	0.00
0.00	-30119.23	-39921.28	-1.25630	-30119.23	-39921.28	-1.25630	2.739	0.00
0.00	-30119.12	-39921.63	-1.25717	-30119.12	-39921.63	-1.25717	2.555	0.00
0.00	-30119.01	-39921.98	-1.25814	-30119.01	-39921.98	-1.25814	2.587	0.00
0.00	-30118.90	-39922.35	-1.25899	-30118.90	-39922.35	-1.25899	8.312	0.00
0.00	-30118.81	-39922.64	-1.25968	-30118.81	-39922.64	-1.25968	2.488	0.00
0.00	-30118.70	-39922.98	-1.26035	-30118.70	-39922.98	-1.26035	2.424	0.00
0.00	-30118.59	-39923.32	-1.26094	-30118.59	-39923.32	-1.26094	2.814	0.00
0.00	-30118.49	-39923.65	-1.26152	-30118.49	-39923.65	-1.26152	2.606	0.00
0.00	-30118.39	-39923.96	-1.26211	-30118.39	-39923.96	-1.26211	2.742	0.00
0.00	-30118.29	-39924.30	-1.26278	-30118.29	-39924.30	-1.26278	2.786	0.00
0.00	-30118.19	-39924.63	-1.26345	-30118.19	-39924.63	-1.26345	2.639	0.00
0.00	-30118.06	-39925.05	-1.26405	-30118.06	-39925.05	-1.26405	2.974	0.00
0.00	-30117.96	-39925.35	-1.26454	-30117.96	-39925.35	-1.26454	3.342	0.00
0.00	-30117.86	-39925.68	-1.26511	-30117.86	-39925.68	-1.26511	3.437	0.00
0.00	-30117.74	-39926.06	-1.26566	-30117.74	-39926.06	-1.26566	4.859	0.00
0.00	-30117.64	-39926.41	-1.26618	-30117.64	-39926.41	-1.26618	2.888	0.00
0.00	-30117.54	-39926.71	-1.26678	-30117.54	-39926.71	-1.26678	3.080	0.00
0.00	-30117.44	-39927.04	-1.26741	-30117.44	-39927.04	-1.26741	3.802	0.00
0.00	-30117.34	-39927.37	-1.26800	-30117.34	-39927.37	-1.26800	3.694	0.00
0.00	-30117.25	-39927.67	-1.26850	-30117.25	-39927.67	-1.26850	4.214	0.00
0.00	-30117.14	-39928.02	-1.26892	-30117.14	-39928.02	-1.26892	3.650	0.00
0.00	-30117.03	-39928.37	-1.26929	-30117.03	-39928.37	-1.26929	4.257	0.00
0.00	-30116.94	-39928.69	-1.26963	-30116.94	-39928.69	-1.26963	4.048	0.00
0.00	-30116.83	-39929.05	-1.26999	-30116.83	-39929.05	-1.26999	4.774	0.00
0.00	-30116.72	-39929.39	-1.27040	-30116.72	-39929.39	-1.27040	6.481	0.00
0.00	-30116.63	-39929.69	-1.27077	-30116.63	-39929.69	-1.27077	4.352	0.00
0.00	-30116.53	-39930.03	-1.27114	-30116.53	-39930.03	-1.27114	4.028	0.00
0.00	-30116.42	-39930.37	-1.27146	-30116.42	-39930.37	-1.27146	3.681	0.00
0.00	-30116.33	-39930.69	-1.27170	-30116.33	-39930.69	-1.27170	4.779	0.00
0.00	-30116.23	-39931.01	-1.27186	-30116.23	-39931.01	-1.27186	4.765	0.00
0.00	-30116.12	-39931.35	-1.27199	-30116.12	-39931.35	-1.27199	6.019	0.00
0.00	-30116.01	-39931.72	-1.27209	-30116.01	-39931.72	-1.27209	5.455	0.00
0.00	-30115.91	-39932.04	-1.27221	-30115.91	-39932.04	-1.27221	7.295	0.00
0.00	-30115.83	-39932.32	-1.27230	-30115.83	-39932.32	-1.27230	5.393	0.00
0.00	-30115.72	-39932.68	-1.27240	-30115.72	-39932.68	-1.27240	5.545	0.00
0.00	-30115.62	-39932.99	-1.27250	-30115.62	-39932.99	-1.27250	5.160	0.00
0.00	-30115.53	-39933.30	-1.27262	-30115.53	-39933.30	-1.27262	5.724	0.00
0.00	-30115.43	-39933.62	-1.27272	-30115.43	-39933.62	-1.27272	5.848	0.00
0.00	-30115.33	-39933.94	-1.27281	-30115.33	-39933.94	-1.27281	4.717	0.00
0.00	-30115.24	-39934.23	-1.27292	-30115.24	-39934.23	-1.27292	4.281	0.00
0.00	-30115.14	-39934.57	-1.27304	-30115.14	-39934.57	-1.27304	5.918	0.00
0.00	-30115.04	-39934.88	-1.27312	-30115.04	-39934.88	-1.27312	4.286	0.00
0.00	-30114.94	-39935.22	-1.27335	-30114.94	-39935.22	-1.27335	6.352	0.00
0.00	-30114.83	-39935.60	-1.27386	-30114.83	-39935.60	-1.27386	5.029	0.00
0.00	-30114.71	-39935.98	-1.27441	-30114.71	-39935.98	-1.27441	4.264	0.00
0.00	-30114.61	-39936.30	-1.27505	-30114.61	-39936.30	-1.27505	4.896	0.00
0.00	-30114.53	-39936.60	-1.27587	-30114.53	-39936.60	-1.27587	6.021	0.00
0.00	-30114.43	-39936.94	-1.27673	-30114.43	-39936.94	-1.27673	5.499	0.00
0.00	-30114.34	-39937.23	-1.27745	-30114.34	-39937.23	-1.27745	5.518	0.00
0.00	-30114.26	-39937.53	-1.27811	-30114.26	-39937.53	-1.27811	5.957	0.00
0.00	-30114.16	-39937.85	-1.27856	-30114.16	-39937.85	-1.27856	5.902	0.00
0.00	-30114.06	-39938.18	-1.27882	-30114.06	-39938.18	-1.27882	5.672	0.00
0.00	-30113.97	-39938.48	-1.27895	-30113.97	-39938.48	-1.27895	6.394	0.00
0.00	-30113.88	-39938.77	-1.27896	-30113.88	-39938.77	-1.27896	6.078	0.00
0.00	-30113.79	-39939.09	-1.27888	-30113.79	-39939.09	-1.27888	6.214	0.00
0.00	-30113.70	-39939.40	-1.27863	-30113.70	-39939.40	-1.27863	6.339	0.00
0.00	-30113.60	-39939.70	-1.27817	-30113.60	-39939.70	-1.27817	8.352	0.00
0.00	-30113.50	-39940.03	-1.27748	-30113.50	-39940.03	-1.27748	6.088	0.00
0.00	-30113.41	-39940.32	-1.27667	-30113.41	-39940.32	-1.27667	6.038	0.00
0.00	-30113.32	-39940.59	-1.27573	-30113.32	-39940.59	-1.27573	6.273	0.00
0.00	-30113.23	-39940.88	-1.27455	-30113.23	-39940.88	-1.27455	6.237	0.00
0.00	-30113.13	-39941.20	-1.27326	-30113.13	-39941.20	-1.27326	6.155	0.00
0.00	-30113.03	-39941.49	-1.27195	-30113.03	-39941.49	-1.27195	6.063	0.00
0.00	-30112.94	-39941.78	-1.27067	-30112.94	-39941.78	-1.27067	6.459	0.00
0.00	-30112.84	-39942.09	-1.26945	-30112.84	-39942.09	-1.26945	6.256	0.00
0.00	-30112.75	-39942.37	-1.26829	-30112.75	-39942.37	-1.26829	6.105	0.00
0.00	-30112.65	-39942.68	-1.26709	-30112.65	-39942.68	-1.26709	6.874	0.00
0.00	-30112.55	-39942.98	-1.26583	-30112.55	-39942.98	-1.26583	6.922	0.00
0.00	-30112.45	-39943.27	-1.26459	-30112.45	-39943.27	-1.26459	6.660	0.00
0.00	-30112.35	-39943.59	-1.26338	-30112.35	-39943.59	-1.26338	6.904	0.00
0.00	-30112.24	-39943.92	-1.26222	-30112.24	-39943.92	-1.26222	6.733	0.00
0.00	-30112.14	-39944.22	-1.26108	-30112.14	-39944.22	-1.26108	6.735	0.00
0.00	-30112.04	-39944.52	-1.25985	-30112.04	-39944.52	-1.25985	6.909	0.00
0.00	-30111.93	-39944.83	-1.25870	-30111.93	-39944.83	-1.25870	6.836	0.00
0.00	-30111.83	-39945.14	-1.25763	-30111.83	-39945.14	-1.25763	6.806	0.00
0.00	-30111.72	-39945.45	-1.25669	-30111.72	-39945.45	-1.25669	7.374	0.00
0.00	-30111.61	-39945.78	-1.25590	-30111.61	-39945.78	-1.25590	7.278	0.00
0.00	-30111.49	-39946.14	-1.25519	-30111.49	-39946.14	-1.25519	7.918	0.00
0.00	-30111.38	-39946.48	-1.25457	-30111.38	-39946.48	-1.25457	7.460	0.00
0.00	-30111.29	-39946.74	-1.25426	-30111.29	-39946.74	-1.25426	7.290	0.00
0.00	-30111.17	-39947.10	-1.25407	-30111.17	-39947.10	-1.25407	7.222	0.00
0.00	-30111.07	-39947.42	-1.25397	-30111.07	-39947.42	-1.25397	7.438	0.00
0.00	-30110.96	-39947.76	-1.25385	-30110.96	-39947.76	-1.25385	7.381	0.00
0.00	-30110.84	-39948.11	-1.25369	-30110.84	-39948.11	-1.25369	7.309	0.00
0.00	-30110.72	-39948.46	-1.25346	-30110.72	-39948.46	-1.25346	7.626	0.00
0.00	-30110.60	-39948.83	-1.25321	-30110.60	-39948.83	-1.25321	7.538	0.00
0.00	-30110.49	-39949.16	-1.25296	-30110.49	-39949.16	-1.25296	7.350	0.00
0.00	-30110.38	-39949.51	-1.25280	-30110.38	-39949.51	-1.25280	7.713	0.00
0.00	-30110.26	-39949.87	-1.25274	-30110.26	-39949.87	-1.25274	7.959	0.00
0.00	-30110.15	-39950.20	-1.25277	-30110.15	-39950.20	-1.25277	8.142	0.00
0.00	-30110.03	-39950.57	-1.25291	-30110.03	-39950.57	-1.25291	7.767	0.00
0.00	-30109.91	-39950.94	-1.25297	-30109.91	-39950.94	-1.25297	8.077	0.00
0.00	-30109.79	-39951.29	-1.25299	-30109.79	-39951.29	-1.25299	9.175	0.00
0.00	-30109.69	-39951.61	-1.25286	-30109.69	-39951.61	-1.25286	7.866	0.00
0.00	-30109.57	-39951.96	-1.25256	-30109.57	-39951.96	-1.25256	8.173	0.00
0.00	-30109.45	-39952.33	-1.25206	-30109.45	-39952.33	-1.25206	7.932	0.00
0.00	-30109.34	-39952.65	-1.25155	-30109.34	-39952.65	-1.25155	7.502	0.00
0.00	-30109.21	-39953.02	-1.25122	-30109.21	-39953.02	-1.25122	8.232	0.00
0.00	-30109.09	-39953.39	-1.25097	-30109.09	-39953.39	-1.25097	8.003	0.00
0.00	-30108.97	-39953.74	-1.25091	-30108.97	-39953.74	-1.25091	8.016	0.00
0.00	-30108.87	-39954.05	-1.25110	-30108.87	-39954.05	-1.25110	7.814	0.00
0.00	-30108.77	-39954.37	-1.25132	-30108.77	-39954.37	-1.25132	8.174	0.00
0.00	-30108.65	-39954.72	-1.25153	-30108.65	-39954.72	-1.25153	8.302	0.00
0.00	-30108.53	-39955.10	-1.25173	-30108.53	-39955.10	-1.25173	8.469	0.00
0.00	-30108.42	-39955.42	-1.25192	-30108.42	-39955.42	-1.25192	7.936	0.00
0.00	-30108.32	-39955.74	-1.25209	-30108.32	-39955.74	-1.25209	8.338	0.00
0.00	-30108.21	-39956.07	-1.25223	-30108.21	-39956.07	-1.25223	7.960	0.00
0.00	-30108.08	-39956.46	-1.25248	-30108.08	-39956.46	-1.25248	8.866	0.00
0.00	-30107.96	-39956.83	-1.25263	-30107.96	-39956.83	-1.25263	7.704	0.00
0.00	-30107.84	-39957.20	-1.25282	-30107.84	-39957.20	-1.25282	8.963	0.00
0.00	-30107.71	-39957.58	-1.25296	-30107.71	-39957.58	-1.25296	8.647	0.00
0.00	-30107.60	-39957.92	-1.25312	-30107.60	-39957.92	-1.25312	8.694	0.00
0.00	-30107.51	-39958.22	-1.25336	-30107.51	-39958.22	-1.25336	9.095	0.00
0.00	-30107.41	-39958.53	-1.25350	-30107.41	-39958.53	-1.25350	8.741	0.00
0.00	-30107.28	-39958.91	-1.25353	-30107.28	-39958.91	-1.25353	8.836	0.00
0.00	-30107.14	-39959.35	-1.25335	-30107.14	-39959.35	-1.25335	8.200	0.00
0.00	-30107.03	-39959.67	-1.25304	-30107.03	-39959.67	-1.25304	8.441	0.00
0.00	-30106.92	-39959.98	-1.25263	-30106.92	-39959.98	-1.25263	9.118	0.00
0.00	-30106.82	-39960.30	-1.25218	-30106.82	-39960.30	-1.25218	8.587	0.00
0.00	-30106.70	-39960.65	-1.25169	-30106.70	-39960.65	-1.25169	8.614	0.00
0.00	-30106.58	-39961.00	-1.25113	-30106.58	-39961.00	-1.25113	8.955	0.00
0.00	-30106.46	-39961.36	-1.25048	-30106.46	-39961.36	-1.25048	8.773	0.00
0.00	-30106.34	-39961.71	-1.24976	-30106.34	-39961.71	-1.24976	8.688	0.00
0.00	-30106.22	-39962.07	-1.24897	-30106.22	-39962.07	-1.24897	9.260	0.00
0.00	-30106.11	-39962.39	-1.24820	-30106.11	-39962.39	-1.24820	13.030	0.00
0.00	-30105.99	-39962.74	-1.24752	-30105.99	-39962.74	-1.24752	9.349	0.00
0.00	-30105.87	-39963.09	-1.24695	-30105.87	-39963.09	-1.24695	8.664	0.00
0.00	-30105.74	-39963.46	-1.24645	-30105.74	-39963.46	-1.24645	13.741	0.00
0.00	-30105.63	-39963.78	-1.24598	-30105.63	-39963.78	-1.24598	12.585	0.00
0.00	-30105.51	-39964.14	-1.24559	-30105.51	-39964.14	-1.24559	8.981	0.00
0.00	-30105.38	-39964.51	-1.24520	-30105.38	-39964.51	-1.24520	8.994	0.00
0.00	-30105.26	-39964.87	-1.24492	-30105.26	-39964.87	-1.24492	9.222	0.00
0.00	-30105.13	-39965.25	-1.24477	-30105.13	-39965.25	-1.24477	9.643	0.00
0.00	-30105.00	-39965.65	-1.24466	-30105.00	-39965.65	-1.24466	9.304	0.00
0.00	-30104.90	-39965.95	-1.24478	-30104.90	-39965.95	-1.24478	9.596	0.00
0.00	-30104.79	-39966.28	-1.24512	-30104.79	-39966.28	-1.24512	9.464	0.00
0.00	-30104.68	-39966.60	-1.24555	-30104.68	-39966.60	-1.24555	9.529	0.00
0.00	-30104.56	-39966.96	-1.24601	-30104.56	-39966.96	-1.24601	10.018	0.00
0.00	-30104.44	-39967.33	-1.24642	-30104.44	-39967.33	-1.24642	9.500	0.00
0.00	-30104.31	-39967.72	-1.24679	-30104.31	-39967.72	-1.24679	9.888	0.00
0.00	-30104.18	-39968.11	-1.24710	-30104.18	-39968.11	-1.24710	9.363	0.00
0.00	-30104.07	-39968.43	-1.24753	-30104.07	-39968.43	-1.24753	9.991	0.00
0.00	-30103.96	-39968.78	-1.24807	-30103.96	-39968.78	-1.24807	9.783	0.00
0.00	-30103.84	-39969.13	-1.24869	-30103.84	-39969.13	-1.24869	9.406	0.00
0.00	-30103.72	-39969.50	-1.24934	-30103.72	-39969.50	-1.24934	9.497	0.00
0.00	-30103.59	-39969.89	-1.24996	-30103.59	-39969.89	-1.24996	9.719	0.00
0.00	-30103.50	-39970.18	-1.25060	-30103.50	-39970.18	-1.25060	11.797	0.00
0.00	-30103.39	-39970.51	-1.25129	-30103.39	-39970.51	-1.25129	10.011	0.00
0.00	-30103.30	-39970.82	-1.25208	-30103.30	-39970.82	-1.25208	10.071	0.00
0.00	-30103.17	-39971.21	-1.25298	-30103.17	-39971.21	-1.25298	12.470	0.00
0.00	-30103.06	-39971.56	-1.25387	-30103.06	-39971.56	-1.25387	9.837	0.00
0.00	-30102.96	-39971.88	-1.25478	-30102.96	-39971.88	-1.25478	10.427	0.00
0.00	-30102.84	-39972.25	-1.25579	-30102.84	-39972.25	-1.25579	10.089	0.00
0.00	-30102.74	-39972.58	-1.25676	-30102.74	-39972.58	-1.25676	10.085	0.00
0.00	-30102.63	-39972.93	-1.25772	-30102.63	-39972.93	-1.25772	14.136	0.00
0.00	-30102.52	-39973.27	-1.25872	-30102.52	-39973.27	-1.25872	10.055	0.00
0.00	-30102.41	-39973.64	-1.25979	-30102.41	-39973.64	-1.25979	10.108	0.00
0.00	-30102.29	-39974.02	-1.26092	-30102.29	-39974.02	-1.26092	10.436	0.00
0.00	-30102.20	-39974.32	-1.26209	-30102.20	-39974.32	-1.26209	10.587	0.00
0.00	-30102.10	-39974.65	-1.26350	-30102.10	-39974.65	-1.26350	10.242	0.00
0.00	-30101.99	-39975.02	-1.26503	-30101.99	-39975.02	-1.26503	10.223	0.00
0.00	-30101.89	-39975.35	-1.26689	-30101.89	-39975.35	-1.26689	10.746	0.00
0.00	-30101.78	-39975.73	-1.26893	-30101.78	-39975.73	-1.26893	10.721	0.00
0.00	-30101.69	-39976.04	-1.27099	-30101.69	-39976.04	-1.27099	10.935	0.00
0.00	-30101.61	-39976.36	-1.27342	-30101.61	-39976.36	-1.27342	10.947	0.00
0.00	-30101.51	-39976.71	-1.27582	-30101.51	-39976.71	-1.27582	10.711	0.00
0.00	-30101.41	-39977.08	-1.27819	-30101.41	-39977.08	-1.27819	10.551	0.00
0.00	-30101.33	-39977.38	-1.28048	-30101.33	-39977.38	-1.28048	11.458	0.00
0.00	-30101.25	-39977.65	-1.28278	-30101.25	-39977.65	-1.28278	11.035	0.00
0.00	-30101.16	-39977.99	-1.28530	-30101.16	-39977.99	-1.28530	14.229	0.00
0.00	-30101.08	-39978.33	-1.28810	-30101.08	-39978.33	-1.28810	11.018	0.00
0.00	-30100.99	-39978.66	-1.29108	-30100.99	-39978.66	-1.29108	11.162	0.00
0.00	-30100.90	-39979.03	-1.29426	-30100.90	-39979.03	-1.29426	10.625	0.00
0.00	-30100.83	-39979.33	-1.29734	-30100.83	-39979.33	-1.29734	10.770	0.00
0.00	-30100.75	-39979.65	-1.30065	-30100.75	-39979.65	-1.30065	11.308	0.00
0.00	-30100.67	-39980.00	-1.30432	-30100.67	-39980.00	-1.30432	11.039	0.00
0.00	-30100.59	-39980.35	-1.30885	-30100.59	-39980.35	-1.30885	10.949	0.00
0.00	-30100.52	-39980.70	-1.31378	-30100.52	-39980.70	-1.31378	11.432	0.00
0.00	-30100.45	-39981.06	-1.31939	-30100.45	-39981.06	-1.31939	10.907	0.00
0.00	-30100.40	-39981.34	-1.32531	-30100.40	-39981.34	-1.32531	11.510	0.00
0.00	-30100.35	-39981.64	-1.33186	-30100.35	-39981.64	-1.33186	11.300	0.00
0.00	-30100.30	-39981.94	-1.33902	-30100.30	-39981.94	-1.33902	11.655	0.00
0.00	-30100.26	-39982.28	-1.34714	-30100.26	-39982.28	-1.34714	11.247	0.00
0.00	-30100.22	-39982.61	-1.35603	-30100.22	-39982.61	-1.35603	11.250	0.00
0.00	-30100.18	-39982.96	-1.36560	-30100.18	-39982.96	-1.36560	11.900	0.00
0.00	-30100.15	-39983.27	-1.37538	-30100.15	-39983.27	-1.37538	11.048	0.00
0.00	-30100.13	-39983.58	-1.38603	-30100.13	-39983.58	-1.38603	11.601	0.00
0.00	-30100.12	-39983.92	-1.39888	-30100.12	-39983.92	-1.39888	11.614	0.00
0.00	-30100.12	-39984.24	-1.41219	-30100.12	-39984.24	-1.41219	11.303	0.00
0.00	-30100.12	-39984.56	-1.42609	-30100.12	-39984.56	-1.42609	14.492	0.00
0.00	-30100.13	-39984.89	-1.44075	-30100.13	-39984.89	-1.44075	12.110	0.00
0.00	-30100.15	-39985.20	-1.45580	-30100.15	-39985.20	-1.45580	12.100	0.00
0.00	-30100.17	-39985.51	-1.47145	-30100.17	-39985.51	-1.47145	11.943	0.00
0.00	-30100.20	-39985.84	-1.48793	-30100.20	-39985.84	-1.48793	11.755	0.00
0.00	-30100.24	-39986.14	-1.50487	-30100.24	-39986.14	-1.50487	12.106	0.00
0.00	-30100.29	-39986.47	-1.52257	-30100.29	-39986.47	-1.52257	11.658	0.00
0.00	-30100.34	-39986.81	-1.54065	-30100.34	-39986.81	-1.54065	12.121	0.00
0.00	-30100.40	-39987.11	-1.55824	-30100.40	-39987.11	-1.55824	12.505	0.00
0.00	-30100.47	-39987.42	-1.57672	-30100.47	-39987.42	-1.57672	12.100	0.00
0.00	-30100.55	-39987.78	-1.59888	-30100.55	-39987.78	-1.59888	12.501	0.00
0.00	-30100.64	-39988.09	-1.62084	-30100.64	-39988.09	-1.62084	12.302	0.00
0.00	-30100.74	-39988.34	-1.64237	-30100.74	-39988.34	-1.64237	11.941	0.00
0.00	-30100.85	-39988.66	-1.66501	-30100.85	-39988.66	-1.66501	12.020	0.00
0.00	-30100.97	-39989.01	-1.68885	-30100.97	-39989.01	-1.68885	14.561	0.00
0.00	-30101.08	-39989.23	-1.71150	-30101.08	-39989.23	-1.71150	12.214	0.00
0.00	-30101.21	-39989.48	-1.73423	-30101.21	-39989.48	-1.73423	12.442	0.00
0.00	-30101.34	-39989.75	-1.75746	-30101.34	-39989.75	-1.75746	12.864	0.00
0.00	-30101.49	-39990.04	-1.78131	-30101.49	-39990.04	-1.78131	12.613	0.00
0.00	-30101.64	-39990.34	-1.80558	-30101.64	-39990.34	-1.80558	12.242	0.00
0.00	-30101.80	-39990.63	-1.82932	-30101.80	-39990.63	-1.82932	12.873	0.00
0.00	-30101.97	-39990.88	-1.85377	-30101.97	-39990.88	-1.85377	12.424	0.00
0.00	-30102.16	-39991.18	-1.87982	-30102.16	-39991.18	-1.87982	12.447	0.00
0.00	-30102.36	-39991.45	-1.90910	-30102.36	-39991.45	-1.90910	13.089	0.00
0.00	-30102.57	-39991.73	-1.93860	-30102.57	-39991.73	-1.93860	13.417	0.00
0.00	-30102.78	-39991.95	-1.96722	-30102.78	-39991.95	-1.96722	13.125	0.00
0.00	-30102.98	-39992.15	-1.99525	-30102.98	-39992.15	-1.99525	13.746	0.00
0.00	-30103.19	-39992.37	-2.02351	-30103.19	-39992.37	-2.02351	13.498	0.00
0.00	-30103.42	-39992.59	-2.05185	-30103.42	-39992.59	-2.05185	13.219	0.00
0.00	-30103.69	-39992.87	-2.08149	-30103.69	-39992.87	-2.08149	12.929	0.00
0.00	-30103.95	-39993.11	-2.11070	-30103.95	-39993.11	-2.11070	13.042	0.00
0.00	-30104.18	-39993.28	-2.13719	-30104.18	-39993.28	-2.13719	12.586	0.00
0.00	-30104.42	-39993.48	-2.16420	-30104.42	-39993.48	-2.16420	13.703	0.00
0.00	-30104.69	-39993.68	-2.19172	-30104.69	-39993.68	-2.19172	13.210	0.00
0.00	-30104.97	-39993.88	-2.22250	-30104.97	-39993.88	-2.22250	13.235	0.00
0.00	-30105.26	-39994.07	-2.25260	-30105.26	-39994.07	-2.25260	13.268	0.00
0.00	-30105.55	-39994.25	-2.28215	-30105.55	-39994.25	-2.28215	12.739	0.00
0.00	-30105.86	-39994.43	-2.31117	-30105.86	-39994.43	-2.31117	13.477	0.00
0.00	-30106.16	-39994.59	-2.33947	-30106.16	-39994.59	-2.33947	14.256	0.00
0.00	-30106.51	-39994.80	-2.36826	-30106.51	-39994.80	-2.36826	13.383	0.00
0.00	-30106.81	-39994.95	-2.39579	-30106.81	-39994.95	-2.39579	13.345	0.00
0.00	-30107.10	-39995.07	-2.42202	-30107.10	-39995.07	-2.42202	12.908	0.00
0.00	-30107.46	-39995.25	-2.44795	-30107.46	-39995.25	-2.44795	12.678	0.00
0.00	-30107.77	-39995.40	-2.47165	-30107.77	-39995.40	-2.47165	13.754	0.00
0.00	-30108.05	-39995.50	-2.49432	-30108.05	-39995.50	-2.49432	13.383	0.00
0.00	-30108.34	-39995.62	-2.51648	-30108.34	-39995.62	-2.51648	13.638	0.00
0.00	-30108.67	-39995.74	-2.54018	-30108.67	-39995.74	-2.54018	13.507	0.00
0.00	-30109.00	-39995.86	-2.56239	-30109.00	-39995.86	-2.56239	13.783	0.00
0.00	-30109.31	-39995.97	-2.58324	-30109.31	-39995.97	-2.58324	13.712	0.00
0.00	-30109.66	-39996.10	-2.60338	-30109.66	-39996.10	-2.60338	13.342	0.00
0.00	-30109.95	-39996.19	-2.62196	-30109.95	-39996.19	-2.62196	14.003	0.00
0.00	-30110.25	-39996.28	-2.63928	-30110.25	-39996.28	-2.63928	13.707	0.00
0.00	-30110.60	-39996.40	-2.65579	-30110.60	-39996.40	-2.65579	13.714	0.00
0.00	-30110.91	-39996.50	-2.67044	-30110.91	-39996.50	-2.67044	13.779	0.00
0.00	-30111.22	-39996.60	-2.68466	-30111.22	-39996.60	-2.68466	13.937	0.00
0.00	-30111.54	-39996.70	-2.69831	-30111.54	-39996.70	-2.69831	13.583	0.00
0.00	-30111.87	-39996.80	-2.71135	-30111.87	-39996.80	-2.71135	13.726	0.00
0.00	-30112.22	-39996.90	-2.72501	-30112.22	-39996.90	-2.72501	13.746	0.00
0.00	-30112.55	-39997.00	-2.73645	-30112.55	-39997.00	-2.73645	14.354	0.00
0.00	-30112.97	-39997.12	-2.74878	-30112.97	-39997.12	-2.74878	13.591	0.00
0.00	-30113.29	-39997.21	-2.75994	-30113.29	-39997.21	-2.75994	14.158	0.00
0.00	-30113.61	-39997.29	-2.77032	-30113.61	-39997.29	-2.77032	13.700	0.00
0.00	-30113.94	-39997.38	-2.78001	-30113.94	-39997.38	-2.78001	14.203	0.00
0.00	-30114.33	-39997.49	-2.78901	-30114.33	-39997.49	-2.78901	14.225	0.00
0.00	-30114.63	-39997.57	-2.79669	-30114.63	-39997.57	-2.79669	13.885	0.00
0.00	-30115.03	-39997.68	-2.80425	-30115.03	-39997.68	-2.80425	14.587	0.00
0.00	-30115.37	-39997.77	-2.81055	-30115.37	-39997.77	-2.81055	13.998	0.00
0.00	-30115.73	-39997.87	-2.81627	-30115.73	-39997.87	-2.81627	14.671	0.00
0.00	-30116.09	-39997.97	-2.82148	-30116.09	-39997.97	-2.82148	14.364	0.00
0.00	-30116.54	-39998.10	-2.82678	-30116.54	-39998.10	-2.82678	14.875	0.00
0.00	-30116.87	-39998.18	-2.83144	-30116.87	-39998.18	-2.83144	14.482	0.00
0.00	-30117.19	-39998.27	-2.83560	-30117.19	-39998.27	-2.83560	14.612	0.00
0.00	-30117.54	-39998.36	-2.83919	-30117.54	-39998.36	-2.83919	14.610	0.00
0.00	-30117.88	-39998.46	-2.84218	-30117.88	-39998.46	-2.84218	14.699	0.00
0.00	-30118.25	-39998.56	-2.84451	-30118.25	-39998.56	-2.84451	14.892	0.00
0.00	-30118.60	-39998.66	-2.84624	-30118.60	-39998.66	-2.84624	14.796	0.00
0.00	-30118.99	-39998.77	-2.84749	-30118.99	-39998.77	-2.84749	15.092	0.00
0.00	-30119.32	-39998.87	-2.84831	-30119.32	-39998.87	-2.84831	14.886	0.00
0.00	-30119.69	-39998.98	-2.84891	-30119.69	-39998.98	-2.84891	15.443	0.00
0.00	-30120.10	-39999.10	-2.84931	-30120.10	-39999.10	-2.84931	15.671	0.00
0.00	-30120.40	-39999.19	-2.84962	-30120.40	-39999.19	-2.84962	15.296	0.00
0.00	-30120.73	-39999.29	-2.84987	-30120.73	-39999.29	-2.84987	14.749	0.00
0.00	-30121.07	-39999.39	-2.84990	-30121.07	-39999.39	-2.84990	15.784	0.00
0.00	-30121.42	-39999.50	-2.84968	-30121.42	-39999.50	-2.84968	15.440	0.00
0.00	-30121.76	-39999.60	-2.84926	-30121.76	-39999.60	-2.84926	14.976	0.00
0.00	-30122.11	-39999.71	-2.84872	-30122.11	-39999.71	-2.84872	15.198	0.00
0.00	-30122.46	-39999.82	-2.84813	-30122.46	-39999.82	-2.84813	15.350	0.00
0.00	-30122.82	-39999.93	-2.84750	-30122.82	-39999.93	-2.84750	14.940	0.00
0.00	-30123.22	-40000.05	-2.84686	-30123.22	-40000.05	-2.84686	15.917	0.00
0.00	-30123.64	-40000.18	-2.84620	-30123.64	-40000.18	-2.84620	15.214	0.00
0.00	-30123.94	-40000.28	-2.84560	-30123.94	-40000.28	-2.84560	15.699	0.00
0.00	-30124.28	-40000.38	-2.84501	-30124.28	-40000.38	-2.84501	15.685	0.00
0.00	-30124.64	-40000.49	-2.84446	-30124.64	-40000.49	-2.84446	15.879	0.00
0.00	-30125.00	-40000.61	-2.84392	-30125.00	-40000.61	-2.84392	15.554	0.00
0.00	-30125.36	-40000.72	-2.84337	-30125.36	-40000.72	-2.84337	15.885	0.00
0.00	-30125.73	-40000.84	-2.84281	-30125.73	-40000.84	-2.84281	16.170	0.00
0.00	-30126.09	-40000.95	-2.84221	-30126.09	-40000.95	-2.84221	16.401	0.00
0.00	-30126.47	-40001.07	-2.84163	-30126.47	-40001.07	-2.84163	16.888	0.00
0.00	-30126.90	-40001.20	-2.84109	-30126.90	-40001.20	-2.84109	16.877	0.00
0.00	-30127.32	-40001.34	-2.84062	-30127.32	-40001.34	-2.84062	15.611	0.00
0.00	-30127.64	-40001.44	-2.84031	-30127.64	-40001.44	-2.84031	15.554	0.00
0.00	-30128.00	-40001.55	-2.84016	-30128.00	-40001.55	-2.84016	15.521	0.00
0.00	-30128.38	-40001.67	-2.84004	-30128.38	-40001.67	-2.84004	16.123	0.00
0.00	-30128.77	-40001.79	-2.83993	-30128.77	-40001.79	-2.83993	15.825	0.00
0.00	-30129.15	-40001.91	-2.83981	-30129.15	-40001.91	-2.83981	16.042	0.00
0.00	-30129.53	-40002.03	-2.83972	-30129.53	-40002.03	-2.83972	16.186	0.00
0.00	-30129.91	-40002.15	-2.83970	-30129.91	-40002.15	-2.83970	16.376	0.00
0.00	-30130.30	-40002.27	-2.83974	-30130.30	-40002.27	-2.83974	16.072	0.00
0.00	-30130.76	-40002.41	-2.83986	-30130.76	-40002.41	-2.83986	16.771	0.00
0.00	-30131.18	-40002.54	-2.83991	-30131.18	-40002.54	-2.83991	16.425	0.00
0.00	-30131.51	-40002.64	-2.83997	-30131.51	-40002.64	-2.83997	16.020	0.00
0.00	-30131.86	-40002.75	-2.84001	-30131.86	-40002.75	-2.84001	16.207	0.00
0.00	-30132.23	-40002.87	-2.84000	-30132.23	-40002.87	-2.84000	16.067	0.00
0.00	-30132.63	-40002.99	-2.83993	-30132.63	-40002.99	-2.83993	16.360	0.00
0.00	-30133.02	-40003.12	-2.83983	-30133.02	-40003.12	-2.83983	16.117	0.00
0.00	-30133.40	-40003.23	-2.83974	-30133.40	-40003.23	-2.83974	16.541	0.00
0.00	-30133.78	-40003.35	-2.83963	-30133.78	-40003.35	-2.83963	16.348	0.00
0.00	-30134.16	-40003.47	-2.83943	-30134.16	-40003.47	-2.83943	16.426	0.00
0.00	-30134.59	-40003.61	-2.83913	-30134.59	-40003.61	-2.83913	16.865	0.00
0.00	-30134.98	-40003.73	-2.83872	-30134.98	-40003.73	-2.83872	16.642	0.00
0.00	-30135.30	-40003.83	-2.83827	-30135.30	-40003.83	-2.83827	15.876	0.00
0.00	-30137.25	-40004.44	-2.83819	-30137.25	-40004.44	-2.83819	15.998	0.00
0.00	-30137.39	-40004.49	-2.83819	-30137.39	-40004.49	-2.83819	15.985	0.00
0.00	-30137.54	-40004.53	-2.83819	-30137.54	-40004.53	-2.83819	16.468	0.00
0.00	-30136.24	-40004.13	-2.83798	-30136.24	-40004.13	-2.83798	16.641	0.00
0.00	-30136.35	-40004.16	-2.83774	-30136.35	-40004.16	-2.83774	17.174	0.00
0.00	-30136.65	-40004.26	-2.83720	-30136.65	-40004.26	-2.83720	16.878	0.00
0.00	-30137.15	-40004.42	-2.83583	-30137.15	-40004.42	-2.83583	17.362	0.00
0.00	-30138.00	-40004.70	-2.83362	-30138.00	-40004.70	-2.83362	17.348	0.00
0.00	-30138.61	-40004.90	-2.83199	-30138.61	-40004.90	-2.83199	17.019	0.00
0.00	-30139.01	-40005.03	-2.83095	-30139.01	-40005.03	-2.83095	17.400	0.00
0.00	-30139.37	-40005.15	-2.83018	-30139.37	-40005.15	-2.83018	17.054	0.00
0.00	-30139.77	-40005.28	-2.82954	-30139.77	-40005.28	-2.82954	16.856	0.00
0.00	-30140.08	-40005.38	-2.82905	-30140.08	-40005.38	-2.82905	17.040	0.00
0.00	-30140.49	-40005.52	-2.82863	-30140.49	-40005.52	-2.82863	16.742	0.00
0.00	-30140.82	-40005.63	-2.82824	-30140.82	-40005.63	-2.82824	16.950	0.00
0.00	-30141.18	-40005.75	-2.82786	-30141.18	-40005.75	-2.82786	17.556	0.00
0.00	-30141.54	-40005.86	-2.82753	-30141.54	-40005.86	-2.82753	17.389	0.00
0.00	-30141.92	-40005.99	-2.82739	-30141.92	-40005.99	-2.82739	17.515	0.00
0.00	-30142.29	-40006.11	-2.82739	-30142.29	-40006.11	-2.82739	17.440	0.00
0.00	-30142.65	-40006.22	-2.82739	-30142.65	-40006.22	-2.82739	17.307	0.00
0.00	-30143.02	-40006.34	-2.82739	-30143.02	-40006.34	-2.82739	17.187	0.00
0.00	-30143.39	-40006.46	-2.82739	-30143.39	-40006.46	-2.82739	17.785	0.00
0.00	-30143.76	-40006.59	-2.82739	-30143.76	-40006.59	-2.82739	17.867	0.00
0.00	-30144.18	-40006.72	-2.82739	-30144.18	-40006.72	-2.82739	18.401	0.00
0.00	-30144.55	-40006.84	-2.82739	-30144.55	-40006.84	-2.82739	16.780	0.00
0.00	-30144.93	-40006.97	-2.82739	-30144.93	-40006.97	-2.82739	23.131	0.00
0.00	-30145.31	-40007.09	-2.82739	-30145.31	-40007.09	-2.82739	17.581	0.00
0.00	-30145.69	-40007.21	-2.82739	-30145.69	-40007.21	-2.82739	17.837	0.00
0.00	-30146.08	-40007.34	-2.82739	-30146.08	-40007.34	-2.82739	17.466	0.00
0.00	-30146.46	-40007.46	-2.82739	-30146.46	-40007.46	-2.82739	17.202	0.00
0.00	-30146.85	-40007.59	-2.82739	-30146.85	-40007.59	-2.82739	17.565	0.00
0.00	-30147.24	-40007.72	-2.82739	-30147.24	-40007.72	-2.82739	18.229	0.00
0.00	-30147.67	-40007.86	-2.82739	-30147.67	-40007.86	-2.82739	19.440	0.00
0.00	-30148.06	-40007.98	-2.82739	-30148.06	-40007.98	-2.82739	17.872	0.00
0.00	-30148.41	-40008.10	-2.82739	-30148.41	-40008.10	-2.82739	18.183	0.00
0.00	-30148.86	-40008.24	-2.82739	-30148.86	-40008.24	-2.82739	18.326	0.00
0.00	-30149.23	-40008.36	-2.82739	-30149.23	-40008.36	-2.82739	17.969	0.00
0.00	-30149.61	-40008.49	-2.82739	-30149.61	-40008.49	-2.82739	17.658	0.00
0.00	-30149.99	-40008.61	-2.82739	-30149.99	-40008.61	-2.82739	17.906	0.00
0.00	-30150.38	-40008.74	-2.82739	-30150.38	-40008.74	-2.82739	17.843	0.00
0.00	-30150.77	-40008.86	-2.82739	-30150.77	-40008.86	-2.82739	17.578	0.00
0.00	-30151.15	-40008.99	-2.82739	-30151.15	-40008.99	-2.82739	17.565	0.00
0.00	-30151.54	-40009.11	-2.82739	-30151.54	-40009.11	-2.82739	17.564	0.00
0.00	-30151.92	-40009.24	-2.82739	-30151.92	-40009.24	-2.82739	18.299	0.00
0.00	-30152.31	-40009.36	-2.82739	-30152.31	-40009.36	-2.82739	18.219	0.00
0.00	-30152.69	-40009.49	-2.82739	-30152.69	-40009.49	-2.82739	18.263	0.00
0.00	-30153.07	-40009.61	-2.82739	-30153.07	-40009.61	-2.82739	17.416	0.00
0.00	-30153.48	-40009.75	-2.82739	-30153.48	-40009.75	-2.82739	17.984	0.00
0.00	-30153.86	-40009.87	-2.82739	-30153.86	-40009.87	-2.82739	17.953	0.00
0.00	-30154.24	-40009.99	-2.82739	-30154.24	-40009.99	-2.82739	17.649	0.00
0.00	-30154.63	-40010.12	-2.82739	-30154.63	-40010.12	-2.82739	17.511	0.00
0.00	-30155.01	-40010.24	-2.82739	-30155.01	-40010.24	-2.82739	18.926	0.00
0.00	-30155.39	-40010.36	-2.82739	-30155.39	-40010.36	-2.82739	17.881	0.00
0.00	-30155.77	-40010.49	-2.82739	-30155.77	-40010.49	-2.82739	18.830	0.00
0.00	-30156.15	-40010.61	-2.82739	-30156.15	-40010.61	-2.82739	18.800	0.00
0.00	-30156.53	-40010.74	-2.82739	-30156.53	-40010.74	-2.82739	18.839	0.00
0.00	-30156.91	-40010.86	-2.82739	-30156.91	-40010.86	-2.82739	18.006	0.00
0.00	-30157.34	-40011.00	-2.82739	-30157.34	-40011.00	-2.82739	17.854	0.00
0.00	-30157.69	-40011.11	-2.82739	-30157.69	-40011.11	-2.82739	18.315	0.00
0.00	-30158.11	-40011.25	-2.82739	-30158.11	-40011.25	-2.82739	18.502	0.00
0.00	-30158.51	-40011.38	-2.82739	-30158.51	-40011.38	-2.82739	18.351	0.00
0.00	-30158.90	-40011.51	-2.82739	-30158.90	-40011.51	-2.82739	18.785	0.00
0.00	-30159.29	-40011.63	-2.82739	-30159.29	-40011.63	-2.82739	18.781	0.00
0.00	-30159.69	-40011.76	-2.82739	-30159.69	-40011.76	-2.82739	19.683	0.00
0.00	-30160.09	-40011.89	-2.82739	-30160.09	-40011.89	-2.82739	18.579	0.00
0.00	-30160.49	-40012.02	-2.82739	-30160.49	-40012.02	-2.82739	18.338	0.00
0.00	-30160.89	-40012.15	-2.82739	-30160.89	-40012.15	-2.82739	18.318	0.00
0.00	-30161.33	-40012.30	-2.82739	-30161.33	-40012.30	-2.82739	19.000	0.00
0.00	-30161.69	-40012.41	-2.82739	-30161.69	-40012.41	-2.82739	19.260	0.00
0.00	-30162.09	-40012.54	-2.82739	-30162.09	-40012.54	-2.82739	19.451	0.00
0.00	-30162.49	-40012.67	-2.82739	-30162.49	-40012.67	-2.82739	18.560	0.00
0.00	-30162.93	-40012.82	-2.82739	-30162.93	-40012.82	-2.82739	18.853	0.00
0.00	-30163.33	-40012.95	-2.82739	-30163.33	-40012.95	-2.82739	18.987	0.00
0.00	-30163.73	-40013.07	-2.82739	-30163.73	-40013.07	-2.82739	19.265	0.00
0.00	-30164.12	-40013.20	-2.82739	-30164.12	-40013.20	-2.82739	19.301	0.00
0.00	-30164.52	-40013.33	-2.82739	-30164.52	-40013.33	-2.82739	18.577	0.00
0.00	-30164.91	-40013.46	-2.82739	-30164.91	-40013.46	-2.82739	18.837	0.00
0.00	-30165.31	-40013.59	-2.82739	-30165.31	-40013.59	-2.82739	19.181	0.00
0.00	-30165.74	-40013.73	-2.82739	-30165.74	-40013.73	-2.82739	19.584	0.00
0.00	-30166.13	-40013.85	-2.82739	-30166.13	-40013.85	-2.82739	19.568	0.00
0.00	-30166.48	-40013.97	-2.82739	-30166.48	-40013.97	-2.82739	21.912	0.00
0.00	-30166.90	-40014.11	-2.82739	-30166.90	-40014.11	-2.82739	19.608	0.00
0.00	-30167.29	-40014.23	-2.82739	-30167.29	-40014.23	-2.82739	19.406	0.00
0.00	-30167.67	-40014.36	-2.82739	-30167.67	-40014.36	-2.82739	19.873	0.00
0.00	-30168.06	-40014.48	-2.82739	-30168.06	-40014.48	-2.82739	19.879	0.00
0.00	-30168.44	-40014.61	-2.82739	-30168.44	-40014.61	-2.82739	19.826	0.00
0.00	-30168.83	-40014.73	-2.82739	-30168.83	-40014.73	-2.82739	19.294	0.00
0.00	-30169.21	-40014.85	-2.82739	-30169.21	-40014.85	-2.82739	19.999	0.00
0.00	-30169.59	-40014.98	-2.82739	-30169.59	-40014.98	-2.82739	20.204	0.00
0.00	-30169.96	-40015.10	-2.82739	-30169.96	-40015.10	-2.82739	19.698	0.00
0.00	-30170.34	-40015.22	-2.82739	-30170.34	-40015.22	-2.82739	19.949	0.00
0.00	-30170.75	-40015.36	-2.82739	-30170.75	-40015.36	-2.82739	20.675	0.00
0.00	-30171.13	-40015.48	-2.82739	-30171.13	-40015.48	-2.82739	20.098	0.00
0.00	-30171.50	-40015.60	-2.82739	-30171.50	-40015.60	-2.82739	20.279	0.00
0.00	-30171.87	-40015.72	-2.82739	-30171.87	-40015.72	-2.82739	20.943	0.00
0.00	-30172.23	-40015.84	-2.82739	-30172.23	-40015.84	-2.82739	20.911	0.00
0.00	-30172.60	-40015.96	-2.82739	-30172.60	-40015.96	-2.82739	20.291	0.00
0.00	-30172.96	-40016.08	-2.82739	-30172.96	-40016.08	-2.82739	20.730	0.00
0.00	-30173.33	-40016.19	-2.82739	-30173.33	-40016.19	-2.82739	20.418	0.00
0.00	-30173.69	-40016.31	-2.82739	-30173.69	-40016.31	-2.82739	20.453	0.00
0.00	-30174.06	-40016.43	-2.82739	-30174.06	-40016.43	-2.82739	20.482	0.00
0.00	-30174.42	-40016.55	-2.82739	-30174.42	-40016.55	-2.82739	20.525	0.00
0.00	-30174.81	-40016.68	-2.82739	-30174.81	-40016.68	-2.82739	21.560	0.00
0.00	-30175.17	-40016.79	-2.82739	-30175.17	-40016.79	-2.82739	19.847	0.00
0.00	-30175.53	-40016.91	-2.82739	-30175.53	-40016.91	-2.82739	20.564	0.00
0.00	-30175.90	-40017.03	-2.82739	-30175.90	-40017.03	-2.82739	19.895	0.00
0.00	-30176.26	-40017.15	-2.82739	-30176.26	-40017.15	-2.82739	20.235	0.00
0.00	-30176.62	-40017.27	-2.82739	-30176.62	-40017.27	-2.82739	24.953	0.00
0.00	-30176.99	-40017.38	-2.82739	-30176.99	-40017.38	-2.82739	20.636	0.00
0.00	-30177.36	-40017.50	-2.82739	-30177.36	-40017.50	-2.82739	20.808	0.00
0.00	-30177.73	-40017.62	-2.82739	-30177.73	-40017.62	-2.82739	20.437	0.00
0.00	-30178.10	-40017.75	-2.82739	-30178.10	-40017.75	-2.82739	20.556	0.00
0.00	-30178.47	-40017.87	-2.82739	-30178.47	-40017.87	-2.82739	20.094	0.00
0.00	-30178.88	-40018.00	-2.82739	-30178.88	-40018.00	-2.82739	20.418	0.00
0.00	-30179.26	-40018.12	-2.82739	-30179.26	-40018.12	-2.82739	20.040	0.00
0.00	-30179.63	-40018.24	-2.82739	-30179.63	-40018.24	-2.82739	20.912	0.00
0.00	-30180.00	-40018.36	-2.82739	-30180.00	-40018.36	-2.82739	21.737	0.00
0.00	-30180.37	-40018.48	-2.82739	-30180.37	-40018.48	-2.82739	20.216	0.00
0.00	-30180.74	-40018.60	-2.82739	-30180.74	-40018.60	-2.82739	20.900	0.00
0.00	-30181.14	-40018.73	-2.82739	-30181.14	-40018.73	-2.82739	27.976	0.00
0.00	-30181.49	-40018.85	-2.82739	-30181.49	-40018.85	-2.82739	21.107	0.00
0.00	-30181.87	-40018.97	-2.82739	-30181.87	-40018.97	-2.82739	21.044	0.00
0.00	-30182.24	-40019.09	-2.82739	-30182.24	-40019.09	-2.82739	20.854	0.00
0.00	-30182.61	-40019.21	-2.82739	-30182.61	-40019.21	-2.82739	21.453	0.00
0.00	-30182.98	-40019.33	-2.82739	-30182.98	-40019.33	-2.82739	20.907	0.00
0.00	-30183.39	-40019.47	-2.82739	-30183.39	-40019.47	-2.82739	26.448	0.00
0.00	-30183.77	-40019.59	-2.82739	-30183.77	-40019.59	-2.82739	23.822	0.00
0.00	-30184.15	-40019.71	-2.82739	-30184.15	-40019.71	-2.82739	25.957	0.00
0.00	-30184.52	-40019.83	-2.82739	-30184.52	-40019.83	-2.82739	21.531	0.00
0.00	-30184.89	-40019.95	-2.82739	-30184.89	-40019.95	-2.82739	21.725	0.00
0.00	-30185.26	-40020.07	-2.82739	-30185.26	-40020.07	-2.82739	21.744	0.00
0.00	-30185.64	-40020.20	-2.82739	-30185.64	-40020.20	-2.82739	19.935	0.00
0.00	-30186.01	-40020.32	-2.82739	-30186.01	-40020.32	-2.82739	21.497	0.00
0.00	-30186.39	-40020.44	-2.82739	-30186.39	-40020.44	-2.82739	20.460	0.00
0.00	-30186.77	-40020.56	-2.82739	-30186.77	-40020.56	-2.82739	21.241	0.00
0.00	-30187.14	-40020.68	-2.82739	-30187.14	-40020.68	-2.82739	20.907	0.00
0.00	-30187.55	-40020.82	-2.82739	-30187.55	-40020.82	-2.82739	20.727	0.00
0.00	-30187.92	-40020.94	-2.82739	-30187.92	-40020.94	-2.82739	23.307	0.00
0.00	-30188.29	-40021.06	-2.82739	-30188.29	-40021.06	-2.82739	21.599	0.00
0.00	-30188.67	-40021.18	-2.82739	-30188.67	-40021.18	-2.82739	20.952	0.00
0.00	-30189.03	-40021.30	-2.82739	-30189.03	-40021.30	-2.82739	21.298	0.00
0.00	-30189.40	-40021.42	-2.82739	-30189.40	-40021.42	-2.82739	23.020	0.00
0.00	-30189.77	-40021.54	-2.82739	-30189.77	-40021.54	-2.82739	21.760	0.00
0.00	-30190.14	-40021.66	-2.82739	-30190.14	-40021.66	-2.82739	22.501	0.00
0.00	-30190.50	-40021.78	-2.82739	-30190.50	-40021.78	-2.82739	21.423	0.00
0.00	-30190.87	-40021.89	-2.82739	-30190.87	-40021.89	-2.82739	21.955	0.00
0.00	-30191.23	-40022.01	-2.82739	-30191.23	-40022.01	-2.82739	22.299	0.00
0.00	-30191.63	-40022.14	-2.82739	-30191.63	-40022.14	-2.82739	22.505	0.00
0.00	-30192.00	-40022.26	-2.82739	-30192.00	-40022.26	-2.82739	23.676	0.00
0.00	-30192.36	-40022.38	-2.82739	-30192.36	-40022.38	-2.82739	22.823	0.00
0.00	-30192.72	-40022.50	-2.82739	-30192.72	-40022.50	-2.82739	21.957	0.00
0.00	-30193.08	-40022.61	-2.82739	-30193.08	-40022.61	-2.82739	22.922	0.00
0.00	-30193.45	-40022.73	-2.82739	-30193.45	-40022.73	-2.82739	22.442	0.00
0.00	-30193.81	-40022.85	-2.82739	-30193.81	-40022.85	-2.82739	22.277	0.00
0.00	-30194.18	-40022.97	-2.82739	-30194.18	-40022.97	-2.82739	21.979	0.00
0.00	-30194.54	-40023.09	-2.82739	-30194.54	-40023.09	-2.82739	21.915	0.00
0.00	-30194.90	-40023.20	-2.82739	-30194.90	-40023.20	-2.82739	21.834	0.00
0.00	-30195.27	-40023.32	-2.82739	-30195.27	-40023.32	-2.82739	21.850	0.00
0.00	-30195.63	-40023.44	-2.82739	-30195.63	-40023.44	-2.82739	22.625	0.00
0.00	-30196.04	-40023.58	-2.82739	-30196.04	-40023.58	-2.82739	22.754	0.00
0.00	-30196.37	-40023.68	-2.82739	-30196.37	-40023.68	-2.82739	21.773	0.00
0.00	-30196.77	-40023.81	-2.82739	-30196.77	-40023.81	-2.82739	22.960	0.00
0.00	-30197.15	-40023.94	-2.82739	-30197.15	-40023.94	-2.82739	22.075	0.00
0.00	-30197.53	-40024.06	-2.82739	-30197.53	-40024.06	-2.82739	23.027	0.00
0.00	-30197.90	-40024.18	-2.82739	-30197.90	-40024.18	-2.82739	22.060	0.00
0.00	-30198.27	-40024.30	-2.82739	-30198.27	-40024.30	-2.82739	22.193	0.00
0.00	-30198.63	-40024.42	-2.82739	-30198.63	-40024.42	-2.82739	22.302	0.00
0.00	-30199.00	-40024.54	-2.82739	-30199.00	-40024.54	-2.82739	22.259	0.00
0.00	-30199.37	-40024.66	-2.82739	-30199.37	-40024.66	-2.82739	22.629	0.00
0.00	-30199.73	-40024.77	-2.82739	-30199.73	-40024.77	-2.82739	23.222	0.00
0.00	-30200.10	-40024.89	-2.82739	-30200.10	-40024.89	-2.82739	22.083	0.00
0.00	-30200.43	-40025.00	-2.82739	-30200.43	-40025.00	-2.82739	22.369	0.00
0.00	-30200.83	-40025.13	-2.82739	-30200.83	-40025.13	-2.82739	22.614	0.00
0.00	-30201.19	-40025.25	-2.82739	-30201.19	-40025.25	-2.82739	22.676	0.00
0.00	-30201.55	-40025.36	-2.82739	-30201.55	-40025.36	-2.82739	22.846	0.00
0.00	-30201.91	-40025.48	-2.82739	-30201.91	-40025.48	-2.82739	22.819	0.00
0.00	-30202.27	-40025.60	-2.82739	-30202.27	-40025.60	-2.82739	22.840	0.00
0.00	-30202.63	-40025.72	-2.82739	-30202.63	-40025.72	-2.82739	23.021	0.00
0.00	-30202.99	-40025.83	-2.82739	-30202.99	-40025.83	-2.82739	23.170	0.00
0.00	-30203.36	-40025.95	-2.82739	-30203.36	-40025.95	-2.82739	22.316	0.00
0.00	-30203.81	-40026.10	-2.82739	-30203.81	-40026.10	-2.82739	23.952	0.00
0.00	-30204.08	-40026.19	-2.82739	-30204.08	-40026.19	-2.82739	22.955	0.00
0.00	-30204.44	-40026.30	-2.82739	-30204.44	-40026.30	-2.82739	23.986	0.00
0.00	-30204.84	-40026.43	-2.82739	-30204.84	-40026.43	-2.82739	23.344	0.00
0.00	-30205.20	-40026.55	-2.82739	-30205.20	-40026.55	-2.82739	23.889	0.00
0.00	-30205.57	-40026.67	-2.82739	-30205.57	-40026.67	-2.82739	23.710	0.00
0.00	-30205.94	-40026.79	-2.82739	-30205.94	-40026.79	-2.82739	23.269	0.00
0.00	-30206.31	-40026.91	-2.82739	-30206.31	-40026.91	-2.82739	23.379	0.00
0.00	-30206.68	-40027.03	-2.82739	-30206.68	-40027.03	-2.82739	23.215	0.00
0.00	-30207.06	-40027.15	-2.82739	-30207.06	-40027.15	-2.82739	23.523	0.00
0.00	-30207.47	-40027.29	-2.82739	-30207.47	-40027.29	-2.82739	23.189	0.00
0.00	-30207.81	-40027.40	-2.82739	-30207.81	-40027.40	-2.82739	23.597	0.00
0.00	-30208.19	-40027.52	-2.82739	-30208.19	-40027.52	-2.82739	23.538	0.00
0.00	-30208.56	-40027.64	-2.82739	-30208.56	-40027.64	-2.82739	23.354	0.00
0.00	-30208.94	-40027.77	-2.82739	-30208.94	-40027.77	-2.82739	23.961	0.00
0.00	-30209.36	-40027.90	-2.82739	-30209.36	-40027.90	-2.82739	23.757	0.00
0.00	-30209.73	-40028.02	-2.82739	-30209.73	-40028.02	-2.82739	31.781	0.00
0.00	-30210.10	-40028.14	-2.82739	-30210.10	-40028.14	-2.82739	23.011	0.00
0.00	-30210.48	-40028.27	-2.82739	-30210.48	-40028.27	-2.82739	24.092	0.00
0.00	-30210.85	-40028.39	-2.82739	-30210.85	-40028.39	-2.82739	23.337	0.00
0.00	-30211.27	-40028.52	-2.82739	-30211.27	-40028.52	-2.82739	23.057	0.00
0.00	-30211.60	-40028.63	-2.82739	-30211.60	-40028.63	-2.82739	27.902	0.00
0.00	-30211.97	-40028.75	-2.82739	-30211.97	-40028.75	-2.82739	23.240	0.00
0.00	-30212.34	-40028.87	-2.82739	-30212.34	-40028.87	-2.82739	23.732	0.00
0.00	-30212.71	-40028.99	-2.82739	-30212.71	-40028.99	-2.82739	25.726	0.00
0.00	-30213.12	-40029.13	-2.82739	-30213.12	-40029.13	-2.82739	23.558	0.00
0.00	-30213.49	-40029.25	-2.82739	-30213.49	-40029.25	-2.82739	24.006	0.00
0.00	-30213.85	-40029.36	-2.82739	-30213.85	-40029.36	-2.82739	24.006	0.00
0.00	-30214.22	-40029.48	-2.82739	-30214.22	-40029.48	-2.82739	24.064	0.00
0.00	-30214.58	-40029.60	-2.82739	-30214.58	-40029.60	-2.82739	24.277	0.00
0.00	-30214.94	-40029.72	-2.82739	-30214.94	-40029.72	-2.82739	23.078	0.00
0.00	-30215.31	-40029.84	-2.82739	-30215.31	-40029.84	-2.82739	23.377	0.00
0.00	-30215.67	-40029.95	-2.82739	-30215.67	-40029.95	-2.82739	23.925	0.00
0.00	-30216.03	-40030.07	-2.82739	-30216.03	-40030.07	-2.82739	24.611	0.00
0.00	-30216.38	-40030.19	-2.82739	-30216.38	-40030.19	-2.82739	24.590	0.00
0.00	-30216.74	-40030.30	-2.82739	-30216.74	-40030.30	-2.82739	25.072	0.00
0.00	-30217.10	-40030.42	-2.82739	-30217.10	-40030.42	-2.82739	24.414	0.00
0.00	-30217.51	-40030.55	-2.82739	-30217.51	-40030.55	-2.82739	25.304	0.00
0.00	-30217.84	-40030.66	-2.82739	-30217.84	-40030.66	-2.82739	24.634	0.00
0.00	-30218.19	-40030.77	-2.82739	-30218.19	-40030.77	-2.82739	23.979	0.00
0.00	-30218.54	-40030.89	-2.82739	-30218.54	-40030.89	-2.82739	25.033	0.00
0.00	-30218.89	-40031.00	-2.82739	-30218.89	-40031.00	-2.82739	25.817	0.00
0.00	-30219.24	-40031.11	-2.82739	-30219.24	-40031.11	-2.82739	24.673	0.00
0.00	-30219.59	-40031.23	-2.82739	-30219.59	-40031.23	-2.82739	24.561	0.00
0.00	-30219.94	-40031.34	-2.82739	-30219.94	-40031.34	-2.82739	24.093	0.00
0.00	-30220.27	-40031.45	-2.82739	-30220.27	-40031.45	-2.82739	24.787	0.00
0.00	-30220.62	-40031.56	-2.82739	-30220.62	-40031.56	-2.82739	27.558	0.00
0.00	-30220.97	-40031.68	-2.82739	-30220.97	-40031.68	-2.82739	24.387	0.00
0.00	-30221.35	-40031.80	-2.82739	-30221.35	-40031.80	-2.82739	29.116	0.00
0.00	-30221.65	-40031.90	-2.82739	-30221.65	-40031.90	-2.82739	24.664	0.00
0.00	-30222.03	-40032.02	-2.82739	-30222.03	-40032.02	-2.82739	24.383	0.00
0.00	-30222.38	-40032.13	-2.82739	-30222.38	-40032.13	-2.82739	25.528	0.00
0.00	-30222.72	-40032.25	-2.82739	-30222.72	-40032.25	-2.82739	25.325	0.00
0.00	-30223.07	-40032.36	-2.82739	-30223.07	-40032.36	-2.82739	24.835	0.00
0.00	-30223.41	-40032.47	-2.82739	-30223.41	-40032.47	-2.82739	24.333	0.00
0.00	-30223.75	-40032.58	-2.82739	-30223.75	-40032.58	-2.82739	24.530	0.00
0.00	-30224.10	-40032.69	-2.82739	-30224.10	-40032.69	-2.82739	28.277	0.00
0.00	-30224.44	-40032.80	-2.82739	-30224.44	-40032.80	-2.82739	24.798	0.00
0.00	-30224.79	-40032.92	-2.82739	-30224.79	-40032.92	-2.82739	31.124	0.00
0.00	-30225.14	-40033.03	-2.82739	-30225.14	-40033.03	-2.82739	25.953	0.00
0.00	-30225.49	-40033.14	-2.82739	-30225.49	-40033.14	-2.82739	24.445	0.00
0.00	-30225.88	-40033.27	-2.82739	-30225.88	-40033.27	-2.82739	24.948	0.00
0.00	-30226.23	-40033.39	-2.82739	-30226.23	-40033.39	-2.82739	25.260	0.00
0.00	-30226.59	-40033.50	-2.82739	-30226.59	-40033.50	-2.82739	25.703	0.00
0.00	-30226.95	-40033.62	-2.82739	-30226.95	-40033.62	-2.82739	25.840	0.00
0.00	-30227.31	-40033.74	-2.82739	-30227.31	-40033.74	-2.82739	25.647	0.00
0.00	-30227.67	-40033.85	-2.82739	-30227.67	-40033.85	-2.82739	24.798	0.00
0.00	-30228.03	-40033.97	-2.82739	-30228.03	-40033.97	-2.82739	25.609	0.00
0.00	-30228.40	-40034.09	-2.82739	-30228.40	-40034.09	-2.82739	25.202	0.00
0.00	-30228.77	-40034.21	-2.82739	-30228.77	-40034.21	-2.82739	25.652	0.00
0.00	-30229.13	-40034.33	-2.82739	-30229.13	-40034.33	-2.82739	25.262	0.00
0.00	-30229.50	-40034.45	-2.82739	-30229.50	-40034.45	-2.82739	25.601	0.00
0.00	-30229.91	-40034.58	-2.82739	-30229.91	-40034.58	-2.82739	26.153	0.00
0.00	-30230.28	-40034.70	-2.82739	-30230.28	-40034.70	-2.82739	26.933	0.00
0.00	-30230.64	-40034.82	-2.82739	-30230.64	-40034.82	-2.82739	25.468	0.00
0.00	-30231.01	-40034.94	-2.82739	-30231.01	-40034.94	-2.82739	26.168	0.00
0.00	-30231.37	-40035.06	-2.82739	-30231.37	-40035.06	-2.82739	26.051	0.00
0.00	-30231.74	-40035.18	-2.82739	-30231.74	-40035.18	-2.82739	26.384	0.00
0.00	-30232.10	-40035.29	-2.82739	-30232.10	-40035.29	-2.82739	26.425	0.00
0.00	-30232.46	-40035.41	-2.82739	-30232.46	-40035.41	-2.82739	26.892	0.00
0.00	-30232.83	-40035.53	-2.82739	-30232.83	-40035.53	-2.82739	27.337	0.00
0.00	-30233.20	-40035.65	-2.82739	-30233.20	-40035.65	-2.82739	25.490	0.00
0.00	-30233.57	-40035.77	-2.82739	-30233.57	-40035.77	-2.82739	26.698	0.00
0.00	-30233.97	-40035.90	-2.82739	-30233.97	-40035.90	-2.82739	25.208	0.00
0.00	-30234.33	-40036.02	-2.82739	-30234.33	-40036.02	-2.82739	25.173	0.00
0.00	-30234.70	-40036.14	-2.82739	-30234.70	-40036.14	-2.82739	32.728	0.00
0.00	-30235.06	-40036.26	-2.82739	-30235.06	-40036.26	-2.82739	25.529	0.00
0.00	-30235.43	-40036.38	-2.82739	-30235.43	-40036.38	-2.82739	25.880	0.00
0.00	-30235.80	-40036.50	-2.82739	-30235.80	-40036.50	-2.82739	26.288	0.00
0.00	-30236.17	-40036.62	-2.82739	-30236.17	-40036.62	-2.82739	27.057	0.00
0.00	-30236.54	-40036.74	-2.82739	-30236.54	-40036.74	-2.82739	26.348	0.00
0.00	-30236.91	-40036.86	-2.82739	-30236.91	-40036.86	-2.82739	25.585	0.00
0.00	-30237.28	-40036.98	-2.82739	-30237.28	-40036.98	-2.82739	29.246	0.00
0.00	-30237.65	-40037.10	-2.82739	-30237.65	-40037.10	-2.82739	26.519	0.00
0.00	-30238.06	-40037.23	-2.82739	-30238.06	-40037.23	-2.82739	25.288	0.00
0.00	-30238.43	-40037.35	-2.82739	-30238.43	-40037.35	-2.82739	27.097	0.00
0.00	-30238.79	-40037.47	-2.82739	-30238.79	-40037.47	-2.82739	26.918	0.00
0.00	-30239.15	-40037.58	-2.82739	-30239.15	-40037.58	-2.82739	26.548	0.00
0.00	-30239.52	-40037.70	-2.82739	-30239.52	-40037.70	-2.82739	26.434	0.00
0.00	-30239.88	-40037.82	-2.82739	-30239.88	-40037.82	-2.82739	26.869	0.00
0.00	-30240.25	-40037.94	-2.82739	-30240.25	-40037.94	-2.82739	26.682	0.00
0.00	-30240.61	-40038.06	-2.82739	-30240.61	-40038.06	-2.82739	26.166	0.00
0.00	-30240.99	-40038.18	-2.82739	-30240.99	-40038.18	-2.82739	25.517	0.00
0.00	-30241.35	-40038.30	-2.82739	-30241.35	-40038.30	-2.82739	25.587	0.00
0.00	-30241.71	-40038.42	-2.82739	-30241.71	-40038.42	-2.82739	26.347	0.00
0.00	-30242.08	-40038.54	-2.82739	-30242.08	-40038.54	-2.82739	26.062	0.00
0.00	-30242.48	-40038.67	-2.82739	-30242.48	-40038.67	-2.82739	26.673	0.00
0.00	-30242.85	-40038.79	-2.82739	-30242.85	-40038.79	-2.82739	27.345	0.00
0.00	-30243.18	-40038.89	-2.82739	-30243.18	-40038.89	-2.82739	26.304	0.00
0.00	-30243.59	-40039.03	-2.82739	-30243.59	-40039.03	-2.82739	27.924	0.00
0.00	-30243.96	-40039.15	-2.82739	-30243.96	-40039.15	-2.82739	26.255	0.00
0.00	-30244.32	-40039.27	-2.82739	-30244.32	-40039.27	-2.82739	27.486	0.00
0.00	-30244.69	-40039.38	-2.82739	-30244.69	-40039.38	-2.82739	27.399	0.00
0.00	-30245.05	-40039.50	-2.82739	-30245.05	-40039.50	-2.82739	26.983	0.00
0.00	-30245.41	-40039.62	-2.82739	-30245.41	-40039.62	-2.82739	26.695	0.00
0.00	-30245.78	-40039.74	-2.82739	-30245.78	-40039.74	-2.82739	26.620	0.00
0.00	-30246.14	-40039.86	-2.82739	-30246.14	-40039.86	-2.82739	27.104	0.00
0.00	-30246.50	-40039.97	-2.82739	-30246.50	-40039.97	-2.82739	28.007	0.00
0.00	-30246.86	-40040.09	-2.82739	-30246.86	-40040.09	-2.82739	28.419	0.00
0.00	-30247.21	-40040.21	-2.82739	-30247.21	-40040.21	-2.82739	27.233	0.00
0.00	-30247.75	-40040.38	-2.82739	-30247.75	-40040.38	-2.82739	27.067	0.00
0.00	-30247.96	-40040.45	-2.82739	-30247.96	-40040.45	-2.82739	28.630	0.00
0.00	-30248.31	-40040.56	-2.82739	-30248.31	-40040.56	-2.82739	28.724	0.00
0.00	-30248.66	-40040.67	-2.82739	-30248.66	-40040.67	-2.82739	28.184	0.00
0.00	-30249.01	-40040.79	-2.82739	-30249.01	-40040.79	-2.82739	27.273	0.00
0.00	-30249.36	-40040.90	-2.82739	-30249.36	-40040.90	-2.82739	28.025	0.00
0.00	-30249.72	-40041.02	-2.82739	-30249.72	-40041.02	-2.82739	27.715	0.00
0.00	-30250.06	-40041.13	-2.82739	-30250.06	-40041.13	-2.82739	27.686	0.00
0.00	-30250.41	-40041.24	-2.82739	-30250.41	-40041.24	-2.82739	28.125	0.00
0.00	-30250.76	-40041.36	-2.82739	-30250.76	-40041.36	-2.82739	26.887	0.00
0.00	-30251.11	-40041.47	-2.82739	-30251.11	-40041.47	-2.82739	27.180	0.00
0.00	-30251.46	-40041.58	-2.82739	-30251.46	-40041.58	-2.82739	27.873	0.00
0.00	-30251.84	-40041.71	-2.82739	-30251.84	-40041.71	-2.82739	28.374	0.00
0.00	-30252.19	-40041.82	-2.82739	-30252.19	-40041.82	-2.82739	28.285	0.00
0.00	-30252.54	-40041.94	-2.82739	-30252.54	-40041.94	-2.82739	29.126	0.00
0.00	-30252.89	-40042.05	-2.82739	-30252.89	-40042.05	-2.82739	28.554	0.00
0.00	-30253.24	-40042.16	-2.82739	-30253.24	-40042.16	-2.82739	28.548	0.00
0.00	-30253.58	-40042.27	-2.82739	-30253.58	-40042.27	-2.82739	30.713	0.00
0.00	-30253.93	-40042.39	-2.82739	-30253.93	-40042.39	-2.82739	28.758	0.00
0.00	-30254.27	-40042.50	-2.82739	-30254.27	-40042.50	-2.82739	30.076	0.00
0.00	-30254.62	-40042.61	-2.82739	-30254.62	-40042.61	-2.82739	28.403	0.00
0.00	-30254.97	-40042.73	-2.82739	-30254.97	-40042.73	-2.82739	29.233	0.00
0.00	-30255.31	-40042.84	-2.82739	-30255.31	-40042.84	-2.82739	27.797	0.00
0.00	-30255.66	-40042.95	-2.82739	-30255.66	-40042.95	-2.82739	28.744	0.00
0.00	-30256.03	-40043.07	-2.82739	-30256.03	-40043.07	-2.82739	28.455	0.00
0.00	-30256.37	-40043.18	-2.82739	-30256.37	-40043.18	-2.82739	27.400	0.00
0.00	-30256.71	-40043.29	-2.82739	-30256.71	-40043.29	-2.82739	28.836	0.00
0.00	-30257.05	-40043.40	-2.82739	-30257.05	-40043.40	-2.82739	28.219	0.00
0.00	-30257.39	-40043.51	-2.82739	-30257.39	-40043.51	-2.82739	28.593	0.00
0.00	-30257.73	-40043.62	-2.82739	-30257.73	-40043.62	-2.82739	27.823	0.00
0.00	-30258.07	-40043.73	-2.82739	-30258.07	-40043.73	-2.82739	27.566	0.00
