0.00	-29318.62	-39990.83	0.00000	-29318.62	-39990.83	0.00000	66.060	0.00
0.00	-29318.47	-39990.99	-0.02428	-29318.47	-39990.99	-0.02428	3.347	0.00
0.00	-29318.71	-39991.59	-1.30961	-29318.71	-39991.59	-1.30961	2.528	0.00
0.00	-29319.08	-39991.88	-1.88921	-29319.08	-39991.88	-1.88921	2.529	0.00
0.00	-29319.37	-39992.13	-2.12501	-29319.37	-39992.13	-2.12501	3.444	0.00
0.00	-29319.59	-39992.32	-2.22580	-29319.59	-39992.32	-2.22580	2.535	0.00
0.00	-29319.84	-39992.58	-2.27715	-29319.84	-39992.58	-2.27715	2.776	0.00
0.00	-29320.04	-39992.79	-2.31246	-29320.04	-39992.79	-2.31246	2.336	0.00
0.00	-29320.25	-39993.00	-2.34498	-29320.25	-39993.00	-2.34498	2.157	0.00
0.00	-29320.47	-39993.20	-2.37703	-29320.47	-39993.20	-2.37703	2.345	0.00
0.00	-29320.68	-39993.40	-2.40521	-29320.68	-39993.40	-2.40521	2.304	0.00
0.00	-29320.97	-39993.65	-2.43222	-29320.97	-39993.65	-2.43222	2.293	0.00
0.00	-29321.21	-39993.86	-2.45755	-29321.21	-39993.86	-2.45755	2.416	0.00
0.00	-29321.43	-39994.03	-2.48134	-29321.43	-39994.03	-2.48134	2.436	0.00
0.00	-29321.67	-39994.22	-2.50398	-29321.67	-39994.22	-2.50398	2.306	0.00
0.00	-29321.96	-39994.43	-2.52549	-29321.96	-39994.43	-2.52549	2.187	0.00
0.00	-29322.21	-39994.60	-2.54597	-29322.21	-39994.60	-2.54597	2.093	0.00
0.00	-29322.47	-39994.78	-2.56616	-29322.47	-39994.78	-2.56616	2.957	0.00
0.00	-29322.75	-39994.95	-2.58474	-29322.75	-39994.95	-2.58474	1.997	0.00
0.00	-29323.03	-39995.12	-2.60239	-29323.03	-39995.12	-2.60239	2.044	0.00
0.00	-29323.31	-39995.28	-2.61837	-29323.31	-39995.28	-2.61837	2.379	0.00
0.00	-29323.66	-39995.49	-2.63309	-29323.66	-39995.49	-2.63309	2.086	0.00
0.00	-29323.94	-39995.64	-2.64622	-29323.94	-39995.64	-2.64622	2.246	0.00
0.00	-29324.20	-39995.77	-2.65927	-29324.20	-39995.77	-2.65927	2.068	0.00
0.00	-29324.53	-39995.94	-2.67286	-29324.53	-39995.94	-2.67286	3.312	0.00
0.00	-29324.84	-39996.09	-2.68462	-29324.84	-39996.09	-2.68462	2.100	0.00
0.00	-29325.12	-39996.22	-2.69623	-29325.12	-39996.22	-2.69623	2.745	0.00
0.00	-29325.39	-39996.35	-2.70737	-29325.39	-39996.35	-2.70737	2.129	0.00
0.00	-29325.69	-39996.48	-2.71824	-29325.69	-39996.48	-2.71824	2.290	0.00
0.00	-29325.99	-39996.61	-2.72781	-29325.99	-39996.61	-2.72781	2.111	0.00
0.00	-29326.26	-39996.72	-2.73638	-29326.26	-39996.72	-2.73638	2.057	0.00
0.00	-29326.61	-39996.87	-2.74496	-29326.61	-39996.87	-2.74496	2.039	0.00
0.00	-29326.88	-39996.97	-2.75280	-29326.88	-39996.97	-2.75280	2.197	0.00
0.00	-29327.17	-39997.09	-2.76002	-29327.17	-39997.09	-2.76002	2.789	0.00
0.00	-29327.48	-39997.20	-2.76777	-29327.48	-39997.20	-2.76777	2.067	0.00
0.00	-29327.79	-39997.32	-2.77593	-29327.79	-39997.32	-2.77593	2.215	0.00
0.00	-29328.10	-39997.43	-2.78323	-29328.10	-39997.43	-2.78323	2.078	0.00
0.00	-29328.41	-39997.54	-2.78993	-29328.41	-39997.54	-2.78993	2.632	0.00
0.00	-29328.76	-39997.66	-2.79589	-29328.76	-39997.66	-2.79589	2.031	0.00
0.00	-29329.08	-39997.77	-2.80088	-29329.08	-39997.77	-2.80088	1.976	0.00
0.00	-29329.41	-39997.88	-2.80533	-29329.41	-39997.88	-2.80533	2.004	0.00
0.00	-29329.81	-39998.02	-2.80928	-29329.81	-39998.02	-2.80928	2.043	0.00
0.00	-29330.11	-39998.12	-2.81281	-29330.11	-39998.12	-2.81281	2.017	0.00
0.00	-29330.42	-39998.22	-2.81606	-29330.42	-39998.22	-2.81606	2.050	0.00
0.00	-29330.75	-39998.32	-2.81935	-29330.75	-39998.32	-2.81935	2.043	0.00
0.00	-29331.11	-39998.43	-2.82328	-29331.11	-39998.43	-2.82328	2.050	0.00
0.00	-29331.45	-39998.54	-2.82698	-29331.45	-39998.54	-2.82698	2.396	0.00
0.00	-29331.81	-39998.65	-2.82980	-29331.81	-39998.65	-2.82980	2.023	0.00
0.00	-29332.15	-39998.75	-2.83189	-29332.15	-39998.75	-2.83189	3.093	0.00
0.00	-29332.54	-39998.87	-2.83324	-29332.54	-39998.87	-2.83324	2.165	0.00
0.00	-29332.87	-39998.97	-2.83451	-29332.87	-39998.97	-2.83451	2.362	0.00
0.00	-29333.32	-39999.11	-2.83564	-29333.32	-39999.11	-2.83564	2.200	0.00
0.00	-29333.62	-39999.20	-2.83670	-29333.62	-39999.20	-2.83670	2.317	0.00
0.00	-29333.93	-39999.29	-2.83747	-29333.93	-39999.29	-2.83747	2.270	0.00
0.00	-29334.28	-39999.39	-2.83814	-29334.28	-39999.39	-2.83814	2.354	0.00
0.00	-29334.62	-39999.50	-2.83875	-29334.62	-39999.50	-2.83875	2.421	0.00
0.00	-29334.99	-39999.61	-2.83896	-29334.99	-39999.61	-2.83896	2.334	0.00
0.00	-29335.36	-39999.72	-2.83854	-29335.36	-39999.72	-2.83854	3.574	0.00
0.00	-29335.70	-39999.82	-2.83801	-29335.70	-39999.82	-2.83801	2.635	0.00
0.00	-29336.05	-39999.93	-2.83698	-29336.05	-39999.93	-2.83698	2.838	0.00
0.00	-29336.44	-40000.05	-2.83605	-29336.44	-40000.05	-2.83605	3.045	0.00
0.00	-29336.89	-40000.19	-2.83559	-29336.89	-40000.19	-2.83559	2.967	0.00
0.00	-29337.21	-40000.29	-2.83521	-29337.21	-40000.29	-2.83521	3.214	0.00
0.00	-29337.42	-40000.35	-2.83482	-29337.42	-40000.35	-2.83482	2.970	0.00
0.00	-29337.79	-40000.47	-2.83415	-29337.79	-40000.47	-2.83415	2.935	0.00
0.00	-29338.13	-40000.57	-2.83353	-29338.13	-40000.57	-2.83353	2.886	0.00
0.00	-29338.48	-40000.68	-2.83263	-29338.48	-40000.68	-2.83263	3.987	0.00
0.00	-29338.92	-40000.82	-2.83190	-29338.92	-40000.82	-2.83190	3.258	0.00
0.00	-29339.16	-40000.90	-2.83137	-29339.16	-40000.90	-2.83137	4.232	0.00
0.00	-29339.55	-40001.02	-2.83068	-29339.55	-40001.02	-2.83068	3.626	0.00
0.00	-29339.94	-40001.14	-2.83018	-29339.94	-40001.14	-2.83018	3.652	0.00
0.00	-29340.37	-40001.28	-2.82985	-29340.37	-40001.28	-2.82985	3.641	0.00
0.00	-29340.71	-40001.38	-2.82938	-29340.71	-40001.38	-2.82938	3.684	0.00
0.00	-29341.03	-40001.49	-2.82889	-29341.03	-40001.49	-2.82889	3.691	0.00
0.00	-29341.41	-40001.60	-2.82853	-29341.41	-40001.60	-2.82853	3.840	0.00
0.00	-29341.75	-40001.71	-2.82835	-29341.75	-40001.71	-2.82835	4.658	0.00
0.00	-29342.11	-40001.82	-2.82815	-29342.11	-40001.82	-2.82815	3.461	0.00
0.00	-29342.47	-40001.94	-2.82791	-29342.47	-40001.94	-2.82791	5.184	0.00
0.00	-29342.84	-40002.05	-2.82761	-29342.84	-40002.05	-2.82761	4.346	0.00
0.00	-29343.21	-40002.17	-2.82727	-29343.21	-40002.17	-2.82727	3.402	0.00
0.00	-29343.61	-40002.29	-2.82707	-29343.61	-40002.29	-2.82707	4.271	0.00
0.00	-29344.03	-40002.43	-2.82699	-29344.03	-40002.43	-2.82699	3.926	0.00
0.00	-29344.39	-40002.54	-2.82696	-29344.39	-40002.54	-2.82696	4.478	0.00
0.00	-29344.85	-40002.68	-2.82713	-29344.85	-40002.68	-2.82713	4.256	0.00
0.00	-29345.10	-40002.76	-2.82727	-29345.10	-40002.76	-2.82727	5.047	0.00
0.00	-29345.51	-40002.89	-2.82719	-29345.51	-40002.89	-2.82719	4.551	0.00
0.00	-29345.91	-40003.01	-2.82693	-29345.91	-40003.01	-2.82693	5.207	0.00
0.00	-29346.28	-40003.13	-2.82693	-29346.28	-40003.13	-2.82693	4.014	0.00
0.00	-29346.66	-40003.25	-2.82707	-29346.66	-40003.25	-2.82707	5.379	0.00
0.00	-29347.05	-40003.37	-2.82736	-29347.05	-40003.37	-2.82736	4.811	0.00
0.00	-29347.47	-40003.50	-2.82774	-29347.47	-40003.50	-2.82774	5.015	0.00
0.00	-29347.89	-40003.63	-2.82809	-29347.89	-40003.63	-2.82809	4.879	0.00
0.00	-29348.24	-40003.74	-2.82816	-29348.24	-40003.74	-2.82816	4.970	0.00
0.00	-29348.64	-40003.86	-2.82826	-29348.64	-40003.86	-2.82826	5.480	0.00
0.00	-29349.00	-40003.97	-2.82834	-29349.00	-40003.97	-2.82834	4.865	0.00
0.00	-29349.38	-40004.09	-2.82827	-29349.38	-40004.09	-2.82827	7.272	0.00
0.00	-29349.77	-40004.21	-2.82807	-29349.77	-40004.21	-2.82807	5.057	0.00
0.00	-29350.14	-40004.33	-2.82805	-29350.14	-40004.33	-2.82805	13.517	0.00
0.00	-29350.53	-40004.45	-2.82807	-29350.53	-40004.45	-2.82807	5.566	0.00
0.00	-29350.91	-40004.57	-2.82808	-29350.91	-40004.57	-2.82808	5.537	0.00
0.00	-29351.35	-40004.71	-2.82800	-29351.35	-40004.71	-2.82800	5.305	0.00
0.00	-29351.73	-40004.83	-2.82766	-29351.73	-40004.83	-2.82766	4.601	0.00
0.00	-29352.06	-40004.93	-2.82710	-29352.06	-40004.93	-2.82710	5.765	0.00
0.00	-29352.42	-40005.04	-2.82651	-29352.42	-40005.04	-2.82651	5.867	0.00
0.00	-29352.82	-40005.17	-2.82606	-29352.82	-40005.17	-2.82606	26.207	0.00
0.00	-29353.16	-40005.28	-2.82569	-29353.16	-40005.28	-2.82569	7.525	0.00
0.00	-29353.53	-40005.40	-2.82528	-29353.53	-40005.40	-2.82528	10.439	0.00
0.00	-29353.90	-40005.52	-2.82458	-29353.90	-40005.52	-2.82458	7.874	0.00
0.00	-29354.26	-40005.64	-2.82386	-29354.26	-40005.64	-2.82386	9.305	0.00
0.00	-29354.62	-40005.75	-2.82327	-29354.62	-40005.75	-2.82327	7.727	0.00
0.00	-29355.07	-40005.90	-2.82298	-29355.07	-40005.90	-2.82298	7.262	0.00
0.00	-29355.44	-40006.02	-2.82279	-29355.44	-40006.02	-2.82279	8.438	0.00
0.00	-29355.76	-40006.12	-2.82226	-29355.76	-40006.12	-2.82226	7.427	0.00
0.00	-29356.12	-40006.24	-2.82159	-29356.12	-40006.24	-2.82159	8.302	0.00
0.00	-29356.49	-40006.36	-2.82109	-29356.49	-40006.36	-2.82109	7.783	0.00
0.00	-29356.86	-40006.48	-2.82065	-29356.86	-40006.48	-2.82065	9.081	0.00
0.00	-29357.24	-40006.61	-2.82008	-29357.24	-40006.61	-2.82008	8.254	0.00
0.00	-29357.56	-40006.71	-2.81949	-29357.56	-40006.71	-2.81949	11.846	0.00
0.00	-29357.90	-40006.82	-2.81888	-29357.90	-40006.82	-2.81888	8.201	0.00
0.00	-29358.26	-40006.94	-2.81828	-29358.26	-40006.94	-2.81828	9.646	0.00
0.00	-29358.71	-40007.09	-2.81790	-29358.71	-40007.09	-2.81790	9.107	0.00
0.00	-29359.08	-40007.21	-2.81774	-29359.08	-40007.21	-2.81774	9.885	0.00
0.00	-29359.39	-40007.31	-2.81776	-29359.39	-40007.31	-2.81776	8.442	0.00
0.00	-29359.74	-40007.43	-2.81784	-29359.74	-40007.43	-2.81784	8.839	0.00
0.00	-29360.13	-40007.55	-2.81779	-29360.13	-40007.55	-2.81779	9.919	0.00
0.00	-29360.55	-40007.69	-2.81782	-29360.55	-40007.69	-2.81782	9.380	0.00
0.00	-29361.04	-40007.84	-2.81776	-29361.04	-40007.84	-2.81776	9.560	0.00
0.00	-29361.30	-40007.93	-2.81783	-29361.30	-40007.93	-2.81783	10.008	0.00
0.00	-29361.70	-40008.06	-2.81790	-29361.70	-40008.06	-2.81790	12.505	0.00
0.00	-29362.07	-40008.18	-2.81795	-29362.07	-40008.18	-2.81795	8.987	0.00
0.00	-29362.54	-40008.33	-2.81802	-29362.54	-40008.33	-2.81802	12.076	0.00
0.00	-29362.91	-40008.45	-2.81830	-29362.91	-40008.45	-2.81830	10.120	0.00
0.00	-29363.26	-40008.56	-2.81872	-29363.26	-40008.56	-2.81872	9.984	0.00
0.00	-29363.63	-40008.68	-2.81919	-29363.63	-40008.68	-2.81919	10.460	0.00
0.00	-29364.01	-40008.81	-2.81929	-29364.01	-40008.81	-2.81929	10.321	0.00
0.00	-29364.42	-40008.94	-2.81928	-29364.42	-40008.94	-2.81928	12.293	0.00
0.00	-29364.83	-40009.07	-2.81920	-29364.83	-40009.07	-2.81920	10.220	0.00
0.00	-29365.22	-40009.19	-2.81910	-29365.22	-40009.19	-2.81910	14.679	0.00
0.00	-29365.61	-40009.32	-2.81893	-29365.61	-40009.32	-2.81893	10.476	0.00
0.00	-29366.11	-40009.48	-2.81865	-29366.11	-40009.48	-2.81865	10.975	0.00
0.00	-29366.41	-40009.58	-2.81856	-29366.41	-40009.58	-2.81856	10.529	0.00
0.00	-29366.80	-40009.71	-2.81826	-29366.80	-40009.71	-2.81826	12.298	0.00
0.00	-29367.19	-40009.84	-2.81771	-29367.19	-40009.84	-2.81771	11.170	0.00
0.00	-29367.57	-40009.96	-2.81709	-29367.57	-40009.96	-2.81709	11.069	0.00
0.00	-29367.95	-40010.09	-2.81640	-29367.95	-40010.09	-2.81640	12.188	0.00
0.00	-29368.34	-40010.22	-2.81588	-29368.34	-40010.22	-2.81588	11.594	0.00
0.00	-29368.72	-40010.34	-2.81562	-29368.72	-40010.34	-2.81562	12.596	0.00
0.00	-29369.10	-40010.47	-2.81528	-29369.10	-40010.47	-2.81528	12.032	0.00
0.00	-29369.49	-40010.60	-2.81486	-29369.49	-40010.60	-2.81486	14.748	0.00
0.00	-29369.86	-40010.72	-2.81433	-29369.86	-40010.72	-2.81433	12.510	0.00
0.00	-29370.37	-40010.89	-2.81367	-29370.37	-40010.89	-2.81367	13.630	0.00
0.00	-29370.69	-40011.00	-2.81309	-29370.69	-40011.00	-2.81309	11.417	0.00
0.00	-29371.03	-40011.11	-2.81259	-29371.03	-40011.11	-2.81259	13.994	0.00
0.00	-29371.42	-40011.24	-2.81219	-29371.42	-40011.24	-2.81219	13.064	0.00
0.00	-29371.80	-40011.37	-2.81177	-29371.80	-40011.37	-2.81177	13.918	0.00
0.00	-29372.16	-40011.49	-2.81138	-29372.16	-40011.49	-2.81138	15.548	0.00
0.00	-29372.52	-40011.61	-2.81072	-29372.52	-40011.61	-2.81072	13.007	0.00
0.00	-29372.90	-40011.74	-2.80994	-29372.90	-40011.74	-2.80994	15.904	0.00
0.00	-29373.29	-40011.87	-2.80932	-29373.29	-40011.87	-2.80932	13.284	0.00
0.00	-29373.66	-40011.99	-2.80910	-29373.66	-40011.99	-2.80910	15.841	0.00
0.00	-29374.18	-40012.17	-2.80886	-29374.18	-40012.17	-2.80886	13.006	0.00
0.00	-29374.50	-40012.28	-2.80857	-29374.50	-40012.28	-2.80857	14.691	0.00
0.00	-29374.90	-40012.41	-2.80831	-29374.90	-40012.41	-2.80831	13.511	0.00
0.00	-29375.25	-40012.53	-2.80798	-29375.25	-40012.53	-2.80798	13.250	0.00
0.00	-29375.64	-40012.66	-2.80753	-29375.64	-40012.66	-2.80753	13.711	0.00
0.00	-29376.02	-40012.79	-2.80706	-29376.02	-40012.79	-2.80706	14.232	0.00
0.00	-29376.42	-40012.92	-2.80660	-29376.42	-40012.92	-2.80660	16.991	0.00
0.00	-29376.82	-40013.05	-2.80624	-29376.82	-40013.05	-2.80624	14.492	0.00
0.00	-29377.22	-40013.19	-2.80597	-29377.22	-40013.19	-2.80597	17.836	0.00
0.00	-29377.64	-40013.33	-2.80551	-29377.64	-40013.33	-2.80551	14.435	0.00
0.00	-29378.14	-40013.50	-2.80519	-29378.14	-40013.50	-2.80519	15.952	0.00
0.00	-29378.47	-40013.61	-2.80461	-29378.47	-40013.61	-2.80461	14.687	0.00
0.00	-29378.85	-40013.74	-2.80398	-29378.85	-40013.74	-2.80398	15.515	0.00
0.00	-29379.24	-40013.88	-2.80347	-29379.24	-40013.88	-2.80347	14.432	0.00
0.00	-29379.68	-40014.03	-2.80303	-29379.68	-40014.03	-2.80303	15.084	0.00
0.00	-29380.05	-40014.15	-2.80259	-29380.05	-40014.15	-2.80259	17.299	0.00
0.00	-29380.43	-40014.28	-2.80215	-29380.43	-40014.28	-2.80215	16.201	0.00
0.00	-29380.82	-40014.42	-2.80166	-29380.82	-40014.42	-2.80166	18.844	0.00
0.00	-29381.21	-40014.55	-2.80136	-29381.21	-40014.55	-2.80136	15.784	0.00
0.00	-29381.64	-40014.70	-2.80103	-29381.64	-40014.70	-2.80103	18.447	0.00
0.00	-29382.11	-40014.86	-2.80076	-29382.11	-40014.86	-2.80076	16.001	0.00
0.00	-29382.45	-40014.98	-2.80056	-29382.45	-40014.98	-2.80056	17.058	0.00
0.00	-29382.81	-40015.11	-2.80056	-29382.81	-40015.11	-2.80056	16.261	0.00
0.00	-29383.23	-40015.25	-2.80051	-29383.23	-40015.25	-2.80051	16.050	0.00
0.00	-29383.72	-40015.42	-2.80052	-29383.72	-40015.42	-2.80052	15.885	0.00
0.00	-29383.95	-40015.50	-2.80108	-29383.95	-40015.50	-2.80108	17.863	0.00
0.00	-29384.38	-40015.64	-2.80144	-29384.38	-40015.64	-2.80144	19.484	0.00
0.00	-29384.77	-40015.78	-2.80177	-29384.77	-40015.78	-2.80177	16.626	0.00
0.00	-29385.15	-40015.91	-2.80221	-29385.15	-40015.91	-2.80221	20.454	0.00
0.00	-29385.53	-40016.04	-2.80237	-29385.53	-40016.04	-2.80237	16.719	0.00
0.00	-29385.96	-40016.18	-2.80240	-29385.96	-40016.18	-2.80240	19.843	0.00
0.00	-29386.30	-40016.30	-2.80257	-29386.30	-40016.30	-2.80257	16.217	0.00
0.00	-29386.68	-40016.43	-2.80272	-29386.68	-40016.43	-2.80272	18.190	0.00
0.00	-29387.02	-40016.55	-2.80289	-29387.02	-40016.55	-2.80289	18.890	0.00
0.00	-29387.41	-40016.68	-2.80347	-29387.41	-40016.68	-2.80347	17.036	0.00
0.00	-29387.78	-40016.81	-2.80421	-29387.78	-40016.81	-2.80421	20.627	0.00
0.00	-29388.22	-40016.96	-2.80436	-29388.22	-40016.96	-2.80436	17.936	0.00
0.00	-29388.61	-40017.09	-2.80483	-29388.61	-40017.09	-2.80483	17.746	0.00
0.00	-29388.83	-40017.16	-2.80513	-29388.83	-40017.16	-2.80513	18.664	0.00
0.00	-29389.23	-40017.30	-2.80517	-29389.23	-40017.30	-2.80517	20.307	0.00
0.00	-29389.64	-40017.43	-2.80510	-29389.64	-40017.43	-2.80510	18.775	0.00
0.00	-29389.99	-40017.56	-2.80474	-29389.99	-40017.56	-2.80474	21.465	0.00
0.00	-29390.33	-40017.67	-2.80462	-29390.33	-40017.67	-2.80462	93.027	0.00
0.00	-29390.70	-40017.80	-2.80441	-29390.70	-40017.80	-2.80441	20.402	0.00
0.00	-29391.07	-40017.92	-2.80418	-29391.07	-40017.92	-2.80418	21.505	0.00
0.00	-29391.42	-40018.04	-2.80391	-29391.42	-40018.04	-2.80391	18.260	0.00
0.00	-29391.77	-40018.16	-2.80337	-29391.77	-40018.16	-2.80337	21.604	0.00
0.00	-29392.14	-40018.29	-2.80296	-29392.14	-40018.29	-2.80296	17.585	0.00
0.00	-29392.61	-40018.45	-2.80269	-29392.61	-40018.45	-2.80269	19.265	0.00
0.00	-29392.87	-40018.54	-2.80253	-29392.87	-40018.54	-2.80253	19.500	0.00
0.00	-29393.31	-40018.69	-2.80214	-29393.31	-40018.69	-2.80214	21.549	0.00
0.00	-29393.64	-40018.80	-2.80209	-29393.64	-40018.80	-2.80209	19.201	0.00
0.00	-29393.99	-40018.93	-2.80243	-29393.99	-40018.93	-2.80243	21.187	0.00
0.00	-29394.36	-40019.05	-2.80266	-29394.36	-40019.05	-2.80266	20.694	0.00
0.00	-29394.73	-40019.18	-2.80254	-29394.73	-40019.18	-2.80254	20.674	0.00
0.00	-29395.10	-40019.31	-2.80231	-29395.10	-40019.31	-2.80231	22.922	0.00
0.00	-29395.49	-40019.44	-2.80174	-29395.49	-40019.44	-2.80174	21.252	0.00
0.00	-29395.83	-40019.56	-2.80147	-29395.83	-40019.56	-2.80147	24.083	0.00
0.00	-29396.23	-40019.70	-2.80136	-29396.23	-40019.70	-2.80136	20.812	0.00
0.00	-29396.75	-40019.88	-2.80126	-29396.75	-40019.88	-2.80126	21.556	0.00
0.00	-29397.02	-40019.97	-2.80113	-29397.02	-40019.97	-2.80113	19.815	0.00
0.00	-29397.38	-40020.10	-2.80114	-29397.38	-40020.10	-2.80114	23.713	0.00
0.00	-29397.75	-40020.23	-2.80158	-29397.75	-40020.23	-2.80158	20.491	0.00
0.00	-29398.11	-40020.36	-2.80229	-29398.11	-40020.36	-2.80229	22.608	0.00
0.00	-29398.48	-40020.48	-2.80295	-29398.48	-40020.48	-2.80295	23.117	0.00
0.00	-29398.85	-40020.61	-2.80334	-29398.85	-40020.61	-2.80334	21.528	0.00
0.00	-29399.22	-40020.74	-2.80377	-29399.22	-40020.74	-2.80377	23.330	0.00
0.00	-29399.58	-40020.86	-2.80452	-29399.58	-40020.86	-2.80452	21.493	0.00
0.00	-29399.95	-40020.99	-2.80532	-29399.95	-40020.99	-2.80532	24.088	0.00
0.00	-29400.42	-40021.15	-2.80611	-29400.42	-40021.15	-2.80611	20.413	0.00
0.00	-29400.79	-40021.28	-2.80659	-29400.79	-40021.28	-2.80659	23.975	0.00
0.00	-29401.10	-40021.38	-2.80720	-29401.10	-40021.38	-2.80720	21.346	0.00
0.00	-29401.50	-40021.51	-2.80802	-29401.50	-40021.51	-2.80802	22.286	0.00
0.00	-29401.82	-40021.62	-2.80927	-29401.82	-40021.62	-2.80927	22.559	0.00
0.00	-29402.18	-40021.74	-2.81066	-29402.18	-40021.74	-2.81066	22.851	0.00
0.00	-29402.56	-40021.87	-2.81166	-29402.56	-40021.87	-2.81166	24.179	0.00
0.00	-29402.93	-40021.99	-2.81311	-29402.93	-40021.99	-2.81311	22.121	0.00
0.00	-29403.30	-40022.11	-2.81468	-29403.30	-40022.11	-2.81468	25.104	0.00
0.00	-29403.67	-40022.23	-2.81594	-29403.67	-40022.23	-2.81594	22.913	0.00
0.00	-29404.21	-40022.41	-2.81737	-29404.21	-40022.41	-2.81737	21.111	0.00
0.00	-29404.37	-40022.46	-2.81897	-29404.37	-40022.46	-2.81897	23.687	0.00
0.00	-29404.86	-40022.62	-2.82041	-29404.86	-40022.62	-2.82041	24.491	0.00
0.00	-29405.50	-40022.82	-2.82263	-29405.50	-40022.82	-2.82263	24.468	0.00
0.00	-29405.52	-40022.82	-2.82355	-29405.52	-40022.82	-2.82355	23.858	0.00
0.00	-29405.96	-40022.96	-2.82523	-29405.96	-40022.96	-2.82523	25.981	0.00
0.00	-29406.35	-40023.08	-2.82686	-29406.35	-40023.08	-2.82686	22.941	0.00
0.00	-29406.72	-40023.20	-2.82842	-29406.72	-40023.20	-2.82842	25.754	0.00
0.00	-29407.10	-40023.32	-2.82984	-29407.10	-40023.32	-2.82984	21.879	0.00
0.00	-29407.46	-40023.43	-2.83119	-29407.46	-40023.43	-2.83119	27.133	0.00
0.00	-29407.89	-40023.56	-2.83274	-29407.89	-40023.56	-2.83274	23.344	0.00
0.00	-29408.26	-40023.68	-2.83445	-29408.26	-40023.68	-2.83445	25.781	0.00
0.00	-29408.62	-40023.79	-2.83593	-29408.62	-40023.79	-2.83593	26.389	0.00
0.00	-29408.96	-40023.89	-2.83751	-29408.96	-40023.89	-2.83751	26.859	0.00
0.00	-29409.45	-40024.04	-2.83929	-29409.45	-40024.04	-2.83929	26.106	0.00
0.00	-29409.64	-40024.09	-2.84058	-29409.64	-40024.09	-2.84058	24.385	0.00
0.00	-29410.05	-40024.22	-2.84175	-29410.05	-40024.22	-2.84175	26.808	0.00
0.00	-29410.42	-40024.33	-2.84263	-29410.42	-40024.33	-2.84263	25.195	0.00
0.00	-29410.76	-40024.43	-2.84366	-29410.76	-40024.43	-2.84366	26.838	0.00
0.00	-29411.12	-40024.54	-2.84451	-29411.12	-40024.54	-2.84451	24.180	0.00
0.00	-29411.58	-40024.68	-2.84532	-29411.58	-40024.68	-2.84532	27.441	0.00
0.00	-29411.92	-40024.78	-2.84619	-29411.92	-40024.78	-2.84619	27.958	0.00
0.00	-29412.27	-40024.88	-2.84696	-29412.27	-40024.88	-2.84696	27.685	0.00
0.00	-29412.65	-40024.99	-2.84777	-29412.65	-40024.99	-2.84777	28.961	0.00
0.00	-29413.04	-40025.10	-2.84855	-29413.04	-40025.10	-2.84855	26.799	0.00
0.00	-29413.40	-40025.21	-2.84944	-29413.40	-40025.21	-2.84944	27.933	0.00
0.00	-29413.77	-40025.32	-2.85000	-29413.77	-40025.32	-2.85000	27.408	0.00
0.00	-29414.18	-40025.44	-2.85036	-29414.18	-40025.44	-2.85036	28.012	0.00
0.00	-29414.54	-40025.54	-2.85087	-29414.54	-40025.54	-2.85087	25.807	0.00
0.00	-29414.91	-40025.65	-2.85135	-29414.91	-40025.65	-2.85135	30.215	0.00
0.00	-29415.34	-40025.77	-2.85166	-29415.34	-40025.77	-2.85166	27.720	0.00
0.00	-29415.67	-40025.87	-2.85194	-29415.67	-40025.87	-2.85194	28.673	0.00
0.00	-29416.04	-40025.98	-2.85211	-29416.04	-40025.98	-2.85211	28.885	0.00
0.00	-29416.39	-40026.08	-2.85264	-29416.39	-40026.08	-2.85264	29.455	0.00
0.00	-29416.77	-40026.19	-2.85336	-29416.77	-40026.19	-2.85336	29.918	0.00
0.00	-29417.15	-40026.29	-2.85397	-29417.15	-40026.29	-2.85397	29.086	0.00
0.00	-29417.52	-40026.40	-2.85443	-29417.52	-40026.40	-2.85443	29.372	0.00
0.00	-29417.88	-40026.50	-2.85497	-29417.88	-40026.50	-2.85497	27.390	0.00
0.00	-29418.37	-40026.64	-2.85558	-29418.37	-40026.64	-2.85558	26.060	0.00
0.00	-29418.58	-40026.70	-2.85612	-29418.58	-40026.70	-2.85612	26.938	0.00
0.00	-29419.06	-40026.83	-2.85654	-29419.06	-40026.83	-2.85654	30.919	0.00
0.00	-29419.39	-40026.93	-2.85679	-29419.39	-40026.93	-2.85679	27.815	0.00
0.00	-29419.72	-40027.02	-2.85700	-29419.72	-40027.02	-2.85700	29.996	0.00
0.00	-29420.10	-40027.13	-2.85741	-29420.10	-40027.13	-2.85741	29.258	0.00
0.00	-29420.45	-40027.22	-2.85794	-29420.45	-40027.22	-2.85794	29.912	0.00
0.00	-29420.81	-40027.33	-2.85823	-29420.81	-40027.33	-2.85823	31.105	0.00
0.00	-29421.17	-40027.43	-2.85837	-29421.17	-40027.43	-2.85837	29.482	0.00
0.00	-29421.53	-40027.53	-2.85844	-29421.53	-40027.53	-2.85844	30.419	0.00
0.00	-29421.91	-40027.63	-2.85837	-29421.91	-40027.63	-2.85837	28.794	0.00
0.00	-29422.43	-40027.78	-2.85807	-29422.43	-40027.78	-2.85807	28.879	0.00
0.00	-29422.73	-40027.86	-2.85775	-29422.73	-40027.86	-2.85775	29.346	0.00
0.00	-29423.08	-40027.96	-2.85719	-29423.08	-40027.96	-2.85719	31.932	0.00
0.00	-29423.44	-40028.07	-2.85668	-29423.44	-40028.07	-2.85668	31.354	0.00
0.00	-29423.81	-40028.17	-2.85620	-29423.81	-40028.17	-2.85620	31.311	0.00
0.00	-29424.19	-40028.28	-2.85567	-29424.19	-40028.28	-2.85567	32.197	0.00
0.00	-29424.57	-40028.39	-2.85542	-29424.57	-40028.39	-2.85542	30.069	0.00
0.00	-29424.95	-40028.50	-2.85537	-29424.95	-40028.50	-2.85537	30.880	0.00
0.00	-29425.33	-40028.61	-2.85499	-29425.33	-40028.61	-2.85499	29.553	0.00
0.00	-29425.72	-40028.72	-2.85406	-29425.72	-40028.72	-2.85406	32.125	0.00
0.00	-29426.11	-40028.83	-2.85353	-29426.11	-40028.83	-2.85353	29.944	0.00
0.00	-29426.58	-40028.97	-2.85315	-29426.58	-40028.97	-2.85315	32.864	0.00
0.00	-29426.96	-40029.08	-2.85272	-29426.96	-40029.08	-2.85272	33.527	0.00
0.00	-29427.32	-40029.18	-2.85217	-29427.32	-40029.18	-2.85217	32.482	0.00
0.00	-29427.69	-40029.29	-2.85136	-29427.69	-40029.29	-2.85136	33.612	0.00
0.00	-29428.07	-40029.40	-2.85057	-29428.07	-40029.40	-2.85057	31.565	0.00
0.00	-29428.44	-40029.51	-2.84990	-29428.44	-40029.51	-2.84990	33.387	0.00
0.00	-29428.83	-40029.63	-2.84927	-29428.83	-40029.63	-2.84927	31.165	0.00
0.00	-29429.19	-40029.73	-2.84876	-29429.19	-40029.73	-2.84876	32.892	0.00
0.00	-29429.58	-40029.85	-2.84795	-29429.58	-40029.85	-2.84795	30.918	0.00
0.00	-29429.93	-40029.95	-2.84729	-29429.93	-40029.95	-2.84729	33.082	0.00
0.00	-29430.35	-40030.08	-2.84684	-29430.35	-40030.08	-2.84684	32.063	0.00
0.00	-29430.69	-40030.17	-2.84634	-29430.69	-40030.17	-2.84634	33.180	0.00
0.00	-29431.19	-40030.32	-2.84569	-29431.19	-40030.32	-2.84569	33.304	0.00
0.00	-29431.45	-40030.40	-2.84542	-29431.45	-40030.40	-2.84542	33.361	0.00
0.00	-29431.73	-40030.48	-2.84509	-29431.73	-40030.48	-2.84509	34.283	0.00
0.00	-29432.13	-40030.60	-2.84441	-29432.13	-40030.60	-2.84441	33.425	0.00
0.00	-29432.60	-40030.74	-2.84372	-29432.60	-40030.74	-2.84372	32.975	0.00
0.00	-29432.82	-40030.80	-2.84356	-29432.82	-40030.80	-2.84356	31.394	0.00
0.00	-29433.23	-40030.92	-2.84280	-29433.23	-40030.92	-2.84280	33.678	0.00
0.00	-29433.60	-40031.04	-2.84184	-29433.60	-40031.04	-2.84184	33.469	0.00
0.00	-29434.02	-40031.16	-2.84103	-29434.02	-40031.16	-2.84103	34.627	0.00
0.00	-29434.33	-40031.26	-2.84036	-29434.33	-40031.26	-2.84036	36.111	0.00
0.00	-29434.66	-40031.36	-2.83954	-29434.66	-40031.36	-2.83954	36.160	0.00
0.00	-29435.03	-40031.47	-2.83880	-29435.03	-40031.47	-2.83880	35.984	0.00
0.00	-29435.50	-40031.61	-2.83773	-29435.50	-40031.61	-2.83773	36.584	0.00
0.00	-29435.69	-40031.67	-2.83723	-29435.69	-40031.67	-2.83723	36.613	0.00
0.00	-29436.09	-40031.79	-2.83668	-29436.09	-40031.79	-2.83668	32.952	0.00
0.00	-29436.46	-40031.90	-2.83614	-29436.46	-40031.90	-2.83614	36.662	0.00
0.00	-29436.79	-40032.00	-2.83575	-29436.79	-40032.00	-2.83575	35.556	0.00
0.00	-29437.16	-40032.11	-2.83541	-29437.16	-40032.11	-2.83541	37.150	0.00
0.00	-29437.56	-40032.24	-2.83488	-29437.56	-40032.24	-2.83488	36.561	0.00
0.00	-29437.87	-40032.33	-2.83410	-29437.87	-40032.33	-2.83410	36.166	0.00
0.00	-29438.19	-40032.43	-2.83314	-29438.19	-40032.43	-2.83314	36.248	0.00
0.00	-29438.53	-40032.54	-2.83239	-29438.53	-40032.54	-2.83239	37.329	0.00
0.00	-29438.87	-40032.64	-2.83200	-29438.87	-40032.64	-2.83200	36.511	0.00
0.00	-29439.22	-40032.75	-2.83173	-29439.22	-40032.75	-2.83173	35.210	0.00
0.00	-29439.63	-40032.87	-2.83109	-29439.63	-40032.87	-2.83109	36.897	0.00
0.00	-29439.93	-40032.97	-2.83046	-29439.93	-40032.97	-2.83046	35.499	0.00
0.00	-29440.26	-40033.07	-2.82973	-29440.26	-40033.07	-2.82973	38.377	0.00
0.00	-29440.66	-40033.19	-2.82924	-29440.66	-40033.19	-2.82924	38.702	0.00
0.00	-29441.03	-40033.31	-2.82881	-29441.03	-40033.31	-2.82881	39.087	0.00
0.00	-29441.33	-40033.40	-2.82851	-29441.33	-40033.40	-2.82851	38.663	0.00
0.00	-29441.65	-40033.50	-2.82805	-29441.65	-40033.50	-2.82805	38.318	0.00
0.00	-29442.00	-40033.61	-2.82773	-29442.00	-40033.61	-2.82773	38.249	0.00
0.00	-29442.36	-40033.72	-2.82758	-29442.36	-40033.72	-2.82758	37.027	0.00
0.00	-29442.71	-40033.83	-2.82744	-29442.71	-40033.83	-2.82744	38.180	0.00
0.00	-29443.08	-40033.95	-2.82736	-29443.08	-40033.95	-2.82736	37.222	0.00
0.00	-29443.47	-40034.07	-2.82725	-29443.47	-40034.07	-2.82725	38.877	0.00
0.00	-29443.80	-40034.17	-2.82694	-29443.80	-40034.17	-2.82694	39.216	0.00
0.00	-29444.18	-40034.30	-2.82650	-29444.18	-40034.30	-2.82650	39.144	0.00
0.00	-29444.52	-40034.40	-2.82635	-29444.52	-40034.40	-2.82635	38.860	0.00
0.00	-29444.90	-40034.52	-2.82601	-29444.90	-40034.52	-2.82601	40.658	0.00
0.00	-29445.25	-40034.64	-2.82550	-29445.25	-40034.64	-2.82550	38.471	0.00
0.00	-29445.63	-40034.76	-2.82488	-29445.63	-40034.76	-2.82488	38.908	0.00
0.00	-29446.00	-40034.88	-2.82437	-29446.00	-40034.88	-2.82437	39.226	0.00
0.00	-29446.37	-40034.99	-2.82411	-29446.37	-40034.99	-2.82411	38.194	0.00
0.00	-29446.74	-40035.11	-2.82373	-29446.74	-40035.11	-2.82373	40.349	0.00
0.00	-29447.13	-40035.24	-2.82323	-29447.13	-40035.24	-2.82323	38.720	0.00
0.00	-29447.52	-40035.36	-2.82288	-29447.52	-40035.36	-2.82288	37.769	0.00
0.00	-29447.87	-40035.47	-2.82244	-29447.87	-40035.47	-2.82244	39.642	0.00
0.00	-29448.24	-40035.59	-2.82206	-29448.24	-40035.59	-2.82206	39.704	0.00
0.00	-29448.64	-40035.72	-2.82174	-29448.64	-40035.72	-2.82174	34.865	0.00
0.00	-29449.00	-40035.84	-2.82154	-29449.00	-40035.84	-2.82154	34.784	0.00
0.00	-29449.38	-40035.96	-2.82114	-29449.38	-40035.96	-2.82114	36.893	0.00
0.00	-29449.73	-40036.08	-2.82087	-29449.73	-40036.08	-2.82087	35.771	0.00
0.00	-29450.14	-40036.21	-2.82033	-29450.14	-40036.21	-2.82033	37.338	0.00
0.00	-29450.47	-40036.32	-2.81968	-29450.47	-40036.32	-2.81968	36.740	0.00
0.00	-29450.82	-40036.43	-2.81893	-29450.82	-40036.43	-2.81893	37.562	0.00
0.00	-29451.15	-40036.54	-2.81844	-29451.15	-40036.54	-2.81844	36.642	0.00
0.00	-29451.60	-40036.69	-2.81778	-29451.60	-40036.69	-2.81778	36.231	0.00
0.00	-29451.99	-40036.82	-2.81684	-29451.99	-40036.82	-2.81684	38.461	0.00
0.00	-29452.31	-40036.92	-2.81620	-29452.31	-40036.92	-2.81620	37.913	0.00
0.00	-29452.67	-40037.04	-2.81573	-29452.67	-40037.04	-2.81573	38.107	0.00
0.00	-29453.04	-40037.17	-2.81503	-29453.04	-40037.17	-2.81503	39.333	0.00
0.00	-29453.41	-40037.29	-2.81448	-29453.41	-40037.29	-2.81448	37.842	0.00
0.00	-29453.78	-40037.41	-2.81430	-29453.78	-40037.41	-2.81430	37.613	0.00
0.00	-29454.17	-40037.54	-2.81408	-29454.17	-40037.54	-2.81408	37.996	0.00
0.00	-29454.54	-40037.66	-2.81376	-29454.54	-40037.66	-2.81376	37.445	0.00
0.00	-29454.90	-40037.78	-2.81331	-29454.90	-40037.78	-2.81331	38.776	0.00
0.00	-29455.33	-40037.92	-2.81305	-29455.33	-40037.92	-2.81305	38.808	0.00
0.00	-29455.68	-40038.03	-2.81290	-29455.68	-40038.03	-2.81290	38.509	0.00
0.00	-29456.05	-40038.15	-2.81325	-29456.05	-40038.15	-2.81325	37.342	0.00
0.00	-29456.47	-40038.29	-2.81362	-29456.47	-40038.29	-2.81362	36.756	0.00
0.00	-29456.72	-40038.37	-2.81383	-29456.72	-40038.37	-2.81383	38.743	0.00
0.00	-29457.13	-40038.50	-2.81353	-29457.13	-40038.50	-2.81353	38.747	0.00
0.00	-29457.51	-40038.63	-2.81373	-29457.51	-40038.63	-2.81373	39.632	0.00
0.00	-29457.90	-40038.76	-2.81408	-29457.90	-40038.76	-2.81408	38.699	0.00
0.00	-29458.23	-40038.86	-2.81440	-29458.23	-40038.86	-2.81440	40.338	0.00
0.00	-29458.59	-40038.98	-2.81449	-29458.59	-40038.98	-2.81449	39.386	0.00
0.00	-29459.02	-40039.12	-2.81479	-29459.02	-40039.12	-2.81479	39.318	0.00
0.00	-29459.36	-40039.23	-2.81487	-29459.36	-40039.23	-2.81487	38.883	0.00
0.00	-29459.70	-40039.34	-2.81509	-29459.70	-40039.34	-2.81509	39.511	0.00
0.00	-29460.07	-40039.47	-2.81510	-29460.07	-40039.47	-2.81510	38.798	0.00
0.00	-29460.55	-40039.62	-2.81498	-29460.55	-40039.62	-2.81498	39.661	0.00
0.00	-29460.79	-40039.70	-2.81488	-29460.79	-40039.70	-2.81488	40.211	0.00
0.00	-29461.18	-40039.83	-2.81466	-29461.18	-40039.83	-2.81466	38.501	0.00
0.00	-29461.56	-40039.96	-2.81446	-29461.56	-40039.96	-2.81446	40.269	0.00
0.00	-29461.91	-40040.07	-2.81427	-29461.91	-40040.07	-2.81427	39.330	0.00
0.00	-29462.26	-40040.19	-2.81397	-29462.26	-40040.19	-2.81397	39.888	0.00
0.00	-29462.72	-40040.34	-2.81337	-29462.72	-40040.34	-2.81337	40.137	0.00
0.00	-29463.03	-40040.45	-2.81255	-29463.03	-40040.45	-2.81255	39.584	0.00
0.00	-29463.35	-40040.56	-2.81221	-29463.35	-40040.56	-2.81221	42.134	0.00
0.00	-29463.71	-40040.68	-2.81230	-29463.71	-40040.68	-2.81230	39.413	0.00
0.00	-29464.07	-40040.80	-2.81213	-29464.07	-40040.80	-2.81213	42.431	0.00
0.00	-29464.39	-40040.90	-2.81196	-29464.39	-40040.90	-2.81196	41.143	0.00
0.00	-29464.81	-40041.04	-2.81173	-29464.81	-40041.04	-2.81173	42.432	0.00
0.00	-29465.14	-40041.15	-2.81150	-29465.14	-40041.15	-2.81150	40.701	0.00
0.00	-29465.50	-40041.27	-2.81096	-29465.50	-40041.27	-2.81096	40.063	0.00
0.00	-29465.85	-40041.39	-2.81081	-29465.85	-40041.39	-2.81081	710.390	0.00
0.00	-29469.32	-40042.57	-2.80906	-29469.32	-40042.57	-2.80906	3.297	0.00
0.00	-29469.32	-40042.57	-2.80906	-29469.32	-40042.57	-2.80906	2.202	0.00
0.00	-29468.72	-40042.36	-2.80922	-29468.72	-40042.36	-2.80922	2.121	0.00
0.00	-29469.06	-40042.47	-2.80981	-29469.06	-40042.47	-2.80981	2.377	0.00
0.00	-29469.39	-40042.58	-2.81133	-29469.39	-40042.58	-2.81133	2.185	0.00
0.00	-29469.78	-40042.71	-2.81290	-29469.78	-40042.71	-2.81290	2.605	0.00
0.00	-29470.09	-40042.81	-2.81432	-29470.09	-40042.81	-2.81432	2.326	0.00
0.00	-29470.42	-40042.91	-2.81553	-29470.42	-40042.91	-2.81553	2.315	0.00
0.00	-29470.77	-40043.02	-2.81654	-29470.77	-40043.02	-2.81654	2.458	0.00
0.00	-29471.12	-40043.14	-2.81731	-29471.12	-40043.14	-2.81731	2.367	0.00
0.00	-29471.47	-40043.25	-2.81780	-29471.47	-40043.25	-2.81780	3.135	0.00
0.00	-29471.82	-40043.36	-2.81802	-29471.82	-40043.36	-2.81802	2.754	0.00
0.00	-29472.14	-40043.47	-2.81791	-29472.14	-40043.47	-2.81791	2.889	0.00
0.00	-29472.50	-40043.58	-2.81754	-29472.50	-40043.58	-2.81754	2.863	0.00
0.00	-29472.89	-40043.72	-2.81748	-29472.89	-40043.72	-2.81748	2.763	0.00
0.00	-29473.25	-40043.83	-2.81742	-29473.25	-40043.83	-2.81742	3.131	0.00
0.00	-29473.55	-40043.93	-2.81726	-29473.55	-40043.93	-2.81726	3.177	0.00
0.00	-29473.88	-40044.04	-2.81716	-29473.88	-40044.04	-2.81716	3.824	0.00
0.00	-29474.22	-40044.15	-2.81711	-29474.22	-40044.15	-2.81711	3.145	0.00
0.00	-29474.58	-40044.27	-2.81673	-29474.58	-40044.27	-2.81673	3.434	0.00
0.00	-29474.90	-40044.38	-2.81626	-29474.90	-40044.38	-2.81626	3.019	0.00
0.00	-29475.24	-40044.49	-2.81598	-29475.24	-40044.49	-2.81598	3.484	0.00
0.00	-29475.55	-40044.60	-2.81580	-29475.55	-40044.60	-2.81580	2.748	0.00
0.00	-29475.88	-40044.71	-2.81547	-29475.88	-40044.71	-2.81547	3.192	0.00
0.00	-29476.22	-40044.82	-2.81512	-29476.22	-40044.82	-2.81512	3.638	0.00
0.00	-29476.72	-40044.99	-2.81461	-29476.72	-40044.99	-2.81461	3.829	0.00
0.00	-29476.88	-40045.04	-2.81424	-29476.88	-40045.04	-2.81424	4.105	0.00
0.00	-29477.22	-40045.16	-2.81369	-29477.22	-40045.16	-2.81369	4.076	0.00
0.00	-29477.54	-40045.26	-2.81334	-29477.54	-40045.26	-2.81334	5.459	0.00
0.00	-29477.87	-40045.38	-2.81331	-29477.87	-40045.38	-2.81331	3.971	0.00
0.00	-29478.18	-40045.48	-2.81333	-29478.18	-40045.48	-2.81333	5.345	0.00
0.00	-29478.52	-40045.59	-2.81313	-29478.52	-40045.59	-2.81313	3.949	0.00
0.00	-29478.83	-40045.70	-2.81285	-29478.83	-40045.70	-2.81285	3.584	0.00
0.00	-29479.14	-40045.80	-2.81260	-29479.14	-40045.80	-2.81260	4.567	0.00
0.00	-29479.50	-40045.92	-2.81245	-29479.50	-40045.92	-2.81245	4.508	0.00
0.00	-29479.83	-40046.03	-2.81233	-29479.83	-40046.03	-2.81233	3.953	0.00
0.00	-29480.11	-40046.13	-2.81232	-29480.11	-40046.13	-2.81232	3.445	0.00
0.00	-29480.48	-40046.25	-2.81249	-29480.48	-40046.25	-2.81249	4.622	0.00
0.00	-29480.78	-40046.35	-2.81255	-29480.78	-40046.35	-2.81255	4.625	0.00
0.00	-29481.07	-40046.45	-2.81260	-29481.07	-40046.45	-2.81260	5.454	0.00
0.00	-29481.37	-40046.55	-2.81258	-29481.37	-40046.55	-2.81258	4.873	0.00
0.00	-29481.69	-40046.65	-2.81253	-29481.69	-40046.65	-2.81253	5.595	0.00
0.00	-29481.97	-40046.75	-2.81282	-29481.97	-40046.75	-2.81282	4.713	0.00
0.00	-29482.30	-40046.85	-2.81270	-29482.30	-40046.85	-2.81270	4.806	0.00
0.00	-29482.67	-40046.98	-2.81261	-29482.67	-40046.98	-2.81261	5.570	0.00
0.00	-29482.99	-40047.08	-2.81275	-29482.99	-40047.08	-2.81275	5.054	0.00
0.00	-29483.23	-40047.16	-2.81296	-29483.23	-40047.16	-2.81296	6.587	0.00
0.00	-29483.52	-40047.26	-2.81317	-29483.52	-40047.26	-2.81317	5.388	0.00
0.00	-29483.86	-40047.37	-2.81339	-29483.86	-40047.37	-2.81339	4.182	0.00
0.00	-29484.16	-40047.47	-2.81348	-29484.16	-40047.47	-2.81348	4.537	0.00
0.00	-29484.46	-40047.56	-2.81368	-29484.46	-40047.56	-2.81368	3.595	0.00
0.00	-29484.76	-40047.66	-2.81392	-29484.76	-40047.66	-2.81392	4.587	0.00
0.00	-29485.06	-40047.76	-2.81427	-29485.06	-40047.76	-2.81427	5.967	0.00
0.00	-29485.35	-40047.85	-2.81482	-29485.35	-40047.85	-2.81482	5.668	0.00
0.00	-29485.70	-40047.97	-2.81529	-29485.70	-40047.97	-2.81529	5.746	0.00
0.00	-29486.01	-40048.07	-2.81548	-29486.01	-40048.07	-2.81548	7.307	0.00
0.00	-29486.30	-40048.16	-2.81564	-29486.30	-40048.16	-2.81564	6.347	0.00
0.00	-29486.58	-40048.25	-2.81588	-29486.58	-40048.25	-2.81588	7.382	0.00
0.00	-29486.89	-40048.35	-2.81616	-29486.89	-40048.35	-2.81616	5.838	0.00
0.00	-29487.38	-40048.51	-2.81706	-29487.38	-40048.51	-2.81706	7.874	0.00
0.00	-29487.48	-40048.54	-2.81745	-29487.48	-40048.54	-2.81745	6.379	0.00
0.00	-29487.85	-40048.66	-2.81771	-29487.85	-40048.66	-2.81771	23.410	0.00
0.00	-29488.19	-40048.77	-2.81799	-29488.19	-40048.77	-2.81799	6.169	0.00
0.00	-29488.52	-40048.88	-2.81797	-29488.52	-40048.88	-2.81797	6.276	0.00
0.00	-29488.91	-40049.01	-2.81775	-29488.91	-40049.01	-2.81775	5.033	0.00
0.00	-29489.21	-40049.10	-2.81780	-29489.21	-40049.10	-2.81780	6.367	0.00
0.00	-29489.51	-40049.20	-2.81813	-29489.51	-40049.20	-2.81813	8.156	0.00
0.00	-29489.83	-40049.31	-2.81838	-29489.83	-40049.31	-2.81838	6.957	0.00
0.00	-29490.17	-40049.42	-2.81842	-29490.17	-40049.42	-2.81842	7.663	0.00
0.00	-29490.51	-40049.53	-2.81845	-29490.51	-40049.53	-2.81845	7.035	0.00
0.00	-29490.85	-40049.64	-2.81852	-29490.85	-40049.64	-2.81852	7.036	0.00
0.00	-29491.23	-40049.76	-2.81835	-29491.23	-40049.76	-2.81835	6.787	0.00
0.00	-29491.58	-40049.88	-2.81803	-29491.58	-40049.88	-2.81803	6.759	0.00
0.00	-29491.90	-40049.98	-2.81791	-29491.90	-40049.98	-2.81791	6.884	0.00
0.00	-29492.33	-40050.12	-2.81775	-29492.33	-40050.12	-2.81775	6.814	0.00
0.00	-29492.66	-40050.23	-2.81732	-29492.66	-40050.23	-2.81732	9.507	0.00
0.00	-29493.00	-40050.35	-2.81703	-29493.00	-40050.35	-2.81703	7.300	0.00
0.00	-29493.34	-40050.46	-2.81708	-29493.34	-40050.46	-2.81708	8.522	0.00
0.00	-29493.69	-40050.57	-2.81714	-29493.69	-40050.57	-2.81714	7.397	0.00
0.00	-29494.04	-40050.68	-2.81726	-29494.04	-40050.68	-2.81726	7.478	0.00
0.00	-29494.39	-40050.80	-2.81733	-29494.39	-40050.80	-2.81733	7.395	0.00
0.00	-29494.75	-40050.92	-2.81711	-29494.75	-40050.92	-2.81711	33.154	0.00
0.00	-29495.12	-40051.04	-2.81729	-29495.12	-40051.04	-2.81729	8.290	0.00
0.00	-29495.42	-40051.13	-2.81758	-29495.42	-40051.13	-2.81758	7.737	0.00
0.00	-29495.86	-40051.28	-2.81795	-29495.86	-40051.28	-2.81795	8.858	0.00
0.00	-29496.19	-40051.38	-2.81804	-29496.19	-40051.38	-2.81804	7.822	0.00
0.00	-29496.51	-40051.48	-2.81806	-29496.51	-40051.48	-2.81806	8.324	0.00
0.00	-29496.83	-40051.59	-2.81804	-29496.83	-40051.59	-2.81804	7.466	0.00
0.00	-29497.17	-40051.70	-2.81808	-29497.17	-40051.70	-2.81808	8.401	0.00
0.00	-29497.50	-40051.80	-2.81811	-29497.50	-40051.80	-2.81811	7.849	0.00
0.00	-29497.82	-40051.91	-2.81833	-29497.82	-40051.91	-2.81833	12.806	0.00
0.00	-29498.16	-40052.02	-2.81851	-29498.16	-40052.02	-2.81851	9.102	0.00
0.00	-29498.51	-40052.13	-2.81869	-29498.51	-40052.13	-2.81869	8.108	0.00
0.00	-29498.86	-40052.24	-2.81886	-29498.86	-40052.24	-2.81886	10.713	0.00
0.00	-29499.26	-40052.38	-2.81906	-29499.26	-40052.38	-2.81906	8.379	0.00
0.00	-29499.52	-40052.46	-2.81902	-29499.52	-40052.46	-2.81902	9.497	0.00
0.00	-29499.84	-40052.56	-2.81868	-29499.84	-40052.56	-2.81868	8.327	0.00
0.00	-29500.16	-40052.67	-2.81824	-29500.16	-40052.67	-2.81824	8.275	0.00
0.00	-29500.49	-40052.78	-2.81784	-29500.49	-40052.78	-2.81784	8.442	0.00
0.00	-29500.83	-40052.89	-2.81754	-29500.83	-40052.89	-2.81754	8.442	0.00
0.00	-29501.16	-40053.00	-2.81727	-29501.16	-40053.00	-2.81727	9.125	0.00
0.00	-29501.49	-40053.11	-2.81705	-29501.49	-40053.11	-2.81705	8.892	0.00
0.00	-29501.84	-40053.22	-2.81677	-29501.84	-40053.22	-2.81677	11.207	0.00
0.00	-29502.19	-40053.34	-2.81636	-29502.19	-40053.34	-2.81636	8.687	0.00
0.00	-29502.60	-40053.48	-2.81588	-29502.60	-40053.48	-2.81588	11.748	0.00
0.00	-29502.91	-40053.58	-2.81548	-29502.91	-40053.58	-2.81548	8.744	0.00
0.00	-29503.26	-40053.69	-2.81564	-29503.26	-40053.69	-2.81564	9.600	0.00
0.00	-29503.58	-40053.80	-2.81587	-29503.58	-40053.80	-2.81587	8.815	0.00
0.00	-29503.94	-40053.92	-2.81616	-29503.94	-40053.92	-2.81616	10.107	0.00
0.00	-29504.27	-40054.02	-2.81654	-29504.27	-40054.02	-2.81654	8.879	0.00
0.00	-29504.64	-40054.14	-2.81667	-29504.64	-40054.14	-2.81667	8.919	0.00
0.00	-29504.98	-40054.25	-2.81684	-29504.98	-40054.25	-2.81684	10.634	0.00
0.00	-29505.34	-40054.37	-2.81701	-29505.34	-40054.37	-2.81701	8.907	0.00
0.00	-29505.68	-40054.48	-2.81750	-29505.68	-40054.48	-2.81750	11.483	0.00
0.00	-29506.11	-40054.62	-2.81772	-29506.11	-40054.62	-2.81772	9.271	0.00
0.00	-29506.42	-40054.71	-2.81810	-29506.42	-40054.71	-2.81810	9.984	0.00
0.00	-29506.72	-40054.81	-2.81853	-29506.72	-40054.81	-2.81853	9.108	0.00
0.00	-29507.17	-40054.95	-2.81928	-29507.17	-40054.95	-2.81928	27.485	0.00
0.00	-29507.37	-40055.02	-2.81992	-29507.37	-40055.02	-2.81992	10.083	0.00
0.00	-29507.77	-40055.15	-2.82056	-29507.77	-40055.15	-2.82056	9.862	0.00
0.00	-29508.15	-40055.27	-2.82097	-29508.15	-40055.27	-2.82097	11.305	0.00
0.00	-29508.50	-40055.38	-2.82137	-29508.50	-40055.38	-2.82137	9.478	0.00
0.00	-29508.85	-40055.49	-2.82156	-29508.85	-40055.49	-2.82156	10.935	0.00
0.00	-29509.22	-40055.61	-2.82165	-29509.22	-40055.61	-2.82165	10.212	0.00
0.00	-29509.62	-40055.74	-2.82196	-29509.62	-40055.74	-2.82196	9.790	0.00
0.00	-29509.96	-40055.85	-2.82230	-29509.96	-40055.85	-2.82230	9.515	0.00
0.00	-29510.29	-40055.96	-2.82234	-29510.29	-40055.96	-2.82234	9.525	0.00
0.00	-29510.66	-40056.08	-2.82174	-29510.66	-40056.08	-2.82174	9.897	0.00
0.00	-29511.02	-40056.20	-2.82116	-29511.02	-40056.20	-2.82116	8.438	0.00
0.00	-29511.43	-40056.34	-2.82098	-29511.43	-40056.34	-2.82098	11.459	0.00
0.00	-29511.78	-40056.45	-2.82104	-29511.78	-40056.45	-2.82104	9.851	0.00
0.00	-29512.16	-40056.57	-2.82118	-29512.16	-40056.57	-2.82118	12.556	0.00
0.00	-29512.53	-40056.69	-2.82134	-29512.53	-40056.69	-2.82134	7.986	0.00
0.00	-29512.90	-40056.81	-2.82121	-29512.90	-40056.81	-2.82121	11.679	0.00
0.00	-29513.31	-40056.95	-2.82080	-29513.31	-40056.95	-2.82080	9.974	0.00
0.00	-29513.66	-40057.06	-2.82064	-29513.66	-40057.06	-2.82064	11.455	0.00
0.00	-29514.00	-40057.17	-2.82075	-29514.00	-40057.17	-2.82075	10.746	0.00
0.00	-29514.36	-40057.29	-2.82092	-29514.36	-40057.29	-2.82092	26.189	0.00
0.00	-29514.74	-40057.41	-2.82117	-29514.74	-40057.41	-2.82117	13.757	0.00
0.00	-29515.10	-40057.52	-2.82169	-29515.10	-40057.52	-2.82169	10.997	0.00
0.00	-29515.59	-40057.68	-2.82222	-29515.59	-40057.68	-2.82222	10.753	0.00
0.00	-29515.84	-40057.75	-2.82267	-29515.84	-40057.75	-2.82267	6.650	0.00
0.00	-29516.23	-40057.88	-2.82270	-29516.23	-40057.88	-2.82270	13.337	0.00
0.00	-29516.59	-40057.99	-2.82304	-29516.59	-40057.99	-2.82304	11.253	0.00
0.00	-29517.03	-40058.13	-2.82304	-29517.03	-40058.13	-2.82304	8.003	0.00
0.00	-29517.35	-40058.23	-2.82304	-29517.35	-40058.23	-2.82304	10.931	0.00
0.00	-29517.71	-40058.35	-2.82313	-29517.71	-40058.35	-2.82313	10.465	0.00
0.00	-29518.05	-40058.46	-2.82371	-29518.05	-40058.46	-2.82371	23.843	0.00
0.00	-29518.43	-40058.57	-2.82413	-29518.43	-40058.57	-2.82413	13.725	0.00
0.00	-29518.78	-40058.68	-2.82445	-29518.78	-40058.68	-2.82445	13.434	0.00
0.00	-29519.13	-40058.80	-2.82461	-29519.13	-40058.80	-2.82461	11.129	0.00
0.00	-29519.55	-40058.93	-2.82451	-29519.55	-40058.93	-2.82451	13.793	0.00
0.00	-29519.87	-40059.03	-2.82465	-29519.87	-40059.03	-2.82465	11.605	0.00
0.00	-29520.35	-40059.18	-2.82515	-29520.35	-40059.18	-2.82515	12.627	0.00
0.00	-29520.73	-40059.30	-2.82573	-29520.73	-40059.30	-2.82573	11.465	0.00
0.00	-29521.03	-40059.39	-2.82631	-29521.03	-40059.39	-2.82631	12.133	0.00
0.00	-29521.35	-40059.49	-2.82694	-29521.35	-40059.49	-2.82694	11.635	0.00
0.00	-29521.72	-40059.61	-2.82741	-29521.72	-40059.61	-2.82741	11.262	0.00
0.00	-29522.08	-40059.73	-2.82699	-29522.08	-40059.73	-2.82699	12.585	0.00
0.00	-29522.44	-40059.84	-2.82666	-29522.44	-40059.84	-2.82666	12.400	0.00
0.00	-29522.80	-40059.96	-2.82640	-29522.80	-40059.96	-2.82640	9.315	0.00
0.00	-29523.15	-40060.08	-2.82621	-29523.15	-40060.08	-2.82621	14.044	0.00
0.00	-29523.50	-40060.19	-2.82586	-29523.50	-40060.19	-2.82586	13.375	0.00
0.00	-29523.90	-40060.32	-2.82525	-29523.90	-40060.32	-2.82525	12.515	0.00
0.00	-29524.26	-40060.44	-2.82467	-29524.26	-40060.44	-2.82467	13.169	0.00
0.00	-29524.61	-40060.56	-2.82427	-29524.61	-40060.56	-2.82427	12.335	0.00
0.00	-29524.97	-40060.67	-2.82376	-29524.97	-40060.67	-2.82376	12.682	0.00
0.00	-29525.33	-40060.79	-2.82308	-29525.33	-40060.79	-2.82308	13.822	0.00
0.00	-29525.69	-40060.91	-2.82252	-29525.69	-40060.91	-2.82252	12.909	0.00
0.00	-29526.04	-40061.03	-2.82218	-29526.04	-40061.03	-2.82218	13.167	0.00
0.00	-29526.40	-40061.14	-2.82190	-29526.40	-40061.14	-2.82190	13.058	0.00
0.00	-29526.75	-40061.26	-2.82147	-29526.75	-40061.26	-2.82147	13.800	0.00
0.00	-29527.10	-40061.38	-2.82101	-29527.10	-40061.38	-2.82101	12.685	0.00
0.00	-29527.46	-40061.50	-2.82051	-29527.46	-40061.50	-2.82051	12.596	0.00
