0.00	0.00	0.00	0.00000	0.00	0.00	0.00000	2.553	0.00
0.00	0.00	0.00	0.00000	0.00	0.00	0.00000	2.518	0.00
0.00	81784.69	-33292.09	0.35000	81784.69	-33292.09	0.35000	2.237	0.00
0.00	81784.87	-33292.12	0.34966	81784.87	-33292.12	0.34966	2.539	0.00
0.00	81784.98	-33292.38	-0.41018	81784.98	-33292.38	-0.41018	3.452	0.00
0.00	81784.94	-33292.71	-0.97241	81784.94	-33292.71	-0.97241	2.254	0.00
0.00	81784.87	-33292.96	-1.27191	81784.87	-33292.96	-1.27191	2.534	0.00
0.00	81784.82	-33293.15	-1.40357	81784.82	-33293.15	-1.40357	2.273	0.00
0.00	81784.78	-33293.32	-1.47099	81784.78	-33293.32	-1.47099	2.338	0.00
0.00	81784.76	-33293.56	-1.51652	81784.76	-33293.56	-1.51652	2.989	0.00
0.00	81784.74	-33293.76	-1.53949	81784.74	-33293.76	-1.53949	2.676	0.00
0.00	81784.73	-33293.96	-1.55334	81784.73	-33293.96	-1.55334	2.634	0.00
0.00	81784.73	-33294.17	-1.56136	81784.73	-33294.17	-1.56136	2.637	0.00
0.00	81784.72	-33294.36	-1.56552	81784.72	-33294.36	-1.56552	2.781	0.00
0.00	81784.72	-33294.55	-1.56768	81784.72	-33294.55	-1.56768	3.112	0.00
0.00	81784.72	-33294.74	-1.56882	81784.72	-33294.74	-1.56882	2.684	0.00
0.00	81784.72	-33294.96	-1.56936	81784.72	-33294.96	-1.56936	2.974	0.00
0.00	81784.72	-33295.18	-1.56950	81784.72	-33295.18	-1.56950	2.891	0.00
0.00	81784.72	-33295.39	-1.56949	81784.72	-33295.39	-1.56949	2.675	0.00
0.00	81784.72	-33295.63	-1.56937	81784.72	-33295.63	-1.56937	2.717	0.00
0.00	81784.72	-33295.85	-1.56927	81784.72	-33295.85	-1.56927	3.226	0.00
0.00	81784.72	-33296.01	-1.56906	81784.72	-33296.01	-1.56906	3.111	0.00
0.00	81784.73	-33296.17	-1.56895	81784.73	-33296.17	-1.56895	3.315	0.00
0.00	81784.73	-33296.35	-1.56860	81784.73	-33296.35	-1.56860	3.012	0.00
0.00	81784.73	-33296.53	-1.56821	81784.73	-33296.53	-1.56821	3.287	0.00
0.00	81784.73	-33296.72	-1.56783	81784.73	-33296.72	-1.56783	3.109	0.00
0.00	81784.74	-33296.91	-1.56747	81784.74	-33296.91	-1.56747	3.143	0.00
0.00	81784.74	-33297.11	-1.56719	81784.74	-33297.11	-1.56719	3.229	0.00
0.00	81784.74	-33297.29	-1.56706	81784.74	-33297.29	-1.56706	2.940	0.00
0.00	81784.74	-33297.51	-1.56705	81784.74	-33297.51	-1.56705	2.934	0.00
0.00	81784.74	-33297.74	-1.56707	81784.74	-33297.74	-1.56707	3.723	0.00
0.00	81784.75	-33297.97	-1.56710	81784.75	-33297.97	-1.56710	3.636	0.00
0.00	81784.75	-33298.21	-1.56713	81784.75	-33298.21	-1.56713	4.039	0.00
0.00	81784.75	-33298.42	-1.56720	81784.75	-33298.42	-1.56720	4.007	0.00
0.00	81784.75	-33298.65	-1.56724	81784.75	-33298.65	-1.56724	3.906	0.00
0.00	81784.75	-33298.80	-1.56729	81784.75	-33298.80	-1.56729	3.804	0.00
0.00	81784.75	-33298.98	-1.56738	81784.75	-33298.98	-1.56738	3.860	0.00
0.00	81784.75	-33299.19	-1.56746	81784.75	-33299.19	-1.56746	3.759	0.00
0.00	81784.76	-33299.38	-1.56750	81784.76	-33299.38	-1.56750	4.459	0.00
0.00	81784.76	-33299.56	-1.56758	81784.76	-33299.56	-1.56758	3.974	0.00
0.00	81784.76	-33299.77	-1.56768	81784.76	-33299.77	-1.56768	4.112	0.00
0.00	81784.76	-33299.97	-1.56779	81784.76	-33299.97	-1.56779	4.290	0.00
0.00	81784.76	-33300.13	-1.56793	81784.76	-33300.13	-1.56793	4.186	0.00
0.00	81784.76	-33300.30	-1.56810	81784.76	-33300.30	-1.56810	4.147	0.00
0.00	81784.76	-33300.48	-1.56828	81784.76	-33300.48	-1.56828	4.478	0.00
0.00	81784.76	-33300.67	-1.56845	81784.76	-33300.67	-1.56845	4.619	0.00
0.00	81784.76	-33300.86	-1.56858	81784.76	-33300.86	-1.56858	4.507	0.00
0.00	81784.76	-33301.08	-1.56873	81784.76	-33301.08	-1.56873	4.777	0.00
0.00	81784.77	-33301.27	-1.56891	81784.77	-33301.27	-1.56891	4.355	0.00
0.00	81784.77	-33301.45	-1.56903	81784.77	-33301.45	-1.56903	4.598	0.00
0.00	81784.77	-33301.63	-1.56919	81784.77	-33301.63	-1.56919	4.555	0.00
0.00	81784.77	-33301.83	-1.56941	81784.77	-33301.83	-1.56941	4.937	0.00
0.00	81784.77	-33302.07	-1.56958	81784.77	-33302.07	-1.56958	4.871	0.00
0.00	81784.77	-33302.26	-1.56971	81784.77	-33302.26	-1.56971	4.983	0.00
0.00	81784.77	-33302.45	-1.56977	81784.77	-33302.45	-1.56977	4.927	0.00
0.00	81784.77	-33302.65	-1.56984	81784.77	-33302.65	-1.56984	5.076	0.00
0.00	81784.78	-33302.90	-1.56996	81784.78	-33302.90	-1.56996	5.232	0.00
0.00	81784.78	-33303.11	-1.57012	81784.78	-33303.11	-1.57012	5.107	0.00
0.00	81784.78	-33303.31	-1.57017	81784.78	-33303.31	-1.57017	5.142	0.00
0.00	81784.78	-33303.48	-1.57018	81784.78	-33303.48	-1.57018	4.845	0.00
0.00	81784.78	-33303.64	-1.57014	81784.78	-33303.64	-1.57014	4.921	0.00
0.00	81784.78	-33303.80	-1.57008	81784.78	-33303.80	-1.57008	5.086	0.00
0.00	81784.79	-33303.98	-1.56997	81784.79	-33303.98	-1.56997	4.930	0.00
0.00	81784.79	-33304.19	-1.56981	81784.79	-33304.19	-1.56981	15.599	0.00
0.00	81784.79	-33304.41	-1.56967	81784.79	-33304.41	-1.56967	4.497	0.00
0.00	81784.80	-33304.61	-1.56958	81784.80	-33304.61	-1.56958	5.514	0.00
0.00	81784.80	-33304.79	-1.56949	81784.80	-33304.79	-1.56949	5.494	0.00
0.00	81784.80	-33305.00	-1.56926	81784.80	-33305.00	-1.56926	6.164	0.00
0.00	81784.80	-33306.37	-1.57147	81784.80	-33306.37	-1.57147	5.622	0.00
0.00	81784.80	-33305.52	-1.57116	81784.80	-33305.52	-1.57116	5.305	0.00
0.00	81784.80	-33305.54	-1.57120	81784.80	-33305.54	-1.57120	5.520	0.00
0.00	81784.80	-33305.57	-1.57124	81784.80	-33305.57	-1.57124	5.218	0.00
0.00	81784.80	-33305.62	-1.57132	81784.80	-33305.62	-1.57132	4.110	0.00
0.00	81784.80	-33305.71	-1.57147	81784.80	-33305.71	-1.57147	5.802	0.00
0.00	81784.80	-33305.71	-1.57147	81784.80	-33305.71	-1.57147	5.537	0.00
0.00	81784.82	-33306.34	-1.56975	81784.82	-33306.34	-1.56975	4.831	0.00
0.00	81784.82	-33306.70	-1.56842	81784.82	-33306.70	-1.56842	5.930	0.00
0.00	81784.83	-33307.03	-1.56671	81784.83	-33307.03	-1.56671	10.949	0.00
0.00	81784.84	-33307.28	-1.56515	81784.84	-33307.28	-1.56515	7.121	0.00
0.00	81784.85	-33307.57	-1.56401	81784.85	-33307.57	-1.56401	8.120	0.00
0.00	81784.86	-33307.73	-1.56292	81784.86	-33307.73	-1.56292	8.072	0.00
0.00	81784.86	-33307.96	-1.56194	81784.86	-33307.96	-1.56194	8.211	0.00
0.00	81784.87	-33308.19	-1.56125	81784.87	-33308.19	-1.56125	7.153	0.00
0.00	81784.88	-33308.44	-1.56026	81784.88	-33308.44	-1.56026	8.080	0.00
0.00	81784.88	-33308.63	-1.55925	81784.88	-33308.63	-1.55925	8.499	0.00
0.00	81784.89	-33308.84	-1.55853	81784.89	-33308.84	-1.55853	8.917	0.00
0.00	81784.90	-33309.03	-1.55754	81784.90	-33309.03	-1.55754	8.635	0.00
0.00	81784.90	-33309.23	-1.55669	81784.90	-33309.23	-1.55669	7.624	0.00
0.00	81784.91	-33309.44	-1.55577	81784.91	-33309.44	-1.55577	8.486	0.00
0.00	81784.91	-33309.64	-1.55480	81784.91	-33309.64	-1.55480	8.052	0.00
0.00	81784.92	-33309.84	-1.55355	81784.92	-33309.84	-1.55355	8.371	0.00
0.00	81784.93	-33310.04	-1.55270	81784.93	-33310.04	-1.55270	7.804	0.00
0.00	81784.94	-33310.25	-1.55195	81784.94	-33310.25	-1.55195	8.648	0.00
0.00	81784.94	-33310.45	-1.55089	81784.94	-33310.45	-1.55089	7.867	0.00
0.00	81784.95	-33310.65	-1.55012	81784.95	-33310.65	-1.55012	8.422	0.00
0.00	81784.96	-33310.85	-1.54943	81784.96	-33310.85	-1.54943	8.120	0.00
0.00	81784.97	-33311.07	-1.54879	81784.97	-33311.07	-1.54879	9.241	0.00
0.00	81784.97	-33311.26	-1.54822	81784.97	-33311.26	-1.54822	9.201	0.00
0.00	81784.98	-33311.46	-1.54746	81784.98	-33311.46	-1.54746	9.674	0.00
0.00	81784.99	-33311.68	-1.54692	81784.99	-33311.68	-1.54692	9.082	0.00
0.00	81784.99	-33311.87	-1.54625	81784.99	-33311.87	-1.54625	10.062	0.00
0.00	81785.00	-33312.06	-1.54562	81785.00	-33312.06	-1.54562	8.785	0.00
0.00	81785.01	-33312.24	-1.54496	81785.01	-33312.24	-1.54496	9.475	0.00
0.00	81785.02	-33312.43	-1.54443	81785.02	-33312.43	-1.54443	9.269	0.00
0.00	81785.02	-33312.64	-1.54387	81785.02	-33312.64	-1.54387	9.821	0.00
0.00	81785.03	-33312.86	-1.54341	81785.03	-33312.86	-1.54341	9.066	0.00
0.00	81785.04	-33313.08	-1.54300	81785.04	-33313.08	-1.54300	9.522	0.00
0.00	81785.05	-33313.46	-1.54228	81785.05	-33313.46	-1.54228	10.116	0.00
0.00	81785.06	-33313.55	-1.54207	81785.06	-33313.55	-1.54207	10.457	0.00
0.00	81785.06	-33313.76	-1.54177	81785.06	-33313.76	-1.54177	10.847	0.00
0.00	81785.07	-33313.97	-1.54137	81785.07	-33313.97	-1.54137	10.808	0.00
0.00	81785.08	-33314.17	-1.54102	81785.08	-33314.17	-1.54102	9.303	0.00
0.00	81785.09	-33314.32	-1.54079	81785.09	-33314.32	-1.54079	10.713	0.00
0.00	81785.09	-33314.52	-1.54055	81785.09	-33314.52	-1.54055	10.131	0.00
0.00	81785.10	-33314.71	-1.54031	81785.10	-33314.71	-1.54031	10.095	0.00
0.00	81785.11	-33314.92	-1.54004	81785.11	-33314.92	-1.54004	10.782	0.00
0.00	81785.11	-33315.13	-1.53984	81785.11	-33315.13	-1.53984	10.887	0.00
0.00	81785.12	-33315.28	-1.53973	81785.12	-33315.28	-1.53973	10.703	0.00
0.00	81785.13	-33315.45	-1.53955	81785.13	-33315.45	-1.53955	11.849	0.00
0.00	81785.13	-33315.63	-1.53935	81785.13	-33315.63	-1.53935	10.717	0.00
0.00	81785.14	-33315.81	-1.53917	81785.14	-33315.81	-1.53917	11.759	0.00
0.00	81785.15	-33316.01	-1.53891	81785.15	-33316.01	-1.53891	11.545	0.00
0.00	81785.15	-33316.21	-1.53865	81785.15	-33316.21	-1.53865	11.504	0.00
0.00	81785.16	-33316.37	-1.53831	81785.16	-33316.37	-1.53831	10.702	0.00
0.00	81785.17	-33316.57	-1.53806	81785.17	-33316.57	-1.53806	12.498	0.00
0.00	81785.18	-33316.76	-1.53781	81785.18	-33316.76	-1.53781	11.689	0.00
0.00	81785.18	-33316.94	-1.53753	81785.18	-33316.94	-1.53753	11.603	0.00
0.00	81785.19	-33317.22	-1.53722	81785.19	-33317.22	-1.53722	11.361	0.00
0.00	81785.20	-33317.30	-1.53711	81785.20	-33317.30	-1.53711	11.904	0.00
0.00	81785.20	-33317.51	-1.53695	81785.20	-33317.51	-1.53695	12.948	0.00
0.00	81785.21	-33317.74	-1.53673	81785.21	-33317.74	-1.53673	11.102	0.00
0.00	81785.22	-33317.99	-1.53643	81785.22	-33317.99	-1.53643	12.604	0.00
0.00	81785.23	-33318.09	-1.53627	81785.23	-33318.09	-1.53627	11.563	0.00
0.00	81785.24	-33318.28	-1.53614	81785.24	-33318.28	-1.53614	12.244	0.00
0.00	81785.24	-33318.47	-1.53592	81785.24	-33318.47	-1.53592	12.408	0.00
0.00	81785.25	-33318.64	-1.53562	81785.25	-33318.64	-1.53562	12.011	0.00
0.00	81785.26	-33318.84	-1.53549	81785.26	-33318.84	-1.53549	12.680	0.00
0.00	81785.27	-33319.03	-1.53522	81785.27	-33319.03	-1.53522	13.222	0.00
0.00	81785.27	-33319.22	-1.53478	81785.27	-33319.22	-1.53478	12.260	0.00
0.00	81785.28	-33319.42	-1.53442	81785.28	-33319.42	-1.53442	13.176	0.00
0.00	81785.29	-33319.60	-1.53402	81785.29	-33319.60	-1.53402	13.634	0.00
0.00	81785.30	-33319.80	-1.53356	81785.30	-33319.80	-1.53356	13.962	0.00
0.00	81785.31	-33320.00	-1.53312	81785.31	-33320.00	-1.53312	12.796	0.00
0.00	81785.32	-33320.19	-1.53258	81785.32	-33320.19	-1.53258	13.351	0.00
0.00	81785.33	-33320.39	-1.53202	81785.33	-33320.39	-1.53202	13.965	0.00
0.00	81785.34	-33320.59	-1.53143	81785.34	-33320.59	-1.53143	13.393	0.00
0.00	81785.35	-33320.79	-1.53080	81785.35	-33320.79	-1.53080	15.725	0.00
0.00	81785.36	-33320.98	-1.53018	81785.36	-33320.98	-1.53018	13.981	0.00
0.00	81785.37	-33321.17	-1.52954	81785.37	-33321.17	-1.52954	15.297	0.00
0.00	81785.38	-33321.31	-1.52881	81785.38	-33321.31	-1.52881	13.267	0.00
0.00	81785.39	-33321.50	-1.52820	81785.39	-33321.50	-1.52820	14.052	0.00
0.00	81785.40	-33321.68	-1.52757	81785.40	-33321.68	-1.52757	13.913	0.00
0.00	81785.41	-33321.91	-1.52679	81785.41	-33321.91	-1.52679	14.819	0.00
0.00	81785.42	-33322.09	-1.52601	81785.42	-33322.09	-1.52601	14.434	0.00
0.00	81785.43	-33322.23	-1.52548	81785.43	-33322.23	-1.52548	14.602	0.00
0.00	81785.45	-33322.53	-1.52458	81785.45	-33322.53	-1.52458	14.194	0.00
0.00	81785.46	-33322.62	-1.52420	81785.46	-33322.62	-1.52420	14.869	0.00
0.00	81785.47	-33322.84	-1.52358	81785.47	-33322.84	-1.52358	14.436	0.00
0.00	81785.48	-33323.03	-1.52288	81785.48	-33323.03	-1.52288	15.568	0.00
0.00	81785.49	-33323.21	-1.52215	81785.49	-33323.21	-1.52215	13.689	0.00
0.00	81785.50	-33323.39	-1.52116	81785.50	-33323.39	-1.52116	15.054	0.00
0.00	81785.52	-33323.56	-1.52005	81785.52	-33323.56	-1.52005	14.119	0.00
0.00	81785.53	-33323.73	-1.51900	81785.53	-33323.73	-1.51900	14.045	0.00
0.00	81785.54	-33323.89	-1.51798	81785.54	-33323.89	-1.51798	15.258	0.00
0.00	81785.56	-33324.09	-1.51716	81785.56	-33324.09	-1.51716	15.154	0.00
0.00	81785.57	-33324.29	-1.51635	81785.57	-33324.29	-1.51635	14.824	0.00
0.00	81785.59	-33324.44	-1.51538	81785.59	-33324.44	-1.51538	15.125	0.00
0.00	81785.60	-33324.64	-1.51460	81785.60	-33324.64	-1.51460	14.485	0.00
0.00	81785.62	-33324.82	-1.51370	81785.62	-33324.82	-1.51370	15.930	0.00
0.00	81785.63	-33325.02	-1.51317	81785.63	-33325.02	-1.51317	15.818	0.00
0.00	81785.64	-33325.21	-1.51241	81785.64	-33325.21	-1.51241	15.241	0.00
0.00	81785.66	-33325.40	-1.51166	81785.66	-33325.40	-1.51166	14.933	0.00
0.00	81785.67	-33325.60	-1.51078	81785.67	-33325.60	-1.51078	12.875	0.00
0.00	81785.69	-33325.84	-1.51009	81785.69	-33325.84	-1.51009	15.478	0.00
0.00	81785.70	-33325.99	-1.50945	81785.70	-33325.99	-1.50945	15.653	0.00
0.00	81785.73	-33326.41	-1.50848	81785.73	-33326.41	-1.50848	16.248	0.00
0.00	81785.74	-33326.47	-1.50834	81785.74	-33326.47	-1.50834	16.837	0.00
0.00	81785.75	-33326.67	-1.50780	81785.75	-33326.67	-1.50780	16.807	0.00
0.00	81785.77	-33326.84	-1.50747	81785.77	-33326.84	-1.50747	15.682	0.00
0.00	81785.78	-33327.01	-1.50708	81785.78	-33327.01	-1.50708	16.516	0.00
0.00	81785.79	-33327.18	-1.50669	81785.79	-33327.18	-1.50669	15.907	0.00
0.00	81785.81	-33327.37	-1.50635	81785.81	-33327.37	-1.50635	16.613	0.00
0.00	81785.83	-33327.68	-1.50624	81785.83	-33327.68	-1.50624	16.644	0.00
0.00	81785.83	-33327.68	-1.50604	81785.83	-33327.68	-1.50604	16.807	0.00
0.00	81785.84	-33327.88	-1.50583	81785.84	-33327.88	-1.50583	17.017	0.00
0.00	81785.86	-33328.12	-1.50565	81785.86	-33328.12	-1.50565	16.739	0.00
0.00	81785.87	-33328.32	-1.50543	81785.87	-33328.32	-1.50543	16.232	0.00
0.00	81785.89	-33328.52	-1.50525	81785.89	-33328.52	-1.50525	17.145	0.00
0.00	81785.90	-33328.70	-1.50509	81785.90	-33328.70	-1.50509	17.785	0.00
0.00	81785.91	-33328.91	-1.50496	81785.91	-33328.91	-1.50496	16.760	0.00
0.00	81785.93	-33329.09	-1.50484	81785.93	-33329.09	-1.50484	17.539	0.00
0.00	81785.94	-33329.28	-1.50472	81785.94	-33329.28	-1.50472	17.291	0.00
0.00	81785.95	-33329.47	-1.50462	81785.95	-33329.47	-1.50462	16.728	0.00
0.00	81785.97	-33329.64	-1.50455	81785.97	-33329.64	-1.50455	17.757	0.00
0.00	81785.98	-33329.87	-1.50455	81785.98	-33329.87	-1.50455	17.644	0.00
0.00	81785.99	-33330.05	-1.50456	81785.99	-33330.05	-1.50456	17.067	0.00
0.00	81786.01	-33330.23	-1.50457	81786.01	-33330.23	-1.50457	18.497	0.00
0.00	81786.02	-33330.41	-1.50452	81786.02	-33330.41	-1.50452	17.283	0.00
0.00	81786.03	-33330.61	-1.50446	81786.03	-33330.61	-1.50446	17.504	0.00
0.00	81786.04	-33330.80	-1.50439	81786.04	-33330.80	-1.50439	17.611	0.00
0.00	81786.06	-33331.00	-1.50429	81786.06	-33331.00	-1.50429	17.846	0.00
0.00	81786.07	-33331.18	-1.50416	81786.07	-33331.18	-1.50416	17.489	0.00
0.00	81786.08	-33331.36	-1.50394	81786.08	-33331.36	-1.50394	19.004	0.00
0.00	81786.10	-33331.55	-1.50370	81786.10	-33331.55	-1.50370	17.893	0.00
0.00	81786.11	-33331.73	-1.50352	81786.11	-33331.73	-1.50352	19.519	0.00
0.00	81786.13	-33331.93	-1.50330	81786.13	-33331.93	-1.50330	19.747	0.00
0.00	81786.14	-33332.11	-1.50306	81786.14	-33332.11	-1.50306	19.117	0.00
0.00	81786.15	-33332.28	-1.50291	81786.15	-33332.28	-1.50291	18.484	0.00
0.00	81786.17	-33332.50	-1.50265	81786.17	-33332.50	-1.50265	19.284	0.00
0.00	81786.18	-33332.71	-1.50240	81786.18	-33332.71	-1.50240	18.579	0.00
0.00	81786.20	-33332.88	-1.50210	81786.20	-33332.88	-1.50210	18.416	0.00
0.00	81786.21	-33333.05	-1.50177	81786.21	-33333.05	-1.50177	18.855	0.00
0.00	81786.23	-33333.24	-1.50146	81786.23	-33333.24	-1.50146	19.432	0.00
0.00	81786.24	-33333.41	-1.50113	81786.24	-33333.41	-1.50113	18.868	0.00
0.00	81786.25	-33333.59	-1.50072	81786.25	-33333.59	-1.50072	19.337	0.00
0.00	81786.27	-33333.79	-1.50032	81786.27	-33333.79	-1.50032	19.078	0.00
0.00	81786.29	-33333.97	-1.49992	81786.29	-33333.97	-1.49992	19.128	0.00
0.00	81786.30	-33334.21	-1.49949	81786.30	-33334.21	-1.49949	19.308	0.00
0.00	81786.32	-33334.40	-1.49921	81786.32	-33334.40	-1.49921	19.793	0.00
0.00	81786.34	-33334.61	-1.49896	81786.34	-33334.61	-1.49896	18.457	0.00
0.00	81786.35	-33334.81	-1.49867	81786.35	-33334.81	-1.49867	20.898	0.00
0.00	81786.37	-33334.96	-1.49826	81786.37	-33334.96	-1.49826	20.572	0.00
0.00	81786.38	-33335.13	-1.49780	81786.38	-33335.13	-1.49780	19.839	0.00
0.00	81786.40	-33335.30	-1.49730	81786.40	-33335.30	-1.49730	19.784	0.00
0.00	81786.41	-33335.48	-1.49684	81786.41	-33335.48	-1.49684	19.572	0.00
0.00	81786.43	-33335.64	-1.49641	81786.43	-33335.64	-1.49641	20.815	0.00
0.00	81786.44	-33335.81	-1.49595	81786.44	-33335.81	-1.49595	19.913	0.00
0.00	81786.46	-33336.00	-1.49547	81786.46	-33336.00	-1.49547	21.344	0.00
0.00	81786.48	-33336.19	-1.49497	81786.48	-33336.19	-1.49497	19.857	0.00
0.00	81786.49	-33336.38	-1.49452	81786.49	-33336.38	-1.49452	20.583	0.00
0.00	81786.51	-33336.56	-1.49397	81786.51	-33336.56	-1.49397	21.328	0.00
0.00	81786.53	-33336.75	-1.49349	81786.53	-33336.75	-1.49349	19.841	0.00
0.00	81786.55	-33336.95	-1.49311	81786.55	-33336.95	-1.49311	20.407	0.00
0.00	81786.57	-33337.13	-1.49278	81786.57	-33337.13	-1.49278	21.344	0.00
0.00	81786.58	-33337.32	-1.49247	81786.58	-33337.32	-1.49247	20.486	0.00
0.00	81786.60	-33337.48	-1.49220	81786.60	-33337.48	-1.49220	22.085	0.00
0.00	81786.62	-33337.66	-1.49188	81786.62	-33337.66	-1.49188	20.767	0.00
0.00	81786.64	-33337.85	-1.49157	81786.64	-33337.85	-1.49157	21.087	0.00
0.00	81786.65	-33338.03	-1.49126	81786.65	-33338.03	-1.49126	21.105	0.00
0.00	81786.67	-33338.25	-1.49102	81786.67	-33338.25	-1.49102	21.244	0.00
0.00	81786.69	-33338.42	-1.49087	81786.69	-33338.42	-1.49087	22.043	0.00
0.00	81786.71	-33338.61	-1.49072	81786.71	-33338.61	-1.49072	22.651	0.00
0.00	81786.73	-33338.78	-1.49053	81786.73	-33338.78	-1.49053	21.758	0.00
0.00	81786.74	-33338.96	-1.49037	81786.74	-33338.96	-1.49037	21.323	0.00
0.00	81786.76	-33339.13	-1.49023	81786.76	-33339.13	-1.49023	23.861	0.00
0.00	81786.78	-33339.29	-1.49014	81786.78	-33339.29	-1.49014	21.612	0.00
0.00	81786.79	-33339.47	-1.49003	81786.79	-33339.47	-1.49003	22.799	0.00
0.00	81786.81	-33339.66	-1.48990	81786.81	-33339.66	-1.48990	22.191	0.00
0.00	81786.83	-33339.84	-1.48975	81786.83	-33339.84	-1.48975	22.270	0.00
0.00	81786.85	-33340.04	-1.48970	81786.85	-33340.04	-1.48970	22.180	0.00
0.00	81786.87	-33340.22	-1.48973	81786.87	-33340.22	-1.48973	21.952	0.00
0.00	81786.89	-33340.41	-1.48991	81786.89	-33340.41	-1.48991	21.408	0.00
0.00	81786.90	-33340.58	-1.49020	81786.90	-33340.58	-1.49020	23.815	0.00
0.00	81786.92	-33340.77	-1.49049	81786.92	-33340.77	-1.49049	22.247	0.00
0.00	81786.94	-33340.96	-1.49096	81786.94	-33340.96	-1.49096	25.169	0.00
0.00	81786.96	-33341.15	-1.49153	81786.96	-33341.15	-1.49153	22.289	0.00
0.00	81786.98	-33341.31	-1.49224	81786.98	-33341.31	-1.49224	22.847	0.00
0.00	81786.99	-33341.49	-1.49293	81786.99	-33341.49	-1.49293	22.860	0.00
0.00	81787.01	-33341.68	-1.49361	81787.01	-33341.68	-1.49361	22.607	0.00
0.00	81787.03	-33341.86	-1.49430	81787.03	-33341.86	-1.49430	23.509	0.00
0.00	81787.04	-33342.04	-1.49504	81787.04	-33342.04	-1.49504	24.248	0.00
0.00	81787.06	-33342.20	-1.49581	81787.06	-33342.20	-1.49581	23.399	0.00
0.00	81787.08	-33342.43	-1.49663	81787.08	-33342.43	-1.49663	23.486	0.00
0.00	81787.09	-33342.60	-1.49766	81787.09	-33342.60	-1.49766	22.792	0.00
0.00	81787.10	-33342.78	-1.49880	81787.10	-33342.78	-1.49880	23.480	0.00
0.00	81787.12	-33342.95	-1.49995	81787.12	-33342.95	-1.49995	24.221	0.00
0.00	81787.13	-33343.11	-1.50115	81787.13	-33343.11	-1.50115	23.888	0.00
0.00	81787.15	-33343.29	-1.50247	81787.15	-33343.29	-1.50247	22.797	0.00
0.00	81787.16	-33343.50	-1.50382	81787.16	-33343.50	-1.50382	23.922	0.00
0.00	81787.18	-33343.70	-1.50524	81787.18	-33343.70	-1.50524	23.422	0.00
0.00	81787.19	-33343.89	-1.50679	81787.19	-33343.89	-1.50679	23.688	0.00
0.00	81787.20	-33344.05	-1.50843	81787.20	-33344.05	-1.50843	23.666	0.00
0.00	81787.21	-33344.21	-1.51022	81787.21	-33344.21	-1.51022	24.989	0.00
0.00	81787.23	-33344.39	-1.51223	81787.23	-33344.39	-1.51223	24.131	0.00
0.00	81787.24	-33344.57	-1.51457	81787.24	-33344.57	-1.51457	23.797	0.00
0.00	81787.25	-33344.76	-1.51702	81787.25	-33344.76	-1.51702	24.365	0.00
0.00	81787.26	-33344.96	-1.51959	81787.26	-33344.96	-1.51959	23.704	0.00
0.00	81787.27	-33345.15	-1.52247	81787.27	-33345.15	-1.52247	24.600	0.00
0.00	81787.29	-33345.37	-1.52547	81787.29	-33345.37	-1.52547	24.271	0.00
0.00	81787.30	-33345.57	-1.52862	81787.30	-33345.57	-1.52862	24.458	0.00
0.00	81787.31	-33345.76	-1.53194	81787.31	-33345.76	-1.53194	24.490	0.00
0.00	81787.32	-33345.95	-1.53541	81787.32	-33345.95	-1.53541	26.454	0.00
0.00	81787.33	-33346.12	-1.53904	81787.33	-33346.12	-1.53904	24.539	0.00
0.00	81787.33	-33346.26	-1.54260	81787.33	-33346.26	-1.54260	25.012	0.00
0.00	81787.34	-33346.45	-1.54622	81787.34	-33346.45	-1.54622	25.032	0.00
0.00	81787.35	-33346.59	-1.54983	81787.35	-33346.59	-1.54983	24.969	0.00
0.00	81787.35	-33346.78	-1.55343	81787.35	-33346.78	-1.55343	25.170	0.00
0.00	81787.36	-33346.92	-1.55686	81787.36	-33346.92	-1.55686	26.322	0.00
0.00	81787.36	-33347.14	-1.56069	81787.36	-33347.14	-1.56069	25.529	0.00
0.00	81787.37	-33347.34	-1.56467	81787.37	-33347.34	-1.56467	28.101	0.00
0.00	81787.37	-33347.54	-1.56863	81787.37	-33347.54	-1.56863	25.792	0.00
0.00	81787.37	-33347.75	-1.57260	81787.37	-33347.75	-1.57260	25.667	0.00
0.00	81787.37	-33347.96	-1.57661	81787.37	-33347.96	-1.57661	26.194	0.00
0.00	81787.37	-33348.14	-1.58046	81787.37	-33348.14	-1.58046	26.972	0.00
0.00	81787.37	-33348.31	-1.58434	81787.37	-33348.31	-1.58434	26.380	0.00
0.00	81787.37	-33348.48	-1.58807	81787.37	-33348.48	-1.58807	27.212	0.00
0.00	81787.37	-33348.66	-1.59185	81787.37	-33348.66	-1.59185	27.101	0.00
0.00	81787.37	-33348.86	-1.59570	81787.37	-33348.86	-1.59570	26.042	0.00
0.00	81787.37	-33349.06	-1.59947	81787.37	-33349.06	-1.59947	25.994	0.00
0.00	81787.37	-33349.22	-1.60328	81787.37	-33349.22	-1.60328	26.783	0.00
0.00	81787.36	-33349.37	-1.60699	81787.36	-33349.37	-1.60699	27.743	0.00
0.00	81787.36	-33349.53	-1.61065	81787.36	-33349.53	-1.61065	26.830	0.00
0.00	81787.36	-33349.70	-1.61410	81787.36	-33349.70	-1.61410	25.593	0.00
0.00	81787.35	-33349.89	-1.61740	81787.35	-33349.89	-1.61740	26.972	0.00
0.00	81787.34	-33350.07	-1.62048	81787.34	-33350.07	-1.62048	25.840	0.00
0.00	81787.34	-33350.23	-1.62335	81787.34	-33350.23	-1.62335	26.512	0.00
0.00	81787.33	-33350.43	-1.62585	81787.33	-33350.43	-1.62585	27.274	0.00
0.00	81787.32	-33350.67	-1.62806	81787.32	-33350.67	-1.62806	26.506	0.00
0.00	81787.31	-33350.87	-1.63012	81787.31	-33350.87	-1.63012	27.411	0.00
0.00	81787.30	-33351.07	-1.63192	81787.30	-33351.07	-1.63192	28.631	0.00
0.00	81787.29	-33351.26	-1.63350	81787.29	-33351.26	-1.63350	27.778	0.00
0.00	81787.28	-33351.45	-1.63484	81787.28	-33351.45	-1.63484	27.625	0.00
0.00	81787.27	-33351.64	-1.63592	81787.27	-33351.64	-1.63592	29.993	0.00
0.00	81787.26	-33351.79	-1.63671	81787.26	-33351.79	-1.63671	26.968	0.00
0.00	81787.25	-33351.93	-1.63714	81787.25	-33351.93	-1.63714	27.885	0.00
0.00	81787.24	-33352.09	-1.63725	81787.24	-33352.09	-1.63725	28.633	0.00
0.00	81787.23	-33352.26	-1.63704	81787.23	-33352.26	-1.63704	27.508	0.00
0.00	81787.22	-33352.43	-1.63655	81787.22	-33352.43	-1.63655	27.051	0.00
0.00	81787.21	-33352.60	-1.63583	81787.21	-33352.60	-1.63583	27.625	0.00
0.00	81787.20	-33352.78	-1.63484	81787.20	-33352.78	-1.63484	28.732	0.00
0.00	81787.19	-33352.95	-1.63342	81787.19	-33352.95	-1.63342	26.275	0.00
0.00	81787.18	-33353.13	-1.63168	81787.18	-33353.13	-1.63168	29.256	0.00
0.00	81787.17	-33353.29	-1.62957	81787.17	-33353.29	-1.62957	29.355	0.00
0.00	81787.16	-33353.47	-1.62700	81787.16	-33353.47	-1.62700	27.938	0.00
0.00	81787.15	-33353.66	-1.62410	81787.15	-33353.66	-1.62410	29.284	0.00
0.00	81787.15	-33353.82	-1.62090	81787.15	-33353.82	-1.62090	27.810	0.00
0.00	81787.14	-33353.99	-1.61726	81787.14	-33353.99	-1.61726	28.960	0.00
0.00	81787.13	-33354.19	-1.61327	81787.13	-33354.19	-1.61327	31.698	0.00
0.00	81787.12	-33354.39	-1.60889	81787.12	-33354.39	-1.60889	30.911	0.00
0.00	81787.12	-33354.58	-1.60400	81787.12	-33354.58	-1.60400	30.487	0.00
0.00	81787.11	-33354.74	-1.59884	81787.11	-33354.74	-1.59884	29.083	0.00
0.00	81787.10	-33355.28	-1.58381	81787.10	-33355.28	-1.58381	33.892	0.00
0.00	81787.10	-33355.25	-1.57866	81787.10	-33355.25	-1.57866	34.273	0.00
0.00	81787.10	-33355.27	-1.57397	81787.10	-33355.27	-1.57397	35.579	0.00
0.00	81787.10	-33355.46	-1.56893	81787.10	-33355.46	-1.56893	30.694	0.00
0.00	81787.10	-33355.56	-1.56445	81787.10	-33355.56	-1.56445	31.806	0.00
0.00	81787.10	-33355.70	-1.55919	81787.10	-33355.70	-1.55919	30.822	0.00
0.00	81787.11	-33355.92	-1.55210	81787.11	-33355.92	-1.55210	31.709	0.00
0.00	81787.11	-33356.13	-1.54404	81787.11	-33356.13	-1.54404	31.120	0.00
0.00	81787.11	-33356.25	-1.53739	81787.11	-33356.25	-1.53739	38.403	0.00
0.00	81787.12	-33356.43	-1.52926	81787.12	-33356.43	-1.52926	30.043	0.00
0.00	81787.13	-33356.61	-1.52069	81787.13	-33356.61	-1.52069	30.509	0.00
0.00	81787.14	-33356.77	-1.51216	81787.14	-33356.77	-1.51216	29.392	0.00
0.00	81787.15	-33356.95	-1.50342	81787.15	-33356.95	-1.50342	30.372	0.00
0.00	81787.16	-33357.10	-1.49472	81787.16	-33357.10	-1.49472	29.535	0.00
0.00	81787.17	-33357.26	-1.48618	81787.17	-33357.26	-1.48618	29.940	0.00
0.00	81787.19	-33357.44	-1.47747	81787.19	-33357.44	-1.47747	31.465	0.00
0.00	81787.21	-33357.61	-1.46877	81787.21	-33357.61	-1.46877	30.483	0.00
0.00	81787.22	-33357.79	-1.45981	81787.22	-33357.79	-1.45981	31.835	0.00
0.00	81787.24	-33357.95	-1.45079	81787.24	-33357.95	-1.45079	33.147	0.00
0.00	81787.27	-33358.13	-1.44151	81787.27	-33358.13	-1.44151	29.822	0.00
0.00	81787.29	-33358.29	-1.43196	81787.29	-33358.29	-1.43196	31.233	0.00
0.00	81787.31	-33358.46	-1.42208	81787.31	-33358.46	-1.42208	30.473	0.00
0.00	81787.34	-33358.62	-1.41168	81787.34	-33358.62	-1.41168	33.910	0.00
0.00	81787.37	-33358.78	-1.40094	81787.37	-33358.78	-1.40094	30.488	0.00
0.00	81787.40	-33358.95	-1.38972	81787.40	-33358.95	-1.38972	31.067	0.00
0.00	81787.46	-33359.28	-1.36837	81787.46	-33359.28	-1.36837	34.363	0.00
0.00	81787.48	-33359.37	-1.35976	81787.48	-33359.37	-1.35976	34.143	0.00
0.00	81787.50	-33359.47	-1.35170	81787.50	-33359.47	-1.35170	32.937	0.00
0.00	81787.53	-33359.59	-1.34269	81787.53	-33359.59	-1.34269	31.632	0.00
0.00	81787.60	-33359.87	-1.32755	81787.60	-33359.87	-1.32755	33.677	0.00
0.00	81787.63	-33360.01	-1.31466	81787.63	-33360.01	-1.31466	30.995	0.00
0.00	81787.66	-33360.12	-1.30419	81787.66	-33360.12	-1.30419	31.902	0.00
0.00	81787.70	-33360.25	-1.29085	81787.70	-33360.25	-1.29085	31.984	0.00
0.00	81787.74	-33360.37	-1.27733	81787.74	-33360.37	-1.27733	35.491	0.00
0.00	81787.80	-33360.55	-1.26376	81787.80	-33360.55	-1.26376	35.928	0.00
0.00	81787.85	-33360.72	-1.25028	81787.85	-33360.72	-1.25028	33.128	0.00
0.00	81787.91	-33360.88	-1.23615	81787.91	-33360.88	-1.23615	34.426	0.00
0.00	81787.97	-33361.05	-1.22295	81787.97	-33361.05	-1.22295	33.976	0.00
0.00	81788.02	-33361.19	-1.20952	81788.02	-33361.19	-1.20952	35.376	0.00
0.00	81788.09	-33361.35	-1.19606	81788.09	-33361.35	-1.19606	25.716	0.00
0.00	81788.15	-33361.52	-1.18221	81788.15	-33361.52	-1.18221	36.386	0.00
0.00	81788.22	-33361.67	-1.16837	81788.22	-33361.67	-1.16837	43.015	0.00
0.00	81788.28	-33361.82	-1.15426	81788.28	-33361.82	-1.15426	34.583	0.00
0.00	81788.36	-33361.98	-1.13973	81788.36	-33361.98	-1.13973	33.790	0.00
0.00	81788.43	-33362.13	-1.12489	81788.43	-33362.13	-1.12489	33.613	0.00
0.00	81788.50	-33362.28	-1.10990	81788.50	-33362.28	-1.10990	34.792	0.00
0.00	81788.58	-33362.43	-1.09467	81788.58	-33362.43	-1.09467	33.090	0.00
0.00	81788.66	-33362.58	-1.07907	81788.66	-33362.58	-1.07907	34.517	0.00
0.00	81788.74	-33362.72	-1.06318	81788.74	-33362.72	-1.06318	35.315	0.00
0.00	81788.82	-33362.87	-1.04731	81788.82	-33362.87	-1.04731	34.406	0.00
0.00	81788.91	-33363.00	-1.03094	81788.91	-33363.00	-1.03094	35.258	0.00
0.00	81788.99	-33363.14	-1.01463	81788.99	-33363.14	-1.01463	34.185	0.00
0.00	81789.10	-33363.31	-0.99786	81789.10	-33363.31	-0.99786	33.902	0.00
0.00	81789.18	-33363.43	-0.98054	81789.18	-33363.43	-0.98054	34.821	0.00
0.00	81789.27	-33363.56	-0.96387	81789.27	-33363.56	-0.96387	33.855	0.00
0.00	81789.36	-33363.68	-0.94655	81789.36	-33363.68	-0.94655	34.739	0.00
0.00	81789.47	-33363.83	-0.92918	81789.47	-33363.83	-0.92918	34.483	0.00
0.00	81789.57	-33363.96	-0.91099	81789.57	-33363.96	-0.91099	35.832	0.00
0.00	81789.66	-33364.08	-0.89328	81789.66	-33364.08	-0.89328	38.574	0.00
0.00	81789.76	-33364.20	-0.87545	81789.76	-33364.20	-0.87545	33.782	0.00
0.00	81789.86	-33364.31	-0.85715	81789.86	-33364.31	-0.85715	36.036	0.00
0.00	81789.97	-33364.43	-0.83867	81789.97	-33364.43	-0.83867	34.837	0.00
0.00	81790.08	-33364.55	-0.82014	81790.08	-33364.55	-0.82014	33.973	0.00
0.00	81790.19	-33364.66	-0.80149	81790.19	-33364.66	-0.80149	34.008	0.00
0.00	81790.30	-33364.77	-0.78288	81790.30	-33364.77	-0.78288	35.225	0.00
0.00	81790.42	-33364.89	-0.76441	81790.42	-33364.89	-0.76441	33.946	0.00
0.00	81790.54	-33365.00	-0.74566	81790.54	-33365.00	-0.74566	35.714	0.00
0.00	81790.64	-33365.09	-0.72658	81790.64	-33365.09	-0.72658	35.073	0.00
0.00	81790.77	-33365.20	-0.70786	81790.77	-33365.20	-0.70786	35.274	0.00
0.00	81790.90	-33365.30	-0.68875	81790.90	-33365.30	-0.68875	34.631	0.00
0.00	81791.01	-33365.39	-0.66990	81791.01	-33365.39	-0.66990	35.810	0.00
0.00	81791.14	-33365.49	-0.65101	81791.14	-33365.49	-0.65101	34.289	0.00
0.00	81791.27	-33365.59	-0.63256	81791.27	-33365.59	-0.63256	37.325	0.00
0.00	81791.36	-33365.65	-0.61397	81791.36	-33365.65	-0.61397	36.269	0.00
0.00	81791.54	-33365.77	-0.59398	81791.54	-33365.77	-0.59398	34.656	0.00
0.00	81791.64	-33365.83	-0.57713	81791.64	-33365.83	-0.57713	36.441	0.00
0.00	81791.78	-33365.92	-0.55882	81791.78	-33365.92	-0.55882	36.060	0.00
0.00	81791.91	-33366.00	-0.54072	81791.91	-33366.00	-0.54072	35.782	0.00
0.00	81792.05	-33366.08	-0.52210	81792.05	-33366.08	-0.52210	35.754	0.00
0.00	81792.18	-33366.16	-0.50387	81792.18	-33366.16	-0.50387	37.963	0.00
0.00	81792.33	-33366.23	-0.48612	81792.33	-33366.23	-0.48612	37.065	0.00
0.00	81792.46	-33366.30	-0.46796	81792.46	-33366.30	-0.46796	38.663	0.00
0.00	81792.60	-33366.37	-0.45014	81792.60	-33366.37	-0.45014	37.943	0.00
0.00	81792.74	-33366.43	-0.43275	81792.74	-33366.43	-0.43275	38.060	0.00
0.00	81792.87	-33366.49	-0.41549	81792.87	-33366.49	-0.41549	38.310	0.00
0.00	81793.01	-33366.55	-0.39840	81793.01	-33366.55	-0.39840	39.338	0.00
0.00	81793.16	-33366.60	-0.38113	81793.16	-33366.60	-0.38113	40.882	0.00
0.00	81793.32	-33366.67	-0.36446	81793.32	-33366.67	-0.36446	37.548	0.00
0.00	81793.46	-33366.72	-0.34816	81793.46	-33366.72	-0.34816	38.527	0.00
0.00	81793.61	-33366.77	-0.33212	81793.61	-33366.77	-0.33212	40.823	0.00
0.00	81793.75	-33366.81	-0.31654	81793.75	-33366.81	-0.31654	39.235	0.00
0.00	81793.90	-33366.86	-0.30190	81793.90	-33366.86	-0.30190	38.123	0.00
0.00	81794.05	-33366.90	-0.28750	81794.05	-33366.90	-0.28750	38.058	0.00
0.00	81794.18	-33366.93	-0.27415	81794.18	-33366.93	-0.27415	39.245	0.00
0.00	81794.33	-33366.97	-0.26100	81794.33	-33366.97	-0.26100	38.800	0.00
0.00	81794.48	-33367.01	-0.24806	81794.48	-33367.01	-0.24806	36.695	0.00
0.00	81794.63	-33367.04	-0.23543	81794.63	-33367.04	-0.23543	39.510	0.00
0.00	81794.85	-33367.09	-0.22053	81794.85	-33367.09	-0.22053	38.025	0.00
0.00	81794.95	-33367.11	-0.21116	81794.95	-33367.11	-0.21116	38.211	0.00
0.00	81795.09	-33367.13	-0.19993	81795.09	-33367.13	-0.19993	37.502	0.00
0.00	81795.23	-33367.16	-0.18863	81795.23	-33367.16	-0.18863	38.600	0.00
0.00	81795.40	-33367.18	-0.17858	81795.40	-33367.18	-0.17858	39.136	0.00
0.00	81795.55	-33367.21	-0.16839	81795.55	-33367.21	-0.16839	38.906	0.00
0.00	81795.71	-33367.23	-0.15848	81795.71	-33367.23	-0.15848	37.898	0.00
0.00	81795.86	-33367.25	-0.14880	81795.86	-33367.25	-0.14880	39.003	0.00
0.00	81796.01	-33367.27	-0.13963	81796.01	-33367.27	-0.13963	38.464	0.00
0.00	81796.18	-33367.29	-0.13090	81796.18	-33367.29	-0.13090	39.387	0.00
0.00	81796.34	-33367.31	-0.12227	81796.34	-33367.31	-0.12227	39.558	0.00
0.00	81796.49	-33367.32	-0.11449	81796.49	-33367.32	-0.11449	39.359	0.00
0.00	81796.66	-33367.34	-0.10655	81796.66	-33367.34	-0.10655	40.259	0.00
0.00	81796.83	-33367.35	-0.09933	81796.83	-33367.35	-0.09933	40.696	0.00
0.00	81796.98	-33367.36	-0.09232	81796.98	-33367.36	-0.09232	38.870	0.00
0.00	81797.14	-33367.37	-0.08557	81797.14	-33367.37	-0.08557	39.656	0.00
0.00	81797.30	-33367.38	-0.07905	81797.30	-33367.38	-0.07905	40.387	0.00
0.00	81797.46	-33367.39	-0.07279	81797.46	-33367.39	-0.07279	40.157	0.00
0.00	81797.64	-33367.40	-0.06755	81797.64	-33367.40	-0.06755	38.321	0.00
0.00	81797.79	-33367.41	-0.06266	81797.79	-33367.41	-0.06266	40.239	0.00
0.00	81797.94	-33367.41	-0.05746	81797.94	-33367.41	-0.05746	41.532	0.00
0.00	81798.12	-33367.42	-0.05235	81798.12	-33367.42	-0.05235	40.517	0.00
0.00	81798.27	-33367.43	-0.04778	81798.27	-33367.43	-0.04778	40.840	0.00
0.00	81798.43	-33367.43	-0.04324	81798.43	-33367.43	-0.04324	43.094	0.00
0.00	81798.65	-33367.44	-0.03928	81798.65	-33367.44	-0.03928	41.244	0.00
0.00	81798.79	-33367.44	-0.03536	81798.79	-33367.44	-0.03536	40.316	0.00
0.00	81798.95	-33367.44	-0.03210	81798.95	-33367.44	-0.03210	40.069	0.00
0.00	81799.11	-33367.44	-0.02900	81799.11	-33367.44	-0.02900	40.779	0.00
0.00	81799.27	-33367.45	-0.02601	81799.27	-33367.45	-0.02601	39.736	0.00
0.00	81799.43	-33367.45	-0.02332	81799.43	-33367.45	-0.02332	40.325	0.00
0.00	81799.59	-33367.45	-0.02054	81799.59	-33367.45	-0.02054	40.145	0.00
0.00	81799.76	-33367.45	-0.01785	81799.76	-33367.45	-0.01785	42.618	0.00
0.00	81799.93	-33367.45	-0.01566	81799.93	-33367.45	-0.01566	39.794	0.00
0.00	81800.10	-33367.45	-0.01329	81800.10	-33367.45	-0.01329	43.090	0.00
0.00	81800.33	-33367.45	-0.01066	81800.33	-33367.45	-0.01066	42.903	0.00
0.00	81800.53	-33367.45	-0.00830	81800.53	-33367.45	-0.00830	42.923	0.00
0.00	81800.70	-33367.44	-0.00644	81800.70	-33367.44	-0.00644	42.948	0.00
0.00	81800.85	-33367.44	-0.00396	81800.85	-33367.44	-0.00396	41.610	0.00
0.00	81801.06	-33367.43	-0.00136	81801.06	-33367.43	-0.00136	42.903	0.00
0.00	81801.26	-33367.43	0.00075	81801.26	-33367.43	0.00075	42.590	0.00
0.00	81801.44	-33367.42	0.00284	81801.44	-33367.42	0.00284	42.996	0.00
0.00	81801.63	-33367.42	0.00457	81801.63	-33367.42	0.00457	42.893	0.00
0.00	81801.82	-33367.41	0.00671	81801.82	-33367.41	0.00671	41.218	0.00
0.00	81801.99	-33367.41	0.00844	81801.99	-33367.41	0.00844	41.939	0.00
0.00	81802.16	-33367.40	0.01001	81802.16	-33367.40	0.01001	42.456	0.00
0.00	81802.36	-33367.39	0.01144	81802.36	-33367.39	0.01144	41.691	0.00
0.00	81802.56	-33367.39	0.01267	81802.56	-33367.39	0.01267	42.126	0.00
0.00	81802.75	-33367.38	0.01376	81802.75	-33367.38	0.01376	41.741	0.00
0.00	81802.95	-33367.37	0.01468	81802.95	-33367.37	0.01468	42.646	0.00
0.00	81803.15	-33367.37	0.01557	81803.15	-33367.37	0.01557	45.251	0.00
0.00	81803.35	-33367.36	0.01636	81803.35	-33367.36	0.01636	42.188	0.00
0.00	81803.53	-33367.36	0.01707	81803.53	-33367.36	0.01707	43.251	0.00
0.00	81803.72	-33367.35	0.01784	81803.72	-33367.35	0.01784	42.415	0.00
0.00	81803.92	-33367.34	0.01856	81803.92	-33367.34	0.01856	42.806	0.00
0.00	81804.12	-33367.33	0.01920	81804.12	-33367.33	0.01920	42.270	0.00
0.00	81804.32	-33367.33	0.01976	81804.32	-33367.33	0.01976	43.742	0.00
0.00	81804.50	-33367.32	0.02054	81804.50	-33367.32	0.02054	47.746	0.00
0.00	81804.70	-33367.31	0.02106	81804.70	-33367.31	0.02106	44.465	0.00
0.00	81804.94	-33367.30	0.02152	81804.94	-33367.30	0.02152	42.464	0.00
0.00	81805.15	-33367.30	0.02190	81805.15	-33367.30	0.02190	44.412	0.00
0.00	81805.33	-33367.29	0.02223	81805.33	-33367.29	0.02223	44.545	0.00
0.00	81805.51	-33367.28	0.02249	81805.51	-33367.28	0.02249	43.925	0.00
0.00	81805.74	-33367.28	0.02267	81805.74	-33367.28	0.02267	47.510	0.00
0.00	81805.90	-33367.27	0.02280	81805.90	-33367.27	0.02280	43.495	0.00
0.00	81806.18	-33367.26	0.02299	81806.18	-33367.26	0.02299	45.352	0.00
0.00	81806.39	-33367.26	0.02299	81806.39	-33367.26	0.02299	45.680	0.00
0.00	81806.62	-33367.25	0.02294	81806.62	-33367.25	0.02294	44.093	0.00
0.00	81806.83	-33367.24	0.02286	81806.83	-33367.24	0.02286	44.629	0.00
0.00	81807.00	-33367.24	0.02278	81807.00	-33367.24	0.02278	45.217	0.00
0.00	81807.20	-33367.23	0.02274	81807.20	-33367.23	0.02274	46.749	0.00
0.00	81807.39	-33367.22	0.02269	81807.39	-33367.22	0.02269	43.923	0.00
0.00	81807.58	-33367.22	0.02259	81807.58	-33367.22	0.02259	45.574	0.00
0.00	81807.79	-33367.21	0.02243	81807.79	-33367.21	0.02243	44.248	0.00
0.00	81807.99	-33367.21	0.02221	81807.99	-33367.21	0.02221	45.421	0.00
0.00	81808.19	-33367.20	0.02201	81808.19	-33367.20	0.02201	45.113	0.00
0.00	81808.36	-33367.20	0.02184	81808.36	-33367.20	0.02184	46.541	0.00
0.00	81808.59	-33367.19	0.02169	81808.59	-33367.19	0.02169	45.263	0.00
0.00	81808.80	-33367.18	0.02159	81808.80	-33367.18	0.02159	45.931	0.00
0.00	81809.02	-33367.18	0.02156	81809.02	-33367.18	0.02156	46.504	0.00
0.00	81809.24	-33367.17	0.02154	81809.24	-33367.17	0.02154	46.892	0.00
0.00	81809.44	-33367.16	0.02154	81809.44	-33367.16	0.02154	46.605	0.00
0.00	81809.67	-33367.16	0.02169	81809.67	-33367.16	0.02169	47.123	0.00
0.00	81809.88	-33367.15	0.02180	81809.88	-33367.15	0.02180	46.124	0.00
0.00	81810.10	-33367.14	0.02190	81810.10	-33367.14	0.02190	46.734	0.00
0.00	81810.31	-33367.13	0.02197	81810.31	-33367.13	0.02197	46.759	0.00
0.00	81810.53	-33367.13	0.02209	81810.53	-33367.13	0.02209	47.293	0.00
0.00	81810.78	-33367.12	0.02221	81810.78	-33367.12	0.02221	45.669	0.00
0.00	81810.99	-33367.11	0.02221	81810.99	-33367.11	0.02221	46.254	0.00
0.00	81811.20	-33367.10	0.02217	81811.20	-33367.10	0.02217	49.722	0.00
0.00	81811.40	-33367.10	0.02219	81811.40	-33367.10	0.02219	51.732	0.00
0.00	81811.68	-33367.09	0.02227	81811.68	-33367.09	0.02227	48.451	0.00
0.00	81811.88	-33367.08	0.02223	81811.88	-33367.08	0.02223	48.018	0.00
0.00	81812.08	-33367.07	0.02218	81812.08	-33367.07	0.02218	46.895	0.00
0.00	81812.31	-33367.07	0.02212	81812.31	-33367.07	0.02212	47.720	0.00
0.00	81812.48	-33367.06	0.02201	81812.48	-33367.06	0.02201	49.015	0.00
0.00	81812.74	-33367.05	0.02191	81812.74	-33367.05	0.02191	48.406	0.00
0.00	81812.97	-33367.05	0.02173	81812.97	-33367.05	0.02173	48.243	0.00
0.00	81813.18	-33367.04	0.02148	81813.18	-33367.04	0.02148	51.914	0.00
0.00	81813.44	-33367.03	0.02124	81813.44	-33367.03	0.02124	47.945	0.00
0.00	81813.67	-33367.03	0.02098	81813.67	-33367.03	0.02098	48.872	0.00
0.00	81813.87	-33367.02	0.02066	81813.87	-33367.02	0.02066	52.346	0.00
0.00	81814.09	-33367.01	0.02024	81814.09	-33367.01	0.02024	49.430	0.00
0.00	81814.32	-33367.01	0.01975	81814.32	-33367.01	0.01975	51.062	0.00
0.00	81814.56	-33367.00	0.01920	81814.56	-33367.00	0.01920	49.287	0.00
0.00	81814.79	-33367.00	0.01859	81814.79	-33367.00	0.01859	51.149	0.00
0.00	81815.05	-33366.99	0.01784	81815.05	-33366.99	0.01784	50.208	0.00
0.00	81815.27	-33366.98	0.01704	81815.27	-33366.98	0.01704	49.293	0.00
0.00	81815.48	-33366.98	0.01631	81815.48	-33366.98	0.01631	52.726	0.00
0.00	81815.70	-33366.98	0.01560	81815.70	-33366.98	0.01560	49.395	0.00
0.00	81815.90	-33366.97	0.01493	81815.90	-33366.97	0.01493	50.976	0.00
0.00	81816.17	-33366.97	0.01418	81816.17	-33366.97	0.01418	49.941	0.00
0.00	81816.37	-33366.96	0.01336	81816.37	-33366.96	0.01336	53.642	0.00
0.00	81816.58	-33366.96	0.01248	81816.58	-33366.96	0.01248	50.054	0.00
0.00	81816.82	-33366.96	0.01163	81816.82	-33366.96	0.01163	53.396	0.00
0.00	81817.08	-33366.95	0.01069	81817.08	-33366.95	0.01069	50.251	0.00
0.00	81817.27	-33366.95	0.00977	81817.27	-33366.95	0.00977	50.491	0.00
0.00	81817.49	-33366.95	0.00889	81817.49	-33366.95	0.00889	54.449	0.00
0.00	81817.80	-33366.94	0.00800	81817.80	-33366.94	0.00800	50.085	0.00
0.00	81817.99	-33366.94	0.00715	81817.99	-33366.94	0.00715	52.924	0.00
0.00	81818.21	-33366.94	0.00623	81818.21	-33366.94	0.00623	49.613	0.00
0.00	81818.46	-33366.93	0.00537	81818.46	-33366.93	0.00537	54.238	0.00
0.00	81818.65	-33366.93	0.00428	81818.65	-33366.93	0.00428	56.135	0.00
0.00	81818.91	-33366.93	0.00314	81818.91	-33366.93	0.00314	55.574	0.00
0.00	81819.16	-33366.92	0.00214	81819.16	-33366.92	0.00214	50.678	0.00
0.00	81819.37	-33366.92	0.00121	81819.37	-33366.92	0.00121	52.369	0.00
0.00	81819.58	-33366.92	0.00020	81819.58	-33366.92	0.00020	57.150	0.00
0.00	81819.82	-33366.91	-0.00067	81819.82	-33366.91	-0.00067	56.938	0.00
0.00	81820.09	-33366.91	-0.00146	81820.09	-33366.91	-0.00146	57.045	0.00
0.00	81820.34	-33366.91	-0.00223	81820.34	-33366.91	-0.00223	54.613	0.00
0.00	81820.56	-33366.90	-0.00295	81820.56	-33366.90	-0.00295	50.914	0.00
0.00	81820.80	-33366.90	-0.00363	81820.80	-33366.90	-0.00363	55.682	0.00
0.00	81821.03	-33366.90	-0.00441	81821.03	-33366.90	-0.00441	51.415	0.00
0.00	81821.25	-33366.90	-0.00507	81821.25	-33366.90	-0.00507	51.560	0.00
0.00	81821.44	-33366.89	-0.00590	81821.44	-33366.89	-0.00590	62.522	0.00
0.00	81821.69	-33366.89	-0.00686	81821.69	-33366.89	-0.00686	51.468	0.00
0.00	81821.96	-33366.89	-0.00752	81821.96	-33366.89	-0.00752	51.477	0.00
0.00	81822.15	-33366.89	-0.00831	81822.15	-33366.89	-0.00831	56.312	0.00
0.00	81822.42	-33366.89	-0.00908	81822.42	-33366.89	-0.00908	60.692	0.00
0.00	81822.66	-33366.89	-0.00995	81822.66	-33366.89	-0.00995	57.959	0.00
0.00	81822.91	-33366.89	-0.01060	81822.91	-33366.89	-0.01060	54.093	0.00
0.00	81823.11	-33366.89	-0.01121	81823.11	-33366.89	-0.01121	51.398	0.00
0.00	81823.36	-33366.88	-0.01153	81823.36	-33366.88	-0.01153	53.214	0.00
0.00	81823.58	-33366.88	-0.01193	81823.58	-33366.88	-0.01193	57.231	0.00
0.00	81823.84	-33366.88	-0.01214	81823.84	-33366.88	-0.01214	53.793	0.00
0.00	81824.05	-33366.88	-0.01222	81824.05	-33366.88	-0.01222	60.852	0.00
0.00	81824.37	-33366.88	-0.01237	81824.37	-33366.88	-0.01237	52.314	0.00
0.00	81824.56	-33366.88	-0.01270	81824.56	-33366.88	-0.01270	57.018	0.00
0.00	81824.82	-33366.88	-0.01299	81824.82	-33366.88	-0.01299	52.184	0.00
0.00	81825.02	-33366.88	-0.01342	81825.02	-33366.88	-0.01342	58.849	0.00
0.00	81825.30	-33366.88	-0.01390	81825.30	-33366.88	-0.01390	57.957	0.00
0.00	81825.54	-33366.88	-0.01438	81825.54	-33366.88	-0.01438	59.762	0.00
0.00	81825.78	-33366.88	-0.01470	81825.78	-33366.88	-0.01470	58.369	0.00
0.00	81826.08	-33366.89	-0.01501	81826.08	-33366.89	-0.01501	54.822	0.00
0.00	81826.36	-33366.89	-0.01521	81826.36	-33366.89	-0.01521	54.949	0.00
0.00	81826.61	-33366.89	-0.01538	81826.61	-33366.89	-0.01538	55.884	0.00
0.00	81826.80	-33366.89	-0.01565	81826.80	-33366.89	-0.01565	54.841	0.00
0.00	81827.04	-33366.89	-0.01585	81827.04	-33366.89	-0.01585	52.975	0.00
0.00	81827.24	-33366.89	-0.01617	81827.24	-33366.89	-0.01617	57.118	0.00
0.00	81827.48	-33366.89	-0.01654	81827.48	-33366.89	-0.01654	60.800	0.00
0.00	81827.75	-33366.90	-0.01687	81827.75	-33366.90	-0.01687	57.587	0.00
0.00	81828.00	-33366.90	-0.01723	81828.00	-33366.90	-0.01723	57.803	0.00
0.00	81828.26	-33366.90	-0.01762	81828.26	-33366.90	-0.01762	55.610	0.00
0.00	81828.50	-33366.90	-0.01797	81828.50	-33366.90	-0.01797	61.192	0.00
0.00	81828.76	-33366.90	-0.01837	81828.76	-33366.90	-0.01837	60.714	0.00
0.00	81829.06	-33366.91	-0.01861	81829.06	-33366.91	-0.01861	57.938	0.00
0.00	81829.26	-33366.91	-0.01887	81829.26	-33366.91	-0.01887	59.530	0.00
0.00	81829.58	-33366.91	-0.01905	81829.58	-33366.91	-0.01905	55.334	0.00
0.00	81829.76	-33366.91	-0.01930	81829.76	-33366.91	-0.01930	55.590	0.00
0.00	81829.99	-33366.91	-0.01941	81829.99	-33366.91	-0.01941	59.656	0.00
0.00	81830.30	-33366.92	-0.01955	81830.30	-33366.92	-0.01955	53.800	0.00
0.00	81830.52	-33366.92	-0.01953	81830.52	-33366.92	-0.01953	59.459	0.00
0.00	81830.82	-33366.92	-0.01938	81830.82	-33366.92	-0.01938	56.588	0.00
0.00	81831.00	-33366.92	-0.01934	81831.00	-33366.92	-0.01934	55.257	0.00
0.00	81831.27	-33366.93	-0.01915	81831.27	-33366.93	-0.01915	55.924	0.00
0.00	81831.52	-33366.93	-0.01895	81831.52	-33366.93	-0.01895	53.950	0.00
0.00	81831.73	-33366.93	-0.01877	81831.73	-33366.93	-0.01877	56.656	0.00
0.00	81831.98	-33366.93	-0.01839	81831.98	-33366.93	-0.01839	60.365	0.00
0.00	81832.24	-33366.93	-0.01800	81832.24	-33366.93	-0.01800	55.169	0.00
0.00	81832.50	-33366.93	-0.01754	81832.50	-33366.93	-0.01754	55.815	0.00
0.00	81832.75	-33366.94	-0.01701	81832.75	-33366.94	-0.01701	58.848	0.00
0.00	81833.01	-33366.94	-0.01636	81833.01	-33366.94	-0.01636	65.616	0.00
0.00	81833.25	-33366.94	-0.01569	81833.25	-33366.94	-0.01569	56.306	0.00
0.00	81833.51	-33366.94	-0.01508	81833.51	-33366.94	-0.01508	61.798	0.00
0.00	81833.78	-33366.94	-0.01454	81833.78	-33366.94	-0.01454	56.683	0.00
0.00	81834.01	-33366.94	-0.01412	81834.01	-33366.94	-0.01412	55.426	0.00
0.00	81834.24	-33366.94	-0.01375	81834.24	-33366.94	-0.01375	62.290	0.00
0.00	81834.55	-33366.95	-0.01337	81834.55	-33366.95	-0.01337	64.817	0.00
0.00	81834.87	-33366.95	-0.01295	81834.87	-33366.95	-0.01295	61.754	0.00
0.00	81835.11	-33366.95	-0.01249	81835.11	-33366.95	-0.01249	58.043	0.00
0.00	81835.35	-33366.95	-0.01197	81835.35	-33366.95	-0.01197	60.882	0.00
0.00	81835.61	-33366.95	-0.01150	81835.61	-33366.95	-0.01150	58.311	0.00
0.00	81835.86	-33366.95	-0.01102	81835.86	-33366.95	-0.01102	57.026	0.00
0.00	81836.11	-33366.95	-0.01052	81836.11	-33366.95	-0.01052	56.893	0.00
0.00	81836.34	-33366.95	-0.00998	81836.34	-33366.95	-0.00998	58.735	0.00
0.00	81836.61	-33366.95	-0.00937	81836.61	-33366.95	-0.00937	62.320	0.00
0.00	81836.86	-33366.95	-0.00869	81836.86	-33366.95	-0.00869	59.552	0.00
0.00	81837.12	-33366.95	-0.00807	81837.12	-33366.95	-0.00807	62.179	0.00
0.00	81837.45	-33366.95	-0.00737	81837.45	-33366.95	-0.00737	61.586	0.00
0.00	81837.68	-33366.95	-0.00685	81837.68	-33366.95	-0.00685	62.186	0.00
0.00	81837.93	-33366.95	-0.00628	81837.93	-33366.95	-0.00628	65.804	0.00
0.00	81838.23	-33366.95	-0.00559	81838.23	-33366.95	-0.00559	69.915	0.00
0.00	81838.51	-33366.95	-0.00490	81838.51	-33366.95	-0.00490	61.809	0.00
0.00	81838.83	-33366.95	-0.00418	81838.83	-33366.95	-0.00418	63.358	0.00
0.00	81839.13	-33366.94	-0.00350	81839.13	-33366.94	-0.00350	69.097	0.00
0.00	81839.39	-33366.94	-0.00289	81839.39	-33366.94	-0.00289	62.352	0.00
0.00	81839.65	-33366.94	-0.00231	81839.65	-33366.94	-0.00231	64.129	0.00
0.00	81839.93	-33366.94	-0.00181	81839.93	-33366.94	-0.00181	63.378	0.00
0.00	81840.19	-33366.93	-0.00142	81840.19	-33366.93	-0.00142	63.816	0.00
0.00	81840.49	-33366.93	-0.00093	81840.49	-33366.93	-0.00093	68.706	0.00
0.00	81840.79	-33366.93	-0.00046	81840.79	-33366.93	-0.00046	57.528	0.00
0.00	81841.04	-33366.93	-0.00006	81841.04	-33366.93	-0.00006	64.321	0.00
0.00	81841.28	-33366.92	0.00034	81841.28	-33366.92	0.00034	65.224	0.00
0.00	81841.58	-33366.92	0.00084	81841.58	-33366.92	0.00084	62.127	0.00
0.00	81841.84	-33366.92	0.00131	81841.84	-33366.92	0.00131	68.439	0.00
0.00	81842.17	-33366.91	0.00183	81842.17	-33366.91	0.00183	61.505	0.00
0.00	81842.41	-33366.91	0.00214	81842.41	-33366.91	0.00214	59.787	0.00
0.00	81842.66	-33366.91	0.00230	81842.66	-33366.91	0.00230	58.918	0.00
0.00	81842.90	-33366.91	0.00248	81842.90	-33366.91	0.00248	60.963	0.00
0.00	81843.16	-33366.90	0.00270	81843.16	-33366.90	0.00270	58.539	0.00
0.00	81843.40	-33366.90	0.00303	81843.40	-33366.90	0.00303	60.766	0.00
0.00	81843.66	-33366.90	0.00333	81843.66	-33366.90	0.00333	59.134	0.00
0.00	81843.92	-33366.89	0.00370	81843.92	-33366.89	0.00370	59.876	0.00
0.00	81844.15	-33366.89	0.00411	81844.15	-33366.89	0.00411	66.708	0.00
0.00	81844.45	-33366.89	0.00460	81844.45	-33366.89	0.00460	67.674	0.00
0.00	81844.74	-33366.88	0.00502	81844.74	-33366.88	0.00502	60.518	0.00
0.00	81844.99	-33366.88	0.00534	81844.99	-33366.88	0.00534	66.477	0.00
0.00	81845.28	-33366.88	0.00581	81845.28	-33366.88	0.00581	67.409	0.00
0.00	81845.57	-33366.87	0.00637	81845.57	-33366.87	0.00637	67.673	0.00
0.00	81845.86	-33366.87	0.00696	81845.86	-33366.87	0.00696	61.546	0.00
0.00	81846.08	-33366.86	0.00737	81846.08	-33366.86	0.00737	62.217	0.00
0.00	81846.34	-33366.86	0.00786	81846.34	-33366.86	0.00786	65.710	0.00
0.00	81846.62	-33366.85	0.00832	81846.62	-33366.85	0.00832	62.155	0.00
0.00	81846.84	-33366.85	0.00875	81846.84	-33366.85	0.00875	61.998	0.00
0.00	81847.17	-33366.84	0.00918	81847.17	-33366.84	0.00918	65.540	0.00
0.00	81847.41	-33366.84	0.00953	81847.41	-33366.84	0.00953	60.655	0.00
0.00	81847.68	-33366.83	0.00988	81847.68	-33366.83	0.00988	67.303	0.00
0.00	81847.95	-33366.83	0.01030	81847.95	-33366.83	0.01030	61.584	0.00
0.00	81848.17	-33366.82	0.01068	81848.17	-33366.82	0.01068	68.944	0.00
0.00	81848.47	-33366.82	0.01104	81848.47	-33366.82	0.01104	63.902	0.00
0.00	81848.69	-33366.81	0.01124	81848.69	-33366.81	0.01124	64.556	0.00
0.00	81848.98	-33366.81	0.01155	81848.98	-33366.81	0.01155	61.151	0.00
0.00	81849.21	-33366.80	0.01180	81849.21	-33366.80	0.01180	72.149	0.00
0.00	81849.55	-33366.80	0.01213	81849.55	-33366.80	0.01213	68.487	0.00
0.00	81849.78	-33366.79	0.01242	81849.78	-33366.79	0.01242	62.994	0.00
0.00	81850.04	-33366.79	0.01268	81850.04	-33366.79	0.01268	68.251	0.00
0.00	81850.31	-33366.78	0.01292	81850.31	-33366.78	0.01292	67.558	0.00
0.00	81850.58	-33366.78	0.01306	81850.58	-33366.78	0.01306	67.459	0.00
0.00	81850.84	-33366.77	0.01305	81850.84	-33366.77	0.01305	67.240	0.00
0.00	81851.17	-33366.77	0.01295	81851.17	-33366.77	0.01295	67.976	0.00
0.00	81851.39	-33366.76	0.01278	81851.39	-33366.76	0.01278	68.891	0.00
0.00	81851.68	-33366.76	0.01267	81851.68	-33366.76	0.01267	64.054	0.00
0.00	81851.92	-33366.75	0.01253	81851.92	-33366.75	0.01253	63.554	0.00
0.00	81852.17	-33366.75	0.01240	81852.17	-33366.75	0.01240	63.005	0.00
0.00	81852.43	-33366.74	0.01213	81852.43	-33366.74	0.01213	70.666	0.00
0.00	81852.71	-33366.73	0.01165	81852.71	-33366.73	0.01165	67.947	0.00
0.00	81852.98	-33366.73	0.01111	81852.98	-33366.73	0.01111	71.634	0.00
0.00	81853.26	-33366.73	0.01031	81853.26	-33366.73	0.01031	63.480	0.00
0.00	81853.53	-33366.72	0.00936	81853.53	-33366.72	0.00936	75.614	0.00
0.00	81853.80	-33366.72	0.00808	81853.80	-33366.72	0.00808	67.124	0.00
0.00	81854.07	-33366.71	0.00677	81854.07	-33366.71	0.00677	70.244	0.00
0.00	81854.33	-33366.71	0.00518	81854.33	-33366.71	0.00518	73.274	0.00
0.00	81854.63	-33366.71	0.00324	81854.63	-33366.71	0.00324	64.376	0.00
0.00	81854.84	-33366.70	0.00117	81854.84	-33366.70	0.00117	63.198	0.00
0.00	81855.13	-33366.70	-0.00102	81855.13	-33366.70	-0.00102	63.726	0.00
0.00	81855.35	-33366.70	-0.00363	81855.35	-33366.70	-0.00363	63.262	0.00
0.00	81855.62	-33366.70	-0.00647	81855.62	-33366.70	-0.00647	64.382	0.00
0.00	81855.85	-33366.70	-0.00975	81855.85	-33366.70	-0.00975	70.909	0.00
0.00	81855.92	-33366.70	-0.01344	81855.92	-33366.70	-0.01344	62.623	0.00
0.00	81855.92	-33366.70	-0.01344	81855.92	-33366.70	-0.01344	61.963	0.00
0.00	81857.19	-33366.73	-0.03082	81857.19	-33366.73	-0.03082	70.348	0.00
0.00	81856.45	-33366.71	-0.03483	81856.45	-33366.71	-0.03483	76.208	0.00
0.00	81856.99	-33366.72	-0.04033	81856.99	-33366.72	-0.04033	73.191	0.00
0.00	81857.59	-33366.73	-0.04612	81857.59	-33366.73	-0.04612	72.879	0.00
0.00	81858.05	-33366.75	-0.05286	81858.05	-33366.75	-0.05286	69.583	0.00
0.00	81858.41	-33366.76	-0.05959	81858.41	-33366.76	-0.05959	69.358	0.00
0.00	81858.68	-33366.77	-0.06684	81858.68	-33366.77	-0.06684	70.790	0.00
0.00	81859.09	-33366.79	-0.07447	81859.09	-33366.79	-0.07447	70.585	0.00
0.00	81859.31	-33366.80	-0.08223	81859.31	-33366.80	-0.08223	65.959	0.00
0.00	81859.48	-33366.81	-0.09024	81859.48	-33366.81	-0.09024	66.915	0.00
0.00	81859.69	-33366.82	-0.09939	81859.69	-33366.82	-0.09939	69.884	0.00
0.00	81859.92	-33366.84	-0.10983	81859.92	-33366.84	-0.10983	65.907	0.00
0.00	81860.23	-33366.87	-0.12051	81860.23	-33366.87	-0.12051	75.721	0.00
0.00	81860.48	-33366.89	-0.13353	81860.48	-33366.89	-0.13353	70.060	0.00
0.00	81860.61	-33366.91	-0.14630	81860.61	-33366.91	-0.14630	73.472	0.00
0.00	81861.02	-33366.96	-0.16089	81861.02	-33366.96	-0.16089	73.794	0.00
0.00	81861.28	-33367.00	-0.17705	81861.28	-33367.00	-0.17705	73.350	0.00
0.00	81861.50	-33367.04	-0.19277	81861.50	-33367.04	-0.19277	70.350	0.00
0.00	81861.65	-33367.07	-0.20765	81861.65	-33367.07	-0.20765	72.611	0.00
0.00	81862.04	-33367.14	-0.22368	81862.04	-33367.14	-0.22368	69.675	0.00
0.00	81862.29	-33367.20	-0.24005	81862.29	-33367.20	-0.24005	70.345	0.00
0.00	81862.34	-33367.21	-0.25659	81862.34	-33367.21	-0.25659	77.002	0.00
0.00	81862.73	-33367.31	-0.27562	81862.73	-33367.31	-0.27562	76.126	0.00
0.00	81862.99	-33367.38	-0.29590	81862.99	-33367.38	-0.29590	71.956	0.00
0.00	81863.21	-33367.45	-0.31596	81863.21	-33367.45	-0.31596	66.390	0.00
0.00	81863.41	-33367.52	-0.33530	81863.41	-33367.52	-0.33530	69.126	0.00
0.00	81863.63	-33367.59	-0.35633	81863.63	-33367.59	-0.35633	69.629	0.00
0.00	81863.90	-33367.69	-0.37828	81863.90	-33367.69	-0.37828	71.749	0.00
0.00	81863.94	-33367.71	-0.40114	81863.94	-33367.71	-0.40114	70.861	0.00
0.00	81864.29	-33367.86	-0.42501	81864.29	-33367.86	-0.42501	72.313	0.00
0.00	81864.48	-33367.95	-0.44974	81864.48	-33367.95	-0.44974	69.483	0.00
0.00	81864.63	-33368.02	-0.47484	81864.63	-33368.02	-0.47484	67.195	0.00
0.00	81864.75	-33368.08	-0.50130	81864.75	-33368.08	-0.50130	76.552	0.00
0.00	81865.09	-33368.28	-0.53439	81865.09	-33368.28	-0.53439	73.558	0.00
0.00	81865.31	-33368.41	-0.56246	81865.31	-33368.41	-0.56246	67.095	0.00
0.00	81865.44	-33368.49	-0.58867	81865.44	-33368.49	-0.58867	71.497	0.00
0.00	81865.53	-33368.55	-0.61697	81865.53	-33368.55	-0.61697	67.797	0.00
0.00	81865.82	-33368.76	-0.64384	81865.82	-33368.76	-0.64384	68.106	0.00
0.00	81865.95	-33368.87	-0.67080	81865.95	-33368.87	-0.67080	68.731	0.00
0.00	81866.08	-33368.97	-0.69774	81866.08	-33368.97	-0.69774	66.653	0.00
0.00	81866.22	-33369.09	-0.72397	81866.22	-33369.09	-0.72397	75.455	0.00
0.00	81866.40	-33369.25	-0.75309	81866.40	-33369.25	-0.75309	67.033	0.00
0.00	81866.55	-33369.39	-0.77892	81866.55	-33369.39	-0.77892	73.967	0.00
0.00	81866.67	-33369.51	-0.80776	81866.67	-33369.51	-0.80776	84.031	0.00
0.00	81866.90	-33369.75	-0.84059	81866.90	-33369.75	-0.84059	70.728	0.00
0.00	81867.04	-33369.91	-0.86929	81867.04	-33369.91	-0.86929	73.618	0.00
0.00	81867.20	-33370.10	-0.89915	81867.20	-33370.10	-0.89915	70.920	0.00
0.00	81867.25	-33370.17	-0.92840	81867.25	-33370.17	-0.92840	73.457	0.00
0.00	81867.39	-33370.36	-0.95827	81867.39	-33370.36	-0.95827	81.791	0.00
0.00	81867.52	-33370.56	-0.99078	81867.52	-33370.56	-0.99078	68.403	0.00
0.00	81867.62	-33370.71	-1.01820	81867.62	-33370.71	-1.01820	68.733	0.00
0.00	81867.70	-33370.85	-1.04579	81867.70	-33370.85	-1.04579	68.787	0.00
0.00	81867.83	-33371.07	-1.07330	81867.83	-33371.07	-1.07330	76.095	0.00
0.00	81867.91	-33371.23	-1.10244	81867.91	-33371.23	-1.10244	68.399	0.00
0.00	81867.99	-33371.39	-1.12768	81867.99	-33371.39	-1.12768	77.279	0.00
0.00	81868.05	-33371.53	-1.15490	81868.05	-33371.53	-1.15490	72.590	0.00
0.00	81868.15	-33371.75	-1.17959	81868.15	-33371.75	-1.17959	75.693	0.00
0.00	81868.24	-33371.99	-1.20649	81868.24	-33371.99	-1.20649	78.474	0.00
0.00	81868.33	-33372.23	-1.23386	81868.33	-33372.23	-1.23386	76.250	0.00
0.00	81868.44	-33372.52	-1.26005	81868.44	-33372.52	-1.26005	71.220	0.00
0.00	81868.50	-33372.72	-1.28852	81868.50	-33372.72	-1.28852	74.268	0.00
0.00	81868.59	-33373.03	-1.31237	81868.59	-33373.03	-1.31237	77.184	0.00
0.00	81868.64	-33373.24	-1.33511	81868.64	-33373.24	-1.33511	76.429	0.00
0.00	81868.71	-33373.54	-1.35863	81868.71	-33373.54	-1.35863	78.694	0.00
0.00	81868.76	-33373.75	-1.37879	81868.76	-33373.75	-1.37879	76.121	0.00
0.00	81868.80	-33373.93	-1.39631	81868.80	-33373.93	-1.39631	70.084	0.00
0.00	81868.83	-33374.13	-1.41186	81868.83	-33374.13	-1.41186	69.591	0.00
0.00	81868.89	-33374.45	-1.42618	81868.89	-33374.45	-1.42618	75.003	0.00
0.00	81868.91	-33374.63	-1.43982	81868.91	-33374.63	-1.43982	69.926	0.00
0.00	81868.95	-33374.88	-1.45133	81868.95	-33374.88	-1.45133	70.667	0.00
0.00	81868.98	-33375.09	-1.46222	81868.98	-33375.09	-1.46222	79.989	0.00
0.00	81869.01	-33375.39	-1.47380	81869.01	-33375.39	-1.47380	75.927	0.00
0.00	81869.04	-33375.64	-1.48384	81869.04	-33375.64	-1.48384	79.834	0.00
0.00	81869.06	-33375.88	-1.49364	81869.06	-33375.88	-1.49364	69.706	0.00
0.00	81869.08	-33376.14	-1.50157	81869.08	-33376.14	-1.50157	69.127	0.00
0.00	81869.10	-33376.37	-1.50914	81869.10	-33376.37	-1.50914	69.101	0.00
0.00	81869.10	-33376.43	-1.51615	81869.10	-33376.43	-1.51615	78.454	0.00
0.00	81869.13	-33376.84	-1.52375	81869.13	-33376.84	-1.52375	76.933	0.00
0.00	81869.14	-33377.17	-1.53004	81869.14	-33377.17	-1.53004	81.260	0.00
0.00	81869.16	-33377.46	-1.53599	81869.16	-33377.46	-1.53599	69.446	0.00
0.00	81869.17	-33377.73	-1.54050	81869.17	-33377.73	-1.54050	74.090	0.00
0.00	81869.18	-33378.01	-1.54504	81869.18	-33378.01	-1.54504	68.758	0.00
0.00	81869.19	-33378.23	-1.54904	81869.19	-33378.23	-1.54904	69.640	0.00
0.00	81869.19	-33378.49	-1.55285	81869.19	-33378.49	-1.55285	73.301	0.00
0.00	81869.20	-33378.75	-1.55634	81869.20	-33378.75	-1.55634	69.867	0.00
0.00	81869.21	-33378.94	-1.55931	81869.21	-33378.94	-1.55931	71.211	0.00
0.00	81869.21	-33379.26	-1.56197	81869.21	-33379.26	-1.56197	78.015	0.00
0.00	81869.22	-33379.62	-1.56389	81869.22	-33379.62	-1.56389	78.705	0.00
0.00	81869.23	-33379.95	-1.56517	81869.23	-33379.95	-1.56517	76.898	0.00
0.00	81869.24	-33380.19	-1.56573	81869.24	-33380.19	-1.56573	69.126	0.00
0.00	81869.25	-33380.48	-1.56584	81869.25	-33380.48	-1.56584	76.605	0.00
0.00	81869.26	-33380.83	-1.56494	81869.26	-33380.83	-1.56494	79.830	0.00
0.00	81869.27	-33381.17	-1.56398	81869.27	-33381.17	-1.56398	74.453	0.00
0.00	81869.28	-33381.38	-1.56278	81869.28	-33381.38	-1.56278	69.496	0.00
0.00	81869.29	-33381.76	-1.56187	81869.29	-33381.76	-1.56187	82.327	0.00
0.00	81869.31	-33382.10	-1.55962	81869.31	-33382.10	-1.55962	73.652	0.00
0.00	81869.32	-33382.41	-1.55842	81869.32	-33382.41	-1.55842	76.659	0.00
0.00	81869.33	-33382.66	-1.55740	81869.33	-33382.66	-1.55740	70.124	0.00
0.00	81869.34	-33383.02	-1.55701	81869.34	-33383.02	-1.55701	69.586	0.00
0.00	81869.34	-33383.25	-1.55681	81869.34	-33383.25	-1.55681	71.186	0.00
0.00	81869.35	-33383.51	-1.55674	81869.35	-33383.51	-1.55674	77.355	0.00
0.00	81869.35	-33383.81	-1.55684	81869.35	-33383.81	-1.55684	73.019	0.00
0.00	81869.36	-33384.16	-1.55722	81869.36	-33384.16	-1.55722	83.703	0.00
0.00	81869.36	-33384.56	-1.55806	81869.36	-33384.56	-1.55806	74.044	0.00
0.00	81869.36	-33384.82	-1.55893	81869.36	-33384.82	-1.55893	76.477	0.00
0.00	81869.36	-33385.13	-1.56013	81869.36	-33385.13	-1.56013	71.557	0.00
0.00	81869.36	-33385.53	-1.56116	81869.36	-33385.53	-1.56116	78.334	0.00
0.00	81869.36	-33385.84	-1.56284	81869.36	-33385.84	-1.56284	76.866	0.00
0.00	81869.36	-33386.20	-1.56452	81869.36	-33386.20	-1.56452	71.994	0.00
0.00	81869.35	-33386.43	-1.56596	81869.35	-33386.43	-1.56596	76.011	0.00
0.00	81869.35	-33386.91	-1.56720	81869.35	-33386.91	-1.56720	72.444	0.00
0.00	81869.34	-33387.16	-1.56843	81869.34	-33387.16	-1.56843	69.997	0.00
0.00	81869.34	-33387.47	-1.56956	81869.34	-33387.47	-1.56956	77.156	0.00
0.00	81869.33	-33387.80	-1.57078	81869.33	-33387.80	-1.57078	78.633	0.00
0.00	81869.33	-33388.33	-1.57163	81869.33	-33388.33	-1.57163	71.113	0.00
0.00	81869.32	-33388.61	-1.57249	81869.32	-33388.61	-1.57249	75.231	0.00
0.00	81869.31	-33388.97	-1.57324	81869.31	-33388.97	-1.57324	69.744	0.00
0.00	81869.31	-33389.20	-1.57356	81869.31	-33389.20	-1.57356	74.211	0.00
0.00	81869.31	-33389.57	-1.57355	81869.31	-33389.57	-1.57355	81.945	0.00
0.00	81869.30	-33389.89	-1.57369	81869.30	-33389.89	-1.57369	77.504	0.00
0.00	81869.30	-33390.24	-1.57340	81869.30	-33390.24	-1.57340	71.762	0.00
0.00	81869.30	-33390.56	-1.57272	81869.30	-33390.56	-1.57272	71.840	0.00
0.00	81869.30	-33390.94	-1.57190	81869.30	-33390.94	-1.57190	72.462	0.00
0.00	81869.30	-33391.19	-1.57104	81869.30	-33391.19	-1.57104	75.481	0.00
0.00	81869.31	-33391.34	-1.56993	81869.31	-33391.34	-1.56993	76.941	0.00
0.00	81869.31	-33391.92	-1.56870	81869.31	-33391.92	-1.56870	77.060	0.00
0.00	81869.31	-33392.20	-1.56779	81869.31	-33392.20	-1.56779	82.833	0.00
0.00	81869.32	-33392.63	-1.56629	81869.32	-33392.63	-1.56629	75.918	0.00
0.00	81869.33	-33392.95	-1.56510	81869.33	-33392.95	-1.56510	72.601	0.00
0.00	81869.34	-33393.21	-1.56403	81869.34	-33393.21	-1.56403	73.480	0.00
0.00	81869.35	-33393.58	-1.56313	81869.35	-33393.58	-1.56313	72.490	0.00
0.00	81869.36	-33393.86	-1.56203	81869.36	-33393.86	-1.56203	72.217	0.00
0.00	81869.37	-33394.21	-1.56064	81869.37	-33394.21	-1.56064	74.214	0.00
0.00	81869.38	-33394.48	-1.55986	81869.38	-33394.48	-1.55986	70.959	0.00
0.00	81869.39	-33394.89	-1.55896	81869.39	-33394.89	-1.55896	79.548	0.00
0.00	81869.40	-33395.21	-1.55759	81869.40	-33395.21	-1.55759	72.041	0.00
0.00	81869.41	-33395.56	-1.55680	81869.41	-33395.56	-1.55680	77.212	0.00
0.00	81869.42	-33395.79	-1.55610	81869.42	-33395.79	-1.55610	74.835	0.00
0.00	81869.43	-33396.08	-1.55577	81869.43	-33396.08	-1.55577	72.763	0.00
0.00	81869.44	-33396.34	-1.55481	81869.44	-33396.34	-1.55481	78.712	0.00
0.00	81869.45	-33396.74	-1.55417	81869.45	-33396.74	-1.55417	72.213	0.00
0.00	81869.46	-33396.94	-1.55320	81869.46	-33396.94	-1.55320	78.881	0.00
0.00	81869.47	-33397.37	-1.55272	81869.47	-33397.37	-1.55272	74.942	0.00
0.00	81869.48	-33397.61	-1.55213	81869.48	-33397.61	-1.55213	77.455	0.00
0.00	81869.49	-33397.81	-1.55155	81869.49	-33397.81	-1.55155	79.281	0.00
0.00	81869.51	-33398.31	-1.55170	81869.51	-33398.31	-1.55170	75.402	0.00
0.00	81869.52	-33398.75	-1.55122	81869.52	-33398.75	-1.55122	74.311	0.00
0.00	81869.53	-33399.01	-1.55124	81869.53	-33399.01	-1.55124	79.955	0.00
0.00	81869.54	-33399.34	-1.55074	81869.54	-33399.34	-1.55074	77.565	0.00
0.00	81869.55	-33399.52	-1.55020	81869.55	-33399.52	-1.55020	81.642	0.00
0.00	81869.57	-33400.01	-1.55020	81869.57	-33400.01	-1.55020	78.091	0.00
0.00	81869.58	-33400.30	-1.55030	81869.58	-33400.30	-1.55030	80.730	0.00
0.00	81869.59	-33400.62	-1.55028	81869.59	-33400.62	-1.55028	78.256	0.00
0.00	81869.60	-33400.99	-1.55046	81869.60	-33400.99	-1.55046	73.827	0.00
0.00	81869.61	-33401.17	-1.55097	81869.61	-33401.17	-1.55097	72.472	0.00
0.00	81869.62	-33401.56	-1.55189	81869.62	-33401.56	-1.55189	73.467	0.00
0.00	81869.62	-33401.90	-1.55296	81869.62	-33401.90	-1.55296	75.462	0.00
0.00	81869.63	-33402.11	-1.55432	81869.63	-33402.11	-1.55432	72.102	0.00
0.00	81869.64	-33402.30	-1.55577	81869.64	-33402.30	-1.55577	80.545	0.00
0.00	81869.64	-33402.75	-1.55766	81869.64	-33402.75	-1.55766	73.330	0.00
0.00	81869.65	-33403.02	-1.55994	81869.65	-33403.02	-1.55994	79.330	0.00
0.00	81869.65	-33403.33	-1.56239	81869.65	-33403.33	-1.56239	74.512	0.00
0.00	81869.66	-33403.55	-1.56479	81869.66	-33403.55	-1.56479	79.161	0.00
0.00	81869.66	-33404.00	-1.56756	81869.66	-33404.00	-1.56756	81.052	0.00
0.00	81869.67	-33404.42	-1.57093	81869.67	-33404.42	-1.57093	75.582	0.00
0.00	81869.67	-33404.58	-1.57431	81869.67	-33404.58	-1.57431	76.020	0.00
0.00	81869.67	-33404.79	-1.57786	81869.67	-33404.79	-1.57786	83.056	0.00
0.00	81869.67	-33405.21	-1.58170	81869.67	-33405.21	-1.58170	73.407	0.00
0.00	81869.67	-33405.53	-1.58541	81869.67	-33405.53	-1.58541	75.174	0.00
0.00	81869.66	-33405.73	-1.58945	81869.66	-33405.73	-1.58945	78.729	0.00
0.00	81869.66	-33406.03	-1.59391	81869.66	-33406.03	-1.59391	80.965	0.00
0.00	81869.66	-33406.29	-1.59878	81869.66	-33406.29	-1.59878	78.010	0.00
0.00	81869.65	-33406.74	-1.60373	81869.65	-33406.74	-1.60373	74.417	0.00
0.00	81869.64	-33407.08	-1.60864	81869.64	-33407.08	-1.60864	73.141	0.00
0.00	81869.63	-33407.36	-1.61344	81869.63	-33407.36	-1.61344	73.277	0.00
0.00	81869.62	-33407.51	-1.61823	81869.62	-33407.51	-1.61823	78.346	0.00
0.00	81869.61	-33407.91	-1.62386	81869.61	-33407.91	-1.62386	75.844	0.00
0.00	81869.59	-33408.24	-1.62968	81869.59	-33408.24	-1.62968	82.352	0.00
0.00	81869.58	-33408.54	-1.63548	81869.58	-33408.54	-1.63548	73.859	0.00
0.00	81869.57	-33408.74	-1.64093	81869.57	-33408.74	-1.64093	81.348	0.00
0.00	81869.55	-33409.06	-1.64717	81869.55	-33409.06	-1.64717	82.680	0.00
0.00	81869.52	-33409.51	-1.65406	81869.52	-33409.51	-1.65406	75.540	0.00
0.00	81869.50	-33409.73	-1.66084	81869.50	-33409.73	-1.66084	81.361	0.00
0.00	81869.48	-33410.02	-1.66751	81869.48	-33410.02	-1.66751	78.447	0.00
0.00	81869.46	-33410.26	-1.67458	81869.46	-33410.26	-1.67458	74.302	0.00
0.00	81869.44	-33410.48	-1.68131	81869.44	-33410.48	-1.68131	74.756	0.00
0.00	81869.39	-33410.93	-1.68888	81869.39	-33410.93	-1.68888	82.574	0.00
0.00	81869.36	-33411.26	-1.69750	81869.36	-33411.26	-1.69750	82.054	0.00
0.00	81869.33	-33411.48	-1.70662	81869.33	-33411.48	-1.70662	85.881	0.00
0.00	81869.29	-33411.81	-1.71634	81869.29	-33411.81	-1.71634	80.291	0.00
0.00	81869.26	-33412.05	-1.72552	81869.26	-33412.05	-1.72552	74.936	0.00
0.00	81869.20	-33412.46	-1.73444	81869.20	-33412.46	-1.73444	77.004	0.00
0.00	81869.16	-33412.67	-1.74410	81869.16	-33412.67	-1.74410	75.778	0.00
0.00	81869.12	-33412.91	-1.75339	81869.12	-33412.91	-1.75339	81.799	0.00
0.00	81869.07	-33413.21	-1.76397	81869.07	-33413.21	-1.76397	74.954	0.00
0.00	81869.02	-33413.44	-1.77365	81869.02	-33413.44	-1.77365	84.862	0.00
0.00	81868.96	-33413.74	-1.78472	81868.96	-33413.74	-1.78472	75.328	0.00
0.00	81868.91	-33414.00	-1.79451	81868.91	-33414.00	-1.79451	85.796	0.00
0.00	81868.84	-33414.31	-1.80603	81868.84	-33414.31	-1.80603	79.335	0.00
0.00	81868.80	-33414.47	-1.81712	81868.80	-33414.47	-1.81712	75.845	0.00
0.00	81868.71	-33414.87	-1.82819	81868.71	-33414.87	-1.82819	79.206	0.00
0.00	81868.62	-33415.19	-1.83999	81868.62	-33415.19	-1.83999	81.606	0.00
0.00	81868.54	-33415.51	-1.85166	81868.54	-33415.51	-1.85166	75.362	0.00
0.00	81868.48	-33415.71	-1.86269	81868.48	-33415.71	-1.86269	77.114	0.00
0.00	81868.42	-33415.90	-1.87456	81868.42	-33415.90	-1.87456	83.390	0.00
0.00	81868.31	-33416.26	-1.88767	81868.31	-33416.26	-1.88767	86.954	0.00
0.00	81868.22	-33416.55	-1.90213	81868.22	-33416.55	-1.90213	76.488	0.00
0.00	81868.13	-33416.81	-1.91475	81868.13	-33416.81	-1.91475	83.729	0.00
0.00	81868.04	-33417.08	-1.92906	81868.04	-33417.08	-1.92906	89.267	0.00
0.00	81867.92	-33417.40	-1.94380	81867.92	-33417.40	-1.94380	84.316	0.00
0.00	81867.85	-33417.58	-1.95762	81867.85	-33417.58	-1.95762	76.440	0.00
0.00	81867.71	-33417.93	-1.97055	81867.71	-33417.93	-1.97055	74.859	0.00
0.00	81867.62	-33418.17	-1.98353	81867.62	-33418.17	-1.98353	83.276	0.00
0.00	81867.51	-33418.41	-1.99787	81867.51	-33418.41	-1.99787	76.737	0.00
0.00	81867.40	-33418.67	-2.01131	81867.40	-33418.67	-2.01131	87.293	0.00
0.00	81867.31	-33418.87	-2.02663	81867.31	-33418.87	-2.02663	75.746	0.00
0.00	81867.15	-33419.19	-2.04003	81867.15	-33419.19	-2.04003	88.918	0.00
0.00	81867.03	-33419.43	-2.05592	81867.03	-33419.43	-2.05592	83.773	0.00
0.00	81866.93	-33419.63	-2.07114	81866.93	-33419.63	-2.07114	84.392	0.00
0.00	81866.75	-33419.95	-2.08686	81866.75	-33419.95	-2.08686	83.124	0.00
0.00	81866.60	-33420.23	-2.10314	81866.60	-33420.23	-2.10314	86.787	0.00
0.00	81866.51	-33420.38	-2.12025	81866.51	-33420.38	-2.12025	76.246	0.00
0.00	81866.32	-33420.69	-2.13551	81866.32	-33420.69	-2.13551	84.859	0.00
0.00	81866.16	-33420.94	-2.15239	81866.16	-33420.94	-2.15239	85.723	0.00
0.00	81866.01	-33421.18	-2.16925	81866.01	-33421.18	-2.16925	86.693	0.00
0.00	81865.86	-33421.40	-2.18702	81865.86	-33421.40	-2.18702	80.191	0.00
0.00	81865.72	-33421.60	-2.20374	81865.72	-33421.60	-2.20374	85.027	0.00
0.00	81865.62	-33421.74	-2.22196	81865.62	-33421.74	-2.22196	82.550	0.00
0.00	81865.39	-33422.03	-2.24046	81865.39	-33422.03	-2.24046	82.929	0.00
0.00	81865.22	-33422.26	-2.25954	81865.22	-33422.26	-2.25954	76.504	0.00
0.00	81865.12	-33422.38	-2.27721	81865.12	-33422.38	-2.27721	77.278	0.00
0.00	81864.95	-33422.58	-2.29563	81864.95	-33422.58	-2.29563	84.748	0.00
0.00	81864.73	-33422.82	-2.31657	81864.73	-33422.82	-2.31657	83.081	0.00
0.00	81864.60	-33422.97	-2.33730	81864.60	-33422.97	-2.33730	79.869	0.00
0.00	81864.36	-33423.21	-2.35784	81864.36	-33423.21	-2.35784	77.829	0.00
0.00	81864.17	-33423.40	-2.37779	81864.17	-33423.40	-2.37779	84.699	0.00
0.00	81863.99	-33423.58	-2.39900	81863.99	-33423.58	-2.39900	85.641	0.00
0.00	81863.84	-33423.72	-2.42057	81863.84	-33423.72	-2.42057	85.303	0.00
0.00	81863.69	-33423.85	-2.44200	81863.69	-33423.85	-2.44200	77.198	0.00
0.00	81863.42	-33424.08	-2.46146	81863.42	-33424.08	-2.46146	76.415	0.00
0.00	81863.26	-33424.21	-2.48116	81863.26	-33424.21	-2.48116	79.002	0.00
0.00	81863.07	-33424.35	-2.50062	81863.07	-33424.35	-2.50062	84.894	0.00
0.00	81862.81	-33424.55	-2.52165	81862.81	-33424.55	-2.52165	77.916	0.00
0.00	81862.71	-33424.63	-2.54097	81862.71	-33424.63	-2.54097	85.484	0.00
0.00	81862.44	-33424.81	-2.56217	81862.44	-33424.81	-2.56217	81.593	0.00
0.00	81862.22	-33424.95	-2.58213	81862.22	-33424.95	-2.58213	78.186	0.00
0.00	81862.06	-33425.06	-2.60062	81862.06	-33425.06	-2.60062	78.693	0.00
0.00	81861.87	-33425.17	-2.61909	81861.87	-33425.17	-2.61909	78.216	0.00
0.00	81861.73	-33425.26	-2.63744	81861.73	-33425.26	-2.63744	89.087	0.00
0.00	81861.38	-33425.45	-2.65850	81861.38	-33425.45	-2.65850	77.583	0.00
0.00	81861.15	-33425.58	-2.67638	81861.15	-33425.58	-2.67638	78.931	0.00
0.00	81860.95	-33425.68	-2.69347	81860.95	-33425.68	-2.69347	78.126	0.00
0.00	81860.72	-33425.79	-2.71012	81860.72	-33425.79	-2.71012	86.843	0.00
0.00	81860.54	-33425.88	-2.72793	81860.54	-33425.88	-2.72793	85.520	0.00
0.00	81860.26	-33426.00	-2.74569	81860.26	-33426.00	-2.74569	84.081	0.00
0.00	81859.98	-33426.12	-2.76330	81859.98	-33426.12	-2.76330	92.292	0.00
0.00	81859.71	-33426.22	-2.78255	81859.71	-33426.22	-2.78255	85.050	0.00
0.00	81859.51	-33426.30	-2.79948	81859.51	-33426.30	-2.79948	87.897	0.00
0.00	81859.27	-33426.39	-2.81577	81859.27	-33426.39	-2.81577	82.335	0.00
0.00	81858.99	-33426.48	-2.83036	81858.99	-33426.48	-2.83036	78.952	0.00
0.00	81858.73	-33426.57	-2.84365	81858.73	-33426.57	-2.84365	87.167	0.00
0.00	81858.53	-33426.63	-2.85780	81858.53	-33426.63	-2.85780	86.753	0.00
0.00	81858.17	-33426.73	-2.87175	81858.17	-33426.73	-2.87175	78.483	0.00
0.00	81857.83	-33426.83	-2.88408	81857.83	-33426.83	-2.88408	85.904	0.00
0.00	81857.63	-33426.88	-2.89642	81857.63	-33426.88	-2.89642	79.142	0.00
0.00	81857.40	-33426.94	-2.90716	81857.40	-33426.94	-2.90716	80.752	0.00
0.00	81857.21	-33426.98	-2.91749	81857.21	-33426.98	-2.91749	87.705	0.00
0.00	81856.79	-33427.08	-2.92828	81856.79	-33427.08	-2.92828	92.403	0.00
0.00	81856.35	-33427.18	-2.93923	81856.35	-33427.18	-2.93923	80.504	0.00
0.00	81856.04	-33427.24	-2.94825	81856.04	-33427.24	-2.94825	82.219	0.00
0.00	81855.83	-33427.28	-2.95694	81855.83	-33427.28	-2.95694	79.299	0.00
0.00	81855.51	-33427.34	-2.96531	81855.51	-33427.34	-2.96531	83.165	0.00
0.00	81855.22	-33427.39	-2.97398	81855.22	-33427.39	-2.97398	86.010	0.00
0.00	81854.98	-33427.43	-2.98281	81854.98	-33427.43	-2.98281	89.904	0.00
0.00	81854.57	-33427.50	-2.99224	81854.57	-33427.50	-2.99224	79.332	0.00
0.00	81854.26	-33427.55	-3.00064	81854.26	-33427.55	-3.00064	91.499	0.00
0.00	81853.95	-33427.59	-3.00971	81853.95	-33427.59	-3.00971	88.204	0.00
0.00	81853.58	-33427.64	-3.01826	81853.58	-33427.64	-3.01826	93.176	0.00
0.00	81853.09	-33427.70	-3.02668	81853.09	-33427.70	-3.02668	86.759	0.00
0.00	81852.78	-33427.74	-3.03416	81852.78	-33427.74	-3.03416	91.410	0.00
0.00	81852.46	-33427.78	-3.04144	81852.46	-33427.78	-3.04144	96.739	0.00
0.00	81852.07	-33427.82	-3.04901	81852.07	-33427.82	-3.04901	86.623	0.00
0.00	81851.85	-33427.84	-3.05566	81851.85	-33427.84	-3.05566	89.999	0.00
0.00	81851.36	-33427.88	-3.06230	81851.36	-33427.88	-3.06230	80.442	0.00
0.00	81850.97	-33427.92	-3.06821	81850.97	-33427.92	-3.06821	82.490	0.00
0.00	81850.64	-33427.94	-3.07408	81850.64	-33427.94	-3.07408	81.490	0.00
0.00	81850.35	-33427.96	-3.07940	81850.35	-33427.96	-3.07940	81.410	0.00
0.00	81850.17	-33427.98	-3.08470	81850.17	-33427.98	-3.08470	79.932	0.00
0.00	81849.53	-33428.02	-3.08978	81849.53	-33428.02	-3.08978	93.855	0.00
0.00	81849.06	-33428.04	-3.09484	81849.06	-33428.04	-3.09484	80.195	0.00
0.00	81848.70	-33428.06	-3.09893	81848.70	-33428.06	-3.09893	79.237	0.00
0.00	81848.40	-33428.08	-3.10308	81848.40	-33428.08	-3.10308	93.184	0.00
0.00	81848.08	-33428.09	-3.10708	81848.08	-33428.09	-3.10708	99.779	0.00
0.00	81847.62	-33428.11	-3.11109	81847.62	-33428.11	-3.11109	110.354	0.00
0.00	81847.13	-33428.14	-3.11467	81847.13	-33428.14	-3.11467	145.165	0.00
0.00	81846.54	-33428.16	-3.11915	81846.54	-33428.16	-3.11915	102.478	0.00
0.00	81846.07	-33428.18	-3.12217	81846.07	-33428.18	-3.12217	81.652	0.00
0.00	81845.65	-33428.19	-3.12499	81845.65	-33428.19	-3.12499	82.578	0.00
0.00	81845.35	-33428.20	-3.12774	81845.35	-33428.20	-3.12774	92.372	0.00
0.00	81845.00	-33428.21	-3.13039	81845.00	-33428.21	-3.13039	86.711	0.00
0.00	81844.71	-33428.21	-3.13311	81844.71	-33428.21	-3.13311	93.784	0.00
0.00	81844.26	-33428.22	-3.13600	81844.26	-33428.22	-3.13600	80.124	0.00
0.00	81843.96	-33428.22	-3.13860	81843.96	-33428.22	-3.13860	98.580	0.00
0.00	81843.46	-33428.23	3.14151	81843.46	-33428.23	3.14151	92.949	0.00
0.00	81843.07	-33428.23	3.13864	81843.07	-33428.23	3.13864	81.506	0.00
0.00	81842.83	-33428.23	3.13600	81842.83	-33428.23	3.13600	83.060	0.00
0.00	81842.39	-33428.22	3.13327	81842.39	-33428.22	3.13327	90.881	0.00
0.00	81841.99	-33428.22	3.13043	81841.99	-33428.22	3.13043	85.866	0.00
0.00	81841.68	-33428.22	3.12807	81841.68	-33428.22	3.12807	90.867	0.00
0.00	81841.23	-33428.21	3.12601	81841.23	-33428.21	3.12601	88.533	0.00
0.00	81840.91	-33428.21	3.12433	81840.91	-33428.21	3.12433	88.496	0.00
0.00	81840.54	-33428.20	3.12311	81840.54	-33428.20	3.12311	90.646	0.00
0.00	81840.12	-33428.20	3.12210	81840.12	-33428.20	3.12210	85.978	0.00
0.00	81839.92	-33428.19	3.12129	81839.92	-33428.19	3.12129	84.321	0.00
0.00	81839.35	-33428.18	3.12054	81839.35	-33428.18	3.12054	91.939	0.00
0.00	81838.98	-33428.18	3.11996	81838.98	-33428.18	3.11996	83.582	0.00
0.00	81838.64	-33428.17	3.11960	81838.64	-33428.17	3.11960	89.954	0.00
0.00	81838.33	-33428.17	3.11934	81838.33	-33428.17	3.11934	84.440	0.00
0.00	81837.95	-33428.16	3.11921	81837.95	-33428.16	3.11921	83.936	0.00
0.00	81837.56	-33428.15	3.11923	81837.56	-33428.15	3.11923	87.575	0.00
0.00	81837.23	-33428.15	3.11944	81837.23	-33428.15	3.11944	82.454	0.00
0.00	81836.78	-33428.14	3.11978	81836.78	-33428.14	3.11978	81.547	0.00
0.00	81836.42	-33428.14	3.12002	81836.42	-33428.14	3.12002	89.310	0.00
0.00	81836.04	-33428.14	3.12058	81836.04	-33428.14	3.12058	87.427	0.00
0.00	81835.61	-33428.13	3.12099	81835.61	-33428.13	3.12099	96.403	0.00
0.00	81835.24	-33428.13	3.12135	81835.24	-33428.13	3.12135	95.300	0.00
0.00	81834.86	-33428.13	3.12170	81834.86	-33428.13	3.12170	84.062	0.00
0.00	81834.53	-33428.12	3.12206	81834.53	-33428.12	3.12206	83.623	0.00
0.00	81834.11	-33428.12	3.12233	81834.11	-33428.12	3.12233	94.964	0.00
0.00	81833.68	-33428.11	3.12269	81833.68	-33428.11	3.12269	93.154	0.00
0.00	81833.35	-33428.11	3.12307	81833.35	-33428.11	3.12307	90.553	0.00
0.00	81832.92	-33428.11	3.12327	81832.92	-33428.11	3.12327	84.774	0.00
0.00	81832.60	-33428.10	3.12343	81832.60	-33428.10	3.12343	87.628	0.00
0.00	81832.28	-33428.10	3.12378	81832.28	-33428.10	3.12378	84.177	0.00
0.00	81831.94	-33428.10	3.12404	81831.94	-33428.10	3.12404	91.196	0.00
0.00	81831.55	-33428.10	3.12445	81831.55	-33428.10	3.12445	82.714	0.00
0.00	81831.19	-33428.09	3.12482	81831.19	-33428.09	3.12482	99.843	0.00
0.00	81830.81	-33428.09	3.12519	81830.81	-33428.09	3.12519	91.946	0.00
0.00	81830.32	-33428.09	3.12549	81830.32	-33428.09	3.12549	86.960	0.00
0.00	81830.05	-33428.09	3.12578	81830.05	-33428.09	3.12578	91.284	0.00
0.00	81829.54	-33428.08	3.12588	81829.54	-33428.08	3.12588	92.766	0.00
0.00	81829.17	-33428.08	3.12595	81829.17	-33428.08	3.12595	87.210	0.00
0.00	81828.78	-33428.07	3.12579	81828.78	-33428.07	3.12579	83.426	0.00
0.00	81828.55	-33428.07	3.12571	81828.55	-33428.07	3.12571	86.740	0.00
0.00	81828.19	-33428.07	3.12562	81828.19	-33428.07	3.12562	84.122	0.00
0.00	81827.87	-33428.06	3.12542	81827.87	-33428.06	3.12542	93.166	0.00
0.00	81827.59	-33428.06	3.12526	81827.59	-33428.06	3.12526	89.991	0.00
0.00	81826.94	-33428.05	3.12507	81826.94	-33428.05	3.12507	85.755	0.00
0.00	81826.80	-33428.05	3.12490	81826.80	-33428.05	3.12490	91.998	0.00
0.00	81826.31	-33428.05	3.12478	81826.31	-33428.05	3.12478	90.947	0.00
0.00	81825.91	-33428.04	3.12468	81825.91	-33428.04	3.12468	93.148	0.00
0.00	81825.50	-33428.04	3.12460	81825.50	-33428.04	3.12460	92.241	0.00
0.00	81825.07	-33428.03	3.12486	81825.07	-33428.03	3.12486	87.749	0.00
0.00	81824.74	-33428.03	3.12496	81824.74	-33428.03	3.12496	97.380	0.00
0.00	81824.34	-33428.03	3.12520	81824.34	-33428.03	3.12520	87.287	0.00
0.00	81823.93	-33428.03	3.12548	81823.93	-33428.03	3.12548	83.627	0.00
0.00	81823.58	-33428.02	3.12566	81823.58	-33428.02	3.12566	92.941	0.00
0.00	81823.11	-33428.02	3.12588	81823.11	-33428.02	3.12588	84.607	0.00
0.00	81822.99	-33428.02	3.12593	81822.99	-33428.02	3.12593	87.456	0.00
0.00	81822.55	-33428.02	3.12590	81822.55	-33428.02	3.12590	84.655	0.00
0.00	81822.15	-33428.01	3.12587	81822.15	-33428.01	3.12587	88.122	0.00
0.00	81821.81	-33428.01	3.12585	81821.81	-33428.01	3.12585	85.158	0.00
0.00	81821.54	-33428.01	3.12626	81821.54	-33428.01	3.12626	93.904	0.00
0.00	81821.16	-33428.01	3.12645	81821.16	-33428.01	3.12645	99.608	0.00
0.00	81820.73	-33428.01	3.12656	81820.73	-33428.01	3.12656	90.720	0.00
0.00	81820.33	-33428.01	3.12664	81820.33	-33428.01	3.12664	96.452	0.00
0.00	81819.99	-33428.01	3.12669	81819.99	-33428.01	3.12669	93.700	0.00
0.00	81819.65	-33428.01	3.12683	81819.65	-33428.01	3.12683	96.828	0.00
0.00	81819.21	-33428.01	3.12704	81819.21	-33428.01	3.12704	94.702	0.00
0.00	81818.91	-33428.01	3.12706	81818.91	-33428.01	3.12706	97.046	0.00
0.00	81818.52	-33428.01	3.12719	81818.52	-33428.01	3.12719	97.596	0.00
0.00	81818.24	-33428.01	3.12742	81818.24	-33428.01	3.12742	97.888	0.00
0.00	81817.54	-33428.00	3.12752	81817.54	-33428.00	3.12752	94.236	0.00
0.00	81817.45	-33428.00	3.12773	81817.45	-33428.00	3.12773	98.156	0.00
0.00	81816.96	-33428.00	3.12795	81816.96	-33428.00	3.12795	98.581	0.00
0.00	81816.49	-33428.00	3.12767	81816.49	-33428.00	3.12767	87.360	0.00
0.00	81816.13	-33428.00	3.12814	81816.13	-33428.00	3.12814	85.393	0.00
0.00	81815.72	-33428.00	3.12851	81815.72	-33428.00	3.12851	87.675	0.00
0.00	81815.41	-33428.00	3.12857	81815.41	-33428.00	3.12857	94.267	0.00
0.00	81815.20	-33428.00	3.12906	81815.20	-33428.00	3.12906	91.044	0.00
0.00	81814.90	-33428.00	3.12936	81814.90	-33428.00	3.12936	86.647	0.00
0.00	81814.50	-33428.00	3.12955	81814.50	-33428.00	3.12955	89.286	0.00
0.00	81814.13	-33428.00	3.12960	81814.13	-33428.00	3.12960	86.889	0.00
0.00	81813.92	-33428.00	3.12963	81813.92	-33428.00	3.12963	87.215	0.00
0.00	81813.43	-33428.00	3.12956	81813.43	-33428.00	3.12956	96.371	0.00
0.00	81813.11	-33428.00	3.12962	81813.11	-33428.00	3.12962	95.547	0.00
0.00	81812.77	-33428.00	3.12997	81812.77	-33428.00	3.12997	95.733	0.00
0.00	81812.42	-33428.00	3.13070	81812.42	-33428.00	3.13070	95.117	0.00
0.00	81812.05	-33428.00	3.13131	81812.05	-33428.00	3.13131	97.668	0.00
0.00	81811.61	-33428.00	3.13195	81811.61	-33428.00	3.13195	95.205	0.00
0.00	81811.19	-33427.99	3.13264	81811.19	-33427.99	3.13264	89.796	0.00
0.00	81810.95	-33428.00	3.13357	81810.95	-33428.00	3.13357	95.355	0.00
0.00	81810.67	-33428.00	3.13525	81810.67	-33428.00	3.13525	96.857	0.00
0.00	81810.38	-33428.00	3.13729	81810.38	-33428.00	3.13729	95.748	0.00
0.00	81810.03	-33428.00	3.13965	81810.03	-33428.00	3.13965	88.831	0.00
0.00	81809.71	-33428.00	-3.14113	81809.71	-33428.00	-3.14113	94.711	0.00
0.00	81809.35	-33428.01	-3.13856	81809.35	-33428.01	-3.13856	94.227	0.00
0.00	81809.01	-33428.01	-3.13598	81809.01	-33428.01	-3.13598	99.314	0.00
0.00	81808.61	-33428.02	-3.13314	81808.61	-33428.02	-3.13314	99.552	0.00
0.00	81808.17	-33428.02	-3.13028	81808.17	-33428.02	-3.13028	98.419	0.00
0.00	81807.85	-33428.03	-3.12763	81807.85	-33428.03	-3.12763	91.555	0.00
0.00	81807.59	-33428.04	-3.12538	81807.59	-33428.04	-3.12538	88.569	0.00
0.00	81807.39	-33428.04	-3.12352	81807.39	-33428.04	-3.12352	93.080	0.00
0.00	81806.96	-33428.05	-3.12191	81806.96	-33428.05	-3.12191	95.960	0.00
0.00	81806.59	-33428.06	-3.12044	81806.59	-33428.06	-3.12044	95.509	0.00
0.00	81806.26	-33428.07	-3.11938	81806.26	-33428.07	-3.11938	91.244	0.00
0.00	81805.86	-33428.08	-3.11858	81805.86	-33428.08	-3.11858	88.532	0.00
0.00	81805.56	-33428.09	-3.11767	81805.56	-33428.09	-3.11767	97.414	0.00
0.00	81805.27	-33428.10	-3.11664	81805.27	-33428.10	-3.11664	89.493	0.00
0.00	81804.96	-33428.11	-3.11599	81804.96	-33428.11	-3.11599	102.849	0.00
0.00	81804.61	-33428.12	-3.11563	81804.61	-33428.12	-3.11563	96.890	0.00
0.00	81804.30	-33428.13	-3.11539	81804.30	-33428.13	-3.11539	88.667	0.00
0.00	81804.00	-33428.14	-3.11514	81804.00	-33428.14	-3.11514	101.523	0.00
0.00	81803.62	-33428.16	-3.11500	81803.62	-33428.16	-3.11500	88.807	0.00
0.00	81803.28	-33428.17	-3.11490	81803.28	-33428.17	-3.11490	98.611	0.00
0.00	81802.99	-33428.18	-3.11507	81802.99	-33428.18	-3.11507	98.643	0.00
0.00	81802.66	-33428.19	-3.11574	81802.66	-33428.19	-3.11574	96.265	0.00
0.00	81802.26	-33428.21	-3.11684	81802.26	-33428.21	-3.11684	88.026	0.00
0.00	81801.97	-33428.22	-3.11806	81801.97	-33428.22	-3.11806	89.911	0.00
0.00	81801.81	-33428.22	-3.11929	81801.81	-33428.22	-3.11929	88.244	0.00
0.00	81801.42	-33428.24	-3.12072	81801.42	-33428.24	-3.12072	90.316	0.00
0.00	81801.10	-33428.25	-3.12287	81801.10	-33428.25	-3.12287	97.780	0.00
0.00	81800.81	-33428.26	-3.12574	81800.81	-33428.26	-3.12574	98.712	0.00
0.00	81800.53	-33428.26	-3.12912	81800.53	-33428.26	-3.12912	89.003	0.00
0.00	81800.21	-33428.27	-3.13256	81800.21	-33428.27	-3.13256	98.075	0.00
0.00	81799.90	-33428.28	-3.13666	81799.90	-33428.28	-3.13666	102.563	0.00
0.00	81799.62	-33428.28	3.14127	81799.62	-33428.28	3.14127	94.481	0.00
0.00	81799.35	-33428.28	3.13522	81799.35	-33428.28	3.13522	97.088	0.00
0.00	81799.12	-33428.29	3.12841	81799.12	-33428.29	3.12841	101.951	0.00
0.00	81798.83	-33428.29	3.12162	81798.83	-33428.29	3.12162	90.150	0.00
0.00	81798.53	-33428.28	3.11482	81798.53	-33428.28	3.11482	104.203	0.00
0.00	81798.18	-33428.28	3.10538	81798.18	-33428.28	3.10538	98.178	0.00
0.00	81797.90	-33428.27	3.09541	81797.90	-33428.27	3.09541	99.163	0.00
0.00	81797.68	-33428.26	3.08515	81797.68	-33428.26	3.08515	89.488	0.00
0.00	81797.44	-33428.25	3.07571	81797.44	-33428.25	3.07571	99.928	0.00
0.00	81797.15	-33428.23	3.06446	81797.15	-33428.23	3.06446	100.563	0.00
0.00	81796.87	-33428.21	3.05209	81796.87	-33428.21	3.05209	92.278	0.00
0.00	81796.55	-33428.19	3.04097	81796.55	-33428.19	3.04097	92.046	0.00
0.00	81796.25	-33428.16	3.02992	81796.25	-33428.16	3.02992	104.229	0.00
0.00	81795.94	-33428.12	3.01621	81795.94	-33428.12	3.01621	91.061	0.00
0.00	81795.72	-33428.10	3.00299	81795.72	-33428.10	3.00299	102.439	0.00
0.00	81795.43	-33428.06	2.98720	81795.43	-33428.06	2.98720	97.354	0.00
0.00	81795.19	-33428.02	2.97134	81795.19	-33428.02	2.97134	89.320	0.00
0.00	81795.01	-33427.99	2.95614	81795.01	-33427.99	2.95614	101.372	0.00
0.00	81794.75	-33427.94	2.93893	81794.75	-33427.94	2.93893	100.602	0.00
0.00	81794.49	-33427.89	2.92105	81794.49	-33427.89	2.92105	89.297	0.00
0.00	81794.26	-33427.84	2.90399	81794.26	-33427.84	2.90399	92.263	0.00
0.00	81794.09	-33427.80	2.88490	81794.09	-33427.80	2.88490	90.538	0.00
0.00	81793.77	-33427.72	2.86500	81793.77	-33427.72	2.86500	100.310	0.00
0.00	81793.53	-33427.65	2.84289	81793.53	-33427.65	2.84289	91.342	0.00
0.00	81793.28	-33427.58	2.82235	81793.28	-33427.58	2.82235	97.852	0.00
0.00	81793.03	-33427.49	2.79867	81793.03	-33427.49	2.79867	101.087	0.00
0.00	81792.85	-33427.43	2.77247	81792.85	-33427.43	2.77247	94.800	0.00
0.00	81792.65	-33427.35	2.74706	81792.65	-33427.35	2.74706	91.855	0.00
0.00	81792.48	-33427.28	2.72222	81792.48	-33427.28	2.72222	91.222	0.00
0.00	81792.30	-33427.20	2.69713	81792.30	-33427.20	2.69713	96.663	0.00
0.00	81792.10	-33427.11	2.66913	81792.10	-33427.11	2.66913	101.262	0.00
0.00	81791.87	-33426.99	2.63874	81791.87	-33426.99	2.63874	91.521	0.00
0.00	81791.68	-33426.89	2.61042	81791.68	-33426.89	2.61042	101.062	0.00
0.00	81791.50	-33426.78	2.57945	81791.50	-33426.78	2.57945	92.461	0.00
0.00	81791.35	-33426.69	2.55005	81791.35	-33426.69	2.55005	89.677	0.00
0.00	81791.30	-33426.66	2.52075	81791.30	-33426.66	2.52075	91.217	0.00
0.00	81790.92	-33426.39	2.48963	81790.92	-33426.39	2.48963	109.513	0.00
0.00	81790.77	-33426.27	2.45186	81790.77	-33426.27	2.45186	97.911	0.00
0.00	81790.65	-33426.17	2.41652	81790.65	-33426.17	2.41652	100.425	0.00
0.00	81790.49	-33426.03	2.38024	81790.49	-33426.03	2.38024	97.316	0.00
0.00	81790.33	-33425.88	2.34335	81790.33	-33425.88	2.34335	92.748	0.00
0.00	81790.23	-33425.77	2.30677	81790.23	-33425.77	2.30677	92.992	0.00
0.00	81790.09	-33425.62	2.26927	81790.09	-33425.62	2.26927	100.793	0.00
0.00	81789.96	-33425.46	2.22891	81789.96	-33425.46	2.22891	100.920	0.00
0.00	81789.85	-33425.31	2.18925	81789.85	-33425.31	2.18925	92.659	0.00
0.00	81789.76	-33425.18	2.15300	81789.76	-33425.18	2.15300	95.375	0.00
0.00	81789.68	-33425.06	2.11553	81789.68	-33425.06	2.11553	92.065	0.00
0.00	81789.56	-33424.85	2.07925	81789.56	-33424.85	2.07925	103.575	0.00
0.00	81789.45	-33424.67	2.03968	81789.45	-33424.67	2.03968	99.975	0.00
0.00	81789.36	-33424.47	2.00216	81789.36	-33424.47	2.00216	93.665	0.00
0.00	81789.26	-33424.27	1.96788	81789.26	-33424.27	1.96788	100.766	0.00
0.00	81789.18	-33424.07	1.93218	81789.18	-33424.07	1.93218	98.920	0.00
0.00	81789.10	-33423.86	1.89791	81789.10	-33423.86	1.89791	93.285	0.00
0.00	81789.04	-33423.68	1.86623	81789.04	-33423.68	1.86623	91.711	0.00
0.00	81788.98	-33423.48	1.83579	81788.98	-33423.48	1.83579	103.165	0.00
0.00	81788.92	-33423.26	1.80331	81788.92	-33423.26	1.80331	96.075	0.00
0.00	81788.87	-33423.05	1.77458	81788.87	-33423.05	1.77458	104.101	0.00
0.00	81788.82	-33422.81	1.74438	81788.82	-33422.81	1.74438	100.525	0.00
0.00	81788.78	-33422.59	1.71679	81788.78	-33422.59	1.71679	99.226	0.00
0.00	81788.75	-33422.36	1.69140	81788.75	-33422.36	1.69140	92.979	0.00
0.00	81788.72	-33422.14	1.66934	81788.72	-33422.14	1.66934	105.463	0.00
0.00	81788.69	-33421.90	1.64690	81788.69	-33421.90	1.64690	94.070	0.00
0.00	81788.67	-33421.66	1.62925	81788.67	-33421.66	1.62925	98.409	0.00
0.00	81788.65	-33421.42	1.61435	81788.65	-33421.42	1.61435	86.350	0.00
0.00	81788.64	-33421.28	1.60289	81788.64	-33421.28	1.60289	92.938	0.00
0.00	81788.63	-33421.04	1.59240	81788.63	-33421.04	1.59240	101.116	0.00
0.00	81788.62	-33420.80	1.58348	81788.62	-33420.80	1.58348	96.193	0.00
0.00	81788.62	-33420.79	1.57596	81788.62	-33420.79	1.57596	92.898	0.00
