0.00	-30303.83	-40060.57	0.35000	64369.88	-61881.32	0.00000	71.509	0.00
0.00	-30303.66	-40060.52	0.35000	-30303.66	-40060.52	0.35000	92.311	0.00
0.00	-30303.04	-40060.30	0.35000	-30303.04	-40060.30	0.35000	2.569	0.00
0.00	-30302.91	-40060.28	0.31261	-30302.76	-40061.01	0.31261	48.656	0.80
0.00	-30302.69	-40060.21	0.31062	-30302.45	-40061.20	0.31261	38.256	0.87
0.00	-30302.40	-40060.12	0.30960	-30301.95	-40061.40	-0.96831	36.308	0.83
0.00	-30301.86	-40059.94	0.30885	-30301.32	-40060.95	0.47956	20.437	0.23
0.00	-30301.43	-40059.81	0.30911	-30300.95	-40061.40	-0.27943	33.053	0.59
0.00	-30300.97	-40059.66	0.30989	-30300.56	-40061.98	-0.65442	25.677	0.26
0.00	-30300.54	-40059.52	0.31061	-30300.05	-40062.00	-0.46664	22.783	0.28
0.00	-30300.12	-40059.38	0.31150	-30299.56	-40061.99	-0.34743	26.219	0.27
0.00	-30299.69	-40059.24	0.31236	-30299.20	-40062.45	-0.47867	34.091	0.31
0.00	-30299.26	-40059.10	0.31266	-30298.66	-40062.51	-0.40594	25.885	0.26
0.00	-30298.81	-40058.96	0.31253	-30298.44	-40063.45	-0.66136	23.180	0.29
0.00	-30298.41	-40058.83	0.31254	-30297.91	-40063.30	-0.52548	20.767	0.28
0.00	-30298.00	-40058.70	0.31267	-30297.31	-40063.64	-0.52888	24.946	0.31
0.00	-30297.60	-40058.57	0.31286	-30296.85	-40063.70	-0.48232	22.685	0.32
0.00	-30297.15	-40058.42	0.31276	-30296.40	-40063.88	-0.47227	23.679	0.28
0.00	-30296.70	-40058.28	0.31266	-30295.72	-40063.94	-0.41988	23.560	0.37
0.00	-30296.30	-40058.15	0.31301	-30295.16	-40063.97	-0.37979	24.251	0.29
0.00	-30295.89	-40058.02	0.31334	-30294.69	-40064.13	-0.37317	24.253	0.31
0.00	-30295.48	-40057.89	0.31321	-30294.21	-40064.33	-0.37370	22.630	0.47
0.00	-30295.07	-40057.76	0.31290	-30293.89	-40064.49	-0.37946	21.835	0.35
0.00	-30294.67	-40057.63	0.31260	-30293.52	-40064.52	-0.36306	22.626	0.34
0.00	-30294.26	-40057.50	0.31229	-30293.20	-40064.53	-0.34720	21.346	0.37
0.00	-30293.85	-40057.37	0.31189	-30292.75	-40064.74	-0.35313	21.731	0.31
0.00	-30293.45	-40057.24	0.31149	-30292.41	-40064.86	-0.35307	23.192	0.28
0.00	-30293.04	-40057.11	0.31112	-30292.08	-40064.75	-0.32607	21.540	0.33
0.00	-30292.62	-40056.98	0.31083	-30291.66	-40064.89	-0.32496	21.914	0.28
0.00	-30292.16	-40056.83	0.31069	-30291.25	-40065.08	-0.33060	20.464	0.28
0.00	-30291.79	-40056.71	0.31047	-30290.91	-40065.24	-0.33613	97.094	0.34
0.00	-30291.37	-40056.58	0.31001	-30290.46	-40065.20	-0.31632	22.743	0.25
0.00	-30290.95	-40056.44	0.30958	-30290.04	-40065.27	-0.30966	21.124	0.33
0.00	-30290.53	-40056.31	0.30947	-30289.56	-40065.39	-0.30561	21.558	0.36
0.00	-30290.12	-40056.18	0.30946	-30289.10	-40065.61	-0.31297	20.522	0.38
0.00	-30289.70	-40056.04	0.30934	-30288.68	-40065.84	-0.32154	21.582	0.39
0.00	-30289.29	-40055.91	0.30935	-30288.25	-40065.89	-0.31316	20.572	0.27
0.00	-30288.87	-40055.78	0.30963	-30287.67	-40065.98	-0.30438	20.349	0.30
0.00	-30288.44	-40055.64	0.31014	-30287.20	-40066.01	-0.29426	21.251	0.38
0.00	-30288.01	-40055.50	0.31081	-30286.76	-40066.19	-0.29796	20.952	0.29
0.00	-30287.58	-40055.36	0.31123	-30286.36	-40066.28	-0.29502	19.702	0.27
0.00	-30287.12	-40055.21	0.31139	-30285.84	-40066.49	-0.29979	18.964	0.27
0.00	-30286.71	-40055.07	0.31157	-30285.38	-40066.61	-0.29759	19.743	0.31
0.00	-30286.29	-40054.93	0.31198	-30284.85	-40066.70	-0.29266	19.855	0.22
0.00	-30285.86	-40054.79	0.31248	-30284.25	-40066.78	-0.28398	413.536	0.32
0.00	-30283.48	-40054.02	0.31444	-30282.40	-40067.23	-0.27779	21.136	0.24
0.00	-30284.11	-40054.22	0.31464	-30282.27	-40067.37	-0.28462	20.857	0.33
0.00	-30283.83	-40054.13	0.31519	-30281.83	-40067.43	-0.27964	19.475	0.25
0.00	-30283.33	-40053.96	0.31584	-30281.23	-40067.56	-0.27682	19.133	0.28
0.00	-30282.93	-40053.83	0.31632	-30280.82	-40067.53	-0.26721	19.269	0.29
0.00	-30282.48	-40053.68	0.31674	-30280.32	-40067.60	-0.26262	18.927	0.24
0.00	-30282.08	-40053.55	0.31705	-30279.71	-40067.73	-0.26012	20.556	0.22
0.00	-30281.66	-40053.41	0.31752	-30279.25	-40067.79	-0.25586	19.159	0.24
0.00	-30281.24	-40053.27	0.31784	-30278.87	-40067.87	-0.25456	20.519	0.21
0.00	-30280.85	-40053.14	0.31789	-30278.40	-40067.93	-0.25055	20.603	0.26
0.00	-30280.43	-40053.00	0.31796	-30278.08	-40067.97	-0.24827	19.100	0.24
0.00	-30279.99	-40052.85	0.31818	-30277.60	-40068.07	-0.24695	20.503	0.25
0.00	-30279.60	-40052.72	0.31845	-30276.95	-40068.15	-0.24101	20.370	0.27
0.00	-30279.20	-40052.59	0.31866	-30276.50	-40068.24	-0.23983	20.491	0.25
0.00	-30278.79	-40052.46	0.31872	-30275.97	-40068.44	-0.24338	21.962	0.32
0.00	-30278.38	-40052.32	0.31859	-30275.53	-40068.53	-0.24253	20.703	0.15
0.00	-30277.94	-40052.18	0.31840	-30276.97	-40053.10	0.31840	30.520	0.93
0.00	-30277.55	-40052.05	0.31825	-30277.55	-40052.05	0.31825	69.917	0.93
0.00	-30277.15	-40051.92	0.31809	-30277.15	-40051.92	0.31809	1.949	0.93
0.00	-30276.75	-40051.79	0.31767	-30275.99	-40052.33	0.80814	42.207	0.87
0.00	-30276.32	-40051.65	0.31692	-30275.74	-40051.89	0.93032	25.159	0.33
0.00	-30275.89	-40051.51	0.31602	-30275.67	-40051.39	1.10778	24.069	0.38
0.00	-30275.49	-40051.38	0.31520	-30274.58	-40051.58	0.46262	20.442	0.28
0.00	-30275.08	-40051.24	0.31467	-30274.15	-40051.70	0.32700	33.116	0.82
0.00	-30274.67	-40051.11	0.31419	-30273.64	-40051.75	0.22284	32.967	0.97
0.00	-30273.45	-40050.72	0.31242	-30272.45	-40051.58	0.19074	37.834	0.84
0.00	-30274.02	-40050.90	0.31242	-30272.66	-40051.61	0.20868	35.664	0.76
0.00	-30273.81	-40050.83	0.31256	-30272.41	-40051.50	0.22215	32.892	0.93
0.00	-30273.57	-40050.75	0.31270	-30272.22	-40051.46	0.22186	34.828	0.86
0.00	-30272.99	-40050.56	0.31253	-30271.72	-40051.31	0.22978	33.194	0.91
0.00	-30272.36	-40050.36	0.31233	-30271.23	-40051.20	0.22669	33.521	0.89
0.00	-30271.91	-40050.21	0.31247	-30270.84	-40051.09	0.23458	34.119	0.85
0.00	-30271.51	-40050.08	0.31274	-30270.42	-40050.98	0.23743	34.655	0.89
0.00	-30271.11	-40049.95	0.31262	-30269.98	-40050.88	0.23503	34.884	0.90
0.00	-30270.72	-40049.83	0.31219	-30269.59	-40050.73	0.24769	35.174	0.91
0.00	-30270.33	-40049.70	0.31203	-30269.19	-40050.61	0.25160	32.814	0.89
0.00	-30269.94	-40049.57	0.31225	-30268.76	-40050.45	0.26002	34.830	0.89
0.00	-30269.56	-40049.45	0.31253	-30268.33	-40050.32	0.26379	32.736	0.94
0.00	-30269.19	-40049.33	0.31244	-30267.91	-40050.18	0.26814	34.630	0.92
0.00	-30268.82	-40049.21	0.31192	-30267.56	-40050.06	0.27255	33.699	0.93
0.00	-30268.37	-40049.06	0.31151	-30267.10	-40049.94	0.27020	34.391	0.94
0.00	-30268.00	-40048.94	0.31127	-30266.70	-40049.83	0.27043	34.820	0.95
0.00	-30267.62	-40048.82	0.31147	-30266.41	-40049.74	0.27223	33.997	0.89
0.00	-30267.20	-40048.68	0.31194	-30265.97	-40049.60	0.27433	35.536	0.94
0.00	-30266.85	-40048.57	0.31190	-30265.61	-40049.49	0.27591	33.443	0.95
0.00	-30266.48	-40048.45	0.31140	-30265.20	-40049.39	0.27287	34.449	0.93
0.00	-30266.10	-40048.33	0.31099	-30264.80	-40049.28	0.27194	34.400	0.94
0.00	-30265.73	-40048.21	0.31077	-30264.47	-40049.18	0.27290	34.911	0.90
0.00	-30265.36	-40048.09	0.31057	-30264.07	-40049.08	0.27130	35.549	0.96
0.00	-30265.00	-40047.97	0.31039	-30263.70	-40048.98	0.27115	36.489	0.97
0.00	-30264.59	-40047.84	0.31007	-30263.33	-40048.86	0.27274	36.719	0.93
0.00	-30264.12	-40047.69	0.30962	-30262.91	-40048.71	0.27569	37.352	0.98
0.00	-30263.78	-40047.58	0.30935	-30262.51	-40048.58	0.27826	36.563	0.97
0.00	-30263.38	-40047.46	0.30928	-30262.12	-40048.47	0.27828	37.691	0.93
0.00	-30262.98	-40047.33	0.30904	-30261.74	-40048.34	0.28007	38.409	0.92
0.00	-30262.55	-40047.19	0.30861	-30261.34	-40048.22	0.28067	36.508	0.95
0.00	-30262.14	-40047.06	0.30840	-30260.91	-40048.08	0.28206	39.324	0.92
0.00	-30261.88	-40046.98	0.30803	-30260.57	-40047.98	0.28187	37.719	0.97
0.00	-30261.39	-40046.83	0.30754	-30260.15	-40047.83	0.28437	36.664	0.97
0.00	-30261.01	-40046.71	0.30691	-30259.74	-40047.71	0.28358	38.892	0.94
0.00	-30260.54	-40046.56	0.30632	-30259.38	-40047.61	0.28356	41.963	0.94
0.00	-30260.10	-40046.42	0.30573	-30258.90	-40047.46	0.28390	40.710	0.96
0.00	-30259.72	-40046.30	0.30536	-30258.50	-40047.32	0.28615	41.135	0.94
0.00	-30259.31	-40046.17	0.30519	-30258.09	-40047.20	0.28595	41.013	0.91
0.00	-30258.90	-40046.04	0.30495	-30257.66	-40047.07	0.28622	41.338	0.95
0.00	-30258.46	-40045.91	0.30458	-30257.26	-40046.94	0.28657	39.669	0.95
0.00	-30258.05	-40045.78	0.30419	-30256.85	-40046.80	0.28788	41.934	0.95
0.00	-30257.71	-40045.67	0.30417	-30256.49	-40046.70	0.28687	39.875	0.95
0.00	-30257.23	-40045.52	0.30421	-30256.16	-40046.59	0.28816	41.668	0.91
0.00	-30256.79	-40045.38	0.30409	-30255.75	-40046.45	0.28939	40.010	0.96
0.00	-30256.34	-40045.23	0.30393	-30255.32	-40046.30	0.29114	39.922	0.97
0.00	-30255.90	-40045.09	0.30405	-30254.95	-40046.16	0.29282	41.185	0.89
0.00	-30255.46	-40044.96	0.30460	-30254.52	-40046.02	0.29407	100.225	0.92
0.00	-30254.94	-40044.79	0.30522	-30253.98	-40045.86	0.29426	40.846	0.92
0.00	-30254.55	-40044.66	0.30543	-30253.57	-40045.74	0.29324	41.625	0.97
0.00	-30254.10	-40044.52	0.30543	-30253.07	-40045.58	0.29331	41.244	0.97
0.00	-30253.68	-40044.38	0.30549	-30252.59	-40045.43	0.29380	40.174	0.93
0.00	-30253.24	-40044.24	0.30570	-30252.14	-40045.29	0.29367	41.883	0.96
0.00	-30252.79	-40044.10	0.30595	-30251.70	-40045.15	0.29388	38.334	0.98
0.00	-30252.34	-40043.96	0.30564	-30251.29	-40045.02	0.29381	39.516	0.92
0.00	-30252.00	-40043.84	0.30574	-30250.92	-40044.89	0.29511	40.549	0.90
0.00	-30251.46	-40043.67	0.30591	-30250.47	-40044.75	0.29511	39.516	0.97
0.00	-30250.98	-40043.52	0.30628	-30249.98	-40044.60	0.29500	40.362	0.93
0.00	-30250.51	-40043.37	0.30650	-30249.49	-40044.44	0.29593	38.857	0.96
0.00	-30250.06	-40043.22	0.30667	-30249.01	-40044.29	0.29596	38.715	0.96
0.00	-30249.59	-40043.07	0.30679	-30248.55	-40044.14	0.29626	36.722	0.96
0.00	-30249.09	-40042.91	0.30678	-30248.07	-40043.99	0.29679	38.087	0.97
0.00	-30248.64	-40042.77	0.30667	-30247.65	-40043.85	0.29691	38.376	0.95
0.00	-30248.20	-40042.63	0.30651	-30247.21	-40043.71	0.29704	37.642	0.96
0.00	-30247.73	-40042.48	0.30627	-30246.70	-40043.56	0.29669	36.406	0.97
0.00	-30247.24	-40042.33	0.30617	-30246.30	-40043.42	0.29753	36.707	0.96
0.00	-30246.76	-40042.17	0.30624	-30245.85	-40043.27	0.29834	38.905	0.96
0.00	-30246.32	-40042.03	0.30627	-30245.39	-40043.12	0.29879	38.142	0.96
0.00	-30245.88	-40041.89	0.30631	-30244.95	-40042.98	0.29928	37.058	0.93
0.00	-30245.43	-40041.75	0.30629	-30244.51	-40042.84	0.29971	36.255	0.96
0.00	-30244.98	-40041.61	0.30631	-30244.00	-40042.66	0.30128	36.943	0.94
0.00	-30244.43	-40041.43	0.30644	-30243.44	-40042.48	0.30177	35.850	0.93
0.00	-30244.06	-40041.31	0.30637	-30243.03	-40042.33	0.30322	34.573	0.88
0.00	-30243.55	-40041.15	0.30613	-30242.54	-40042.17	0.30334	39.236	0.92
0.00	-30243.16	-40041.03	0.30599	-30242.14	-40042.05	0.30285	35.323	0.93
0.00	-30242.65	-40040.87	0.30610	-30241.75	-40041.90	0.30526	34.614	0.92
0.00	-30242.22	-40040.73	0.30618	-30241.30	-40041.76	0.30572	33.599	0.97
0.00	-30241.01	-40040.48	0.28131	-30240.87	-40041.60	0.30712	34.927	0.90
0.00	-30237.90	-40040.17	0.15823	-30240.48	-40041.47	0.30765	33.239	0.87
0.00	-30235.03	-40040.73	-0.05613	-30240.00	-40041.31	0.30833	34.064	0.97
0.00	-30232.92	-40042.09	-0.29799	-30239.53	-40041.15	0.30911	33.430	0.98
0.00	-30231.58	-40043.74	-0.50645	-30239.08	-40040.99	0.31043	33.507	0.96
0.00	-30230.93	-40045.22	-0.66967	-30238.55	-40040.81	0.31023	31.907	0.96
0.00	-30230.67	-40046.38	-0.79375	-30238.04	-40040.65	0.31068	31.595	0.94
0.00	-30230.60	-40047.16	-0.87949	-30237.59	-40040.51	0.31036	29.579	0.89
0.00	-30230.56	-40047.76	-0.94328	-30237.09	-40040.34	0.31082	30.640	0.95
0.00	-30230.22	-40048.76	-0.99545	-30236.16	-40040.04	0.31075	31.233	0.86
0.00	-30230.54	-40048.26	-0.99380	-30236.02	-40039.99	0.31141	25.826	0.94
0.00	-30230.48	-40048.32	-0.99063	-30235.93	-40039.94	0.31316	30.754	0.94
0.00	-30230.09	-40048.64	-0.95917	-30235.43	-40039.77	0.31378	29.176	0.96
0.00	-30229.65	-40048.78	-0.89969	-30234.91	-40039.60	0.31413	28.442	0.84
0.00	-30229.10	-40048.92	-0.82363	-30234.37	-40039.44	0.31295	28.655	0.94
0.00	-30228.49	-40049.05	-0.74339	-30233.84	-40039.27	0.31256	28.086	0.88
0.00	-30227.88	-40049.14	-0.66808	-30233.38	-40039.11	0.31294	26.886	0.91
0.00	-30227.25	-40049.23	-0.59904	-30232.87	-40038.94	0.31345	29.049	0.97
0.00	-30226.68	-40049.28	-0.54005	-30232.35	-40038.77	0.31362	27.851	0.91
0.00	-30226.28	-40049.25	-0.49162	-30231.84	-40038.58	0.31550	28.528	0.88
0.00	-30226.06	-40049.13	-0.44886	-30231.36	-40038.41	0.31656	27.680	0.86
0.00	-30226.28	-40048.84	-0.41509	-30230.90	-40038.26	0.31673	27.968	0.87
0.00	-30226.64	-40048.49	-0.38031	-30230.40	-40038.11	0.31550	27.111	0.86
0.00	-30226.71	-40048.26	-0.34317	-30229.93	-40037.96	0.31481	27.954	0.91
0.00	-30226.35	-40048.15	-0.29671	-30229.49	-40037.80	0.31609	28.062	0.96
0.00	-30225.80	-40048.06	-0.24627	-30228.97	-40037.65	0.31446	27.542	0.95
0.00	-30225.24	-40047.93	-0.19237	-30228.47	-40037.48	0.31522	27.758	0.89
0.00	-30223.81	-40047.92	-0.13262	-30228.02	-40037.34	0.31507	26.774	0.87
0.00	-30222.50	-40047.96	-0.10380	-30227.56	-40037.17	0.31634	26.020	0.89
0.00	-30221.69	-40048.02	-0.09943	-30227.08	-40037.02	0.31592	25.098	0.95
0.00	-30220.99	-40048.17	-0.11413	-30226.55	-40036.85	0.31560	28.020	0.88
0.00	-30220.63	-40048.29	-0.13036	-30226.03	-40036.67	0.31606	26.790	0.96
0.00	-30220.41	-40048.35	-0.13744	-30225.51	-40036.50	0.31610	27.147	0.89
0.00	-30220.18	-40048.35	-0.13065	-30224.97	-40036.30	0.31750	26.555	0.90
0.00	-30219.92	-40048.27	-0.10751	-30224.42	-40036.14	0.31665	87.945	0.86
0.00	-30219.59	-40048.11	-0.06782	-30223.97	-40035.99	0.31678	27.141	0.92
0.00	-30219.22	-40047.88	-0.01524	-30223.50	-40035.83	0.31684	25.440	0.90
0.00	-30218.76	-40047.54	0.05369	-30223.05	-40035.67	0.31803	25.794	0.88
0.00	-30218.24	-40047.10	0.13640	-30222.62	-40035.54	0.31723	26.507	0.90
0.00	-30217.72	-40046.58	0.22600	-30222.12	-40035.37	0.31833	25.760	0.89
0.00	-30217.22	-40045.98	0.31976	-30221.66	-40035.22	0.31872	26.960	0.92
0.00	-30216.72	-40045.31	0.41409	-30221.17	-40035.04	0.32062	27.142	0.90
0.00	-30216.30	-40044.64	0.50014	-30220.69	-40034.88	0.32086	27.847	0.89
0.00	-30215.93	-40043.96	0.58255	-30220.17	-40034.71	0.32070	84.142	0.90
0.00	-30215.60	-40043.27	0.65967	-30219.72	-40034.56	0.32153	26.871	0.89
0.00	-30215.31	-40042.55	0.73551	-30219.24	-40034.41	0.32100	26.905	0.97
0.00	-30215.00	-40041.95	0.78334	-30218.80	-40034.26	0.32161	28.390	0.97
0.00	-30214.81	-40041.35	0.84102	-30218.34	-40034.11	0.32224	27.884	0.89
0.00	-30214.59	-40040.77	0.88496	-30217.87	-40033.94	0.32318	27.526	0.93
0.00	-30214.39	-40040.28	0.91691	-30217.46	-40033.79	0.32419	29.576	0.92
0.00	-30214.17	-40039.82	0.93833	-30217.00	-40033.65	0.32403	29.035	0.91
0.00	-30213.89	-40039.35	0.94924	-30216.62	-40033.51	0.32516	29.596	0.94
0.00	-30213.62	-40038.96	0.95117	-30216.17	-40033.36	0.32536	29.288	0.95
0.00	-30213.35	-40038.61	0.94712	-30215.69	-40033.20	0.32611	29.168	0.95
0.00	-30213.02	-40038.25	0.93733	-30215.20	-40033.02	0.32773	29.495	0.92
0.00	-30212.68	-40037.91	0.92246	-30214.72	-40032.87	0.32809	31.229	0.96
0.00	-30212.34	-40037.61	0.90454	-30214.27	-40032.70	0.32970	31.715	0.90
0.00	-30211.92	-40037.28	0.88079	-30213.82	-40032.54	0.33127	31.126	0.91
0.00	-30211.50	-40036.96	0.85634	-30213.32	-40032.38	0.33139	31.287	0.95
0.00	-30211.10	-40036.71	0.83072	-30212.83	-40032.22	0.33208	32.379	0.96
0.00	-30210.70	-40036.46	0.80430	-30212.35	-40032.08	0.33186	32.245	0.96
0.00	-30210.27	-40036.22	0.77776	-30211.89	-40031.92	0.33331	34.515	0.93
0.00	-30209.83	-40035.96	0.75168	-30211.42	-40031.74	0.33599	32.397	0.89
0.00	-30209.39	-40035.73	0.72681	-30210.96	-40031.57	0.33851	35.786	0.98
0.00	-30208.89	-40035.45	0.70252	-30210.38	-40031.35	0.34143	37.950	0.98
0.00	-30208.45	-40035.23	0.68116	-30209.86	-40031.19	0.34160	33.460	0.98
0.00	-30208.05	-40035.04	0.66069	-30209.38	-40031.02	0.34358	32.751	0.96
0.00	-30207.55	-40034.80	0.63903	-30208.94	-40030.87	0.34531	31.812	0.94
0.00	-30207.08	-40034.58	0.61957	-30208.46	-40030.70	0.34677	33.823	0.95
0.00	-30206.63	-40034.38	0.60230	-30208.02	-40030.54	0.34875	35.389	0.95
0.00	-30206.16	-40034.16	0.58663	-30207.54	-40030.35	0.35165	35.431	0.96
0.00	-30205.71	-40033.95	0.57269	-30207.07	-40030.20	0.35257	36.725	0.96
0.00	-30205.23	-40033.73	0.55999	-30206.60	-40030.01	0.35519	33.802	0.95
0.00	-30204.77	-40033.51	0.54855	-30206.20	-40029.86	0.35707	34.669	0.92
0.00	-30204.33	-40033.31	0.53832	-30205.75	-40029.70	0.35808	34.415	0.91
0.00	-30203.87	-40033.09	0.52907	-30205.30	-40029.52	0.36058	35.007	0.91
0.00	-30203.40	-40032.87	0.52031	-30204.77	-40029.33	0.36156	34.316	0.94
0.00	-30202.97	-40032.67	0.51287	-30204.30	-40029.14	0.36285	33.927	0.93
0.00	-30202.48	-40032.44	0.50609	-30203.86	-40028.97	0.36448	33.305	0.96
0.00	-30202.00	-40032.22	0.49939	-30203.35	-40028.78	0.36460	33.384	0.95
0.00	-30201.54	-40032.01	0.49332	-30202.92	-40028.62	0.36535	33.498	0.94
0.00	-30201.07	-40031.79	0.48782	-30202.46	-40028.44	0.36602	32.912	0.92
0.00	-30200.61	-40031.57	0.48308	-30202.02	-40028.27	0.36710	39.194	0.93
0.00	-30200.18	-40031.37	0.47899	-30201.57	-40028.09	0.36807	32.639	0.94
0.00	-30199.71	-40031.15	0.47519	-30201.09	-40027.89	0.36986	32.952	0.90
0.00	-30199.25	-40030.94	0.47140	-30200.65	-40027.72	0.36996	32.119	0.90
0.00	-30198.83	-40030.74	0.46800	-30200.17	-40027.53	0.37029	31.054	0.94
0.00	-30198.30	-40030.49	0.46518	-30199.68	-40027.36	0.36877	30.913	0.94
0.00	-30197.79	-40030.24	0.46317	-30199.16	-40027.15	0.37016	31.571	0.94
0.00	-30197.40	-40030.06	0.46170	-30198.70	-40026.97	0.37072	30.301	0.95
0.00	-30196.96	-40029.86	0.46034	-30198.26	-40026.80	0.37121	30.123	0.90
0.00	-30196.50	-40029.64	0.45874	-30197.80	-40026.62	0.37252	30.020	0.91
0.00	-30196.05	-40029.43	0.45721	-30197.33	-40026.42	0.37356	29.147	0.86
0.00	-30195.63	-40029.23	0.45567	-30196.85	-40026.24	0.37374	30.277	0.91
0.00	-30195.17	-40029.02	0.45406	-30196.39	-40026.05	0.37441	29.979	0.90
0.00	-30194.74	-40028.82	0.45235	-30195.90	-40025.84	0.37574	29.602	0.91
0.00	-30194.30	-40028.61	0.45022	-30195.42	-40025.65	0.37601	31.570	0.89
0.00	-30193.83	-40028.40	0.44818	-30195.00	-40025.48	0.37637	30.954	0.85
0.00	-30193.34	-40028.17	0.44648	-30194.51	-40025.26	0.37801	109.951	0.94
0.00	-30192.88	-40027.96	0.44466	-30194.06	-40025.06	0.37947	31.771	0.83
0.00	-30192.51	-40027.79	0.44298	-30193.68	-40024.90	0.38038	32.478	0.82
0.00	-30192.05	-40027.59	0.44092	-30193.21	-40024.70	0.38062	31.802	0.88
0.00	-30191.61	-40027.39	0.43881	-30192.72	-40024.51	0.37982	31.227	0.87
0.00	-30191.16	-40027.18	0.43673	-30192.30	-40024.34	0.37966	30.823	0.90
0.00	-30190.70	-40026.98	0.43483	-30191.86	-40024.14	0.38121	31.743	0.86
0.00	-30190.30	-40026.80	0.43296	-30191.39	-40023.94	0.38130	33.726	0.85
0.00	-30189.83	-40026.58	0.43084	-30190.99	-40023.77	0.38101	32.900	0.76
0.00	-30189.35	-40026.37	0.42875	-30190.55	-40023.59	0.38047	35.312	0.80
0.00	-30188.90	-40026.17	0.42694	-30190.15	-40023.41	0.38101	31.696	0.79
0.00	-30188.41	-40025.95	0.42502	-30189.70	-40023.24	0.37960	32.600	0.77
0.00	-30187.97	-40025.76	0.42280	-30189.27	-40023.07	0.37775	32.184	0.85
0.00	-30187.54	-40025.57	0.42036	-30188.83	-40022.88	0.37716	31.941	0.83
0.00	-30187.08	-40025.37	0.41799	-30188.37	-40022.72	0.37402	32.529	0.82
0.00	-30186.64	-40025.17	0.41564	-30187.91	-40022.53	0.37279	34.149	0.76
0.00	-30186.17	-40024.97	0.41333	-30187.46	-40022.35	0.37064	31.927	0.76
0.00	-30185.70	-40024.76	0.41156	-30187.02	-40022.20	0.36705	31.535	0.77
0.00	-30185.28	-40024.58	0.41038	-30186.56	-40022.02	0.36570	30.619	0.82
0.00	-30184.74	-40024.34	0.40957	-30186.09	-40021.83	0.36541	29.959	0.73
0.00	-30184.30	-40024.14	0.40857	-30185.61	-40021.67	0.36229	30.584	0.82
0.00	-30183.87	-40023.96	0.40738	-30185.19	-40021.49	0.36273	31.715	0.72
0.00	-30183.43	-40023.77	0.40643	-30184.74	-40021.32	0.36065	30.601	0.71
0.00	-30182.92	-40023.55	0.40571	-30184.27	-40021.15	0.35951	30.015	0.76
0.00	-30182.51	-40023.36	0.40522	-30183.88	-40020.99	0.35916	31.100	0.73
0.00	-30182.04	-40023.16	0.40506	-30183.34	-40020.81	0.35639	29.953	0.75
0.00	-30181.59	-40022.96	0.40468	-30182.83	-40020.63	0.35458	28.930	0.79
0.00	-30181.17	-40022.78	0.40408	-30182.38	-40020.45	0.35389	29.463	0.72
0.00	-30180.69	-40022.57	0.40350	-30181.94	-40020.29	0.35269	28.640	0.73
0.00	-30180.24	-40022.38	0.40280	-30181.38	-40020.07	0.35331	28.802	0.62
0.00	-30179.75	-40022.17	0.40175	-30180.94	-40019.92	0.35069	27.995	0.74
0.00	-30179.28	-40021.97	0.40027	-30180.43	-40019.72	0.35067	27.192	0.66
0.00	-30178.81	-40021.77	0.39882	-30179.97	-40019.52	0.35133	27.894	0.66
0.00	-30178.35	-40021.58	0.39752	-30179.51	-40019.35	0.35071	26.886	0.72
0.00	-30177.85	-40021.38	0.39586	-30179.04	-40019.17	0.35077	25.790	0.60
0.00	-30177.43	-40021.20	0.39380	-30178.65	-40019.00	0.35118	24.644	0.64
0.00	-30176.96	-40021.01	0.39160	-30178.11	-40018.82	0.34823	24.548	0.80
0.00	-30176.50	-40020.83	0.38945	-30177.56	-40018.63	0.34687	25.256	0.71
0.00	-30176.07	-40020.66	0.38710	-30177.14	-40018.46	0.34762	24.222	0.59
0.00	-30175.57	-40020.47	0.38456	-30176.64	-40018.28	0.34578	22.726	0.67
0.00	-30175.13	-40020.29	0.38220	-30176.09	-40018.08	0.34461	22.183	0.64
0.00	-30174.69	-40020.12	0.38057	-30175.65	-40017.93	0.34339	22.030	0.65
0.00	-30174.24	-40019.94	0.37889	-30175.15	-40017.71	0.34538	21.186	0.31
0.00	-30173.76	-40019.76	0.37687	-30174.64	-40017.50	0.34643	20.356	0.48
0.00	-30173.31	-40019.59	0.37494	-30174.15	-40017.28	0.34795	21.127	0.20
0.00	-30172.86	-40019.41	0.37379	-30173.51	-40017.09	0.34456	23.341	0.70
0.00	-30172.36	-40019.22	0.37297	-30172.91	-40016.90	0.34208	24.273	0.71
0.00	-30171.98	-40019.07	0.37182	-30172.39	-40016.69	0.34302	24.729	0.47
0.00	-30171.52	-40018.89	0.37064	-30171.91	-40016.51	0.34260	24.371	0.65
0.00	-30171.06	-40018.71	0.36991	-30171.35	-40016.32	0.34104	25.391	0.65
0.00	-30170.62	-40018.54	0.36936	-30170.77	-40016.14	0.33822	25.122	0.75
0.00	-30170.15	-40018.36	0.36826	-30170.32	-40016.01	0.33505	25.994	0.81
0.00	-30169.67	-40018.17	0.36665	-30169.86	-40015.90	0.32977	26.972	0.82
0.00	-30169.21	-40017.99	0.36529	-30169.38	-40015.74	0.32754	25.479	0.77
0.00	-30168.77	-40017.82	0.36410	-30168.86	-40015.56	0.32635	26.400	0.73
0.00	-30168.30	-40017.64	0.36250	-30168.41	-40015.44	0.32290	27.439	0.91
0.00	-30167.83	-40017.47	0.36018	-30167.86	-40015.28	0.31903	26.759	0.76
0.00	-30167.38	-40017.30	0.35761	-30167.40	-40015.13	0.31659	27.542	0.81
0.00	-30166.87	-40017.11	0.35521	-30166.89	-40014.98	0.31366	29.574	0.89
0.00	-30166.38	-40016.93	0.35259	-30166.43	-40014.81	0.31217	28.483	0.69
0.00	-30165.94	-40016.77	0.34905	-30165.93	-40014.66	0.30831	29.157	0.90
0.00	-30165.47	-40016.60	0.34505	-30165.42	-40014.50	0.30515	29.177	0.80
0.00	-30164.98	-40016.43	0.34139	-30164.90	-40014.36	0.30038	28.922	0.85
0.00	-30164.49	-40016.26	0.33761	-30164.48	-40014.24	0.29681	86.716	0.88
0.00	-30164.03	-40016.10	0.33350	-30164.03	-40014.11	0.29264	29.485	0.85
0.00	-30163.53	-40015.94	0.32925	-30163.53	-40013.97	0.28841	29.840	0.81
0.00	-30163.05	-40015.77	0.32521	-30163.06	-40013.84	0.28445	30.723	0.80
0.00	-30162.58	-40015.62	0.32122	-30162.49	-40013.68	0.28022	29.946	0.89
0.00	-30162.08	-40015.46	0.31708	-30161.91	-40013.55	0.27416	30.764	0.94
0.00	-30161.58	-40015.30	0.31290	-30161.35	-40013.41	0.26870	31.073	0.95
0.00	-30161.05	-40015.13	0.30884	-30160.78	-40013.27	0.26415	31.208	0.84
0.00	-30160.57	-40014.98	0.30475	-30160.28	-40013.15	0.25930	31.328	0.84
0.00	-30160.09	-40014.83	0.30061	-30159.87	-40013.05	0.25538	31.352	0.82
0.00	-30159.62	-40014.69	0.29649	-30159.37	-40012.95	0.24962	32.004	0.90
0.00	-30159.11	-40014.54	0.29247	-30158.82	-40012.81	0.24602	30.801	0.88
0.00	-30158.61	-40014.39	0.28880	-30158.31	-40012.69	0.24266	31.736	0.89
0.00	-30158.08	-40014.24	0.28545	-30157.82	-40012.57	0.23977	33.799	0.89
0.00	-30157.64	-40014.11	0.28216	-30157.26	-40012.44	0.23611	32.489	0.87
0.00	-30157.10	-40013.96	0.27888	-30156.67	-40012.31	0.23280	34.187	0.84
0.00	-30156.59	-40013.81	0.27601	-30156.19	-40012.20	0.22942	33.424	0.93
0.00	-30156.03	-40013.66	0.27361	-30155.63	-40012.08	0.22673	33.401	0.92
0.00	-30155.55	-40013.52	0.27150	-30155.26	-40012.01	0.22345	34.678	0.92
0.00	-30155.07	-40013.39	0.26946	-30154.75	-40011.91	0.22078	34.333	0.92
0.00	-30154.55	-40013.25	0.26745	-30154.26	-40011.79	0.21939	34.795	0.91
0.00	-30154.05	-40013.11	0.26568	-30153.71	-40011.67	0.21741	32.242	0.87
0.00	-30153.56	-40012.98	0.26423	-30153.15	-40011.56	0.21554	34.533	0.93
0.00	-30153.04	-40012.84	0.26269	-30152.65	-40011.46	0.21295	35.000	0.91
0.00	-30152.55	-40012.71	0.26121	-30152.05	-40011.32	0.21270	35.634	0.89
0.00	-30152.02	-40012.57	0.26022	-30151.60	-40011.22	0.21172	34.375	0.93
0.00	-30151.50	-40012.43	0.25935	-30151.14	-40011.13	0.21092	36.037	0.91
0.00	-30151.01	-40012.30	0.25881	-30150.61	-40011.02	0.21006	35.058	0.93
0.00	-30150.60	-40012.15	0.26502	-30150.17	-40010.93	0.20815	36.932	0.92
0.00	-30150.26	-40011.98	0.27992	-30149.63	-40010.81	0.20794	34.690	0.84
0.00	-30149.80	-40011.74	0.30092	-30149.09	-40010.69	0.20816	36.092	0.88
0.00	-30149.38	-40011.49	0.32257	-30148.69	-40010.60	0.20718	35.618	0.92
0.00	-30148.93	-40011.23	0.34414	-30148.28	-40010.52	0.20670	35.473	0.94
0.00	-30148.49	-40010.96	0.36379	-30147.79	-40010.41	0.20641	35.473	0.91
0.00	-30148.02	-40010.70	0.37999	-30147.35	-40010.32	0.20646	33.867	0.94
0.00	-30147.50	-40010.42	0.39342	-30146.83	-40010.20	0.20807	34.821	0.92
0.00	-30147.11	-40010.22	0.40117	-30146.39	-40010.09	0.20953	35.719	0.93
0.00	-30146.68	-40010.03	0.40349	-30145.94	-40010.00	0.20985	34.480	0.96
0.00	-30146.22	-40009.85	0.40115	-30145.50	-40009.90	0.21055	35.451	0.92
0.00	-30145.76	-40009.68	0.39516	-30145.01	-40009.80	0.21052	34.384	0.92
0.00	-30145.29	-40009.53	0.38610	-30144.53	-40009.69	0.21109	34.140	0.90
0.00	-30144.76	-40009.38	0.37459	-30143.95	-40009.55	0.21263	33.465	0.87
0.00	-30144.29	-40009.26	0.36209	-30143.45	-40009.44	0.21243	34.442	0.89
0.00	-30143.83	-40009.16	0.34894	-30142.97	-40009.33	0.21356	34.466	0.91
0.00	-30143.28	-40009.04	0.33470	-30142.45	-40009.22	0.21457	33.463	0.89
0.00	-30142.76	-40008.93	0.32093	-30141.95	-40009.09	0.21660	34.531	0.92
0.00	-30142.33	-40008.86	0.30808	-30141.52	-40008.98	0.21926	33.484	0.91
0.00	-30141.83	-40008.78	0.29497	-30141.06	-40008.87	0.22130	35.716	0.90
0.00	-30141.33	-40008.69	0.28344	-30140.62	-40008.77	0.22332	33.708	0.86
0.00	-30140.83	-40008.61	0.27350	-30140.14	-40008.66	0.22526	34.715	0.91
0.00	-30140.34	-40008.53	0.26503	-30139.68	-40008.56	0.22687	32.350	0.94
0.00	-30139.85	-40008.44	0.25806	-30139.24	-40008.44	0.23069	34.219	0.89
0.00	-30139.36	-40008.35	0.25242	-30138.79	-40008.33	0.23394	31.626	0.88
0.00	-30138.84	-40008.24	0.24833	-30138.21	-40008.18	0.23739	31.805	0.92
0.00	-30138.28	-40008.13	0.24639	-30137.75	-40008.06	0.24065	32.406	0.86
0.00	-30137.79	-40008.03	0.24570	-30137.28	-40007.95	0.24388	31.967	0.89
0.00	-30137.37	-40007.94	0.24559	-30136.79	-40007.80	0.24904	31.858	0.90
0.00	-30136.90	-40007.83	0.24603	-30136.30	-40007.66	0.25351	31.728	0.90
0.00	-30136.43	-40007.72	0.24731	-30135.91	-40007.56	0.25641	32.277	0.93
0.00	-30135.97	-40007.61	0.24924	-30135.38	-40007.42	0.25956	32.185	0.87
0.00	-30135.51	-40007.49	0.25154	-30134.90	-40007.28	0.26374	32.087	0.93
0.00	-30135.06	-40007.38	0.25408	-30134.50	-40007.15	0.26753	98.851	0.84
0.00	-30134.56	-40007.25	0.25710	-30134.04	-40007.01	0.27103	32.318	0.94
0.00	-30134.20	-40007.15	0.26048	-30133.64	-40006.89	0.27434	31.650	0.94
0.00	-30133.66	-40007.00	0.26434	-30133.18	-40006.73	0.27887	32.785	0.88
0.00	-30133.18	-40006.86	0.26837	-30132.68	-40006.59	0.28146	31.061	0.88
0.00	-30132.83	-40006.75	0.27243	-30132.30	-40006.47	0.28439	31.529	0.90
0.00	-30132.44	-40006.63	0.27662	-30131.86	-40006.33	0.28814	30.629	0.91
0.00	-30132.03	-40006.51	0.28096	-30131.42	-40006.21	0.28971	33.124	0.91
0.00	-30131.60	-40006.38	0.28549	-30130.90	-40006.04	0.29345	31.276	0.81
0.00	-30131.18	-40006.24	0.29012	-30130.51	-40005.90	0.29761	31.876	0.93
0.00	-30130.77	-40006.11	0.29498	-30130.14	-40005.78	0.30131	31.259	0.89
0.00	-30130.36	-40005.97	0.29980	-30129.75	-40005.65	0.30474	31.024	0.93
0.00	-30129.97	-40005.84	0.30421	-30129.41	-40005.53	0.30842	32.307	0.94
0.00	-30129.47	-40005.68	0.30825	-30129.02	-40005.39	0.31130	32.904	0.89
0.00	-30129.03	-40005.53	0.31215	-30128.60	-40005.26	0.31323	33.807	0.96
0.00	-30128.69	-40005.41	0.31598	-30128.24	-40005.14	0.31681	33.231	0.91
0.00	-30128.30	-40005.28	0.31974	-30127.77	-40004.99	0.31851	33.030	0.90
0.00	-30127.92	-40005.15	0.32326	-30127.32	-40004.84	0.32135	106.131	0.93
0.00	-30127.48	-40005.00	0.32701	-30126.86	-40004.70	0.32326	33.937	0.91
0.00	-30127.16	-40004.89	0.33014	-30126.52	-40004.57	0.32684	31.472	0.97
0.00	-30126.78	-40004.75	0.33348	-30126.23	-40004.46	0.33043	32.800	0.95
0.00	-30126.39	-40004.62	0.33652	-30125.93	-40004.35	0.33389	31.764	0.89
0.00	-30126.03	-40004.49	0.33927	-30125.59	-40004.23	0.33659	30.877	0.91
0.00	-30125.60	-40004.33	0.34194	-30125.21	-40004.10	0.33856	32.700	0.95
0.00	-30125.27	-40004.21	0.34452	-30124.87	-40003.96	0.34213	31.619	0.92
0.00	-30124.97	-40004.10	0.34674	-30124.55	-40003.84	0.34517	32.015	0.90
0.00	-30124.62	-40003.98	0.34881	-30124.19	-40003.71	0.34723	32.575	0.93
0.00	-30124.31	-40003.87	0.35057	-30123.92	-40003.59	0.35033	32.191	0.92
0.00	-30123.99	-40003.75	0.35192	-30123.58	-40003.47	0.35131	31.527	0.86
0.00	-30123.67	-40003.63	0.35289	-30123.25	-40003.36	0.35239	32.410	0.94
0.00	-30123.35	-40003.51	0.35347	-30122.96	-40003.25	0.35287	31.894	0.96
0.00	-30123.02	-40003.40	0.35370	-30122.61	-40003.12	0.35362	31.132	0.94
0.00	-30122.68	-40003.27	0.35338	-30122.24	-40002.99	0.35319	33.016	0.94
0.00	-30122.29	-40003.13	0.35251	-30121.96	-40002.88	0.35264	32.036	0.94
0.00	-30121.98	-40003.01	0.35123	-30121.63	-40002.76	0.35082	33.556	0.92
0.00	-30121.68	-40002.90	0.34928	-30121.26	-40002.64	0.34829	33.382	0.93
0.00	-30121.37	-40002.79	0.34669	-30120.98	-40002.53	0.34603	34.315	0.92
0.00	-30121.02	-40002.67	0.34359	-30120.60	-40002.39	0.34331	33.564	0.91
0.00	-30120.72	-40002.56	0.34037	-30120.28	-40002.26	0.34143	34.100	0.96
0.00	-30120.41	-40002.45	0.33750	-30119.91	-40002.12	0.33912	33.369	0.94
0.00	-30120.09	-40002.34	0.33464	-30119.67	-40002.03	0.33684	33.344	0.92
0.00	-30119.78	-40002.23	0.33165	-30119.36	-40001.92	0.33386	33.070	0.90
0.00	-30119.46	-40002.12	0.32850	-30119.06	-40001.80	0.33226	34.260	0.95
0.00	-30119.09	-40001.99	0.32555	-30118.75	-40001.69	0.33009	35.712	0.96
0.00	-30118.79	-40001.89	0.32288	-30118.40	-40001.56	0.32812	35.064	0.99
0.00	-30118.50	-40001.80	0.32021	-30118.11	-40001.46	0.32539	37.212	0.98
0.00	-30118.20	-40001.70	0.31759	-30117.86	-40001.39	0.32208	35.033	0.90
0.00	-30117.89	-40001.60	0.31528	-30117.58	-40001.29	0.31968	35.856	0.89
0.00	-30117.58	-40001.50	0.31301	-30117.25	-40001.19	0.31681	36.706	0.97
0.00	-30117.28	-40001.40	0.31071	-30116.97	-40001.09	0.31531	36.587	0.98
0.00	-30116.94	-40001.29	0.30869	-30116.65	-40001.00	0.31179	36.578	0.98
0.00	-30116.64	-40001.19	0.30709	-30116.34	-40000.90	0.30922	35.648	0.93
0.00	-30116.33	-40001.09	0.30541	-30116.05	-40000.80	0.30787	35.273	0.98
0.00	-30115.97	-40000.98	0.30365	-30115.76	-40000.71	0.30604	35.786	0.95
0.00	-30115.69	-40000.89	0.30194	-30115.53	-40000.63	0.30495	37.006	0.98
0.00	-30115.41	-40000.80	0.30043	-30115.23	-40000.52	0.30411	37.567	0.98
0.00	-30115.11	-40000.70	0.29928	-30114.96	-40000.44	0.30237	37.883	0.91
0.00	-30114.80	-40000.61	0.29826	-30114.60	-40000.34	0.30020	37.913	0.98
0.00	-30114.50	-40000.51	0.29741	-30114.26	-40000.22	0.29976	36.060	0.99
0.00	-30114.19	-40000.42	0.29698	-30113.94	-40000.12	0.29916	38.388	0.97
0.00	-30113.90	-40000.33	0.29730	-30113.64	-40000.03	0.29894	37.817	0.95
0.00	-30113.57	-40000.23	0.29770	-30113.30	-39999.92	0.29951	38.291	0.97
0.00	-30113.28	-40000.13	0.29753	-30113.05	-39999.84	0.29944	38.818	0.95
0.00	-30112.93	-40000.03	0.29745	-30112.77	-39999.75	0.29970	39.160	0.94
0.00	-30112.67	-39999.95	0.29769	-30112.49	-39999.66	0.29932	38.753	0.94
0.00	-30112.40	-39999.86	0.29797	-30112.21	-39999.59	0.29780	40.805	0.96
0.00	-30112.11	-39999.77	0.29812	-30111.88	-39999.49	0.29803	38.418	0.98
0.00	-30111.79	-39999.67	0.29828	-30111.60	-39999.39	0.29834	40.966	0.96
0.00	-30111.51	-39999.58	0.29864	-30111.29	-39999.29	0.29885	41.315	0.97
0.00	-30111.22	-39999.49	0.29878	-30110.96	-39999.19	0.29954	42.794	0.91
0.00	-30110.93	-39999.40	0.29860	-30110.72	-39999.10	0.30092	43.230	0.91
0.00	-30110.66	-39999.32	0.29848	-30110.43	-39998.99	0.30189	42.913	0.94
0.00	-30110.31	-39999.21	0.29829	-30110.12	-39998.89	0.30271	43.224	0.95
0.00	-30109.99	-39999.11	0.29799	-30109.88	-39998.80	0.30327	42.041	1.00
0.00	-30109.73	-39999.03	0.29785	-30109.62	-39998.73	0.30239	40.176	0.96
0.00	-30109.46	-39998.95	0.29797	-30109.35	-39998.65	0.30229	42.894	0.94
0.00	-30109.18	-39998.87	0.29835	-30108.99	-39998.54	0.30223	40.836	0.90
0.00	-30108.90	-39998.78	0.29921	-30108.67	-39998.44	0.30247	43.183	0.97
0.00	-30108.62	-39998.69	0.30035	-30108.41	-39998.36	0.30416	41.922	0.88
0.00	-30108.32	-39998.60	0.30213	-30108.08	-39998.24	0.30695	41.419	0.91
0.00	-30108.02	-39998.51	0.30484	-30107.79	-39998.14	0.31027	41.633	0.90
0.00	-30107.75	-39998.42	0.30791	-30107.50	-39998.05	0.31322	41.385	0.94
0.00	-30107.46	-39998.33	0.31134	-30107.25	-39997.96	0.31751	39.904	0.92
0.00	-30107.11	-39998.21	0.31575	-30106.96	-39997.86	0.32254	41.909	0.93
0.00	-30106.88	-39998.14	0.32115	-30106.68	-39997.75	0.32940	40.570	0.95
0.00	-30106.62	-39998.05	0.32760	-30106.34	-39997.63	0.33643	41.950	0.95
0.00	-30106.34	-39997.95	0.33528	-30106.13	-39997.53	0.34615	41.560	0.87
0.00	-30106.06	-39997.85	0.34467	-30105.86	-39997.43	0.35607	41.229	0.92
0.00	-30105.77	-39997.75	0.35532	-30105.53	-39997.30	0.36685	40.961	0.99
0.00	-30105.49	-39997.64	0.36661	-30105.25	-39997.20	0.37806	40.214	0.95
0.00	-30105.20	-39997.53	0.37835	-30105.04	-39997.10	0.39108	41.059	0.91
0.00	-30104.91	-39997.41	0.39189	-30104.75	-39996.97	0.40538	39.579	0.89
0.00	-30104.60	-39997.28	0.40769	-30104.35	-39996.80	0.42163	117.800	0.87
0.00	-30104.16	-39997.09	0.42937	-30104.00	-39996.63	0.44428	39.483	0.84
0.00	-30104.02	-39997.03	0.44434	-30103.76	-39996.51	0.45915	37.775	0.91
0.00	-30103.74	-39996.89	0.46392	-30103.47	-39996.36	0.47980	39.736	0.88
0.00	-30103.46	-39996.75	0.48400	-30103.13	-39996.18	0.50107	36.869	0.89
0.00	-30103.18	-39996.60	0.50385	-30102.90	-39996.04	0.52154	35.770	0.90
0.00	-30102.90	-39996.44	0.52365	-30102.66	-39995.90	0.54174	34.589	0.81
0.00	-30102.62	-39996.28	0.54450	-30102.31	-39995.69	0.56316	37.252	0.86
0.00	-30102.35	-39996.11	0.56559	-30102.05	-39995.51	0.58558	35.773	0.89
0.00	-30102.09	-39995.94	0.58693	-30101.82	-39995.35	0.60718	36.552	0.86
0.00	-30101.80	-39995.75	0.60698	-30101.55	-39995.16	0.62741	35.785	0.85
0.00	-30101.52	-39995.55	0.62795	-30101.36	-39995.02	0.64828	34.629	0.87
0.00	-30101.30	-39995.39	0.64956	-30101.10	-39994.81	0.67138	36.376	0.87
0.00	-30101.07	-39995.21	0.67076	-30100.87	-39994.62	0.69324	35.466	0.83
0.00	-30100.84	-39995.03	0.69253	-30100.64	-39994.43	0.71482	34.915	0.83
0.00	-30100.58	-39994.81	0.71506	-30100.36	-39994.20	0.73658	35.749	0.85
0.00	-30100.37	-39994.62	0.73763	-30100.13	-39993.99	0.75886	34.727	0.85
0.00	-30100.15	-39994.42	0.76077	-30099.88	-39993.77	0.78074	35.070	0.91
0.00	-30099.93	-39994.21	0.78390	-30099.75	-39993.63	0.80470	35.376	0.77
0.00	-30099.73	-39994.01	0.80705	-30099.52	-39993.38	0.82870	33.199	0.86
0.00	-30099.50	-39993.76	0.83045	-30099.32	-39993.15	0.85247	33.162	0.87
0.00	-30099.30	-39993.54	0.85380	-30099.11	-39992.88	0.87816	34.878	0.82
0.00	-30099.13	-39993.34	0.87748	-30098.91	-39992.64	0.90266	34.202	0.86
0.00	-30098.95	-39993.12	0.90148	-30098.74	-39992.40	0.92786	33.181	0.78
0.00	-30098.77	-39992.89	0.92605	-30098.57	-39992.13	0.95548	33.765	0.83
0.00	-30098.59	-39992.66	0.95100	-30098.43	-39991.94	0.97937	33.630	0.86
0.00	-30098.41	-39992.40	0.97634	-30098.26	-39991.69	1.00468	32.447	0.89
0.00	-30098.26	-39992.17	1.00151	-30098.09	-39991.43	1.02938	32.125	0.86
0.00	-30098.11	-39991.92	1.02714	-30097.94	-39991.17	1.05498	33.210	0.91
0.00	-30097.96	-39991.67	1.05328	-30097.82	-39990.94	1.08153	32.803	0.92
0.00	-30097.79	-39991.36	1.07988	-30097.70	-39990.71	1.10802	34.272	0.85
0.00	-30097.65	-39991.09	1.10655	-30097.55	-39990.44	1.13269	35.282	0.79
0.00	-30097.53	-39990.85	1.13352	-30097.42	-39990.16	1.15935	33.059	0.85
0.00	-30097.41	-39990.59	1.16099	-30097.29	-39989.86	1.18664	34.924	0.91
0.00	-30097.29	-39990.30	1.18874	-30097.19	-39989.62	1.21331	33.475	0.87
0.00	-30097.18	-39990.01	1.21608	-30097.09	-39989.36	1.23945	36.213	0.92
0.00	-30097.07	-39989.68	1.24411	-30097.01	-39989.08	1.26821	35.743	0.84
0.00	-30096.98	-39989.43	1.27197	-30096.92	-39988.79	1.29642	32.636	0.94
0.00	-30096.89	-39989.09	1.30048	-30096.84	-39988.51	1.32362	34.647	0.90
0.00	-30096.81	-39988.80	1.32821	-30096.76	-39988.22	1.34995	35.419	0.91
0.00	-30096.72	-39988.44	1.35566	-30096.69	-39987.90	1.37679	34.543	0.93
0.00	-30096.66	-39988.13	1.38300	-30096.62	-39987.57	1.40387	35.192	0.86
0.00	-30096.61	-39987.85	1.41090	-30096.57	-39987.30	1.43057	35.187	0.91
0.00	-30096.57	-39987.55	1.43819	-30096.53	-39987.02	1.45726	34.308	0.90
0.00	-30096.53	-39987.24	1.46474	-30096.50	-39986.78	1.48230	34.669	0.87
0.00	-30096.50	-39986.92	1.49076	-30096.49	-39986.44	1.50929	34.831	0.88
0.00	-30096.48	-39986.59	1.51603	-30096.48	-39986.18	1.53473	35.428	0.90
0.00	-30096.47	-39986.28	1.53984	-30096.46	-39985.96	1.55704	36.760	0.86
0.00	-30096.46	-39985.97	1.56280	-30096.46	-39985.56	1.58071	38.093	0.88
0.00	-30096.46	-39985.63	1.58546	-30096.47	-39985.25	1.60373	46.742	0.88
0.00	-30096.47	-39985.27	1.60666	-30096.48	-39984.89	1.62488	37.776	0.93
0.00	-30096.48	-39984.97	1.62706	-30096.49	-39984.62	1.64429	39.519	0.93
0.00	-30096.50	-39984.69	1.64675	-30096.52	-39984.22	1.66356	37.807	0.93
0.00	-30096.53	-39984.39	1.66587	-30096.55	-39983.94	1.68141	38.626	0.95
0.00	-30096.57	-39984.06	1.68414	-30096.58	-39983.59	1.69867	39.968	0.97
0.00	-30096.61	-39983.72	1.70084	-30096.62	-39983.27	1.71387	39.941	0.93
0.00	-30096.77	-39982.71	1.74117	-30096.74	-39982.46	1.75242	41.314	0.89
0.00	-30096.70	-39983.19	1.74672	-30096.76	-39982.33	1.75771	43.825	0.92
0.00	-30096.76	-39982.87	1.75245	-30096.80	-39982.20	1.76367	38.529	0.97
0.00	-30096.81	-39982.57	1.75739	-30096.81	-39982.06	1.76731	39.329	0.96
0.00	-30096.89	-39982.17	1.76514	-30096.86	-39981.83	1.77483	41.363	0.97
0.00	-30096.98	-39981.69	1.77556	-30096.94	-39981.45	1.78491	38.162	0.96
0.00	-30097.06	-39981.31	1.78480	-30097.01	-39981.12	1.79413	41.998	0.97
0.00	-30097.14	-39980.96	1.79355	-30097.11	-39980.71	1.80463	41.848	0.96
0.00	-30097.22	-39980.60	1.80157	-30097.20	-39980.40	1.81377	43.296	0.95
0.00	-30097.30	-39980.25	1.80918	-30097.28	-39980.09	1.82287	42.547	0.96
0.00	-30097.38	-39979.89	1.81582	-30097.35	-39979.83	1.82962	42.857	0.86
0.00	-30097.47	-39979.54	1.82133	-30097.45	-39979.47	1.83600	44.112	0.95
0.00	-30097.57	-39979.17	1.82598	-30097.55	-39979.07	1.84037	45.670	0.93
0.00	-30097.66	-39978.79	1.83045	-30097.67	-39978.65	1.84517	44.018	0.97
0.00	-30097.78	-39978.36	1.83495	-30097.77	-39978.28	1.84903	44.082	0.99
0.00	-30097.87	-39978.03	1.83902	-30097.86	-39977.91	1.85196	44.165	0.96
0.00	-30097.97	-39977.66	1.84230	-30097.99	-39977.48	1.85559	45.064	0.93
0.00	-30098.07	-39977.32	1.84509	-30098.11	-39977.10	1.85832	41.397	0.97
0.00	-30098.17	-39976.97	1.84767	-30098.22	-39976.74	1.86053	45.791	1.00
0.00	-30098.28	-39976.60	1.85040	-30098.33	-39976.40	1.86289	43.173	0.95
0.00	-30098.39	-39976.23	1.85341	-30098.45	-39975.97	1.86393	45.339	0.97
0.00	-30098.51	-39975.86	1.85606	-30098.57	-39975.58	1.86590	45.413	0.94
0.00	-30098.62	-39975.50	1.85801	-30098.68	-39975.23	1.86657	44.931	0.97
0.00	-30098.74	-39975.12	1.85938	-30098.81	-39974.85	1.86738	46.139	0.96
0.00	-30098.88	-39974.66	1.86059	-30098.91	-39974.53	1.86744	102.275	0.94
0.00	-30098.99	-39974.30	1.86157	-30099.04	-39974.10	1.86729	44.457	0.97
0.00	-30099.09	-39974.00	1.86231	-30099.12	-39973.82	1.86650	47.021	0.94
0.00	-30099.20	-39973.63	1.86298	-30099.24	-39973.43	1.86684	47.418	0.98
0.00	-30099.33	-39973.21	1.86351	-30099.37	-39972.98	1.86506	45.310	0.95
0.00	-30099.44	-39972.85	1.86396	-30099.44	-39972.73	1.86462	45.074	0.90
0.00	-30099.56	-39972.48	1.86456	-30099.57	-39972.33	1.86529	46.054	0.98
0.00	-30099.68	-39972.11	1.86509	-30099.67	-39972.00	1.86551	46.933	0.97
0.00	-30099.79	-39971.74	1.86526	-30099.79	-39971.62	1.86582	44.708	0.96
0.00	-30099.91	-39971.35	1.86499	-30099.92	-39971.23	1.86606	46.176	0.96
0.00	-30100.04	-39970.90	1.86464	-30100.03	-39970.86	1.86574	46.617	0.97
0.00	-30100.14	-39970.57	1.86447	-30100.16	-39970.43	1.86554	45.095	0.98
0.00	-30100.24	-39970.23	1.86454	-30100.28	-39970.05	1.86617	44.508	0.99
0.00	-30100.35	-39969.87	1.86458	-30100.41	-39969.63	1.86616	42.580	0.97
0.00	-30100.48	-39969.46	1.86449	-30100.52	-39969.25	1.86536	43.779	0.99
0.00	-30100.58	-39969.11	1.86427	-30100.64	-39968.86	1.86495	44.099	0.96
0.00	-30100.70	-39968.74	1.86411	-30100.75	-39968.50	1.86490	40.600	0.95
0.00	-30100.80	-39968.40	1.86412	-30100.87	-39968.11	1.86439	43.560	0.98
0.00	-30100.92	-39968.03	1.86429	-30100.98	-39967.76	1.86433	43.868	0.96
0.00	-30101.04	-39967.64	1.86458	-30101.09	-39967.39	1.86418	42.810	0.95
0.00	-30101.17	-39967.21	1.86499	-30101.22	-39967.01	1.86492	42.091	0.98
0.00	-30101.27	-39966.89	1.86535	-30101.33	-39966.64	1.86514	43.121	0.97
0.00	-30101.38	-39966.54	1.86574	-30101.47	-39966.24	1.86588	41.103	0.96
0.00	-30101.50	-39966.16	1.86640	-30101.59	-39965.87	1.86627	41.969	0.96
0.00	-30101.63	-39965.73	1.86711	-30101.70	-39965.50	1.86645	39.793	0.95
0.00	-30101.75	-39965.36	1.86728	-30101.81	-39965.14	1.86630	44.387	0.94
0.00	-30101.86	-39964.98	1.86667	-30101.93	-39964.75	1.86622	41.080	0.96
0.00	-30101.97	-39964.60	1.86578	-30102.05	-39964.32	1.86468	39.264	0.95
0.00	-30102.08	-39964.26	1.86503	-30102.18	-39963.94	1.86514	40.084	0.93
0.00	-30102.19	-39963.90	1.86468	-30102.29	-39963.58	1.86560	41.328	0.94
0.00	-30102.30	-39963.52	1.86452	-30102.39	-39963.25	1.86505	38.287	0.94
0.00	-30102.41	-39963.16	1.86415	-30102.51	-39962.89	1.86568	38.264	0.94
0.00	-30102.52	-39962.79	1.86342	-30102.61	-39962.54	1.86536	37.676	0.93
0.00	-30102.63	-39962.42	1.86271	-30102.72	-39962.20	1.86484	36.108	0.94
0.00	-30102.75	-39962.02	1.86244	-30102.83	-39961.85	1.86426	36.307	0.93
0.00	-30102.87	-39961.64	1.86233	-30102.93	-39961.48	1.86313	36.930	0.90
0.00	-30102.97	-39961.28	1.86202	-30103.03	-39961.13	1.86289	36.392	0.94
0.00	-30103.08	-39960.93	1.86148	-30103.16	-39960.74	1.86293	35.625	0.92
0.00	-30103.20	-39960.54	1.86075	-30103.26	-39960.35	1.86146	34.725	0.89
0.00	-30103.30	-39960.19	1.85998	-30103.35	-39960.01	1.85947	36.019	0.87
0.00	-30103.41	-39959.80	1.85971	-30103.46	-39959.66	1.85968	33.786	0.87
0.00	-30103.51	-39959.47	1.85956	-30103.58	-39959.26	1.86012	34.279	0.92
0.00	-30103.62	-39959.12	1.85923	-30103.71	-39958.86	1.86032	31.849	0.88
0.00	-30103.73	-39958.75	1.85902	-30103.82	-39958.51	1.86055	34.092	0.92
0.00	-30103.84	-39958.38	1.85891	-30103.91	-39958.18	1.86011	34.495	0.92
0.00	-30103.97	-39957.92	1.85877	-30104.02	-39957.81	1.86020	32.899	0.90
0.00	-30104.09	-39957.53	1.85863	-30104.15	-39957.41	1.86039	33.096	0.90
0.00	-30104.21	-39957.12	1.85819	-30104.27	-39957.00	1.86041	32.051	0.92
0.00	-30104.34	-39956.68	1.85763	-30104.39	-39956.58	1.85977	32.778	0.88
0.00	-30104.45	-39956.30	1.85691	-30104.53	-39956.14	1.85934	32.937	0.88
0.00	-30104.54	-39955.98	1.85626	-30104.65	-39955.72	1.85911	31.738	0.92
0.00	-30104.65	-39955.62	1.85577	-30104.77	-39955.30	1.85858	31.947	0.88
0.00	-30104.77	-39955.19	1.85525	-30104.89	-39954.88	1.85803	31.005	0.84
0.00	-30104.89	-39954.77	1.85455	-30105.03	-39954.44	1.85784	31.333	0.86
0.00	-30104.99	-39954.42	1.85353	-30105.14	-39954.02	1.85671	103.855	0.88
0.00	-30105.14	-39953.90	1.85281	-30105.28	-39953.56	1.85610	30.079	0.88
0.00	-30105.24	-39953.57	1.85276	-30105.39	-39953.19	1.85644	30.047	0.89
0.00	-30105.37	-39953.13	1.85301	-30105.52	-39952.78	1.85703	30.484	0.89
0.00	-30105.49	-39952.73	1.85347	-30105.65	-39952.38	1.85749	30.347	0.88
0.00	-30105.59	-39952.39	1.85422	-30105.76	-39951.99	1.85677	29.082	0.90
0.00	-30105.71	-39952.00	1.85492	-30105.88	-39951.62	1.85686	30.558	0.89
0.00	-30105.82	-39951.63	1.85569	-30106.01	-39951.20	1.85699	28.449	0.87
0.00	-30105.96	-39951.17	1.85639	-30106.12	-39950.82	1.85691	29.954	0.93
0.00	-30106.08	-39950.78	1.85658	-30106.24	-39950.43	1.85649	30.429	0.90
0.00	-30106.19	-39950.43	1.85640	-30106.35	-39950.05	1.85622	32.251	0.94
0.00	-30106.31	-39950.00	1.85624	-30106.48	-39949.63	1.85668	30.345	0.92
0.00	-30106.44	-39949.57	1.85605	-30106.61	-39949.25	1.85716	29.927	0.93
0.00	-30106.54	-39949.24	1.85554	-30106.72	-39948.86	1.85673	31.593	0.89
0.00	-30106.67	-39948.79	1.85483	-30106.85	-39948.44	1.85616	31.301	0.88
0.00	-30106.78	-39948.39	1.85391	-30106.99	-39947.99	1.85630	31.919	0.92
0.00	-30106.91	-39947.94	1.85325	-30107.12	-39947.55	1.85655	31.749	0.90
0.00	-30107.02	-39947.56	1.85270	-30107.23	-39947.14	1.85589	31.014	0.92
0.00	-30107.13	-39947.18	1.85180	-30107.37	-39946.68	1.85616	32.251	0.92
0.00	-30107.23	-39946.81	1.85086	-30107.50	-39946.26	1.85515	40.290	0.88
0.00	-30107.36	-39946.35	1.85020	-30107.62	-39945.81	1.85394	32.057	0.90
0.00	-30107.48	-39945.95	1.84986	-30107.73	-39945.42	1.85388	31.592	0.91
0.00	-30107.58	-39945.58	1.84946	-30107.84	-39945.02	1.85303	32.439	0.94
0.00	-30107.72	-39945.11	1.84864	-30107.96	-39944.57	1.85141	31.787	0.90
0.00	-30107.85	-39944.65	1.84801	-30108.07	-39944.17	1.85042	89.444	0.97
0.00	-30107.98	-39944.20	1.84798	-30108.20	-39943.74	1.85069	33.818	0.99
0.00	-30108.08	-39943.85	1.84799	-30108.32	-39943.34	1.85027	32.938	0.95
0.00	-30108.21	-39943.42	1.84821	-30108.44	-39942.90	1.84986	32.079	0.97
0.00	-30108.34	-39942.97	1.84875	-30108.56	-39942.46	1.84930	30.119	0.93
0.00	-30108.46	-39942.53	1.84933	-30108.68	-39942.06	1.84963	31.830	0.98
0.00	-30108.59	-39942.09	1.84996	-30108.81	-39941.61	1.84979	32.000	0.95
0.00	-30108.71	-39941.70	1.85070	-30108.93	-39941.20	1.84988	31.796	0.98
0.00	-30108.83	-39941.28	1.85153	-30109.05	-39940.81	1.85114	32.632	0.94
0.00	-30108.96	-39940.83	1.85283	-30109.18	-39940.36	1.85199	32.670	0.98
0.00	-30109.08	-39940.44	1.85467	-30109.32	-39939.88	1.85342	32.169	0.98
0.00	-30109.23	-39939.94	1.85635	-30109.45	-39939.44	1.85459	31.840	0.98
0.00	-30109.38	-39939.43	1.85800	-30109.59	-39939.00	1.85673	30.862	0.99
0.00	-30109.51	-39939.00	1.85949	-30109.72	-39938.54	1.85735	30.530	0.99
0.00	-30109.62	-39938.62	1.86067	-30109.83	-39938.13	1.85731	32.147	1.00
0.00	-30109.76	-39938.16	1.86201	-30109.97	-39937.67	1.85861	30.562	1.00
0.00	-30109.91	-39937.65	1.86340	-30110.11	-39937.19	1.85992	31.368	0.99
0.00	-30110.02	-39937.30	1.86474	-30110.23	-39936.80	1.86100	32.348	0.99
0.00	-30110.14	-39936.90	1.86595	-30110.36	-39936.35	1.86201	30.787	1.00
0.00	-30110.28	-39936.46	1.86708	-30110.48	-39935.93	1.86298	32.717	1.00
0.00	-30110.40	-39936.05	1.86834	-30110.61	-39935.51	1.86450	32.511	1.00
0.00	-30110.54	-39935.61	1.86969	-30110.74	-39935.08	1.86610	32.047	0.98
0.00	-30110.66	-39935.19	1.87107	-30110.88	-39934.61	1.86767	32.847	1.00
0.00	-30110.80	-39934.73	1.87230	-30111.02	-39934.17	1.86934	32.667	0.99
0.00	-30110.95	-39934.25	1.87321	-30111.16	-39933.72	1.87084	32.141	1.00
0.00	-30111.09	-39933.80	1.87371	-30111.30	-39933.28	1.87221	30.236	1.00
0.00	-30111.21	-39933.42	1.87411	-30111.42	-39932.88	1.87266	32.480	0.99
0.00	-30111.33	-39933.01	1.87492	-30111.55	-39932.46	1.87351	30.873	0.99
0.00	-30111.46	-39932.60	1.87613	-30111.70	-39932.00	1.87520	29.092	0.99
0.00	-30111.62	-39932.12	1.87723	-30111.88	-39931.49	1.87865	32.151	0.98
0.00	-30111.74	-39931.74	1.87790	-30112.02	-39931.06	1.87878	31.017	1.01
0.00	-30111.88	-39931.29	1.87868	-30112.17	-39930.63	1.88097	31.578	1.00
0.00	-30112.02	-39930.83	1.87962	-30112.29	-39930.23	1.88190	29.860	1.01
0.00	-30112.18	-39930.33	1.88036	-30112.42	-39929.82	1.88263	31.363	0.99
0.00	-30112.33	-39929.87	1.88078	-30112.55	-39929.40	1.88257	31.664	0.99
0.00	-30112.45	-39929.50	1.88134	-30112.69	-39928.99	1.88353	26.475	1.00
0.00	-30112.57	-39929.12	1.88235	-30112.83	-39928.57	1.88405	29.839	1.00
0.00	-30112.71	-39928.70	1.88344	-30112.96	-39928.15	1.88462	31.544	0.99
0.00	-30112.86	-39928.24	1.88404	-30113.09	-39927.75	1.88520	31.282	1.01
0.00	-30113.00	-39927.82	1.88420	-30113.22	-39927.34	1.88445	29.343	1.00
0.00	-30113.15	-39927.36	1.88465	-30113.37	-39926.89	1.88485	29.546	1.01
0.00	-30113.29	-39926.91	1.88564	-30113.51	-39926.48	1.88597	32.196	1.01
0.00	-30113.45	-39926.46	1.88673	-30113.64	-39926.06	1.88650	29.371	1.01
0.00	-30113.56	-39926.11	1.88750	-30113.79	-39925.61	1.88682	36.887	1.01
0.00	-30113.70	-39925.70	1.88808	-30113.92	-39925.20	1.88734	31.266	0.98
0.00	-30113.84	-39925.28	1.88880	-30114.06	-39924.77	1.88739	30.570	1.01
0.00	-30113.98	-39924.84	1.88983	-30114.19	-39924.36	1.88786	29.266	1.01
0.00	-30114.12	-39924.43	1.89083	-30114.33	-39923.94	1.88813	29.776	0.99
0.00	-30114.26	-39924.03	1.89152	-30114.47	-39923.50	1.88762	30.113	1.00
0.00	-30114.40	-39923.61	1.89200	-30114.59	-39923.08	1.88630	30.978	1.00
0.00	-30114.54	-39923.20	1.89232	-30114.72	-39922.67	1.88564	30.111	1.01
0.00	-30114.69	-39922.74	1.89276	-30114.85	-39922.25	1.88569	30.189	1.01
0.00	-30114.84	-39922.30	1.89347	-30115.00	-39921.82	1.88682	30.386	1.01
0.00	-30114.97	-39921.90	1.89427	-30115.13	-39921.42	1.88749	30.009	1.01
0.00	-30115.12	-39921.48	1.89477	-30115.26	-39921.03	1.88726	28.679	1.00
0.00	-30115.26	-39921.07	1.89521	-30115.39	-39920.60	1.88658	31.389	1.00
0.00	-30115.40	-39920.64	1.89596	-30115.51	-39920.21	1.88698	28.687	1.01
0.00	-30115.56	-39920.17	1.89679	-30115.65	-39919.78	1.88705	31.296	1.00
0.00	-30115.72	-39919.71	1.89737	-30115.78	-39919.41	1.88772	29.709	1.00
0.00	-30115.83	-39919.37	1.89766	-30115.90	-39919.05	1.88853	30.125	1.01
0.00	-30115.97	-39918.99	1.89795	-30116.02	-39918.70	1.88907	30.058	1.00
0.00	-30116.11	-39918.55	1.89843	-30116.15	-39918.33	1.89017	29.365	1.00
0.00	-30116.25	-39918.14	1.89863	-30116.28	-39917.95	1.89099	30.113	1.00
0.00	-30116.41	-39917.66	1.89856	-30116.42	-39917.54	1.89147	29.607	1.01
0.00	-30116.55	-39917.26	1.89839	-30116.55	-39917.16	1.89160	29.488	1.00
0.00	-30116.69	-39916.83	1.89839	-30116.69	-39916.79	1.89330	30.116	1.00
0.00	-30116.85	-39916.37	1.89875	-30116.83	-39916.38	1.89470	29.174	1.01
0.00	-30117.01	-39915.91	1.89899	-30116.98	-39915.97	1.89584	27.636	1.01
0.00	-30117.13	-39915.53	1.89902	-30117.10	-39915.56	1.89502	31.269	1.01
0.00	-30117.26	-39915.17	1.89926	-30117.24	-39915.15	1.89544	29.794	1.00
0.00	-30117.39	-39914.79	1.89978	-30117.37	-39914.78	1.89625	30.908	0.99
0.00	-30117.54	-39914.35	1.90035	-30117.52	-39914.36	1.89694	107.237	1.01
0.00	-30117.70	-39913.87	1.90053	-30117.67	-39913.91	1.89699	30.223	1.01
0.00	-30117.83	-39913.51	1.90033	-30117.79	-39913.58	1.89736	30.765	1.01
0.00	-30117.97	-39913.09	1.90029	-30117.94	-39913.18	1.89808	30.900	1.01
0.00	-30118.13	-39912.64	1.90052	-30118.08	-39912.77	1.89814	30.548	1.00
0.00	-30118.26	-39912.26	1.90092	-30118.22	-39912.35	1.89743	30.604	1.01
0.00	-30118.40	-39911.84	1.90158	-30118.36	-39911.94	1.89820	31.813	1.01
0.00	-30118.55	-39911.43	1.90210	-30118.49	-39911.55	1.89825	30.751	1.01
0.00	-30118.68	-39911.04	1.90228	-30118.63	-39911.17	1.89828	31.757	1.01
0.00	-30118.82	-39910.65	1.90227	-30118.76	-39910.78	1.89843	31.367	0.99
0.00	-30118.96	-39910.26	1.90216	-30118.91	-39910.37	1.89853	32.082	0.99
0.00	-30119.10	-39909.84	1.90182	-30119.05	-39909.94	1.89823	32.305	1.01
0.00	-30119.24	-39909.43	1.90128	-30119.20	-39909.52	1.89823	32.659	1.01
0.00	-30119.37	-39909.05	1.90052	-30119.33	-39909.15	1.89834	32.089	1.01
0.00	-30119.51	-39908.63	1.89978	-30119.47	-39908.77	1.89881	33.896	0.99
0.00	-30119.65	-39908.21	1.89907	-30119.62	-39908.31	1.89814	32.988	1.01
0.00	-30119.79	-39907.81	1.89822	-30119.77	-39907.89	1.89798	32.913	1.00
0.00	-30119.92	-39907.42	1.89722	-30119.89	-39907.51	1.89692	33.073	1.00
0.00	-30120.05	-39907.02	1.89640	-30120.01	-39907.15	1.89600	34.882	1.01
0.00	-30120.19	-39906.62	1.89565	-30120.14	-39906.75	1.89521	32.160	1.00
0.00	-30120.31	-39906.24	1.89473	-30120.28	-39906.38	1.89521	35.680	1.01
0.00	-30120.44	-39905.85	1.89380	-30120.42	-39905.98	1.89483	35.857	0.99
0.00	-30120.58	-39905.44	1.89320	-30120.56	-39905.59	1.89536	36.742	0.98
0.00	-30120.71	-39905.06	1.89282	-30120.70	-39905.19	1.89480	35.141	0.99
0.00	-30120.84	-39904.66	1.89234	-30120.83	-39904.82	1.89505	37.489	1.00
0.00	-30120.99	-39904.22	1.89179	-30120.97	-39904.36	1.89370	36.978	0.94
0.00	-30121.11	-39903.85	1.89131	-30121.10	-39903.96	1.89237	36.684	0.99
0.00	-30121.24	-39903.45	1.89081	-30121.23	-39903.56	1.89214	37.274	0.95
0.00	-30121.37	-39903.05	1.89043	-30121.35	-39903.20	1.89224	39.407	0.98
0.00	-30121.49	-39902.70	1.88996	-30121.46	-39902.90	1.89273	39.235	1.00
0.00	-30121.64	-39902.23	1.88941	-30121.59	-39902.55	1.89282	39.667	0.98
0.00	-30121.77	-39901.85	1.88901	-30121.71	-39902.17	1.89207	42.034	1.00
0.00	-30121.88	-39901.51	1.88888	-30121.84	-39901.76	1.89153	41.240	0.99
0.00	-30122.00	-39901.14	1.88929	-30121.97	-39901.37	1.89106	41.562	0.99
0.00	-30122.13	-39900.76	1.88996	-30122.10	-39900.97	1.89095	42.191	0.98
0.00	-30122.27	-39900.37	1.89072	-30122.21	-39900.63	1.89029	41.805	0.97
0.00	-30122.42	-39899.93	1.89114	-30122.34	-39900.21	1.88985	41.530	0.98
0.00	-30122.55	-39899.53	1.89068	-30122.48	-39899.80	1.88941	41.979	1.00
0.00	-30122.66	-39899.18	1.88983	-30122.61	-39899.42	1.88956	42.541	1.00
0.00	-30122.79	-39898.82	1.89133	-30122.75	-39898.99	1.88988	47.332	0.99
0.00	-30122.96	-39898.40	1.89898	-30122.90	-39898.57	1.89059	43.457	1.01
0.00	-30123.15	-39898.00	1.91093	-30123.04	-39898.19	1.89152	41.793	0.98
0.00	-30123.36	-39897.62	1.92567	-30123.18	-39897.74	1.89169	43.840	0.98
0.00	-30123.57	-39897.25	1.94183	-30123.31	-39897.37	1.89189	39.781	0.91
0.00	-30123.78	-39896.90	1.95819	-30123.42	-39897.05	1.89203	45.285	0.95
0.00	-30124.01	-39896.54	1.97427	-30123.58	-39896.58	1.89241	45.243	0.98
0.00	-30124.23	-39896.19	1.98904	-30123.72	-39896.16	1.89246	43.099	0.95
0.00	-30124.45	-39895.83	2.00179	-30123.84	-39895.81	1.89180	44.032	0.97
0.00	-30124.67	-39895.48	2.01346	-30123.97	-39895.43	1.89227	45.716	0.95
0.00	-30124.90	-39895.08	2.02216	-30124.14	-39894.94	1.89243	43.443	0.98
0.00	-30125.08	-39894.77	2.02808	-30124.26	-39894.58	1.89319	42.192	0.94
0.00	-30125.26	-39894.44	2.03185	-30124.40	-39894.16	1.89363	43.133	0.98
0.00	-30125.43	-39894.10	2.03299	-30124.52	-39893.80	1.89438	43.339	0.95
0.00	-30125.59	-39893.76	2.03234	-30124.66	-39893.41	1.89520	42.515	0.96
0.00	-30125.77	-39893.41	2.03362	-30124.79	-39893.04	1.89710	43.370	0.97
0.00	-30125.94	-39893.06	2.03541	-30124.93	-39892.63	1.89914	41.621	0.96
0.00	-30126.11	-39892.72	2.03769	-30125.06	-39892.25	1.90141	41.309	0.92
0.00	-30126.29	-39892.37	2.04017	-30125.19	-39891.84	1.90363	40.067	0.96
0.00	-30126.46	-39892.03	2.04283	-30125.35	-39891.40	1.90627	40.316	0.91
0.00	-30126.64	-39891.68	2.04576	-30125.47	-39891.04	1.90900	39.988	0.96
0.00	-30126.83	-39891.31	2.04912	-30125.63	-39890.60	1.91255	41.019	0.92
0.00	-30127.01	-39890.97	2.05254	-30125.77	-39890.22	1.91611	39.883	0.91
0.00	-30127.19	-39890.63	2.05579	-30125.90	-39889.85	1.91917	54.646	0.93
0.00	-30127.37	-39890.29	2.05902	-30126.04	-39889.47	1.92288	42.730	0.89
