0.00	0.00	0.00	0.00000	0.00	0.00	0.00000	2.308	0.00
0.00	-30280.58	-40050.64	0.35000	-30280.58	-40050.64	0.35000	2.450	0.00
0.00	-30280.72	-40050.67	0.34977	-30280.72	-40050.67	0.34977	2.419	0.00
0.00	-30280.97	-40050.73	0.39248	-30280.97	-40050.73	0.39248	2.142	0.00
0.00	-30281.31	-40050.83	0.43436	-30281.31	-40050.83	0.43436	2.079	0.00
0.00	-30281.68	-40050.93	0.48831	-30281.68	-40050.93	0.48831	2.465	0.00
0.00	-30282.00	-40051.03	0.52708	-30282.00	-40051.03	0.52708	2.206	0.00
0.00	-30282.30	-40051.13	0.56496	-30282.30	-40051.13	0.56496	2.023	0.00
0.00	-30282.63	-40051.24	0.60747	-30282.63	-40051.24	0.60747	2.217	0.00
0.00	-30282.96	-40051.36	0.64831	-30282.96	-40051.36	0.64831	2.447	0.00
0.00	-30283.27	-40051.48	0.68507	-30283.27	-40051.48	0.68507	2.187	0.00
0.00	-30283.60	-40051.60	0.72736	-30283.60	-40051.60	0.72736	2.027	0.00
0.00	-30283.91	-40051.72	0.76684	-30283.91	-40051.72	0.76684	2.379	0.00
0.00	-30284.24	-40051.84	0.81323	-30284.24	-40051.84	0.81323	2.106	0.00
0.00	-30284.55	-40051.96	0.85785	-30284.55	-40051.96	0.85785	2.221	0.00
0.00	-30284.88	-40052.14	0.89732	-30284.88	-40052.14	0.89732	2.787	0.00
0.00	-30285.20	-40052.25	0.94619	-30285.20	-40052.25	0.94619	2.181	0.00
0.00	-30285.48	-40052.31	0.99681	-30285.48	-40052.31	0.99681	2.014	0.00
0.00	-30285.81	-40052.45	1.04739	-30285.81	-40052.45	1.04739	2.204	0.00
0.00	-30286.11	-40052.56	1.09847	-30286.11	-40052.56	1.09847	2.098	0.00
0.00	-30286.30	-40052.64	1.12851	-30286.30	-40052.64	1.12851	2.113	0.00
0.00	-30286.66	-40052.79	1.19156	-30286.66	-40052.79	1.19156	1.988	0.00
0.00	-30286.97	-40052.89	1.24897	-30286.97	-40052.89	1.24897	2.141	0.00
0.00	-30287.29	-40052.97	1.31264	-30287.29	-40052.97	1.31264	2.000	0.00
0.00	-30287.60	-40053.05	1.37637	-30287.60	-40053.05	1.37637	2.109	0.00
0.00	-30287.78	-40053.07	1.41498	-30287.78	-40053.07	1.41498	2.196	0.00
0.00	-30288.14	-40053.24	1.48822	-30288.14	-40053.24	1.48822	2.078	0.00
0.00	-30288.40	-40053.20	1.54596	-30288.40	-40053.20	1.54596	2.064	0.00
0.00	-30288.81	-40053.30	1.63662	-30288.81	-40053.30	1.63662	2.138	0.00
0.00	-30289.16	-40053.32	1.71525	-30289.16	-40053.32	1.71525	2.135	0.00
0.00	-30289.49	-40053.34	1.78749	-30289.49	-40053.34	1.78749	2.002	0.00
0.00	-30289.86	-40053.37	1.86826	-30289.86	-40053.37	1.86826	2.001	0.00
0.00	-30290.16	-40053.35	1.93049	-30290.16	-40053.35	1.93049	2.030	0.00
0.00	-30290.57	-40053.41	2.02057	-30290.57	-40053.41	2.02057	2.050	0.00
0.00	-30291.00	-40053.43	2.10947	-30291.00	-40053.43	2.10947	1.975	0.00
0.00	-30291.46	-40053.45	2.20068	-30291.46	-40053.45	2.20068	1.982	0.00
0.00	-30291.85	-40053.42	2.26608	-30291.85	-40053.42	2.26608	2.064	0.00
0.00	-30292.32	-40053.47	2.35231	-30292.32	-40053.47	2.35231	2.143	0.00
0.00	-30292.77	-40053.57	2.43958	-30292.77	-40053.57	2.43958	2.087	0.00
0.00	-30293.29	-40053.67	2.53323	-30293.29	-40053.67	2.53323	2.120	0.00
0.00	-30293.82	-40053.79	2.62086	-30293.82	-40053.79	2.62086	2.097	0.00
0.00	-30294.34	-40053.92	2.70344	-30294.34	-40053.92	2.70344	2.117	0.00
0.00	-30294.84	-40054.04	2.77574	-30294.84	-40054.04	2.77574	2.146	0.00
0.00	-30295.32	-40054.22	2.85204	-30295.32	-40054.22	2.85204	2.017	0.00
0.00	-30295.82	-40054.35	2.91260	-30295.82	-40054.35	2.91260	1.984	0.00
0.00	-30296.31	-40054.56	2.98598	-30296.31	-40054.56	2.98598	2.169	0.00
0.00	-30296.75	-40054.74	3.04059	-30296.75	-40054.74	3.04059	2.034	0.00
0.00	-30297.16	-40054.97	3.10306	-30297.16	-40054.97	3.10306	2.114	0.00
0.00	-30297.58	-40055.19	-3.12456	-30297.58	-40055.19	-3.12456	2.093	0.00
0.00	-30298.01	-40055.40	-3.07903	-30298.01	-40055.40	-3.07903	2.119	0.00
0.00	-30298.45	-40055.61	-3.03726	-30298.45	-40055.61	-3.03726	2.090	0.00
0.00	-30298.83	-40055.83	-2.99509	-30298.83	-40055.83	-2.99509	2.175	0.00
0.00	-30299.21	-40056.04	-2.95884	-30299.21	-40056.04	-2.95884	1.986	0.00
0.00	-30299.59	-40056.16	-2.94799	-30299.59	-40056.16	-2.94799	2.148	0.00
0.00	-30299.94	-40056.38	-2.91364	-30299.94	-40056.38	-2.91364	1.868	0.00
0.00	-30300.39	-40056.59	-2.89014	-30300.39	-40056.59	-2.89014	1.993	0.00
0.00	-30300.71	-40056.77	-2.86789	-30300.71	-40056.77	-2.86789	2.026	0.00
0.00	-30301.02	-40056.94	-2.84825	-30301.02	-40056.94	-2.84825	2.013	0.00
0.00	-30301.37	-40057.12	-2.83321	-30301.37	-40057.12	-2.83321	2.062	0.00
0.00	-30301.75	-40057.28	-2.82348	-30301.75	-40057.28	-2.82348	2.145	0.00
0.00	-30302.09	-40057.44	-2.81438	-30302.09	-40057.44	-2.81438	2.144	0.00
0.00	-30302.44	-40057.59	-2.80724	-30302.44	-40057.59	-2.80724	2.069	0.00
0.00	-30302.84	-40057.75	-2.80128	-30302.84	-40057.75	-2.80128	2.114	0.00
0.00	-30303.17	-40057.89	-2.79726	-30303.17	-40057.89	-2.79726	2.069	0.00
0.00	-30303.61	-40058.05	-2.79584	-30303.61	-40058.05	-2.79584	1.933	0.00
0.00	-30303.99	-40058.19	-2.79541	-30303.99	-40058.19	-2.79541	2.345	0.00
0.00	-30304.28	-40058.30	-2.79566	-30304.28	-40058.30	-2.79566	2.017	0.00
0.00	-30304.59	-40058.41	-2.79662	-30304.59	-40058.41	-2.79662	2.312	0.00
0.00	-30304.96	-40058.54	-2.79808	-30304.96	-40058.54	-2.79808	2.064	0.00
0.00	-30305.33	-40058.66	-2.79982	-30305.33	-40058.66	-2.79982	2.108	0.00
0.00	-30305.66	-40058.77	-2.80277	-30305.66	-40058.77	-2.80277	2.039	0.00
0.00	-30306.05	-40058.90	-2.80574	-30306.05	-40058.90	-2.80574	2.175	0.00
0.00	-30306.41	-40059.01	-2.80889	-30306.41	-40059.01	-2.80889	2.347	0.00
0.00	-30306.77	-40059.12	-2.81188	-30306.77	-40059.12	-2.81188	2.205	0.00
0.00	-30307.23	-40059.27	-2.81468	-30307.23	-40059.27	-2.81468	2.266	0.00
0.00	-30307.61	-40059.39	-2.81751	-30307.61	-40059.39	-2.81751	2.075	0.00
0.00	-30307.92	-40059.48	-2.82034	-30307.92	-40059.48	-2.82034	2.086	0.00
0.00	-30308.28	-40059.59	-2.82279	-30308.28	-40059.59	-2.82279	2.168	0.00
0.00	-30308.62	-40059.69	-2.82539	-30308.62	-40059.69	-2.82539	2.189	0.00
0.00	-30308.99	-40059.81	-2.82773	-30308.99	-40059.81	-2.82773	2.075	0.00
0.00	-30309.34	-40059.91	-2.83011	-30309.34	-40059.91	-2.83011	2.179	0.00
0.00	-30309.70	-40060.02	-2.83250	-30309.70	-40060.02	-2.83250	2.155	0.00
0.00	-30310.08	-40060.14	-2.83383	-30310.08	-40060.14	-2.83383	2.257	0.00
0.00	-30310.40	-40060.23	-2.83567	-30310.40	-40060.23	-2.83567	2.297	0.00
0.00	-30310.82	-40060.36	-2.83743	-30310.82	-40060.36	-2.83743	2.116	0.00
0.00	-30311.21	-40060.48	-2.83884	-30311.21	-40060.48	-2.83884	2.153	0.00
0.00	-30311.56	-40060.58	-2.84053	-30311.56	-40060.58	-2.84053	2.345	0.00
0.00	-30311.88	-40060.68	-2.84178	-30311.88	-40060.68	-2.84178	2.325	0.00
0.00	-30312.27	-40060.80	-2.84240	-30312.27	-40060.80	-2.84240	2.293	0.00
0.00	-30312.63	-40060.91	-2.84284	-30312.63	-40060.91	-2.84284	2.201	0.00
0.00	-30312.96	-40061.01	-2.84330	-30312.96	-40061.01	-2.84330	3.076	0.00
0.00	-30313.32	-40061.12	-2.84361	-30313.32	-40061.12	-2.84361	2.174	0.00
0.00	-30313.67	-40061.23	-2.84374	-30313.67	-40061.23	-2.84374	2.464	0.00
0.00	-30314.02	-40061.33	-2.84401	-30314.02	-40061.33	-2.84401	2.240	0.00
0.00	-30314.45	-40061.47	-2.84438	-30314.45	-40061.47	-2.84438	2.360	0.00
0.00	-30314.80	-40061.57	-2.84456	-30314.80	-40061.57	-2.84456	2.257	0.00
0.00	-30315.14	-40061.68	-2.84435	-30315.14	-40061.68	-2.84435	2.205	0.00
0.00	-30315.55	-40061.81	-2.84396	-30315.55	-40061.81	-2.84396	2.272	0.00
0.00	-30315.89	-40061.91	-2.84362	-30315.89	-40061.91	-2.84362	2.302	0.00
0.00	-30316.25	-40062.03	-2.84347	-30316.25	-40062.03	-2.84347	2.387	0.00
0.00	-30316.62	-40062.14	-2.84353	-30316.62	-40062.14	-2.84353	2.429	0.00
0.00	-30317.02	-40062.26	-2.84350	-30317.02	-40062.26	-2.84350	2.934	0.00
0.00	-30317.37	-40062.37	-2.84317	-30317.37	-40062.37	-2.84317	2.333	0.00
0.00	-30317.77	-40062.50	-2.84296	-30317.77	-40062.50	-2.84296	2.390	0.00
0.00	-30318.23	-40062.64	-2.84297	-30318.23	-40062.64	-2.84297	2.276	0.00
0.00	-30318.57	-40062.75	-2.84287	-30318.57	-40062.75	-2.84287	2.433	0.00
0.00	-30318.92	-40062.85	-2.84264	-30318.92	-40062.85	-2.84264	2.396	0.00
0.00	-30319.31	-40062.98	-2.84254	-30319.31	-40062.98	-2.84254	2.223	0.00
0.00	-30319.68	-40063.09	-2.84243	-30319.68	-40063.09	-2.84243	2.284	0.00
0.00	-30320.10	-40063.22	-2.84237	-30320.10	-40063.22	-2.84237	2.473	0.00
0.00	-30320.48	-40063.34	-2.84239	-30320.48	-40063.34	-2.84239	2.374	0.00
0.00	-30320.85	-40063.45	-2.84228	-30320.85	-40063.45	-2.84228	2.314	0.00
0.00	-30321.20	-40063.56	-2.84208	-30321.20	-40063.56	-2.84208	2.277	0.00
0.00	-30321.58	-40063.68	-2.84205	-30321.58	-40063.68	-2.84205	2.356	0.00
0.00	-30322.04	-40063.82	-2.84207	-30322.04	-40063.82	-2.84207	2.342	0.00
0.00	-30322.40	-40063.93	-2.84213	-30322.40	-40063.93	-2.84213	2.471	0.00
0.00	-30322.72	-40064.03	-2.84235	-30322.72	-40064.03	-2.84235	2.317	0.00
0.00	-30323.08	-40064.14	-2.84242	-30323.08	-40064.14	-2.84242	2.537	0.00
0.00	-30323.46	-40064.25	-2.84235	-30323.46	-40064.25	-2.84235	2.381	0.00
0.00	-30323.98	-40064.41	-2.84262	-30323.98	-40064.41	-2.84262	2.278	0.00
0.00	-30324.18	-40064.47	-2.84287	-30324.18	-40064.47	-2.84287	2.308	0.00
0.00	-30324.59	-40064.60	-2.84276	-30324.59	-40064.60	-2.84276	2.351	0.00
0.00	-30324.95	-40064.71	-2.84239	-30324.95	-40064.71	-2.84239	2.463	0.00
0.00	-30325.33	-40064.83	-2.84201	-30325.33	-40064.83	-2.84201	2.443	0.00
0.00	-30325.76	-40064.96	-2.84160	-30325.76	-40064.96	-2.84160	2.369	0.00
0.00	-30326.08	-40065.06	-2.84144	-30326.08	-40065.06	-2.84144	2.372	0.00
0.00	-30326.43	-40065.17	-2.84149	-30326.43	-40065.17	-2.84149	2.391	0.00
0.00	-30326.77	-40065.28	-2.84150	-30326.77	-40065.28	-2.84150	2.553	0.00
0.00	-30327.15	-40065.39	-2.84138	-30327.15	-40065.39	-2.84138	3.682	0.00
0.00	-30327.50	-40065.50	-2.84103	-30327.50	-40065.50	-2.84103	2.486	0.00
0.00	-30327.87	-40065.62	-2.84071	-30327.87	-40065.62	-2.84071	2.556	0.00
0.00	-30328.25	-40065.74	-2.84018	-30328.25	-40065.74	-2.84018	2.419	0.00
0.00	-30328.59	-40065.84	-2.83964	-30328.59	-40065.84	-2.83964	2.364	0.00
0.00	-30328.95	-40065.96	-2.83927	-30328.95	-40065.96	-2.83927	2.361	0.00
0.00	-30329.40	-40066.10	-2.83906	-30329.40	-40066.10	-2.83906	2.339	0.00
0.00	-30329.69	-40066.19	-2.83860	-30329.69	-40066.19	-2.83860	2.294	0.00
0.00	-30330.02	-40066.29	-2.83816	-30330.02	-40066.29	-2.83816	2.275	0.00
0.00	-30330.36	-40066.40	-2.83806	-30330.36	-40066.40	-2.83806	2.689	0.00
0.00	-30330.72	-40066.51	-2.83799	-30330.72	-40066.51	-2.83799	2.276	0.00
0.00	-30331.07	-40066.62	-2.83768	-30331.07	-40066.62	-2.83768	2.400	0.00
0.00	-30331.42	-40066.73	-2.83740	-30331.42	-40066.73	-2.83740	2.381	0.00
0.00	-30331.81	-40066.86	-2.83720	-30331.81	-40066.86	-2.83720	2.553	0.00
0.00	-30332.13	-40066.96	-2.83683	-30332.13	-40066.96	-2.83683	2.442	0.00
0.00	-30332.49	-40067.07	-2.83663	-30332.49	-40067.07	-2.83663	2.311	0.00
0.00	-30332.92	-40067.21	-2.83663	-30332.92	-40067.21	-2.83663	2.785	0.00
0.00	-30333.23	-40067.31	-2.83649	-30333.23	-40067.31	-2.83649	2.378	0.00
0.00	-30333.57	-40067.41	-2.83632	-30333.57	-40067.41	-2.83632	2.433	0.00
0.00	-30333.92	-40067.53	-2.83625	-30333.92	-40067.53	-2.83625	2.513	0.00
0.00	-30334.28	-40067.64	-2.83611	-30334.28	-40067.64	-2.83611	2.477	0.00
0.00	-30334.64	-40067.75	-2.83594	-30334.64	-40067.75	-2.83594	2.700	0.00
0.00	-30335.01	-40067.87	-2.83574	-30335.01	-40067.87	-2.83574	2.482	0.00
0.00	-30335.41	-40068.00	-2.83543	-30335.41	-40068.00	-2.83543	2.739	0.00
0.00	-30335.76	-40068.11	-2.83504	-30335.76	-40068.11	-2.83504	2.806	0.00
0.00	-30336.13	-40068.23	-2.83462	-30336.13	-40068.23	-2.83462	2.769	0.00
0.00	-30336.56	-40068.37	-2.83427	-30336.56	-40068.37	-2.83427	3.089	0.00
0.00	-30336.88	-40068.47	-2.83386	-30336.88	-40068.47	-2.83386	2.990	0.00
0.00	-30337.22	-40068.58	-2.83319	-30337.22	-40068.58	-2.83319	3.167	0.00
0.00	-30337.60	-40068.70	-2.83267	-30337.60	-40068.70	-2.83267	3.284	0.00
0.00	-30337.94	-40068.81	-2.83231	-30337.94	-40068.81	-2.83231	3.369	0.00
0.00	-30338.28	-40068.92	-2.83184	-30338.28	-40068.92	-2.83184	3.381	0.00
0.00	-30338.63	-40069.03	-2.83141	-30338.63	-40069.03	-2.83141	3.451	0.00
0.00	-30338.99	-40069.15	-2.83112	-30338.99	-40069.15	-2.83112	3.595	0.00
0.00	-30339.34	-40069.26	-2.83084	-30339.34	-40069.26	-2.83084	4.020	0.00
0.00	-30339.75	-40069.39	-2.83065	-30339.75	-40069.39	-2.83065	4.026	0.00
0.00	-30340.13	-40069.51	-2.83085	-30340.13	-40069.51	-2.83085	3.619	0.00
0.00	-30340.44	-40069.61	-2.83111	-30340.44	-40069.61	-2.83111	3.334	0.00
0.00	-30340.80	-40069.73	-2.83075	-30340.80	-40069.73	-2.83075	3.871	0.00
0.00	-30341.13	-40069.84	-2.83016	-30341.13	-40069.84	-2.83016	3.917	0.00
0.00	-30341.48	-40069.95	-2.83018	-30341.48	-40069.95	-2.83018	4.166	0.00
0.00	-30341.82	-40070.06	-2.83054	-30341.82	-40070.06	-2.83054	4.054	0.00
0.00	-30342.17	-40070.17	-2.83072	-30342.17	-40070.17	-2.83072	4.273	0.00
0.00	-30342.53	-40070.29	-2.83075	-30342.53	-40070.29	-2.83075	5.116	0.00
0.00	-30342.89	-40070.40	-2.83076	-30342.89	-40070.40	-2.83076	4.754	0.00
0.00	-30343.30	-40070.53	-2.83071	-30343.30	-40070.53	-2.83071	4.175	0.00
0.00	-30343.74	-40070.68	-2.83023	-30343.74	-40070.68	-2.83023	4.831	0.00
0.00	-30344.05	-40070.78	-2.82957	-30344.05	-40070.78	-2.82957	4.085	0.00
0.00	-30344.40	-40070.89	-2.82930	-30344.40	-40070.89	-2.82930	3.693	0.00
0.00	-30344.76	-40071.01	-2.82926	-30344.76	-40071.01	-2.82926	5.000	0.00
0.00	-30345.16	-40071.14	-2.82905	-30345.16	-40071.14	-2.82905	4.766	0.00
0.00	-30345.54	-40071.26	-2.82869	-30345.54	-40071.26	-2.82869	5.311	0.00
0.00	-30345.92	-40071.39	-2.82802	-30345.92	-40071.39	-2.82802	5.186	0.00
0.00	-30346.31	-40071.51	-2.82730	-30346.31	-40071.51	-2.82730	4.773	0.00
0.00	-30346.69	-40071.64	-2.82692	-30346.69	-40071.64	-2.82692	5.486	0.00
0.00	-30347.13	-40071.79	-2.82668	-30347.13	-40071.79	-2.82668	4.422	0.00
0.00	-30347.56	-40071.92	-2.82621	-30347.56	-40071.92	-2.82621	5.456	0.00
0.00	-30347.90	-40072.04	-2.82569	-30347.90	-40072.04	-2.82569	5.677	0.00
0.00	-30348.32	-40072.18	-2.82536	-30348.32	-40072.18	-2.82536	4.544	0.00
0.00	-30348.69	-40072.30	-2.82508	-30348.69	-40072.30	-2.82508	4.464	0.00
0.00	-30349.07	-40072.43	-2.82472	-30349.07	-40072.43	-2.82472	4.081	0.00
0.00	-30349.46	-40072.55	-2.82420	-30349.46	-40072.55	-2.82420	5.589	0.00
0.00	-30349.86	-40072.69	-2.82378	-30349.86	-40072.69	-2.82378	6.145	0.00
0.00	-30350.26	-40072.82	-2.82371	-30350.26	-40072.82	-2.82371	5.507	0.00
0.00	-30350.64	-40072.94	-2.82377	-30350.64	-40072.94	-2.82377	5.380	0.00
0.00	-30351.09	-40073.09	-2.82343	-30351.09	-40073.09	-2.82343	5.816	0.00
0.00	-30351.49	-40073.22	-2.82279	-30351.49	-40073.22	-2.82279	5.357	0.00
0.00	-30351.82	-40073.33	-2.82250	-30351.82	-40073.33	-2.82250	5.920	0.00
0.00	-30352.19	-40073.46	-2.82248	-30352.19	-40073.46	-2.82248	5.843	0.00
0.00	-30352.57	-40073.58	-2.82245	-30352.57	-40073.58	-2.82245	6.304	0.00
0.00	-30352.99	-40073.72	-2.82263	-30352.99	-40073.72	-2.82263	5.721	0.00
0.00	-30353.36	-40073.84	-2.82293	-30353.36	-40073.84	-2.82293	5.738	0.00
0.00	-30353.74	-40073.96	-2.82322	-30353.74	-40073.96	-2.82322	5.813	0.00
0.00	-30354.13	-40074.09	-2.82362	-30354.13	-40074.09	-2.82362	7.661	0.00
0.00	-30354.50	-40074.21	-2.82401	-30354.50	-40074.21	-2.82401	6.187	0.00
0.00	-30354.95	-40074.36	-2.82406	-30354.95	-40074.36	-2.82406	5.654	0.00
0.00	-30355.33	-40074.48	-2.82386	-30355.33	-40074.48	-2.82386	5.616	0.00
0.00	-30355.66	-40074.59	-2.82387	-30355.66	-40074.59	-2.82387	5.898	0.00
0.00	-30356.01	-40074.71	-2.82398	-30356.01	-40074.71	-2.82398	6.345	0.00
0.00	-30356.39	-40074.83	-2.82393	-30356.39	-40074.83	-2.82393	6.256	0.00
0.00	-30356.76	-40074.95	-2.82392	-30356.76	-40074.95	-2.82392	6.534	0.00
0.00	-30357.16	-40075.08	-2.82407	-30357.16	-40075.08	-2.82407	6.309	0.00
0.00	-30357.51	-40075.20	-2.82402	-30357.51	-40075.20	-2.82402	5.975	0.00
0.00	-30357.87	-40075.32	-2.82362	-30357.87	-40075.32	-2.82362	6.891	0.00
0.00	-30358.22	-40075.43	-2.82313	-30358.22	-40075.43	-2.82313	6.362	0.00
0.00	-30358.68	-40075.59	-2.82281	-30358.68	-40075.59	-2.82281	6.328	0.00
0.00	-30359.03	-40075.71	-2.82283	-30359.03	-40075.71	-2.82283	6.621	0.00
0.00	-30359.36	-40075.82	-2.82309	-30359.36	-40075.82	-2.82309	6.154	0.00
0.00	-30359.71	-40075.93	-2.82317	-30359.71	-40075.93	-2.82317	6.526	0.00
0.00	-30360.07	-40076.05	-2.82268	-30360.07	-40076.05	-2.82268	6.690	0.00
0.00	-30360.43	-40076.17	-2.82204	-30360.43	-40076.17	-2.82204	6.366	0.00
0.00	-30360.79	-40076.30	-2.82184	-30360.79	-40076.30	-2.82184	6.614	0.00
0.00	-30361.18	-40076.43	-2.82201	-30361.18	-40076.43	-2.82201	7.075	0.00
0.00	-30361.53	-40076.54	-2.82217	-30361.53	-40076.54	-2.82217	7.218	0.00
0.00	-30361.86	-40076.66	-2.82231	-30361.86	-40076.66	-2.82231	7.113	0.00
0.00	-30362.29	-40076.80	-2.82285	-30362.29	-40076.80	-2.82285	6.985	0.00
0.00	-30362.63	-40076.91	-2.82377	-30362.63	-40076.91	-2.82377	6.997	0.00
0.00	-30362.96	-40077.02	-2.82493	-30362.96	-40077.02	-2.82493	7.057	0.00
0.00	-30363.30	-40077.13	-2.82597	-30363.30	-40077.13	-2.82597	7.113	0.00
0.00	-30363.65	-40077.25	-2.82665	-30363.65	-40077.25	-2.82665	7.109	0.00
0.00	-30364.00	-40077.36	-2.82733	-30364.00	-40077.36	-2.82733	6.509	0.00
0.00	-30364.35	-40077.47	-2.82808	-30364.35	-40077.47	-2.82808	7.072	0.00
0.00	-30364.70	-40077.58	-2.82895	-30364.70	-40077.58	-2.82895	8.028	0.00
0.00	-30365.04	-40077.70	-2.83004	-30365.04	-40077.70	-2.83004	7.007	0.00
0.00	-30365.42	-40077.82	-2.83108	-30365.42	-40077.82	-2.83108	8.259	0.00
0.00	-30365.83	-40077.95	-2.83206	-30365.83	-40077.95	-2.83206	7.022	0.00
0.00	-30366.15	-40078.05	-2.83316	-30366.15	-40078.05	-2.83316	7.032	0.00
0.00	-30366.46	-40078.15	-2.83416	-30366.46	-40078.15	-2.83416	7.083	0.00
0.00	-30366.80	-40078.25	-2.83473	-30366.80	-40078.25	-2.83473	7.084	0.00
0.00	-30367.16	-40078.37	-2.83500	-30367.16	-40078.37	-2.83500	7.413	0.00
0.00	-30367.50	-40078.47	-2.83546	-30367.50	-40078.47	-2.83546	7.269	0.00
0.00	-30367.84	-40078.58	-2.83610	-30367.84	-40078.58	-2.83610	7.202	0.00
0.00	-30368.18	-40078.69	-2.83662	-30368.18	-40078.69	-2.83662	7.463	0.00
0.00	-30368.52	-40078.80	-2.83724	-30368.52	-40078.80	-2.83724	7.630	0.00
0.00	-30368.86	-40078.90	-2.83804	-30368.86	-40078.90	-2.83804	7.583	0.00
0.00	-30369.27	-40079.03	-2.83886	-30369.27	-40079.03	-2.83886	7.705	0.00
0.00	-30369.61	-40079.14	-2.83965	-30369.61	-40079.14	-2.83965	8.248	0.00
0.00	-30369.90	-40079.23	-2.84033	-30369.90	-40079.23	-2.84033	7.528	0.00
0.00	-30370.23	-40079.33	-2.84117	-30370.23	-40079.33	-2.84117	7.543	0.00
0.00	-30370.57	-40079.44	-2.84232	-30370.57	-40079.44	-2.84232	7.942	0.00
0.00	-30370.90	-40079.54	-2.84357	-30370.90	-40079.54	-2.84357	7.646	0.00
0.00	-30371.25	-40079.65	-2.84475	-30371.25	-40079.65	-2.84475	8.009	0.00
0.00	-30371.58	-40079.75	-2.84597	-30371.58	-40079.75	-2.84597	8.285	0.00
0.00	-30371.91	-40079.85	-2.84732	-30371.91	-40079.85	-2.84732	11.072	0.00
0.00	-30372.24	-40079.95	-2.84850	-30372.24	-40079.95	-2.84850	7.558	0.00
0.00	-30372.63	-40080.07	-2.84955	-30372.63	-40080.07	-2.84955	8.305	0.00
0.00	-30372.91	-40080.16	-2.85090	-30372.91	-40080.16	-2.85090	8.073	0.00
0.00	-30373.21	-40080.25	-2.85270	-30373.21	-40080.25	-2.85270	8.192	0.00
0.00	-30373.56	-40080.36	-2.85480	-30373.56	-40080.36	-2.85480	8.222	0.00
0.00	-30373.86	-40080.45	-2.85728	-30373.86	-40080.45	-2.85728	8.272	0.00
0.00	-30374.18	-40080.54	-2.85994	-30374.18	-40080.54	-2.85994	7.782	0.00
0.00	-30374.50	-40080.64	-2.86275	-30374.50	-40080.64	-2.86275	8.034	0.00
0.00	-30374.84	-40080.74	-2.86589	-30374.84	-40080.74	-2.86589	8.363	0.00
0.00	-30375.17	-40080.83	-2.86896	-30375.17	-40080.83	-2.86896	8.446	0.00
0.00	-30375.48	-40080.92	-2.87193	-30375.48	-40080.92	-2.87193	8.231	0.00
0.00	-30375.85	-40081.02	-2.87545	-30375.85	-40081.02	-2.87545	8.074	0.00
0.00	-30376.14	-40081.10	-2.87985	-30376.14	-40081.10	-2.87985	8.469	0.00
0.00	-30376.44	-40081.18	-2.88442	-30376.44	-40081.18	-2.88442	8.579	0.00
0.00	-30376.75	-40081.26	-2.88875	-30376.75	-40081.26	-2.88875	8.332	0.00
0.00	-30377.10	-40081.35	-2.89340	-30377.10	-40081.35	-2.89340	9.246	0.00
0.00	-30377.41	-40081.43	-2.89863	-30377.41	-40081.43	-2.89863	9.115	0.00
0.00	-30377.73	-40081.51	-2.90375	-30377.73	-40081.51	-2.90375	10.710	0.00
0.00	-30378.05	-40081.59	-2.90875	-30378.05	-40081.59	-2.90875	8.460	0.00
0.00	-30378.37	-40081.66	-2.91477	-30378.37	-40081.66	-2.91477	8.480	0.00
0.00	-30378.71	-40081.74	-2.92162	-30378.71	-40081.74	-2.92162	8.891	0.00
0.00	-30379.08	-40081.82	-2.92845	-30379.08	-40081.82	-2.92845	8.473	0.00
0.00	-30379.36	-40081.87	-2.93577	-30379.36	-40081.87	-2.93577	9.259	0.00
0.00	-30379.66	-40081.93	-2.94412	-30379.66	-40081.93	-2.94412	9.065	0.00
0.00	-30379.97	-40081.99	-2.95277	-30379.97	-40081.99	-2.95277	8.465	0.00
0.00	-30380.28	-40082.05	-2.96172	-30380.28	-40082.05	-2.96172	8.809	0.00
0.00	-30380.63	-40082.11	-2.97116	-30380.63	-40082.11	-2.97116	8.829	0.00
0.00	-30380.92	-40082.16	-2.98129	-30380.92	-40082.16	-2.98129	8.680	0.00
0.00	-30381.24	-40082.21	-2.99168	-30381.24	-40082.21	-2.99168	8.661	0.00
0.00	-30381.55	-40082.25	-3.00236	-30381.55	-40082.25	-3.00236	9.371	0.00
0.00	-30381.87	-40082.29	-3.01354	-30381.87	-40082.29	-3.01354	9.243	0.00
0.00	-30382.23	-40082.34	-3.02533	-30382.23	-40082.34	-3.02533	8.824	0.00
0.00	-30382.51	-40082.37	-3.03791	-30382.51	-40082.37	-3.03791	8.883	0.00
0.00	-30382.80	-40082.39	-3.05120	-30382.80	-40082.39	-3.05120	8.759	0.00
0.00	-30383.10	-40082.42	-3.06496	-30383.10	-40082.42	-3.06496	8.723	0.00
0.00	-30383.40	-40082.44	-3.07948	-30383.40	-40082.44	-3.07948	9.308	0.00
0.00	-30383.71	-40082.46	-3.09420	-30383.71	-40082.46	-3.09420	9.121	0.00
0.00	-30384.01	-40082.47	-3.10893	-30384.01	-40082.47	-3.10893	8.931	0.00
0.00	-30384.35	-40082.48	-3.12410	-30384.35	-40082.48	-3.12410	9.153	0.00
0.00	-30384.63	-40082.48	-3.13958	-30384.63	-40082.48	-3.13958	9.078	0.00
0.00	-30384.95	-40082.48	3.12789	-30384.95	-40082.48	3.12789	9.063	0.00
0.00	-30385.28	-40082.47	3.11155	-30385.28	-40082.47	3.11155	8.680	0.00
0.00	-30385.54	-40082.46	3.09455	-30385.54	-40082.46	3.09455	9.655	0.00
0.00	-30385.82	-40082.45	3.07716	-30385.82	-40082.45	3.07716	9.322	0.00
0.00	-30386.10	-40082.43	3.05926	-30386.10	-40082.43	3.05926	12.210	0.00
0.00	-30386.41	-40082.40	3.04120	-30386.41	-40082.40	3.04120	9.420	0.00
0.00	-30386.69	-40082.37	3.02226	-30386.69	-40082.37	3.02226	9.351	0.00
0.00	-30386.98	-40082.34	3.00274	-30386.98	-40082.34	3.00274	8.873	0.00
0.00	-30387.27	-40082.30	2.98254	-30387.27	-40082.30	2.98254	9.597	0.00
0.00	-30387.57	-40082.25	2.96168	-30387.57	-40082.25	2.96168	9.398	0.00
0.00	-30387.88	-40082.20	2.94020	-30387.88	-40082.20	2.94020	9.426	0.00
0.00	-30388.18	-40082.14	2.91832	-30388.18	-40082.14	2.91832	9.524	0.00
0.00	-30388.43	-40082.08	2.89588	-30388.43	-40082.08	2.89588	9.450	0.00
0.00	-30388.69	-40082.01	2.87310	-30388.69	-40082.01	2.87310	9.698	0.00
0.00	-30388.96	-40081.94	2.85043	-30388.96	-40081.94	2.85043	9.774	0.00
0.00	-30389.24	-40081.86	2.82843	-30389.24	-40081.86	2.82843	9.620	0.00
0.00	-30389.52	-40081.77	2.80607	-30389.52	-40081.77	2.80607	9.481	0.00
0.00	-30389.79	-40081.67	2.78283	-30389.79	-40081.67	2.78283	9.442	0.00
0.00	-30390.05	-40081.57	2.75953	-30390.05	-40081.57	2.75953	9.975	0.00
0.00	-30390.30	-40081.47	2.73626	-30390.30	-40081.47	2.73626	9.323	0.00
0.00	-30390.60	-40081.34	2.71287	-30390.60	-40081.34	2.71287	9.988	0.00
0.00	-30390.90	-40081.21	2.68864	-30390.90	-40081.21	2.68864	9.519	0.00
0.00	-30391.11	-40081.10	2.66410	-30391.11	-40081.10	2.66410	9.621	0.00
0.00	-30391.36	-40080.97	2.63919	-30391.36	-40080.97	2.63919	9.495	0.00
0.00	-30391.61	-40080.83	2.61393	-30391.61	-40080.83	2.61393	10.112	0.00
0.00	-30391.85	-40080.69	2.58861	-30391.85	-40080.69	2.58861	10.224	0.00
0.00	-30392.11	-40080.53	2.56351	-30392.11	-40080.53	2.56351	9.609	0.00
0.00	-30392.36	-40080.36	2.53900	-30392.36	-40080.36	2.53900	9.929	0.00
0.00	-30392.61	-40080.19	2.51447	-30392.61	-40080.19	2.51447	9.785	0.00
0.00	-30392.84	-40080.03	2.49023	-30392.84	-40080.03	2.49023	10.874	0.00
0.00	-30393.12	-40079.81	2.46608	-30393.12	-40079.81	2.46608	10.292	0.00
0.00	-30393.35	-40079.62	2.44256	-30393.35	-40079.62	2.44256	9.944	0.00
0.00	-30393.57	-40079.43	2.41921	-30393.57	-40079.43	2.41921	10.443	0.00
0.00	-30393.77	-40079.25	2.39588	-30393.77	-40079.25	2.39588	11.859	0.00
0.00	-30393.98	-40079.06	2.37360	-30393.98	-40079.06	2.37360	10.190	0.00
0.00	-30394.20	-40078.84	2.35229	-30394.20	-40078.84	2.35229	10.411	0.00
0.00	-30394.42	-40078.62	2.33195	-30394.42	-40078.62	2.33195	10.309	0.00
0.00	-30394.65	-40078.39	2.31253	-30394.65	-40078.39	2.31253	10.595	0.00
0.00	-30394.87	-40078.15	2.29310	-30394.87	-40078.15	2.29310	10.340	0.00
0.00	-30395.07	-40077.92	2.27409	-30395.07	-40077.92	2.27409	10.587	0.00
0.00	-30395.31	-40077.63	2.25513	-30395.31	-40077.63	2.25513	11.249	0.00
0.00	-30395.50	-40077.39	2.23630	-30395.50	-40077.39	2.23630	10.606	0.00
0.00	-30395.67	-40077.16	2.21793	-30395.67	-40077.16	2.21793	10.440	0.00
0.00	-30395.86	-40076.91	2.20018	-30395.86	-40076.91	2.20018	10.525	0.00
0.00	-30396.06	-40076.62	2.18328	-30396.06	-40076.62	2.18328	10.764	0.00
0.00	-30396.24	-40076.36	2.16712	-30396.24	-40076.36	2.16712	10.527	0.00
0.00	-30396.42	-40076.09	2.15145	-30396.42	-40076.09	2.15145	10.971	0.00
0.00	-30396.59	-40075.82	2.13640	-30396.59	-40075.82	2.13640	11.188	0.00
0.00	-30396.77	-40075.53	2.12119	-30396.77	-40075.53	2.12119	10.738	0.00
0.00	-30396.93	-40075.25	2.10586	-30396.93	-40075.25	2.10586	10.888	0.00
0.00	-30397.14	-40074.89	2.09077	-30397.14	-40074.89	2.09077	11.245	0.00
0.00	-4974874.45	3558774.57	0.70077	-4974874.45	3558774.57	0.70077	11.346	0.00
0.00	-9063685.93	25209.62	0.93350	-9063685.93	25209.62	0.93350	11.494	0.00
0.00	-4511476.27	2173079.19	2.84890	-4511476.27	2173079.19	2.84890	11.180	0.00
0.00	-756896.37	774360.84	1.34143	-756896.37	774360.84	1.34143	11.291	0.00
0.00	-479967.46	181930.15	-2.59105	-479967.46	181930.15	-2.59105	11.316	0.00
0.00	-219289.99	156372.19	-0.51255	-219289.99	156372.19	-0.51255	11.181	0.00
0.00	-51460.91	32357.10	0.28626	-51460.91	32357.10	0.28626	11.478	0.00
0.00	-42182.45	6062.16	-1.25929	-42182.45	6062.16	-1.25929	11.429	0.00
0.00	-31537.29	-30493.85	-2.79141	-31537.29	-30493.85	-2.79141	11.765	0.00
0.00	-31733.29	-35290.32	-2.10415	-31733.29	-35290.32	-2.10415	11.533	0.00
0.00	-32013.28	-38340.70	0.57680	-32013.28	-38340.70	0.57680	11.656	0.00
0.00	-31386.11	-38779.85	-0.35225	-31386.11	-38779.85	-0.35225	11.832	0.00
0.00	-30464.88	-39446.35	-2.35521	-30464.88	-39446.35	-2.35521	11.723	0.00
0.00	-30546.77	-39806.87	1.15584	-30546.77	-39806.87	1.15584	11.307	0.00
0.00	-30536.34	-39971.11	-1.28606	-30536.34	-39971.11	-1.28606	11.953	0.00
0.00	-30474.45	-40064.49	-0.23084	-30474.45	-40064.49	-0.23084	11.659	0.00
0.00	-30415.83	-40074.56	0.16598	-30415.83	-40074.56	0.16598	12.703	0.00
0.00	-30402.00	-40071.71	0.27228	-30402.00	-40071.71	0.27228	11.837	0.00
0.00	-30399.41	-40070.45	0.34617	-30399.41	-40070.45	0.34617	12.173	0.00
0.00	-30398.99	-40069.80	0.43185	-30398.99	-40069.80	0.43185	12.365	0.00
0.00	-30398.96	-40069.33	0.52674	-30398.96	-40069.33	0.52674	11.987	0.00
0.00	-30399.02	-40068.86	0.64110	-30399.02	-40068.86	0.64110	16.158	0.00
0.00	-30399.09	-40068.37	0.75735	-30399.09	-40068.37	0.75735	12.160	0.00
0.00	-30399.17	-40067.88	0.87305	-30399.17	-40067.88	0.87305	12.509	0.00
0.00	-30399.28	-40067.38	0.98530	-30399.28	-40067.38	0.98530	12.511	0.00
0.00	-30399.40	-40066.84	1.09441	-30399.40	-40066.84	1.09441	12.423	0.00
0.00	-30399.55	-40066.31	1.19801	-30399.55	-40066.31	1.19801	12.859	0.00
0.00	-30399.71	-40065.74	1.29359	-30399.71	-40065.74	1.29359	12.433	0.00
0.00	-30399.91	-40065.36	1.36884	-30399.91	-40065.36	1.36884	12.687	0.00
0.00	-30400.10	-40064.90	1.44045	-30400.10	-40064.90	1.44045	12.687	0.00
0.00	-30400.31	-40064.51	1.50399	-30400.31	-40064.51	1.50399	12.291	0.00
0.00	-30400.51	-40064.13	1.56059	-30400.51	-40064.13	1.56059	12.674	0.00
0.00	-30400.71	-40063.74	1.61098	-30400.71	-40063.74	1.61098	12.423	0.00
0.00	-30400.93	-40063.34	1.66085	-30400.93	-40063.34	1.66085	12.774	0.00
0.00	-30401.15	-40062.96	1.70404	-30401.15	-40062.96	1.70404	13.282	0.00
0.00	-30401.35	-40062.59	1.74128	-30401.35	-40062.59	1.74128	12.701	0.00
0.00	-30401.55	-40062.23	1.77352	-30401.55	-40062.23	1.77352	13.042	0.00
0.00	-30401.74	-40061.89	1.80164	-30401.74	-40061.89	1.80164	13.110	0.00
0.00	-30401.93	-40061.55	1.82612	-30401.93	-40061.55	1.82612	12.983	0.00
0.00	-30402.13	-40061.11	1.84755	-30402.13	-40061.11	1.84755	13.625	0.00
0.00	-30402.30	-40060.77	1.86480	-30402.30	-40060.77	1.86480	12.891	0.00
0.00	-30402.45	-40060.49	1.87967	-30402.45	-40060.49	1.87967	13.089	0.00
0.00	-30402.59	-40060.21	1.89226	-30402.59	-40060.21	1.89226	13.244	0.00
0.00	-30402.74	-40059.90	1.90280	-30402.74	-40059.90	1.90280	13.255	0.00
0.00	-30402.89	-40059.60	1.91243	-30402.89	-40059.60	1.91243	13.168	0.00
0.00	-30403.02	-40059.33	1.91982	-30403.02	-40059.33	1.91982	13.462	0.00
0.00	-30403.17	-40059.00	1.92558	-30403.17	-40059.00	1.92558	13.218	0.00
0.00	-30403.29	-40058.72	1.93025	-30403.29	-40058.72	1.93025	13.328	0.00
0.00	-30403.41	-40058.45	1.93377	-30403.41	-40058.45	1.93377	13.534	0.00
0.00	-30403.56	-40058.08	1.93608	-30403.56	-40058.08	1.93608	13.433	0.00
0.00	-30403.66	-40057.83	1.93715	-30403.66	-40057.83	1.93715	13.749	0.00
0.00	-30403.77	-40057.54	1.93701	-30403.77	-40057.54	1.93701	13.387	0.00
0.00	-30403.88	-40057.24	1.93549	-30403.88	-40057.24	1.93549	13.431	0.00
0.00	-30403.99	-40056.93	1.93343	-30403.99	-40056.93	1.93343	13.312	0.00
0.00	-30404.10	-40056.64	1.93162	-30404.10	-40056.64	1.93162	13.563	0.00
0.00	-30404.20	-40056.35	1.92948	-30404.20	-40056.35	1.92948	13.213	0.00
0.00	-30404.31	-40056.05	1.92691	-30404.31	-40056.05	1.92691	13.685	0.00
0.00	-30404.42	-40055.72	1.92450	-30404.42	-40055.72	1.92450	13.691	0.00
0.00	-30404.54	-40055.39	1.92217	-30404.54	-40055.39	1.92217	14.032	0.00
0.00	-30404.65	-40055.06	1.91983	-30404.65	-40055.06	1.91983	13.790	0.00
0.00	-30404.75	-40054.75	1.91721	-30404.75	-40054.75	1.91721	14.187	0.00
0.00	-30404.84	-40054.47	1.91456	-30404.84	-40054.47	1.91456	13.598	0.00
0.00	-30404.92	-40054.24	1.91220	-30404.92	-40054.24	1.91220	14.519	0.00
0.00	-30405.02	-40053.95	1.90984	-30405.02	-40053.95	1.90984	14.058	0.00
0.00	-30405.11	-40053.65	1.90735	-30405.11	-40053.65	1.90735	14.175	0.00
0.00	-30405.48	-40052.59	1.90354	-30405.48	-40052.59	1.90354	14.690	0.00
0.00	-30405.33	-40053.03	1.90296	-30405.33	-40053.03	1.90296	14.893	0.00
0.00	-30405.34	-40053.00	1.90236	-30405.34	-40053.00	1.90236	14.673	0.00
0.00	-30405.40	-40052.80	1.90075	-30405.40	-40052.80	1.90075	14.523	0.00
0.00	-30405.58	-40052.25	1.89671	-30405.58	-40052.25	1.89671	14.985	0.00
0.00	-30405.73	-40051.79	1.89359	-30405.73	-40051.79	1.89359	14.775	0.00
0.00	-30405.84	-40051.43	1.89071	-30405.84	-40051.43	1.89071	14.346	0.00
0.00	-30405.96	-40051.05	1.88811	-30405.96	-40051.05	1.88811	14.555	0.00
0.00	-30406.08	-40050.69	1.88559	-30406.08	-40050.69	1.88559	14.312	0.00
0.00	-30406.16	-40050.41	1.88306	-30406.16	-40050.41	1.88306	14.688	0.00
0.00	-30406.26	-40050.11	1.88081	-30406.26	-40050.11	1.88081	14.405	0.00
0.00	-30406.36	-40049.77	1.87888	-30406.36	-40049.77	1.87888	14.818	0.00
0.00	-30406.46	-40049.47	1.87714	-30406.46	-40049.47	1.87714	15.273	0.00
0.00	-30406.57	-40049.12	1.87537	-30406.57	-40049.12	1.87537	14.671	0.00
0.00	-30406.68	-40048.77	1.87360	-30406.68	-40048.77	1.87360	15.522	0.00
0.00	-30406.80	-40048.39	1.87215	-30406.80	-40048.39	1.87215	14.868	0.00
0.00	-30406.93	-40047.98	1.87112	-30406.93	-40047.98	1.87112	15.214	0.00
0.00	-30407.04	-40047.63	1.87039	-30407.04	-40047.63	1.87039	15.570	0.00
0.00	-30407.13	-40047.34	1.86946	-30407.13	-40047.34	1.86946	15.315	0.00
0.00	-30407.25	-40046.96	1.86834	-30407.25	-40046.96	1.86834	15.777	0.00
0.00	-30407.35	-40046.62	1.86735	-30407.35	-40046.62	1.86735	15.174	0.00
0.00	-30407.47	-40046.25	1.86646	-30407.47	-40046.25	1.86646	15.283	0.00
0.00	-30407.58	-40045.87	1.86548	-30407.58	-40045.87	1.86548	16.875	0.00
0.00	-30407.67	-40045.55	1.86427	-30407.67	-40045.55	1.86427	15.054	0.00
0.00	-30407.79	-40045.17	1.86259	-30407.79	-40045.17	1.86259	15.148	0.00
0.00	-30407.91	-40044.74	1.86041	-30407.91	-40044.74	1.86041	14.846	0.00
0.00	-30408.00	-40044.43	1.85810	-30408.00	-40044.43	1.85810	15.782	0.00
0.00	-30408.10	-40044.05	1.85572	-30408.10	-40044.05	1.85572	15.575	0.00
0.00	-30408.19	-40043.73	1.85342	-30408.19	-40043.73	1.85342	15.809	0.00
0.00	-30408.29	-40043.35	1.85131	-30408.29	-40043.35	1.85131	15.965	0.00
0.00	-30408.39	-40042.99	1.84954	-30408.39	-40042.99	1.84954	15.597	0.00
0.00	-30408.50	-40042.62	1.84807	-30408.50	-40042.62	1.84807	15.521	0.00
0.00	-30408.58	-40042.33	1.84687	-30408.58	-40042.33	1.84687	15.703	0.00
0.00	-30408.68	-40041.97	1.84656	-30408.68	-40041.97	1.84656	15.153	0.00
0.00	-30408.79	-40041.59	1.84689	-30408.79	-40041.59	1.84689	15.239	0.00
0.00	-30408.91	-40041.20	1.84741	-30408.91	-40041.20	1.84741	15.728	0.00
0.00	-30409.01	-40040.88	1.84808	-30409.01	-40040.88	1.84808	15.955	0.00
0.00	-30409.11	-40040.56	1.84920	-30409.11	-40040.56	1.84920	15.837	0.00
0.00	-30409.21	-40040.23	1.85033	-30409.21	-40040.23	1.85033	15.719	0.00
0.00	-30409.31	-40039.91	1.85102	-30409.31	-40039.91	1.85102	16.370	0.00
0.00	-30409.40	-40039.58	1.85125	-30409.40	-40039.58	1.85125	16.221	0.00
0.00	-30409.50	-40039.25	1.85086	-30409.50	-40039.25	1.85086	16.888	0.00
0.00	-30409.59	-40038.93	1.85010	-30409.59	-40038.93	1.85010	16.227	0.00
0.00	-30409.71	-40038.50	1.84944	-30409.71	-40038.50	1.84944	16.265	0.00
0.00	-30409.80	-40038.19	1.84921	-30409.80	-40038.19	1.84921	16.275	0.00
0.00	-30409.89	-40037.88	1.84866	-30409.89	-40037.88	1.84866	15.802	0.00
0.00	-30409.98	-40037.54	1.84796	-30409.98	-40037.54	1.84796	16.841	0.00
0.00	-30410.09	-40037.14	1.84728	-30410.09	-40037.14	1.84728	16.339	0.00
0.00	-30410.18	-40036.82	1.84641	-30410.18	-40036.82	1.84641	16.148	0.00
0.00	-30410.26	-40036.51	1.84525	-30410.26	-40036.51	1.84525	16.487	0.00
0.00	-30410.35	-40036.19	1.84428	-30410.35	-40036.19	1.84428	18.648	0.00
0.00	-30410.45	-40035.82	1.84370	-30410.45	-40035.82	1.84370	17.024	0.00
0.00	-30410.55	-40035.46	1.84321	-30410.55	-40035.46	1.84321	16.576	0.00
0.00	-30410.65	-40035.11	1.84292	-30410.65	-40035.11	1.84292	16.660	0.00
0.00	-30410.73	-40034.81	1.84304	-30410.73	-40034.81	1.84304	16.244	0.00
0.00	-30410.82	-40034.49	1.84317	-30410.82	-40034.49	1.84317	16.838	0.00
0.00	-30410.92	-40034.15	1.84317	-30410.92	-40034.15	1.84317	16.010	0.00
0.00	-30411.01	-40033.82	1.84321	-30411.01	-40033.82	1.84321	16.457	0.00
0.00	-30411.10	-40033.48	1.84324	-30411.10	-40033.48	1.84324	16.657	0.00
0.00	-30411.20	-40033.14	1.84317	-30411.20	-40033.14	1.84317	16.529	0.00
0.00	-30411.29	-40032.80	1.84315	-30411.29	-40032.80	1.84315	16.869	0.00
0.00	-30411.39	-40032.46	1.84324	-30411.39	-40032.46	1.84324	17.281	0.00
0.00	-30411.48	-40032.12	1.84332	-30411.48	-40032.12	1.84332	16.953	0.00
0.00	-30411.58	-40031.77	1.84343	-30411.58	-40031.77	1.84343	16.664	0.00
0.00	-30411.68	-40031.43	1.84386	-30411.68	-40031.43	1.84386	17.779	0.00
0.00	-30411.77	-40031.08	1.84459	-30411.77	-40031.08	1.84459	17.102	0.00
0.00	-30411.88	-40030.69	1.84552	-30411.88	-40030.69	1.84552	17.479	0.00
