0.00	-30214.17	-40028.99	0.35000	-30214.17	-40028.99	0.35000	2.309	0.00
0.00	-30214.08	-40028.95	0.34976	-30214.08	-40028.95	0.34976	2.043	0.00
0.00	-30214.15	-40028.95	0.39732	-30214.15	-40028.95	0.39732	2.841	0.00
0.00	-30214.33	-40028.99	0.45280	-30214.33	-40028.99	0.45280	2.331	0.00
0.00	-30214.54	-40029.03	0.50561	-30214.54	-40029.03	0.50561	1.961	0.00
0.00	-30214.73	-40029.07	0.54923	-30214.73	-40029.07	0.54923	2.047	0.00
0.00	-30214.91	-40029.12	0.58970	-30214.91	-40029.12	0.58970	2.006	0.00
0.00	-30215.11	-40029.17	0.63128	-30215.11	-40029.17	0.63128	1.962	0.00
0.00	-30215.32	-40029.23	0.67331	-30215.32	-40029.23	0.67331	2.028	0.00
0.00	-30215.53	-40029.29	0.71572	-30215.53	-40029.29	0.71572	2.039	0.00
0.00	-30215.74	-40029.36	0.75841	-30215.74	-40029.36	0.75841	2.024	0.00
0.00	-30215.96	-40029.43	0.80122	-30215.96	-40029.43	0.80122	2.221	0.00
0.00	-30216.17	-40029.50	0.84386	-30216.17	-40029.50	0.84386	2.028	0.00
0.00	-30216.35	-40029.54	0.88616	-30216.35	-40029.54	0.88616	2.319	0.00
0.00	-30216.54	-40029.61	0.92316	-30216.54	-40029.61	0.92316	2.326	0.00
0.00	-30216.75	-40029.69	0.96164	-30216.75	-40029.69	0.96164	2.364	0.00
0.00	-30216.95	-40029.77	1.00090	-30216.95	-40029.77	1.00090	2.044	0.00
0.00	-30217.16	-40029.85	1.04014	-30217.16	-40029.85	1.04014	2.075	0.00
0.00	-30217.36	-40029.92	1.07925	-30217.36	-40029.92	1.07925	2.075	0.00
0.00	-30217.56	-40030.00	1.11818	-30217.56	-40030.00	1.11818	1.951	0.00
0.00	-30217.76	-40030.07	1.15690	-30217.76	-40030.07	1.15690	2.015	0.00
0.00	-30217.95	-40030.14	1.19465	-30217.95	-40030.14	1.19465	1.978	0.00
0.00	-30218.15	-40030.21	1.23326	-30218.15	-40030.21	1.23326	1.943	0.00
0.00	-30218.36	-40030.30	1.27427	-30218.36	-40030.30	1.27427	1.906	0.00
0.00	-30218.57	-40030.38	1.31557	-30218.57	-40030.38	1.31557	1.926	0.00
0.00	-30218.77	-40030.43	1.35410	-30218.77	-40030.43	1.35410	1.960	0.00
0.00	-30218.95	-40030.48	1.39108	-30218.95	-40030.48	1.39108	2.021	0.00
0.00	-30219.18	-40030.56	1.43592	-30219.18	-40030.56	1.43592	1.970	0.00
0.00	-30219.39	-40030.61	1.47794	-30219.39	-40030.61	1.47794	2.010	0.00
0.00	-30219.60	-40030.66	1.51815	-30219.60	-40030.66	1.51815	1.977	0.00
0.00	-30219.79	-40030.70	1.55717	-30219.79	-40030.70	1.55717	2.023	0.00
0.00	-30219.99	-40030.74	1.59546	-30219.99	-40030.74	1.59546	2.014	0.00
0.00	-30220.18	-40030.78	1.63330	-30220.18	-40030.78	1.63330	2.006	0.00
0.00	-30220.37	-40030.82	1.67086	-30220.37	-40030.82	1.67086	2.006	0.00
0.00	-30220.57	-40030.85	1.70813	-30220.57	-40030.85	1.70813	1.920	0.00
0.00	-30220.76	-40030.88	1.74527	-30220.76	-40030.88	1.74527	1.855	0.00
0.00	-30220.96	-40030.91	1.78248	-30220.96	-40030.91	1.78248	1.926	0.00
0.00	-30221.17	-40030.89	1.81978	-30221.17	-40030.89	1.81978	2.049	0.00
0.00	-30221.35	-40030.91	1.85124	-30221.35	-40030.91	1.85124	1.953	0.00
0.00	-30221.52	-40030.94	1.88396	-30221.52	-40030.94	1.88396	2.152	0.00
0.00	-30221.71	-40030.96	1.91769	-30221.71	-40030.96	1.91769	2.066	0.00
0.00	-30221.90	-40030.98	1.95188	-30221.90	-40030.98	1.95188	2.049	0.00
0.00	-30222.12	-40031.00	1.98805	-30222.12	-40031.00	1.98805	3.815	0.00
0.00	-30222.34	-40031.01	2.02583	-30222.34	-40031.01	2.02583	1.872	0.00
0.00	-30222.55	-40031.07	2.06433	-30222.55	-40031.07	2.06433	1.874	0.00
0.00	-30222.85	-40031.06	2.10904	-30222.85	-40031.06	2.10904	2.008	0.00
0.00	-30223.08	-40031.07	2.14463	-30223.08	-40031.07	2.14463	1.907	0.00
0.00	-30223.31	-40031.08	2.18035	-30223.31	-40031.08	2.18035	1.933	0.00
0.00	-30223.55	-40031.10	2.21626	-30223.55	-40031.10	2.21626	1.948	0.00
0.00	-30223.80	-40031.12	2.25235	-30223.80	-40031.12	2.25235	1.977	0.00
0.00	-30224.09	-40031.17	2.29703	-30224.09	-40031.17	2.29703	1.962	0.00
0.00	-30224.38	-40031.21	2.34007	-30224.38	-40031.21	2.34007	1.959	0.00
0.00	-30224.68	-40031.25	2.38173	-30224.68	-40031.25	2.38173	2.005	0.00
0.00	-30224.97	-40031.29	2.42218	-30224.97	-40031.29	2.42218	2.259	0.00
0.00	-30225.26	-40031.34	2.46160	-30225.26	-40031.34	2.46160	1.859	0.00
0.00	-30225.55	-40031.39	2.50002	-30225.55	-40031.39	2.50002	1.873	0.00
0.00	-30225.84	-40031.45	2.53746	-30225.84	-40031.45	2.53746	1.883	0.00
0.00	-30226.12	-40031.50	2.57408	-30226.12	-40031.50	2.57408	1.983	0.00
0.00	-30226.41	-40031.56	2.60997	-30226.41	-40031.56	2.60997	2.023	0.00
0.00	-30226.69	-40031.62	2.64522	-30226.69	-40031.62	2.64522	2.168	0.00
0.00	-30226.98	-40031.69	2.68001	-30226.98	-40031.69	2.68001	1.966	0.00
0.00	-30227.30	-40031.74	2.71402	-30227.30	-40031.74	2.71402	2.059	0.00
0.00	-30227.59	-40031.79	2.74334	-30227.59	-40031.79	2.74334	2.100	0.00
0.00	-30227.84	-40031.86	2.77332	-30227.84	-40031.86	2.77332	1.914	0.00
0.00	-30228.20	-40031.93	2.80939	-30228.20	-40031.93	2.80939	2.052	0.00
0.00	-30228.45	-40032.01	2.83781	-30228.45	-40032.01	2.83781	1.940	0.00
0.00	-30228.71	-40032.09	2.86594	-30228.71	-40032.09	2.86594	1.973	0.00
0.00	-30228.97	-40032.18	2.89394	-30228.97	-40032.18	2.89394	1.925	0.00
0.00	-30229.23	-40032.27	2.92187	-30229.23	-40032.27	2.92187	1.998	0.00
0.00	-30229.50	-40032.37	2.94963	-30229.50	-40032.37	2.94963	2.010	0.00
0.00	-30229.77	-40032.47	2.97708	-30229.77	-40032.47	2.97708	2.018	0.00
0.00	-30230.04	-40032.57	3.00420	-30230.04	-40032.57	3.00420	2.025	0.00
0.00	-30230.31	-40032.68	3.03073	-30230.31	-40032.68	3.03073	1.870	0.00
0.00	-30230.59	-40032.82	3.06250	-30230.59	-40032.82	3.06250	2.019	0.00
0.00	-30230.87	-40032.96	3.09223	-30230.87	-40032.96	3.09223	2.094	0.00
0.00	-30231.14	-40033.10	3.12014	-30231.14	-40033.10	3.12014	1.951	0.00
0.00	-30231.41	-40033.24	-3.13679	-30231.41	-40033.24	-3.13679	2.006	0.00
0.00	-30231.67	-40033.37	-3.11206	-30231.67	-40033.37	-3.11206	1.957	0.00
0.00	-30231.92	-40033.51	-3.08869	-30231.92	-40033.51	-3.08869	1.876	0.00
0.00	-30232.18	-40033.64	-3.06653	-30232.18	-40033.64	-3.06653	1.890	0.00
0.00	-30232.42	-40033.77	-3.04557	-30232.42	-40033.77	-3.04557	1.950	0.00
0.00	-30232.64	-40033.90	-3.02607	-30232.64	-40033.90	-3.02607	1.924	0.00
0.00	-30232.94	-40034.03	-3.00710	-30232.94	-40034.03	-3.00710	1.922	0.00
0.00	-30233.27	-40034.17	-2.98908	-30233.27	-40034.17	-2.98908	1.999	0.00
0.00	-30233.51	-40034.29	-2.97487	-30233.51	-40034.29	-2.97487	1.984	0.00
0.00	-30233.71	-40034.39	-2.96115	-30233.71	-40034.39	-2.96115	1.945	0.00
0.00	-30233.92	-40034.50	-2.94787	-30233.92	-40034.50	-2.94787	1.961	0.00
0.00	-30234.13	-40034.61	-2.93510	-30234.13	-40034.61	-2.93510	1.906	0.00
0.00	-30234.35	-40034.72	-2.92282	-30234.35	-40034.72	-2.92282	1.992	0.00
0.00	-30234.57	-40034.84	-2.91102	-30234.57	-40034.84	-2.91102	1.925	0.00
0.00	-30234.80	-40034.95	-2.89976	-30234.80	-40034.95	-2.89976	1.900	0.00
0.00	-30235.02	-40035.06	-2.88904	-30235.02	-40035.06	-2.88904	1.860	0.00
0.00	-30235.25	-40035.17	-2.87888	-30235.25	-40035.17	-2.87888	1.936	0.00
0.00	-30235.47	-40035.29	-2.86942	-30235.47	-40035.29	-2.86942	1.837	0.00
0.00	-30235.70	-40035.40	-2.86064	-30235.70	-40035.40	-2.86064	1.883	0.00
0.00	-30235.92	-40035.51	-2.85238	-30235.92	-40035.51	-2.85238	1.918	0.00
0.00	-30236.16	-40035.63	-2.84294	-30236.16	-40035.63	-2.84294	2.027	0.00
0.00	-30236.38	-40035.74	-2.83448	-30236.38	-40035.74	-2.83448	1.911	0.00
0.00	-30236.61	-40035.86	-2.82695	-30236.61	-40035.86	-2.82695	1.999	0.00
0.00	-30236.83	-40035.96	-2.82032	-30236.83	-40035.96	-2.82032	1.933	0.00
0.00	-30237.05	-40036.07	-2.81454	-30237.05	-40036.07	-2.81454	1.987	0.00
0.00	-30237.26	-40036.17	-2.80954	-30237.26	-40036.17	-2.80954	1.921	0.00
0.00	-30237.53	-40036.29	-2.80521	-30237.53	-40036.29	-2.80521	1.802	0.00
0.00	-30237.80	-40036.40	-2.80141	-30237.80	-40036.40	-2.80141	1.857	0.00
0.00	-30238.03	-40036.50	-2.79800	-30238.03	-40036.50	-2.79800	1.951	0.00
0.00	-30238.27	-40036.61	-2.79488	-30238.27	-40036.61	-2.79488	1.963	0.00
0.00	-30238.42	-40036.67	-2.79250	-30238.42	-40036.67	-2.79250	1.916	0.00
0.00	-30238.64	-40036.76	-2.79047	-30238.64	-40036.76	-2.79047	1.974	0.00
0.00	-30238.86	-40036.85	-2.78888	-30238.86	-40036.85	-2.78888	1.972	0.00
0.00	-30239.08	-40036.94	-2.78773	-30239.08	-40036.94	-2.78773	1.929	0.00
0.00	-30239.31	-40037.03	-2.78691	-30239.31	-40037.03	-2.78691	2.083	0.00
0.00	-30239.53	-40037.12	-2.78627	-30239.53	-40037.12	-2.78627	1.933	0.00
0.00	-30239.76	-40037.21	-2.78576	-30239.76	-40037.21	-2.78576	1.939	0.00
0.00	-30239.99	-40037.30	-2.78539	-30239.99	-40037.30	-2.78539	1.969	0.00
0.00	-30240.22	-40037.38	-2.78523	-30240.22	-40037.38	-2.78523	1.909	0.00
0.00	-30240.45	-40037.47	-2.78536	-30240.45	-40037.47	-2.78536	1.902	0.00
0.00	-30240.68	-40037.55	-2.78570	-30240.68	-40037.55	-2.78570	1.871	0.00
0.00	-30240.91	-40037.64	-2.78624	-30240.91	-40037.64	-2.78624	1.800	0.00
0.00	-30241.14	-40037.72	-2.78697	-30241.14	-40037.72	-2.78697	1.748	0.00
0.00	-30241.37	-40037.80	-2.78783	-30241.37	-40037.80	-2.78783	1.904	0.00
0.00	-30241.61	-40037.89	-2.78895	-30241.61	-40037.89	-2.78895	1.905	0.00
0.00	-30241.84	-40037.97	-2.79010	-30241.84	-40037.97	-2.79010	1.890	0.00
0.00	-30242.13	-40038.06	-2.79131	-30242.13	-40038.06	-2.79131	1.939	0.00
0.00	-30242.40	-40038.16	-2.79257	-30242.40	-40038.16	-2.79257	1.836	0.00
0.00	-30242.64	-40038.24	-2.79391	-30242.64	-40038.24	-2.79391	1.919	0.00
0.00	-30242.84	-40038.31	-2.79526	-30242.84	-40038.31	-2.79526	1.929	0.00
0.00	-30243.05	-40038.38	-2.79662	-30243.05	-40038.38	-2.79662	1.922	0.00
0.00	-30243.27	-40038.45	-2.79792	-30243.27	-40038.45	-2.79792	1.950	0.00
0.00	-30243.50	-40038.52	-2.79917	-30243.50	-40038.52	-2.79917	1.899	0.00
0.00	-30243.78	-40038.61	-2.80036	-30243.78	-40038.61	-2.80036	2.018	0.00
0.00	-30244.00	-40038.69	-2.80138	-30244.00	-40038.69	-2.80138	2.013	0.00
0.00	-30244.22	-40038.76	-2.80244	-30244.22	-40038.76	-2.80244	2.027	0.00
0.00	-30244.45	-40038.84	-2.80355	-30244.45	-40038.84	-2.80355	1.910	0.00
0.00	-30244.68	-40038.91	-2.80470	-30244.68	-40038.91	-2.80470	1.923	0.00
0.00	-30244.87	-40038.97	-2.80587	-30244.87	-40038.97	-2.80587	1.890	0.00
0.00	-30245.16	-40039.07	-2.80727	-30245.16	-40039.07	-2.80727	1.963	0.00
0.00	-30245.39	-40039.14	-2.80834	-30245.39	-40039.14	-2.80834	1.888	0.00
0.00	-30245.62	-40039.21	-2.80924	-30245.62	-40039.21	-2.80924	1.942	0.00
0.00	-30245.85	-40039.29	-2.81005	-30245.85	-40039.29	-2.81005	1.884	0.00
0.00	-30246.08	-40039.36	-2.81082	-30246.08	-40039.36	-2.81082	2.221	0.00
0.00	-30246.31	-40039.44	-2.81163	-30246.31	-40039.44	-2.81163	1.937	0.00
0.00	-30246.55	-40039.51	-2.81259	-30246.55	-40039.51	-2.81259	1.935	0.00
0.00	-30246.84	-40039.61	-2.81381	-30246.84	-40039.61	-2.81381	1.908	0.00
0.00	-30247.12	-40039.70	-2.81491	-30247.12	-40039.70	-2.81491	1.986	0.00
0.00	-30247.34	-40039.77	-2.81586	-30247.34	-40039.77	-2.81586	1.943	0.00
0.00	-30247.55	-40039.83	-2.81663	-30247.55	-40039.83	-2.81663	1.958	0.00
0.00	-30247.75	-40039.90	-2.81734	-30247.75	-40039.90	-2.81734	1.977	0.00
0.00	-30247.97	-40039.97	-2.81797	-30247.97	-40039.97	-2.81797	1.858	0.00
0.00	-30248.20	-40040.04	-2.81846	-30248.20	-40040.04	-2.81846	1.865	0.00
0.00	-30248.44	-40040.11	-2.81890	-30248.44	-40040.11	-2.81890	1.945	0.00
0.00	-30248.66	-40040.19	-2.81938	-30248.66	-40040.19	-2.81938	1.816	0.00
0.00	-30248.88	-40040.26	-2.81983	-30248.88	-40040.26	-2.81983	1.961	0.00
0.00	-30249.12	-40040.33	-2.82039	-30249.12	-40040.33	-2.82039	1.973	0.00
0.00	-30249.40	-40040.42	-2.82084	-30249.40	-40040.42	-2.82084	2.042	0.00
0.00	-30249.62	-40040.49	-2.82110	-30249.62	-40040.49	-2.82110	1.947	0.00
0.00	-30249.84	-40040.56	-2.82135	-30249.84	-40040.56	-2.82135	1.937	0.00
0.00	-30250.06	-40040.64	-2.82164	-30250.06	-40040.64	-2.82164	1.912	0.00
0.00	-30250.29	-40040.71	-2.82201	-30250.29	-40040.71	-2.82201	1.911	0.00
0.00	-30250.51	-40040.78	-2.82243	-30250.51	-40040.78	-2.82243	2.111	0.00
0.00	-30250.74	-40040.85	-2.82282	-30250.74	-40040.85	-2.82282	1.928	0.00
0.00	-30250.96	-40040.92	-2.82318	-30250.96	-40040.92	-2.82318	1.979	0.00
0.00	-30251.20	-40041.00	-2.82355	-30251.20	-40041.00	-2.82355	1.934	0.00
0.00	-30251.47	-40041.09	-2.82387	-30251.47	-40041.09	-2.82387	1.971	0.00
0.00	-30251.72	-40041.17	-2.82422	-30251.72	-40041.17	-2.82422	1.915	0.00
0.00	-30251.93	-40041.23	-2.82461	-30251.93	-40041.23	-2.82461	1.978	0.00
0.00	-30252.13	-40041.30	-2.82505	-30252.13	-40041.30	-2.82505	1.996	0.00
0.00	-30252.35	-40041.37	-2.82556	-30252.35	-40041.37	-2.82556	2.033	0.00
0.00	-30252.57	-40041.44	-2.82606	-30252.57	-40041.44	-2.82606	1.953	0.00
0.00	-30252.79	-40041.51	-2.82646	-30252.79	-40041.51	-2.82646	2.009	0.00
0.00	-30253.01	-40041.58	-2.82681	-30253.01	-40041.58	-2.82681	1.938	0.00
0.00	-30253.24	-40041.65	-2.82718	-30253.24	-40041.65	-2.82718	1.961	0.00
0.00	-30253.47	-40041.72	-2.82757	-30253.47	-40041.72	-2.82757	1.932	0.00
0.00	-30253.69	-40041.79	-2.82802	-30253.69	-40041.79	-2.82802	1.966	0.00
0.00	-30253.91	-40041.86	-2.82844	-30253.91	-40041.86	-2.82844	1.951	0.00
0.00	-30254.13	-40041.93	-2.82880	-30254.13	-40041.93	-2.82880	1.990	0.00
0.00	-30254.35	-40042.00	-2.82913	-30254.35	-40042.00	-2.82913	1.997	0.00
0.00	-30254.59	-40042.08	-2.82945	-30254.59	-40042.08	-2.82945	2.263	0.00
0.00	-30254.81	-40042.15	-2.82974	-30254.81	-40042.15	-2.82974	1.951	0.00
0.00	-30255.04	-40042.22	-2.82990	-30255.04	-40042.22	-2.82990	1.971	0.00
0.00	-30255.27	-40042.29	-2.82995	-30255.27	-40042.29	-2.82995	2.008	0.00
0.00	-30255.47	-40042.36	-2.83001	-30255.47	-40042.36	-2.83001	2.028	0.00
0.00	-30255.74	-40042.44	-2.83025	-30255.74	-40042.44	-2.83025	1.989	0.00
0.00	-30256.00	-40042.53	-2.83059	-30256.00	-40042.53	-2.83059	1.917	0.00
0.00	-30256.25	-40042.61	-2.83098	-30256.25	-40042.61	-2.83098	2.734	0.00
0.00	-30256.45	-40042.67	-2.83135	-30256.45	-40042.67	-2.83135	2.009	0.00
0.00	-30256.65	-40042.73	-2.83166	-30256.65	-40042.73	-2.83166	1.997	0.00
0.00	-30256.86	-40042.80	-2.83199	-30256.86	-40042.80	-2.83199	1.924	0.00
0.00	-30257.07	-40042.87	-2.83232	-30257.07	-40042.87	-2.83232	1.928	0.00
0.00	-30257.29	-40042.94	-2.83252	-30257.29	-40042.94	-2.83252	2.109	0.00
0.00	-30257.50	-40043.00	-2.83264	-30257.50	-40043.00	-2.83264	1.927	0.00
0.00	-30257.73	-40043.08	-2.83276	-30257.73	-40043.08	-2.83276	2.065	0.00
0.00	-30257.96	-40043.15	-2.83291	-30257.96	-40043.15	-2.83291	2.588	0.00
0.00	-30258.19	-40043.22	-2.83308	-30258.19	-40043.22	-2.83308	2.098	0.00
0.00	-30258.42	-40043.30	-2.83317	-30258.42	-40043.30	-2.83317	1.935	0.00
0.00	-30258.64	-40043.37	-2.83316	-30258.64	-40043.37	-2.83316	2.074	0.00
0.00	-30258.86	-40043.44	-2.83297	-30258.86	-40043.44	-2.83297	2.009	0.00
0.00	-30259.08	-40043.51	-2.83270	-30259.08	-40043.51	-2.83270	2.041	0.00
0.00	-30259.30	-40043.58	-2.83249	-30259.30	-40043.58	-2.83249	1.966	0.00
0.00	-30259.52	-40043.65	-2.83226	-30259.52	-40043.65	-2.83226	2.002	0.00
0.00	-30259.80	-40043.74	-2.83220	-30259.80	-40043.74	-2.83220	2.074	0.00
0.00	-30259.93	-40043.79	-2.83199	-30259.93	-40043.79	-2.83199	3.023	0.00
0.00	-30261.40	-40044.26	-2.83134	-30261.40	-40044.26	-2.83134	2.303	0.00
0.00	-30261.40	-40044.26	-2.83134	-30261.40	-40044.26	-2.83134	1.855	0.00
0.00	-30261.56	-40044.31	-2.83124	-30261.56	-40044.31	-2.83124	1.968	0.00
0.00	-30261.72	-40044.36	-2.83122	-30261.72	-40044.36	-2.83122	1.961	0.00
0.00	-30261.72	-40044.36	-2.83122	-30261.72	-40044.36	-2.83122	1.853	0.00
0.00	-30261.54	-40044.30	-2.83114	-30261.54	-40044.30	-2.83114	2.833	0.00
0.00	-30261.54	-40044.30	-2.83114	-30261.54	-40044.30	-2.83114	1.793	0.00
0.00	-30261.54	-40044.30	-2.83114	-30261.54	-40044.30	-2.83114	1.758	0.00
0.00	-30261.69	-40044.35	-2.83112	-30261.69	-40044.35	-2.83112	2.038	0.00
0.00	-30261.94	-40044.43	-2.83047	-30261.94	-40044.43	-2.83047	2.027	0.00
0.00	-30262.20	-40044.52	-2.83020	-30262.20	-40044.52	-2.83020	1.937	0.00
0.00	-30262.48	-40044.61	-2.82948	-30262.48	-40044.61	-2.82948	1.989	0.00
0.00	-30262.74	-40044.70	-2.82905	-30262.74	-40044.70	-2.82905	2.067	0.00
0.00	-30262.99	-40044.78	-2.82832	-30262.99	-40044.78	-2.82832	1.999	0.00
0.00	-30263.24	-40044.86	-2.82825	-30263.24	-40044.86	-2.82825	1.998	0.00
0.00	-30263.41	-40044.92	-2.82771	-30263.41	-40044.92	-2.82771	2.020	0.00
0.00	-30263.65	-40045.00	-2.82757	-30263.65	-40045.00	-2.82757	2.052	0.00
0.00	-30263.85	-40045.07	-2.82717	-30263.85	-40045.07	-2.82717	1.929	0.00
0.00	-30264.08	-40045.15	-2.82703	-30264.08	-40045.15	-2.82703	1.907	0.00
0.00	-30264.28	-40045.21	-2.82676	-30264.28	-40045.21	-2.82676	2.906	0.00
0.00	-30264.57	-40045.31	-2.82677	-30264.57	-40045.31	-2.82677	2.080	0.00
0.00	-30264.77	-40045.37	-2.82666	-30264.77	-40045.37	-2.82666	2.090	0.00
0.00	-30265.04	-40045.46	-2.82652	-30265.04	-40045.46	-2.82652	2.164	0.00
0.00	-30265.18	-40045.51	-2.82623	-30265.18	-40045.51	-2.82623	1.981	0.00
0.00	-30265.44	-40045.59	-2.82598	-30265.44	-40045.59	-2.82598	1.976	0.00
0.00	-30265.78	-40045.70	-2.82558	-30265.78	-40045.70	-2.82558	2.033	0.00
0.00	-30265.83	-40045.72	-2.82552	-30265.83	-40045.72	-2.82552	2.029	0.00
0.00	-30266.03	-40045.79	-2.82545	-30266.03	-40045.79	-2.82545	2.064	0.00
0.00	-30266.25	-40045.86	-2.82550	-30266.25	-40045.86	-2.82550	2.221	0.00
0.00	-30266.44	-40045.92	-2.82558	-30266.44	-40045.92	-2.82558	1.951	0.00
0.00	-30266.65	-40045.99	-2.82550	-30266.65	-40045.99	-2.82550	1.962	0.00
0.00	-30266.85	-40046.05	-2.82543	-30266.85	-40046.05	-2.82543	2.052	0.00
0.00	-30267.06	-40046.12	-2.82528	-30267.06	-40046.12	-2.82528	2.010	0.00
0.00	-30267.26	-40046.18	-2.82523	-30267.26	-40046.18	-2.82523	1.947	0.00
0.00	-30267.47	-40046.26	-2.82507	-30267.47	-40046.26	-2.82507	1.914	0.00
0.00	-30267.69	-40046.32	-2.82527	-30267.69	-40046.32	-2.82527	2.056	0.00
0.00	-30267.91	-40046.40	-2.82531	-30267.91	-40046.40	-2.82531	2.347	0.00
0.00	-30268.10	-40046.46	-2.82565	-30268.10	-40046.46	-2.82565	2.036	0.00
0.00	-30268.33	-40046.53	-2.82590	-30268.33	-40046.53	-2.82590	2.024	0.00
0.00	-30268.54	-40046.59	-2.82638	-30268.54	-40046.59	-2.82638	2.035	0.00
0.00	-30268.82	-40046.69	-2.82642	-30268.82	-40046.69	-2.82642	2.218	0.00
0.00	-30268.98	-40046.74	-2.82670	-30268.98	-40046.74	-2.82670	1.951	0.00
0.00	-30269.26	-40046.83	-2.82668	-30269.26	-40046.83	-2.82668	2.078	0.00
0.00	-30269.41	-40046.87	-2.82682	-30269.41	-40046.87	-2.82682	2.113	0.00
0.00	-30269.67	-40046.96	-2.82683	-30269.67	-40046.96	-2.82683	2.057	0.00
0.00	-30269.81	-40047.00	-2.82710	-30269.81	-40047.00	-2.82710	2.039	0.00
0.00	-30270.06	-40047.08	-2.82724	-30270.06	-40047.08	-2.82724	2.057	0.00
0.00	-30270.19	-40047.12	-2.82777	-30270.19	-40047.12	-2.82777	2.010	0.00
0.00	-30270.45	-40047.20	-2.82803	-30270.45	-40047.20	-2.82803	1.969	0.00
0.00	-30270.64	-40047.26	-2.82835	-30270.64	-40047.26	-2.82835	2.008	0.00
0.00	-30270.85	-40047.33	-2.82851	-30270.85	-40047.33	-2.82851	2.033	0.00
0.00	-30271.05	-40047.39	-2.82880	-30271.05	-40047.39	-2.82880	2.009	0.00
0.00	-30271.25	-40047.46	-2.82878	-30271.25	-40047.46	-2.82878	1.986	0.00
0.00	-30271.44	-40047.52	-2.82898	-30271.44	-40047.52	-2.82898	2.034	0.00
0.00	-30271.66	-40047.59	-2.82904	-30271.66	-40047.59	-2.82904	2.046	0.00
0.00	-30271.86	-40047.65	-2.82927	-30271.86	-40047.65	-2.82927	2.077	0.00
0.00	-30272.07	-40047.72	-2.82942	-30272.07	-40047.72	-2.82942	1.925	0.00
0.00	-30272.29	-40047.79	-2.82963	-30272.29	-40047.79	-2.82963	2.069	0.00
0.00	-30272.50	-40047.86	-2.82978	-30272.50	-40047.86	-2.82978	2.093	0.00
0.00	-30272.73	-40047.93	-2.83006	-30272.73	-40047.93	-2.83006	2.068	0.00
0.00	-30273.00	-40048.02	-2.83022	-30273.00	-40048.02	-2.83022	1.968	0.00
0.00	-30273.24	-40048.10	-2.83030	-30273.24	-40048.10	-2.83030	1.973	0.00
0.00	-30273.47	-40048.17	-2.83031	-30273.47	-40048.17	-2.83031	2.067	0.00
0.00	-30273.59	-40048.21	-2.83027	-30273.59	-40048.21	-2.83027	1.927	0.00
0.00	-30273.81	-40048.28	-2.83029	-30273.81	-40048.28	-2.83029	1.952	0.00
0.00	-30274.00	-40048.34	-2.83025	-30274.00	-40048.34	-2.83025	1.897	0.00
0.00	-30274.26	-40048.43	-2.83014	-30274.26	-40048.43	-2.83014	2.077	0.00
0.00	-30274.42	-40048.48	-2.82994	-30274.42	-40048.48	-2.82994	2.008	0.00
0.00	-30274.68	-40048.56	-2.82986	-30274.68	-40048.56	-2.82986	2.123	0.00
0.00	-30274.84	-40048.61	-2.82961	-30274.84	-40048.61	-2.82961	2.960	0.00
0.00	-30275.11	-40048.70	-2.82943	-30275.11	-40048.70	-2.82943	2.056	0.00
0.00	-30275.48	-40048.83	-2.82882	-30275.48	-40048.83	-2.82882	2.003	0.00
0.00	-30275.53	-40048.84	-2.82867	-30275.53	-40048.84	-2.82867	2.100	0.00
0.00	-30275.74	-40048.91	-2.82825	-30275.74	-40048.91	-2.82825	2.125	0.00
0.00	-30275.95	-40048.98	-2.82815	-30275.95	-40048.98	-2.82815	2.141	0.00
0.00	-30276.15	-40049.05	-2.82804	-30276.15	-40049.05	-2.82804	2.187	0.00
0.00	-30276.37	-40049.12	-2.82814	-30276.37	-40049.12	-2.82814	1.985	0.00
0.00	-30276.59	-40049.19	-2.82808	-30276.59	-40049.19	-2.82808	2.070	0.00
0.00	-30276.81	-40049.26	-2.82808	-30276.81	-40049.26	-2.82808	1.985	0.00
0.00	-30277.06	-40049.34	-2.82792	-30277.06	-40049.34	-2.82792	1.997	0.00
0.00	-30277.28	-40049.41	-2.82785	-30277.28	-40049.41	-2.82785	1.975	0.00
0.00	-30277.55	-40049.50	-2.82756	-30277.55	-40049.50	-2.82756	2.150	0.00
0.00	-30277.77	-40049.57	-2.82740	-30277.77	-40049.57	-2.82740	2.044	0.00
0.00	-30277.96	-40049.64	-2.82725	-30277.96	-40049.64	-2.82725	2.090	0.00
0.00	-30278.23	-40049.73	-2.82723	-30278.23	-40049.73	-2.82723	2.073	0.00
0.00	-30278.34	-40049.76	-2.82720	-30278.34	-40049.76	-2.82720	2.004	0.00
0.00	-30278.57	-40049.84	-2.82722	-30278.57	-40049.84	-2.82722	1.946	0.00
0.00	-30278.80	-40049.91	-2.82713	-30278.80	-40049.91	-2.82713	1.994	0.00
0.00	-30279.03	-40049.98	-2.82692	-30279.03	-40049.98	-2.82692	1.924	0.00
0.00	-30279.25	-40050.06	-2.82674	-30279.25	-40050.06	-2.82674	2.075	0.00
0.00	-30279.52	-40050.14	-2.82664	-30279.52	-40050.14	-2.82664	2.147	0.00
0.00	-30279.68	-40050.20	-2.82660	-30279.68	-40050.20	-2.82660	2.018	0.00
0.00	-30279.96	-40050.29	-2.82655	-30279.96	-40050.29	-2.82655	1.959	0.00
0.00	-30280.13	-40050.34	-2.82656	-30280.13	-40050.34	-2.82656	2.047	0.00
0.00	-30280.41	-40050.43	-2.82661	-30280.41	-40050.43	-2.82661	2.151	0.00
0.00	-30280.62	-40050.50	-2.82666	-30280.62	-40050.50	-2.82666	2.076	0.00
0.00	-30280.85	-40050.58	-2.82666	-30280.85	-40050.58	-2.82666	2.356	0.00
0.00	-30281.06	-40050.64	-2.82657	-30281.06	-40050.64	-2.82657	2.138	0.00
0.00	-30281.28	-40050.72	-2.82643	-30281.28	-40050.72	-2.82643	2.150	0.00
0.00	-30281.55	-40050.81	-2.82640	-30281.55	-40050.81	-2.82640	2.301	0.00
0.00	-30281.82	-40050.89	-2.82651	-30281.82	-40050.89	-2.82651	2.731	0.00
0.00	-30282.07	-40050.97	-2.82672	-30282.07	-40050.97	-2.82672	2.396	0.00
0.00	-30282.28	-40051.04	-2.82690	-30282.28	-40051.04	-2.82690	2.295	0.00
0.00	-30282.46	-40051.10	-2.82696	-30282.46	-40051.10	-2.82696	2.382	0.00
0.00	-30282.69	-40051.18	-2.82689	-30282.69	-40051.18	-2.82689	2.363	0.00
0.00	-30282.90	-40051.25	-2.82669	-30282.90	-40051.25	-2.82669	2.415	0.00
0.00	-30283.16	-40051.33	-2.82649	-30283.16	-40051.33	-2.82649	2.408	0.00
0.00	-30283.33	-40051.39	-2.82617	-30283.33	-40051.39	-2.82617	2.350	0.00
0.00	-30283.59	-40051.47	-2.82596	-30283.59	-40051.47	-2.82596	2.498	0.00
0.00	-30283.84	-40051.55	-2.82572	-30283.84	-40051.55	-2.82572	3.455	0.00
0.00	-30284.10	-40051.64	-2.82567	-30284.10	-40051.64	-2.82567	2.694	0.00
0.00	-30284.32	-40051.72	-2.82558	-30284.32	-40051.72	-2.82558	4.043	0.00
0.00	-30284.57	-40051.80	-2.82562	-30284.57	-40051.80	-2.82562	2.767	0.00
0.00	-30284.80	-40051.87	-2.82551	-30284.80	-40051.87	-2.82551	2.760	0.00
0.00	-30285.09	-40051.97	-2.82543	-30285.09	-40051.97	-2.82543	2.829	0.00
0.00	-30285.25	-40052.02	-2.82514	-30285.25	-40052.02	-2.82514	2.825	0.00
0.00	-30285.55	-40052.12	-2.82488	-30285.55	-40052.12	-2.82488	2.952	0.00
0.00	-30285.94	-40052.25	-2.82433	-30285.94	-40052.25	-2.82433	2.594	0.00
0.00	-30285.98	-40052.26	-2.82423	-30285.98	-40052.26	-2.82423	2.859	0.00
0.00	-30286.19	-40052.33	-2.82405	-30286.19	-40052.33	-2.82405	3.031	0.00
0.00	-30286.51	-40052.44	-2.82402	-30286.51	-40052.44	-2.82402	2.947	0.00
0.00	-30286.74	-40052.51	-2.82401	-30286.74	-40052.51	-2.82401	2.765	0.00
0.00	-30286.98	-40052.59	-2.82414	-30286.98	-40052.59	-2.82414	3.166	0.00
0.00	-30287.18	-40052.66	-2.82426	-30287.18	-40052.66	-2.82426	2.725	0.00
0.00	-30287.43	-40052.74	-2.82434	-30287.43	-40052.74	-2.82434	3.068	0.00
0.00	-30287.64	-40052.81	-2.82440	-30287.64	-40052.81	-2.82440	3.342	0.00
0.00	-30287.89	-40052.89	-2.82440	-30287.89	-40052.89	-2.82440	3.154	0.00
0.00	-30288.12	-40052.97	-2.82445	-30288.12	-40052.97	-2.82445	3.197	0.00
0.00	-30288.40	-40053.06	-2.82446	-30288.40	-40053.06	-2.82446	2.790	0.00
0.00	-30288.56	-40053.11	-2.82466	-30288.56	-40053.11	-2.82466	3.300	0.00
0.00	-30288.82	-40053.20	-2.82481	-30288.82	-40053.20	-2.82481	3.293	0.00
0.00	-30289.06	-40053.27	-2.82507	-30289.06	-40053.27	-2.82507	3.370	0.00
0.00	-30289.32	-40053.36	-2.82525	-30289.32	-40053.36	-2.82525	3.330	0.00
0.00	-30289.55	-40053.43	-2.82559	-30289.55	-40053.43	-2.82559	3.552	0.00
0.00	-30289.81	-40053.51	-2.82580	-30289.81	-40053.51	-2.82580	3.560	0.00
0.00	-30290.04	-40053.59	-2.82606	-30290.04	-40053.59	-2.82606	3.585	0.00
0.00	-30290.34	-40053.69	-2.82618	-30290.34	-40053.69	-2.82618	2.877	0.00
0.00	-30290.51	-40053.74	-2.82648	-30290.51	-40053.74	-2.82648	3.565	0.00
0.00	-30290.80	-40053.83	-2.82674	-30290.80	-40053.83	-2.82674	3.608	0.00
0.00	-30290.99	-40053.90	-2.82701	-30290.99	-40053.90	-2.82701	3.619	0.00
0.00	-30291.31	-40054.00	-2.82715	-30291.31	-40054.00	-2.82715	3.685	0.00
0.00	-30291.71	-40054.13	-2.82738	-30291.71	-40054.13	-2.82738	3.829	0.00
0.00	-30291.78	-40054.15	-2.82739	-30291.78	-40054.15	-2.82739	3.658	0.00
0.00	-30292.01	-40054.22	-2.82746	-30292.01	-40054.22	-2.82746	3.300	0.00
0.00	-30292.26	-40054.31	-2.82754	-30292.26	-40054.31	-2.82754	3.777	0.00
0.00	-30292.49	-40054.38	-2.82778	-30292.49	-40054.38	-2.82778	3.294	0.00
0.00	-30292.75	-40054.46	-2.82805	-30292.75	-40054.46	-2.82805	3.971	0.00
0.00	-30292.99	-40054.54	-2.82838	-30292.99	-40054.54	-2.82838	4.063	0.00
0.00	-30293.24	-40054.62	-2.82854	-30293.24	-40054.62	-2.82854	4.032	0.00
0.00	-30293.48	-40054.70	-2.82840	-30293.48	-40054.70	-2.82840	3.806	0.00
0.00	-30293.74	-40054.79	-2.82803	-30293.74	-40054.79	-2.82803	4.125	0.00
0.00	-30293.99	-40054.87	-2.82758	-30293.99	-40054.87	-2.82758	4.106	0.00
0.00	-30294.50	-40055.03	-2.82729	-30294.50	-40055.03	-2.82729	4.375	0.00
0.00	-30294.42	-40055.01	-2.82725	-30294.42	-40055.01	-2.82725	4.534	0.00
0.00	-30294.69	-40055.09	-2.82714	-30294.69	-40055.09	-2.82714	4.636	0.00
0.00	-30294.94	-40055.18	-2.82696	-30294.94	-40055.18	-2.82696	4.289	0.00
0.00	-30295.23	-40055.27	-2.82685	-30295.23	-40055.27	-2.82685	4.396	0.00
0.00	-30295.47	-40055.35	-2.82666	-30295.47	-40055.35	-2.82666	4.180	0.00
0.00	-30295.83	-40055.47	-2.82649	-30295.83	-40055.47	-2.82649	4.530	0.00
0.00	-30296.05	-40055.54	-2.82623	-30296.05	-40055.54	-2.82623	5.471	0.00
0.00	-30296.40	-40055.65	-2.82590	-30296.40	-40055.65	-2.82590	5.110	0.00
0.00	-30296.57	-40055.71	-2.82553	-30296.57	-40055.71	-2.82553	4.322	0.00
0.00	-30296.88	-40055.81	-2.82530	-30296.88	-40055.81	-2.82530	3.245	0.00
0.00	-30297.02	-40055.86	-2.82506	-30297.02	-40055.86	-2.82506	4.468	0.00
0.00	-30297.32	-40055.96	-2.82476	-30297.32	-40055.96	-2.82476	4.410	0.00
0.00	-30297.54	-40056.03	-2.82439	-30297.54	-40056.03	-2.82439	3.229	0.00
0.00	-30297.78	-40056.11	-2.82400	-30297.78	-40056.11	-2.82400	4.689	0.00
0.00	-30298.00	-40056.18	-2.82369	-30298.00	-40056.18	-2.82369	3.466	0.00
0.00	-30298.25	-40056.26	-2.82346	-30298.25	-40056.26	-2.82346	4.944	0.00
0.00	-30298.49	-40056.34	-2.82337	-30298.49	-40056.34	-2.82337	4.843	0.00
0.00	-30298.75	-40056.42	-2.82323	-30298.75	-40056.42	-2.82323	4.750	0.00
0.00	-30298.98	-40056.50	-2.82325	-30298.98	-40056.50	-2.82325	4.893	0.00
0.00	-30299.23	-40056.58	-2.82310	-30299.23	-40056.58	-2.82310	4.800	0.00
0.00	-30299.46	-40056.66	-2.82307	-30299.46	-40056.66	-2.82307	4.747	0.00
0.00	-30299.72	-40056.74	-2.82280	-30299.72	-40056.74	-2.82280	4.960	0.00
0.00	-30299.98	-40056.83	-2.82265	-30299.98	-40056.83	-2.82265	5.028	0.00
0.00	-30300.25	-40056.91	-2.82237	-30300.25	-40056.91	-2.82237	4.813	0.00
0.00	-30300.48	-40056.99	-2.82230	-30300.48	-40056.99	-2.82230	4.885	0.00
0.00	-30300.77	-40057.08	-2.82230	-30300.77	-40057.08	-2.82230	4.172	0.00
0.00	-30301.05	-40057.18	-2.82256	-30301.05	-40057.18	-2.82256	5.138	0.00
0.00	-30301.34	-40057.27	-2.82263	-30301.34	-40057.27	-2.82263	5.461	0.00
0.00	-30301.57	-40057.34	-2.82285	-30301.57	-40057.34	-2.82285	5.452	0.00
0.00	-30301.85	-40057.43	-2.82299	-30301.85	-40057.43	-2.82299	4.407	0.00
0.00	-30302.00	-40057.48	-2.82319	-30302.00	-40057.48	-2.82319	5.473	0.00
0.00	-30302.30	-40057.58	-2.82322	-30302.30	-40057.58	-2.82322	4.577	0.00
0.00	-30302.46	-40057.63	-2.82343	-30302.46	-40057.63	-2.82343	5.552	0.00
0.00	-30302.71	-40057.71	-2.82355	-30302.71	-40057.71	-2.82355	5.349	0.00
0.00	-30303.00	-40057.80	-2.82373	-30303.00	-40057.80	-2.82373	5.345	0.00
0.00	-30303.23	-40057.88	-2.82389	-30303.23	-40057.88	-2.82389	3.708	0.00
0.00	-30303.47	-40057.96	-2.82417	-30303.47	-40057.96	-2.82417	4.713	0.00
0.00	-30303.71	-40058.04	-2.82430	-30303.71	-40058.04	-2.82430	6.044	0.00
0.00	-30303.94	-40058.11	-2.82454	-30303.94	-40058.11	-2.82454	5.596	0.00
0.00	-30304.18	-40058.19	-2.82468	-30304.18	-40058.19	-2.82468	6.407	0.00
0.00	-30304.41	-40058.26	-2.82487	-30304.41	-40058.26	-2.82487	6.477	0.00
0.00	-30304.66	-40058.35	-2.82499	-30304.66	-40058.35	-2.82499	6.209	0.00
0.00	-30304.90	-40058.42	-2.82527	-30304.90	-40058.42	-2.82527	5.981	0.00
0.00	-30305.15	-40058.50	-2.82547	-30305.15	-40058.50	-2.82547	6.428	0.00
0.00	-30305.36	-40058.57	-2.82564	-30305.36	-40058.57	-2.82564	6.327	0.00
0.00	-30305.64	-40058.66	-2.82567	-30305.64	-40058.66	-2.82567	6.365	0.00
0.00	-30305.85	-40058.73	-2.82581	-30305.85	-40058.73	-2.82581	6.310	0.00
0.00	-30306.10	-40058.81	-2.82589	-30306.10	-40058.81	-2.82589	6.576	0.00
0.00	-30306.35	-40058.89	-2.82608	-30306.35	-40058.89	-2.82608	6.153	0.00
0.00	-30306.60	-40058.97	-2.82614	-30306.60	-40058.97	-2.82614	6.828	0.00
0.00	-30306.83	-40059.05	-2.82607	-30306.83	-40059.05	-2.82607	6.384	0.00
0.00	-30307.08	-40059.13	-2.82593	-30307.08	-40059.13	-2.82593	6.575	0.00
0.00	-30307.32	-40059.21	-2.82578	-30307.32	-40059.21	-2.82578	6.665	0.00
0.00	-30307.61	-40059.31	-2.82566	-30307.61	-40059.31	-2.82566	7.078	0.00
0.00	-30307.79	-40059.36	-2.82558	-30307.79	-40059.36	-2.82558	7.269	0.00
0.00	-30308.09	-40059.46	-2.82558	-30308.09	-40059.46	-2.82558	7.071	0.00
0.00	-30308.31	-40059.54	-2.82557	-30308.31	-40059.54	-2.82557	7.490	0.00
0.00	-30308.54	-40059.61	-2.82555	-30308.54	-40059.61	-2.82555	7.024	0.00
0.00	-30308.77	-40059.69	-2.82551	-30308.77	-40059.69	-2.82551	7.219	0.00
0.00	-30309.01	-40059.76	-2.82553	-30309.01	-40059.76	-2.82553	7.597	0.00
0.00	-30309.25	-40059.84	-2.82561	-30309.25	-40059.84	-2.82561	7.277	0.00
0.00	-30309.49	-40059.92	-2.82568	-30309.49	-40059.92	-2.82568	7.794	0.00
0.00	-30309.72	-40060.00	-2.82571	-30309.72	-40060.00	-2.82571	7.819	0.00
0.00	-30309.96	-40060.07	-2.82569	-30309.96	-40060.07	-2.82569	7.795	0.00
0.00	-30310.16	-40060.14	-2.82567	-30310.16	-40060.14	-2.82567	7.652	0.00
0.00	-30310.46	-40060.24	-2.82573	-30310.46	-40060.24	-2.82573	7.585	0.00
0.00	-30310.70	-40060.32	-2.82594	-30310.70	-40060.32	-2.82594	21.169	0.00
0.00	-30310.96	-40060.40	-2.82645	-30310.96	-40060.40	-2.82645	8.016	0.00
0.00	-30311.21	-40060.48	-2.82698	-30311.21	-40060.48	-2.82698	8.209	0.00
0.00	-30311.45	-40060.56	-2.82767	-30311.45	-40060.56	-2.82767	8.359	0.00
0.00	-30311.67	-40060.63	-2.82826	-30311.67	-40060.63	-2.82826	8.274	0.00
0.00	-30311.91	-40060.71	-2.82873	-30311.91	-40060.71	-2.82873	8.403	0.00
0.00	-30312.13	-40060.78	-2.82906	-30312.13	-40060.78	-2.82906	8.558	0.00
0.00	-30312.40	-40060.87	-2.82939	-30312.40	-40060.87	-2.82939	8.138	0.00
0.00	-30312.64	-40060.95	-2.82966	-30312.64	-40060.95	-2.82966	10.909	0.00
0.00	-30312.95	-40061.05	-2.83007	-30312.95	-40061.05	-2.83007	8.190	0.00
0.00	-30313.12	-40061.11	-2.83035	-30313.12	-40061.11	-2.83035	8.621	0.00
0.00	-30313.43	-40061.21	-2.83066	-30313.43	-40061.21	-2.83066	8.344	0.00
0.00	-30313.60	-40061.26	-2.83083	-30313.60	-40061.26	-2.83083	8.632	0.00
0.00	-30313.91	-40061.36	-2.83104	-30313.91	-40061.36	-2.83104	9.080	0.00
0.00	-30314.13	-40061.43	-2.83105	-30314.13	-40061.43	-2.83105	9.085	0.00
0.00	-30314.37	-40061.51	-2.83119	-30314.37	-40061.51	-2.83119	9.039	0.00
0.00	-30314.60	-40061.59	-2.83128	-30314.60	-40061.59	-2.83128	8.935	0.00
0.00	-30314.85	-40061.67	-2.83154	-30314.85	-40061.67	-2.83154	8.897	0.00
0.00	-30315.04	-40061.73	-2.83152	-30315.04	-40061.73	-2.83152	8.880	0.00
0.00	-30315.32	-40061.82	-2.83146	-30315.32	-40061.82	-2.83146	8.484	0.00
0.00	-30315.60	-40061.91	-2.83122	-30315.60	-40061.91	-2.83122	9.683	0.00
0.00	-30315.85	-40061.99	-2.83091	-30315.85	-40061.99	-2.83091	9.296	0.00
0.00	-30316.08	-40062.07	-2.83059	-30316.08	-40062.07	-2.83059	9.448	0.00
0.00	-30316.31	-40062.14	-2.83048	-30316.31	-40062.14	-2.83048	9.736	0.00
0.00	-30316.53	-40062.22	-2.83025	-30316.53	-40062.22	-2.83025	9.325	0.00
0.00	-30316.77	-40062.29	-2.83001	-30316.77	-40062.29	-2.83001	9.621	0.00
0.00	-30317.01	-40062.37	-2.82984	-30317.01	-40062.37	-2.82984	9.468	0.00
0.00	-30317.25	-40062.45	-2.82961	-30317.25	-40062.45	-2.82961	9.457	0.00
0.00	-30317.49	-40062.53	-2.82933	-30317.49	-40062.53	-2.82933	10.371	0.00
0.00	-30317.74	-40062.61	-2.82911	-30317.74	-40062.61	-2.82911	9.346	0.00
0.00	-30317.97	-40062.69	-2.82889	-30317.97	-40062.69	-2.82889	9.569	0.00
0.00	-30318.20	-40062.76	-2.82872	-30318.20	-40062.76	-2.82872	9.911	0.00
0.00	-30318.44	-40062.84	-2.82844	-30318.44	-40062.84	-2.82844	9.940	0.00
0.00	-30318.68	-40062.92	-2.82819	-30318.68	-40062.92	-2.82819	9.906	0.00
0.00	-30318.92	-40063.00	-2.82807	-30318.92	-40063.00	-2.82807	10.565	0.00
0.00	-30319.16	-40063.07	-2.82803	-30319.16	-40063.07	-2.82803	10.183	0.00
0.00	-30319.45	-40063.17	-2.82799	-30319.45	-40063.17	-2.82799	10.538	0.00
0.00	-30319.74	-40063.26	-2.82788	-30319.74	-40063.26	-2.82788	9.756	0.00
0.00	-30319.88	-40063.31	-2.82774	-30319.88	-40063.31	-2.82774	10.531	0.00
0.00	-30320.15	-40063.40	-2.82761	-30320.15	-40063.40	-2.82761	9.785	0.00
0.00	-30320.44	-40063.49	-2.82762	-30320.44	-40063.49	-2.82762	10.691	0.00
0.00	-30320.63	-40063.55	-2.82776	-30320.63	-40063.55	-2.82776	10.491	0.00
0.00	-30320.92	-40063.64	-2.82799	-30320.92	-40063.64	-2.82799	10.487	0.00
0.00	-30321.14	-40063.72	-2.82824	-30321.14	-40063.72	-2.82824	10.575	0.00
0.00	-30321.37	-40063.79	-2.82851	-30321.37	-40063.79	-2.82851	10.398	0.00
0.00	-30321.79	-40063.93	-2.82876	-30321.79	-40063.93	-2.82876	20.162	0.00
0.00	-30321.79	-40063.92	-2.82886	-30321.79	-40063.92	-2.82886	10.898	0.00
0.00	-30322.04	-40064.00	-2.82908	-30322.04	-40064.00	-2.82908	10.795	0.00
0.00	-30322.29	-40064.09	-2.82926	-30322.29	-40064.09	-2.82926	11.748	0.00
0.00	-30322.55	-40064.17	-2.82931	-30322.55	-40064.17	-2.82931	10.866	0.00
0.00	-30322.80	-40064.25	-2.82932	-30322.80	-40064.25	-2.82932	11.202	0.00
0.00	-30323.05	-40064.33	-2.82937	-30323.05	-40064.33	-2.82937	11.265	0.00
0.00	-30323.28	-40064.40	-2.82962	-30323.28	-40064.40	-2.82962	11.814	0.00
0.00	-30323.52	-40064.48	-2.82998	-30323.52	-40064.48	-2.82998	12.676	0.00
0.00	-30323.75	-40064.55	-2.83037	-30323.75	-40064.55	-2.83037	11.893	0.00
0.00	-30323.99	-40064.63	-2.83073	-30323.99	-40064.63	-2.83073	11.571	0.00
0.00	-30324.22	-40064.70	-2.83102	-30324.22	-40064.70	-2.83102	11.851	0.00
0.00	-30324.46	-40064.78	-2.83122	-30324.46	-40064.78	-2.83122	11.743	0.00
0.00	-30324.70	-40064.85	-2.83134	-30324.70	-40064.85	-2.83134	11.717	0.00
0.00	-30324.98	-40064.94	-2.83135	-30324.98	-40064.94	-2.83135	12.672	0.00
0.00	-30325.31	-40065.05	-2.83136	-30325.31	-40065.05	-2.83136	12.028	0.00
0.00	-30325.53	-40065.12	-2.83165	-30325.53	-40065.12	-2.83165	11.584	0.00
0.00	-30325.74	-40065.19	-2.83216	-30325.74	-40065.19	-2.83216	12.076	0.00
0.00	-30325.96	-40065.25	-2.83260	-30325.96	-40065.25	-2.83260	12.066	0.00
0.00	-30326.18	-40065.33	-2.83286	-30326.18	-40065.33	-2.83286	11.792	0.00
0.00	-30326.41	-40065.40	-2.83300	-30326.41	-40065.40	-2.83300	12.045	0.00
0.00	-30326.65	-40065.47	-2.83309	-30326.65	-40065.47	-2.83309	11.659	0.00
0.00	-30326.88	-40065.55	-2.83315	-30326.88	-40065.55	-2.83315	12.280	0.00
0.00	-30327.12	-40065.63	-2.83323	-30327.12	-40065.63	-2.83323	12.027	0.00
0.00	-30327.36	-40065.70	-2.83331	-30327.36	-40065.70	-2.83331	11.765	0.00
0.00	-30327.60	-40065.78	-2.83339	-30327.60	-40065.78	-2.83339	13.110	0.00
0.00	-30327.83	-40065.85	-2.83342	-30327.83	-40065.85	-2.83342	12.610	0.00
0.00	-30328.08	-40065.93	-2.83332	-30328.08	-40065.93	-2.83332	12.565	0.00
0.00	-30328.32	-40066.01	-2.83316	-30328.32	-40066.01	-2.83316	12.357	0.00
0.00	-30328.56	-40066.08	-2.83301	-30328.56	-40066.08	-2.83301	12.572	0.00
0.00	-30328.81	-40066.16	-2.83292	-30328.81	-40066.16	-2.83292	13.000	0.00
0.00	-30329.05	-40066.24	-2.83290	-30329.05	-40066.24	-2.83290	13.070	0.00
0.00	-30329.28	-40066.31	-2.83297	-30329.28	-40066.31	-2.83297	13.304	0.00
0.00	-30329.54	-40066.40	-2.83304	-30329.54	-40066.40	-2.83304	13.316	0.00
0.00	-30329.82	-40066.48	-2.83310	-30329.82	-40066.48	-2.83310	13.208	0.00
0.00	-30330.08	-40066.57	-2.83309	-30330.08	-40066.57	-2.83309	12.994	0.00
0.00	-30330.31	-40066.64	-2.83302	-30330.31	-40066.64	-2.83302	13.619	0.00
0.00	-30330.51	-40066.71	-2.83294	-30330.51	-40066.71	-2.83294	13.472	0.00
0.00	-30330.78	-40066.79	-2.83293	-30330.78	-40066.79	-2.83293	13.484	0.00
0.00	-30331.03	-40066.87	-2.83306	-30331.03	-40066.87	-2.83306	13.329	0.00
0.00	-30331.19	-40066.92	-2.83318	-30331.19	-40066.92	-2.83318	14.872	0.00
0.00	-30331.42	-40067.00	-2.83326	-30331.42	-40067.00	-2.83326	14.229	0.00
0.00	-30331.64	-40067.07	-2.83318	-30331.64	-40067.07	-2.83318	13.162	0.00
0.00	-30331.87	-40067.14	-2.83297	-30331.87	-40067.14	-2.83297	13.361	0.00
0.00	-30332.11	-40067.22	-2.83273	-30332.11	-40067.22	-2.83273	13.619	0.00
0.00	-30332.35	-40067.29	-2.83262	-30332.35	-40067.29	-2.83262	13.791	0.00
0.00	-30332.59	-40067.37	-2.83265	-30332.59	-40067.37	-2.83265	14.398	0.00
0.00	-30332.82	-40067.44	-2.83269	-30332.82	-40067.44	-2.83269	14.593	0.00
0.00	-30333.05	-40067.52	-2.83273	-30333.05	-40067.52	-2.83273	13.990	0.00
0.00	-30333.28	-40067.59	-2.83280	-30333.28	-40067.59	-2.83280	13.945	0.00
0.00	-30333.51	-40067.66	-2.83292	-30333.51	-40067.66	-2.83292	15.681	0.00
0.00	-30333.75	-40067.74	-2.83302	-30333.75	-40067.74	-2.83302	14.067	0.00
0.00	-30333.98	-40067.81	-2.83306	-30333.98	-40067.81	-2.83306	14.472	0.00
0.00	-30334.27	-40067.90	-2.83308	-30334.27	-40067.90	-2.83308	14.942	0.00
0.00	-30334.55	-40067.99	-2.83314	-30334.55	-40067.99	-2.83314	14.815	0.00
0.00	-30334.82	-40068.08	-2.83317	-30334.82	-40068.08	-2.83317	14.682	0.00
0.00	-30335.03	-40068.14	-2.83320	-30335.03	-40068.14	-2.83320	16.221	0.00
0.00	-30335.23	-40068.21	-2.83323	-30335.23	-40068.21	-2.83323	15.164	0.00
0.00	-30335.45	-40068.28	-2.83318	-30335.45	-40068.28	-2.83318	15.211	0.00
0.00	-30335.71	-40068.36	-2.83315	-30335.71	-40068.36	-2.83315	14.369	0.00
0.00	-30335.87	-40068.41	-2.83321	-30335.87	-40068.41	-2.83321	15.283	0.00
0.00	-30336.15	-40068.50	-2.83334	-30336.15	-40068.50	-2.83334	14.868	0.00
0.00	-30336.43	-40068.59	-2.83348	-30336.43	-40068.59	-2.83348	15.959	0.00
0.00	-30336.57	-40068.63	-2.83353	-30336.57	-40068.63	-2.83353	15.037	0.00
0.00	-30336.79	-40068.71	-2.83349	-30336.79	-40068.71	-2.83349	16.318	0.00
0.00	-30337.04	-40068.79	-2.83348	-30337.04	-40068.79	-2.83348	15.300	0.00
0.00	-30337.28	-40068.86	-2.83354	-30337.28	-40068.86	-2.83354	15.447	0.00
0.00	-30337.51	-40068.94	-2.83368	-30337.51	-40068.94	-2.83368	16.036	0.00
0.00	-30337.74	-40069.01	-2.83379	-30337.74	-40069.01	-2.83379	15.868	0.00
0.00	-30337.97	-40069.08	-2.83375	-30337.97	-40069.08	-2.83375	15.948	0.00
0.00	-30338.21	-40069.16	-2.83367	-30338.21	-40069.16	-2.83367	16.075	0.00
0.00	-30338.45	-40069.23	-2.83359	-30338.45	-40069.23	-2.83359	16.130	0.00
0.00	-30338.69	-40069.31	-2.83358	-30338.69	-40069.31	-2.83358	15.954	0.00
0.00	-30338.97	-40069.40	-2.83364	-30338.97	-40069.40	-2.83364	16.894	0.00
0.00	-30339.28	-40069.50	-2.83382	-30339.28	-40069.50	-2.83382	15.986	0.00
0.00	-30339.54	-40069.58	-2.83396	-30339.54	-40069.58	-2.83396	16.854	0.00
0.00	-30339.76	-40069.65	-2.83416	-30339.76	-40069.65	-2.83416	16.084	0.00
0.00	-30339.97	-40069.71	-2.83436	-30339.97	-40069.71	-2.83436	15.582	0.00
0.00	-30340.18	-40069.78	-2.83438	-30340.18	-40069.78	-2.83438	16.729	0.00
0.00	-30340.42	-40069.85	-2.83425	-30340.42	-40069.85	-2.83425	16.397	0.00
0.00	-30340.67	-40069.93	-2.83407	-30340.67	-40069.93	-2.83407	16.226	0.00
0.00	-30340.90	-40070.01	-2.83390	-30340.90	-40070.01	-2.83390	16.961	0.00
0.00	-30341.25	-40070.12	-2.83384	-30341.25	-40070.12	-2.83384	16.469	0.00
0.00	-30341.37	-40070.16	-2.83395	-30341.37	-40070.16	-2.83395	16.921	0.00
0.00	-30341.65	-40070.24	-2.83418	-30341.65	-40070.24	-2.83418	16.582	0.00
0.00	-30341.80	-40070.29	-2.83427	-30341.80	-40070.29	-2.83427	17.273	0.00
0.00	-30342.04	-40070.37	-2.83423	-30342.04	-40070.37	-2.83423	16.761	0.00
0.00	-30342.28	-40070.44	-2.83408	-30342.28	-40070.44	-2.83408	16.667	0.00
0.00	-30342.52	-40070.52	-2.83395	-30342.52	-40070.52	-2.83395	17.561	0.00
0.00	-30342.75	-40070.59	-2.83394	-30342.75	-40070.59	-2.83394	16.756	0.00
0.00	-30342.98	-40070.67	-2.83396	-30342.98	-40070.67	-2.83396	16.705	0.00
0.00	-30343.22	-40070.74	-2.83397	-30343.22	-40070.74	-2.83397	17.777	0.00
0.00	-30343.43	-40070.81	-2.83386	-30343.43	-40070.81	-2.83386	16.102	0.00
0.00	-30343.70	-40070.90	-2.83367	-30343.70	-40070.90	-2.83367	17.549	0.00
0.00	-30343.97	-40070.98	-2.83353	-30343.97	-40070.98	-2.83353	16.922	0.00
0.00	-30344.22	-40071.06	-2.83344	-30344.22	-40071.06	-2.83344	17.688	0.00
0.00	-30344.44	-40071.13	-2.83344	-30344.44	-40071.13	-2.83344	17.514	0.00
0.00	-30344.65	-40071.20	-2.83349	-30344.65	-40071.20	-2.83349	17.854	0.00
0.00	-30344.87	-40071.26	-2.83347	-30344.87	-40071.26	-2.83347	17.801	0.00
0.00	-30345.09	-40071.33	-2.83336	-30345.09	-40071.33	-2.83336	18.053	0.00
0.00	-30345.32	-40071.41	-2.83321	-30345.32	-40071.41	-2.83321	17.786	0.00
0.00	-30345.54	-40071.48	-2.83293	-30345.54	-40071.48	-2.83293	17.801	0.00
0.00	-30345.78	-40071.55	-2.83258	-30345.78	-40071.55	-2.83258	17.628	0.00
0.00	-30346.01	-40071.63	-2.83219	-30346.01	-40071.63	-2.83219	18.512	0.00
0.00	-30346.24	-40071.70	-2.83188	-30346.24	-40071.70	-2.83188	17.391	0.00
0.00	-30346.48	-40071.78	-2.83171	-30346.48	-40071.78	-2.83171	17.929	0.00
0.00	-30346.76	-40071.87	-2.83160	-30346.76	-40071.87	-2.83160	18.564	0.00
0.00	-30347.04	-40071.96	-2.83150	-30347.04	-40071.96	-2.83150	18.921	0.00
0.00	-30347.19	-40072.01	-2.83135	-30347.19	-40072.01	-2.83135	18.095	0.00
0.00	-30347.42	-40072.08	-2.83109	-30347.42	-40072.08	-2.83109	18.381	0.00
0.00	-30347.65	-40072.16	-2.83081	-30347.65	-40072.16	-2.83081	18.992	0.00
0.00	-30347.89	-40072.23	-2.83054	-30347.89	-40072.23	-2.83054	18.274	0.00
0.00	-30348.11	-40072.30	-2.83033	-30348.11	-40072.30	-2.83033	18.437	0.00
0.00	-30348.37	-40072.39	-2.83012	-30348.37	-40072.39	-2.83012	18.693	0.00
0.00	-30348.66	-40072.48	-2.82991	-30348.66	-40072.48	-2.82991	19.418	0.00
0.00	-30348.90	-40072.56	-2.82970	-30348.90	-40072.56	-2.82970	18.723	0.00
0.00	-30349.12	-40072.63	-2.82946	-30349.12	-40072.63	-2.82946	18.709	0.00
0.00	-30349.35	-40072.70	-2.82921	-30349.35	-40072.70	-2.82921	18.849	0.00
0.00	-30349.57	-40072.77	-2.82899	-30349.57	-40072.77	-2.82899	19.175	0.00
0.00	-30349.81	-40072.85	-2.82890	-30349.81	-40072.85	-2.82890	18.676	0.00
0.00	-30350.04	-40072.93	-2.82892	-30350.04	-40072.93	-2.82892	19.559	0.00
0.00	-30350.27	-40073.00	-2.82892	-30350.27	-40073.00	-2.82892	18.990	0.00
0.00	-30350.50	-40073.07	-2.82884	-30350.50	-40073.07	-2.82884	18.957	0.00
0.00	-30350.73	-40073.15	-2.82874	-30350.73	-40073.15	-2.82874	19.785	0.00
0.00	-30350.96	-40073.22	-2.82859	-30350.96	-40073.22	-2.82859	20.024	0.00
0.00	-30351.20	-40073.30	-2.82847	-30351.20	-40073.30	-2.82847	20.113	0.00
0.00	-30351.44	-40073.38	-2.82842	-30351.44	-40073.38	-2.82842	19.776	0.00
0.00	-30351.67	-40073.45	-2.82838	-30351.67	-40073.45	-2.82838	18.928	0.00
0.00	-30351.90	-40073.53	-2.82833	-30351.90	-40073.53	-2.82833	19.859	0.00
0.00	-30352.13	-40073.60	-2.82822	-30352.13	-40073.60	-2.82822	19.470	0.00
0.00	-30352.41	-40073.69	-2.82800	-30352.41	-40073.69	-2.82800	20.611	0.00
0.00	-30352.61	-40073.76	-2.82778	-30352.61	-40073.76	-2.82778	20.491	0.00
0.00	-30352.86	-40073.84	-2.82766	-30352.86	-40073.84	-2.82766	19.863	0.00
0.00	-30353.12	-40073.92	-2.82770	-30353.12	-40073.92	-2.82770	20.641	0.00
0.00	-30353.39	-40074.01	-2.82790	-30353.39	-40074.01	-2.82790	21.218	0.00
0.00	-30353.60	-40074.08	-2.82806	-30353.60	-40074.08	-2.82806	20.142	0.00
0.00	-30353.82	-40074.15	-2.82806	-30353.82	-40074.15	-2.82806	20.670	0.00
0.00	-30354.04	-40074.22	-2.82793	-30354.04	-40074.22	-2.82793	19.771	0.00
0.00	-30354.25	-40074.29	-2.82784	-30354.25	-40074.29	-2.82784	20.473	0.00
0.00	-30354.47	-40074.36	-2.82781	-30354.47	-40074.36	-2.82781	21.371	0.00
0.00	-30354.70	-40074.43	-2.82774	-30354.70	-40074.43	-2.82774	20.782	0.00
0.00	-30354.92	-40074.50	-2.82764	-30354.92	-40074.50	-2.82764	21.190	0.00
0.00	-30355.15	-40074.58	-2.82766	-30355.15	-40074.58	-2.82766	21.900	0.00
0.00	-30355.38	-40074.65	-2.82782	-30355.38	-40074.65	-2.82782	20.803	0.00
0.00	-30355.61	-40074.73	-2.82795	-30355.61	-40074.73	-2.82795	21.679	0.00
0.00	-30355.83	-40074.80	-2.82809	-30355.83	-40074.80	-2.82809	20.634	0.00
0.00	-30356.06	-40074.87	-2.82823	-30356.06	-40074.87	-2.82823	21.036	0.00
0.00	-30356.29	-40074.94	-2.82838	-30356.29	-40074.94	-2.82838	21.282	0.00
0.00	-30356.52	-40075.02	-2.82851	-30356.52	-40075.02	-2.82851	21.292	0.00
0.00	-30356.74	-40075.09	-2.82873	-30356.74	-40075.09	-2.82873	22.294	0.00
0.00	-30356.97	-40075.16	-2.82899	-30356.97	-40075.16	-2.82899	21.864	0.00
0.00	-30357.18	-40075.23	-2.82918	-30357.18	-40075.23	-2.82918	22.177	0.00
0.00	-30357.54	-40075.35	-2.82932	-30357.54	-40075.35	-2.82932	21.661	0.00
0.00	-30357.79	-40075.42	-2.82939	-30357.79	-40075.42	-2.82939	21.418	0.00
0.00	-30357.95	-40075.48	-2.82948	-30357.95	-40075.48	-2.82948	21.650	0.00
0.00	-30358.16	-40075.54	-2.82957	-30358.16	-40075.54	-2.82957	22.881	0.00
0.00	-30358.31	-40075.59	-2.82962	-30358.31	-40075.59	-2.82962	22.080	0.00
0.00	-30358.57	-40075.68	-2.82967	-30358.57	-40075.68	-2.82967	21.824	0.00
0.00	-30358.78	-40075.74	-2.82973	-30358.78	-40075.74	-2.82973	23.123	0.00
0.00	-30358.99	-40075.81	-2.82988	-30358.99	-40075.81	-2.82988	22.991	0.00
0.00	-30359.20	-40075.88	-2.83010	-30359.20	-40075.88	-2.83010	23.027	0.00
0.00	-30359.41	-40075.95	-2.83025	-30359.41	-40075.95	-2.83025	22.489	0.00
0.00	-30359.63	-40076.02	-2.83037	-30359.63	-40076.02	-2.83037	22.369	0.00
0.00	-30359.86	-40076.09	-2.83038	-30359.86	-40076.09	-2.83038	22.742	0.00
0.00	-30360.08	-40076.16	-2.83023	-30360.08	-40076.16	-2.83023	22.083	0.00
0.00	-30360.31	-40076.24	-2.83013	-30360.31	-40076.24	-2.83013	22.898	0.00
0.00	-30360.50	-40076.30	-2.82987	-30360.50	-40076.30	-2.82987	22.553	0.00
0.00	-30360.74	-40076.38	-2.82966	-30360.74	-40076.38	-2.82966	22.931	0.00
0.00	-30360.97	-40076.45	-2.82949	-30360.97	-40076.45	-2.82949	22.780	0.00
0.00	-30361.19	-40076.53	-2.82937	-30361.19	-40076.53	-2.82937	22.903	0.00
0.00	-30361.41	-40076.60	-2.82928	-30361.41	-40076.60	-2.82928	22.982	0.00
0.00	-30361.62	-40076.67	-2.82920	-30361.62	-40076.67	-2.82920	23.833	0.00
0.00	-30361.89	-40076.75	-2.82915	-30361.89	-40076.75	-2.82915	24.019	0.00
0.00	-30362.15	-40076.84	-2.82918	-30362.15	-40076.84	-2.82918	23.653	0.00
0.00	-30362.40	-40076.92	-2.82929	-30362.40	-40076.92	-2.82929	23.229	0.00
0.00	-30362.69	-40077.01	-2.82950	-30362.69	-40077.01	-2.82950	23.092	0.00
0.00	-30362.88	-40077.07	-2.82964	-30362.88	-40077.07	-2.82964	23.404	0.00
0.00	-30363.02	-40077.12	-2.82970	-30363.02	-40077.12	-2.82970	23.101	0.00
0.00	-30363.16	-40077.17	-2.82971	-30363.16	-40077.17	-2.82971	23.309	0.00
0.00	-30363.38	-40077.24	-2.82970	-30363.38	-40077.24	-2.82970	23.445	0.00
0.00	-30363.59	-40077.30	-2.82979	-30363.59	-40077.30	-2.82979	23.571	0.00
0.00	-30363.81	-40077.37	-2.82998	-30363.81	-40077.37	-2.82998	22.921	0.00
0.00	-30364.01	-40077.44	-2.83014	-30364.01	-40077.44	-2.83014	23.490	0.00
0.00	-30364.23	-40077.51	-2.83026	-30364.23	-40077.51	-2.83026	24.123	0.00
0.00	-30364.43	-40077.58	-2.83039	-30364.43	-40077.58	-2.83039	23.932	0.00
0.00	-30364.64	-40077.64	-2.83059	-30364.64	-40077.64	-2.83059	24.350	0.00
0.00	-30364.86	-40077.71	-2.83082	-30364.86	-40077.71	-2.83082	23.924	0.00
0.00	-30365.08	-40077.78	-2.83103	-30365.08	-40077.78	-2.83103	23.718	0.00
0.00	-30365.29	-40077.85	-2.83122	-30365.29	-40077.85	-2.83122	24.082	0.00
0.00	-30365.51	-40077.92	-2.83142	-30365.51	-40077.92	-2.83142	24.348	0.00
0.00	-30365.73	-40077.99	-2.83172	-30365.73	-40077.99	-2.83172	25.166	0.00
0.00	-30365.94	-40078.06	-2.83203	-30365.94	-40078.06	-2.83203	24.455	0.00
0.00	-30366.20	-40078.14	-2.83236	-30366.20	-40078.14	-2.83236	24.274	0.00
0.00	-30366.51	-40078.24	-2.83266	-30366.51	-40078.24	-2.83266	23.955	0.00
0.00	-30366.73	-40078.31	-2.83292	-30366.73	-40078.31	-2.83292	24.021	0.00
0.00	-30367.06	-40078.42	-2.83335	-30367.06	-40078.42	-2.83335	24.991	0.00
0.00	-30367.07	-40078.42	-2.83349	-30367.07	-40078.42	-2.83349	24.204	0.00
0.00	-30367.34	-40078.50	-2.83384	-30367.34	-40078.50	-2.83384	24.213	0.00
0.00	-30367.53	-40078.56	-2.83434	-30367.53	-40078.56	-2.83434	24.916	0.00
0.00	-30367.74	-40078.63	-2.83492	-30367.74	-40078.63	-2.83492	24.528	0.00
0.00	-30367.95	-40078.69	-2.83555	-30367.95	-40078.69	-2.83555	24.925	0.00
0.00	-30368.17	-40078.76	-2.83606	-30368.17	-40078.76	-2.83606	24.178	0.00
0.00	-30368.37	-40078.83	-2.83663	-30368.37	-40078.83	-2.83663	24.829	0.00
0.00	-30368.59	-40078.90	-2.83718	-30368.59	-40078.90	-2.83718	24.410	0.00
0.00	-30368.79	-40078.96	-2.83773	-30368.79	-40078.96	-2.83773	24.690	0.00
0.00	-30369.01	-40079.03	-2.83834	-30369.01	-40079.03	-2.83834	24.420	0.00
0.00	-30369.21	-40079.09	-2.83900	-30369.21	-40079.09	-2.83900	24.779	0.00
0.00	-30369.43	-40079.16	-2.83974	-30369.43	-40079.16	-2.83974	25.084	0.00
0.00	-30369.63	-40079.22	-2.84059	-30369.63	-40079.22	-2.84059	25.547	0.00
0.00	-30369.85	-40079.29	-2.84157	-30369.85	-40079.29	-2.84157	25.118	0.00
0.00	-30370.05	-40079.35	-2.84259	-30370.05	-40079.35	-2.84259	25.162	0.00
0.00	-30370.25	-40079.41	-2.84364	-30370.25	-40079.41	-2.84364	24.914	0.00
0.00	-30370.49	-40079.49	-2.84463	-30370.49	-40079.49	-2.84463	24.671	0.00
0.00	-30370.72	-40079.56	-2.84574	-30370.72	-40079.56	-2.84574	25.622	0.00
0.00	-30370.93	-40079.62	-2.84684	-30370.93	-40079.62	-2.84684	25.595	0.00
0.00	-30371.19	-40079.70	-2.84811	-30371.19	-40079.70	-2.84811	25.886	0.00
0.00	-30371.33	-40079.74	-2.84935	-30371.33	-40079.74	-2.84935	25.731	0.00
0.00	-30371.59	-40079.82	-2.85073	-30371.59	-40079.82	-2.85073	25.144	0.00
0.00	-30371.73	-40079.87	-2.85217	-30371.73	-40079.87	-2.85217	24.801	0.00
0.00	-30372.00	-40079.95	-2.85380	-30372.00	-40079.95	-2.85380	25.558	0.00
0.00	-30372.14	-40079.99	-2.85529	-30372.14	-40079.99	-2.85529	24.987	0.00
0.00	-30372.40	-40080.07	-2.85686	-30372.40	-40080.07	-2.85686	25.185	0.00
0.00	-30372.58	-40080.12	-2.85825	-30372.58	-40080.12	-2.85825	25.443	0.00
0.00	-30372.79	-40080.18	-2.85974	-30372.79	-40080.18	-2.85974	25.117	0.00
0.00	-30372.98	-40080.24	-2.86124	-30372.98	-40080.24	-2.86124	26.103	0.00
0.00	-30373.19	-40080.30	-2.86294	-30373.19	-40080.30	-2.86294	25.717	0.00
0.00	-30373.38	-40080.36	-2.86470	-30373.38	-40080.36	-2.86470	25.763	0.00
0.00	-30373.59	-40080.42	-2.86674	-30373.59	-40080.42	-2.86674	26.035	0.00
0.00	-30373.78	-40080.47	-2.86861	-30373.78	-40080.47	-2.86861	24.785	0.00
0.00	-30373.99	-40080.53	-2.87075	-30373.99	-40080.53	-2.87075	25.786	0.00
0.00	-30374.16	-40080.58	-2.87260	-30374.16	-40080.58	-2.87260	27.427	0.00
0.00	-30374.38	-40080.64	-2.87483	-30374.38	-40080.64	-2.87483	25.294	0.00
0.00	-30374.57	-40080.69	-2.87703	-30374.57	-40080.69	-2.87703	26.755	0.00
0.00	-30374.79	-40080.75	-2.87964	-30374.79	-40080.75	-2.87964	25.934	0.00
0.00	-30375.01	-40080.81	-2.88200	-30375.01	-40080.81	-2.88200	25.724	0.00
0.00	-30375.21	-40080.87	-2.88456	-30375.21	-40080.87	-2.88456	25.797	0.00
0.00	-30375.38	-40080.91	-2.88689	-30375.38	-40080.91	-2.88689	25.262	0.00
0.00	-30375.59	-40080.97	-2.88980	-30375.59	-40080.97	-2.88980	26.172	0.00
0.00	-30375.77	-40081.02	-2.89284	-30375.77	-40081.02	-2.89284	27.161	0.00
0.00	-30376.02	-40081.08	-2.89615	-30376.02	-40081.08	-2.89615	26.647	0.00
0.00	-30376.15	-40081.11	-2.89945	-30376.15	-40081.11	-2.89945	26.328	0.00
0.00	-30376.39	-40081.17	-2.90290	-30376.39	-40081.17	-2.90290	26.426	0.00
0.00	-30376.52	-40081.20	-2.90622	-30376.52	-40081.20	-2.90622	26.780	0.00
0.00	-30376.76	-40081.26	-2.90976	-30376.76	-40081.26	-2.90976	26.478	0.00
0.00	-30377.07	-40081.34	-2.91523	-30377.07	-40081.34	-2.91523	27.344	0.00
0.00	-30377.12	-40081.35	-2.91727	-30377.12	-40081.35	-2.91727	26.961	0.00
0.00	-30377.29	-40081.39	-2.92055	-30377.29	-40081.39	-2.92055	25.594	0.00
0.00	-30377.47	-40081.43	-2.92440	-30377.47	-40081.43	-2.92440	26.838	0.00
0.00	-30377.64	-40081.46	-2.92809	-30377.64	-40081.46	-2.92809	27.155	0.00
0.00	-30377.82	-40081.50	-2.93192	-30377.82	-40081.50	-2.93192	27.145	0.00
0.00	-30377.98	-40081.54	-2.93594	-30377.98	-40081.54	-2.93594	27.345	0.00
0.00	-30378.16	-40081.58	-2.94029	-30378.16	-40081.58	-2.94029	27.229	0.00
0.00	-30378.34	-40081.61	-2.94478	-30378.34	-40081.61	-2.94478	27.763	0.00
0.00	-30378.53	-40081.65	-2.94939	-30378.53	-40081.65	-2.94939	27.467	0.00
0.00	-30378.71	-40081.68	-2.95407	-30378.71	-40081.68	-2.95407	28.359	0.00
0.00	-30378.90	-40081.72	-2.95889	-30378.90	-40081.72	-2.95889	27.884	0.00
0.00	-30379.07	-40081.75	-2.96373	-30379.07	-40081.75	-2.96373	26.574	0.00
0.00	-30379.26	-40081.78	-2.96889	-30379.26	-40081.78	-2.96889	27.541	0.00
0.00	-30379.43	-40081.81	-2.97446	-30379.43	-40081.81	-2.97446	27.312	0.00
0.00	-30379.62	-40081.84	-2.98024	-30379.62	-40081.84	-2.98024	27.208	0.00
0.00	-30379.81	-40081.87	-2.98622	-30379.81	-40081.87	-2.98622	28.175	0.00
0.00	-30380.00	-40081.90	-2.99224	-30380.00	-40081.90	-2.99224	27.117	0.00
0.00	-30380.18	-40081.93	-2.99838	-30380.18	-40081.93	-2.99838	27.944	0.00
0.00	-30380.41	-40081.96	-3.00473	-30380.41	-40081.96	-3.00473	27.800	0.00
0.00	-30380.53	-40081.98	-3.01096	-30380.53	-40081.98	-3.01096	28.292	0.00
0.00	-30380.76	-40082.01	-3.01731	-30380.76	-40082.01	-3.01731	28.242	0.00
0.00	-30380.89	-40082.02	-3.02363	-30380.89	-40082.02	-3.02363	28.446	0.00
0.00	-30381.11	-40082.05	-3.02974	-30381.11	-40082.05	-3.02974	29.231	0.00
0.00	-30381.28	-40082.06	-3.03602	-30381.28	-40082.06	-3.03602	29.374	0.00
0.00	-30381.46	-40082.08	-3.04251	-30381.46	-40082.08	-3.04251	29.017	0.00
0.00	-30381.62	-40082.10	-3.04927	-30381.62	-40082.10	-3.04927	28.334	0.00
0.00	-30381.82	-40082.12	-3.05624	-30381.82	-40082.12	-3.05624	27.576	0.00
0.00	-30382.03	-40082.13	-3.06349	-30382.03	-40082.13	-3.06349	28.747	0.00
0.00	-30382.23	-40082.15	-3.07078	-30382.23	-40082.15	-3.07078	28.763	0.00
0.00	-30382.35	-40082.15	-3.07745	-30382.35	-40082.15	-3.07745	28.950	0.00
0.00	-30382.57	-40082.17	-3.08563	-30382.57	-40082.17	-3.08563	28.237	0.00
0.00	-30382.71	-40082.17	-3.09304	-30382.71	-40082.17	-3.09304	28.906	0.00
0.00	-30382.87	-40082.18	-3.10057	-30382.87	-40082.18	-3.10057	28.726	0.00
0.00	-30383.03	-40082.19	-3.10835	-30383.03	-40082.19	-3.10835	29.207	0.00
0.00	-30383.20	-40082.19	-3.11574	-30383.20	-40082.19	-3.11574	28.420	0.00
0.00	-30383.37	-40082.19	-3.12438	-30383.37	-40082.19	-3.12438	29.240	0.00
0.00	-30383.54	-40082.20	-3.13265	-30383.54	-40082.20	-3.13265	29.279	0.00
0.00	-30383.72	-40082.20	-3.14110	-30383.72	-40082.20	-3.14110	28.525	0.00
0.00	-30383.89	-40082.20	3.13369	-30383.89	-40082.20	3.13369	29.937	0.00
0.00	-30384.07	-40082.19	3.12534	-30384.07	-40082.19	3.12534	29.602	0.00
0.00	-30384.24	-40082.19	3.11685	-30384.24	-40082.19	3.11685	28.182	0.00
0.00	-30384.42	-40082.19	3.10820	-30384.42	-40082.19	3.10820	28.844	0.00
0.00	-30384.62	-40082.18	3.09945	-30384.62	-40082.18	3.09945	28.461	0.00
0.00	-30384.74	-40082.17	3.09087	-30384.74	-40082.17	3.09087	29.233	0.00
0.00	-30384.95	-40082.16	3.08221	-30384.95	-40082.16	3.08221	28.245	0.00
0.00	-30385.06	-40082.15	3.07357	-30385.06	-40082.15	3.07357	28.527	0.00
0.00	-30385.31	-40082.14	3.06475	-30385.31	-40082.14	3.06475	28.496	0.00
0.00	-30385.50	-40082.12	3.05575	-30385.50	-40082.12	3.05575	29.009	0.00
0.00	-30385.69	-40082.11	3.04633	-30385.69	-40082.11	3.04633	28.471	0.00
0.00	-30385.84	-40082.09	3.03691	-30385.84	-40082.09	3.03691	31.703	0.00
0.00	-30385.99	-40082.08	3.02758	-30385.99	-40082.08	3.02758	29.750	0.00
0.00	-30386.13	-40082.06	3.01802	-30386.13	-40082.06	3.01802	30.529	0.00
0.00	-30386.30	-40082.04	3.00827	-30386.30	-40082.04	3.00827	29.185	0.00
0.00	-30386.43	-40082.02	2.99874	-30386.43	-40082.02	2.99874	30.340	0.00
0.00	-30386.59	-40082.00	2.98897	-30386.59	-40082.00	2.98897	29.403	0.00
0.00	-30386.75	-40081.98	2.97947	-30386.75	-40081.98	2.97947	29.309	0.00
0.00	-30386.91	-40081.95	2.96950	-30386.91	-40081.95	2.96950	29.627	0.00
0.00	-30387.07	-40081.93	2.95977	-30387.07	-40081.93	2.95977	30.396	0.00
0.00	-30387.24	-40081.90	2.94941	-30387.24	-40081.90	2.94941	29.064	0.00
0.00	-30387.39	-40081.87	2.93963	-30387.39	-40081.87	2.93963	30.293	0.00
0.00	-30387.55	-40081.84	2.92920	-30387.55	-40081.84	2.92920	29.484	0.00
0.00	-30387.71	-40081.81	2.91926	-30387.71	-40081.81	2.91926	30.566	0.00
0.00	-30387.88	-40081.77	2.90908	-30387.88	-40081.77	2.90908	30.006	0.00
0.00	-30388.05	-40081.74	2.89940	-30388.05	-40081.74	2.89940	29.923	0.00
0.00	-30388.26	-40081.69	2.88897	-30388.26	-40081.69	2.88897	28.685	0.00
0.00	-30388.36	-40081.66	2.87904	-30388.36	-40081.66	2.87904	29.562	0.00
0.00	-30388.56	-40081.61	2.86859	-30388.56	-40081.61	2.86859	28.465	0.00
0.00	-30388.69	-40081.58	2.85834	-30388.69	-40081.58	2.85834	31.104	0.00
0.00	-30388.90	-40081.52	2.84767	-30388.90	-40081.52	2.84767	29.854	0.00
0.00	-30389.06	-40081.47	2.83711	-30389.06	-40081.47	2.83711	29.777	0.00
0.00	-30389.22	-40081.43	2.82570	-30389.22	-40081.43	2.82570	30.050	0.00
0.00	-30389.36	-40081.38	2.81483	-30389.36	-40081.38	2.81483	29.781	0.00
0.00	-30389.51	-40081.33	2.80341	-30389.51	-40081.33	2.80341	29.482	0.00
0.00	-30389.63	-40081.29	2.79304	-30389.63	-40081.29	2.79304	30.845	0.00
0.00	-30389.82	-40081.23	2.78058	-30389.82	-40081.23	2.78058	29.679	0.00
0.00	-30389.96	-40081.18	2.76884	-30389.96	-40081.18	2.76884	31.251	0.00
0.00	-30390.11	-40081.12	2.75676	-30390.11	-40081.12	2.75676	30.728	0.00
0.00	-30390.25	-40081.07	2.74510	-30390.25	-40081.07	2.74510	30.334	0.00
0.00	-30390.40	-40081.00	2.73262	-30390.40	-40081.00	2.73262	29.914	0.00
0.00	-30390.54	-40080.95	2.72039	-30390.54	-40080.95	2.72039	30.781	0.00
0.00	-30390.69	-40080.88	2.70735	-30390.69	-40080.88	2.70735	30.330	0.00
0.00	-30390.82	-40080.82	2.69454	-30390.82	-40080.82	2.69454	30.306	0.00
0.00	-30390.97	-40080.75	2.68077	-30390.97	-40080.75	2.68077	30.428	0.00
0.00	-30391.10	-40080.69	2.66768	-30391.10	-40080.69	2.66768	30.600	0.00
0.00	-30391.26	-40080.61	2.65440	-30391.26	-40080.61	2.65440	31.434	0.00
0.00	-30391.37	-40080.55	2.64143	-30391.37	-40080.55	2.64143	30.663	0.00
0.00	-30391.57	-40080.44	2.62798	-30391.57	-40080.44	2.62798	29.908	0.00
0.00	-30391.70	-40080.37	2.61457	-30391.70	-40080.37	2.61457	34.259	0.00
0.00	-30391.85	-40080.29	2.60163	-30391.85	-40080.29	2.60163	35.187	0.00
0.00	-30391.96	-40080.22	2.58796	-30391.96	-40080.22	2.58796	35.184	0.00
0.00	-30392.13	-40080.12	2.57464	-30392.13	-40080.12	2.57464	34.629	0.00
0.00	-30392.22	-40080.07	2.56208	-30392.22	-40080.07	2.56208	30.947	0.00
0.00	-30392.39	-40079.96	2.54886	-30392.39	-40079.96	2.54886	30.686	0.00
0.00	-30392.51	-40079.88	2.53586	-30392.51	-40079.88	2.53586	31.354	0.00
0.00	-30392.65	-40079.78	2.52230	-30392.65	-40079.78	2.52230	31.288	0.00
0.00	-30392.77	-40079.70	2.50906	-30392.77	-40079.70	2.50906	31.986	0.00
0.00	-30392.91	-40079.60	2.49512	-30392.91	-40079.60	2.49512	33.803	0.00
0.00	-30393.03	-40079.51	2.48219	-30393.03	-40079.51	2.48219	31.086	0.00
0.00	-30393.16	-40079.41	2.46867	-30393.16	-40079.41	2.46867	31.131	0.00
0.00	-30393.37	-40079.23	2.44862	-30393.37	-40079.23	2.44862	31.687	0.00
0.00	-30393.42	-40079.20	2.44069	-30393.42	-40079.20	2.44069	31.436	0.00
0.00	-30393.51	-40079.12	2.43115	-30393.51	-40079.12	2.43115	32.314	0.00
0.00	-30393.64	-40079.01	2.41854	-30393.64	-40079.01	2.41854	35.160	0.00
0.00	-30393.77	-40078.90	2.40642	-30393.77	-40078.90	2.40642	35.752	0.00
0.00	-30393.89	-40078.79	2.39437	-30393.89	-40078.79	2.39437	32.117	0.00
0.00	-30394.00	-40078.69	2.38219	-30394.00	-40078.69	2.38219	33.703	0.00
0.00	-30394.14	-40078.55	2.37031	-30394.14	-40078.55	2.37031	32.276	0.00
0.00	-30394.30	-40078.40	2.35836	-30394.30	-40078.40	2.35836	32.535	0.00
0.00	-30394.43	-40078.27	2.34619	-30394.43	-40078.27	2.34619	31.597	0.00
0.00	-30394.53	-40078.17	2.33453	-30394.53	-40078.17	2.33453	32.822	0.00
0.00	-30394.67	-40078.02	2.32241	-30394.67	-40078.02	2.32241	31.634	0.00
0.00	-30394.74	-40077.94	2.31059	-30394.74	-40077.94	2.31059	32.724	0.00
0.00	-30394.90	-40077.77	2.29858	-30394.90	-40077.77	2.29858	32.366	0.00
0.00	-30394.98	-40077.68	2.28713	-30394.98	-40077.68	2.28713	32.534	0.00
0.00	-30395.13	-40077.51	2.27573	-30395.13	-40077.51	2.27573	32.336	0.00
0.00	-30395.23	-40077.38	2.26462	-30395.23	-40077.38	2.26462	33.484	0.00
0.00	-30395.35	-40077.24	2.25354	-30395.35	-40077.24	2.25354	32.283	0.00
0.00	-30395.45	-40077.12	2.24272	-30395.45	-40077.12	2.24272	31.925	0.00
0.00	-30395.56	-40076.98	2.23197	-30395.56	-40076.98	2.23197	32.646	0.00
0.00	-30395.66	-40076.84	2.22122	-30395.66	-40076.84	2.22122	38.000	0.00
0.00	-9583893.02	7337018.94	-2.97359	-9583893.02	7337018.94	-2.97359	39.818	0.00
0.00	-6064388.57	5139943.03	2.08957	-6064388.57	5139943.03	2.08957	36.258	0.00
0.00	-3927567.55	3032513.82	1.42960	-3927567.55	3032513.82	1.42960	38.183	0.00
0.00	-2995130.90	1794589.30	2.67873	-2995130.90	1794589.30	2.67873	39.707	0.00
0.00	-1739764.53	911117.56	1.98901	-1739764.53	911117.56	1.98901	40.714	0.00
0.00	-1245847.59	441922.11	-0.69079	-1245847.59	441922.11	-0.69079	40.684	0.00
0.00	-790502.06	121449.07	1.68105	-790502.06	121449.07	1.68105	43.089	0.00
0.00	-633327.87	14150.40	-2.37149	-633327.87	14150.40	-2.37149	34.221	0.00
0.00	-484539.82	19578.36	3.02984	-484539.82	19578.36	3.02984	33.991	0.00
0.00	-325318.71	6368.73	-2.54892	-325318.71	6368.73	-2.54892	34.483	0.00
0.00	-206048.42	14376.95	2.40118	-206048.42	14376.95	2.40118	33.965	0.00
0.00	-135808.91	-12026.30	-0.82255	-135808.91	-12026.30	-0.82255	33.355	0.00
0.00	-96278.98	-32582.79	-0.18059	-96278.98	-32582.79	-0.18059	33.816	0.00
0.00	-68394.82	-39463.35	2.38229	-68394.82	-39463.35	2.38229	34.789	0.00
0.00	-59637.50	-42876.41	2.04764	-59637.50	-42876.41	2.04764	34.497	0.00
0.00	-15755088.42	5474442.95	0.08944	-15755088.42	5474442.95	0.08944	34.036	0.00
0.00	-8755263.19	3433354.47	-1.93464	-8755263.19	3433354.47	-1.93464	35.177	0.00
0.00	-5648733.09	2302834.38	1.59978	-5648733.09	2302834.38	1.59978	33.662	0.00
0.00	-4628610.75	1335318.55	2.71637	-4628610.75	1335318.55	2.71637	34.617	0.00
0.00	-3216767.43	668484.39	-0.84775	-3216767.43	668484.39	-0.84775	34.313	0.00
0.00	-2358405.13	172990.56	-2.45048	-2358405.13	172990.56	-2.45048	33.540	0.00
0.00	-2073809.83	180054.51	-2.88620	-2073809.83	180054.51	-2.88620	34.782	0.00
0.00	-1283796.29	224649.19	1.32157	-1283796.29	224649.19	1.32157	34.994	0.00
0.00	-940399.32	201852.85	-0.25968	-940399.32	201852.85	-0.25968	34.263	0.00
0.00	-609433.54	128964.56	-2.11758	-609433.54	128964.56	-2.11758	35.273	0.00
0.00	-444499.71	108328.52	1.99215	-444499.71	108328.52	1.99215	34.501	0.00
0.00	-333805.59	45170.00	-1.58253	-333805.59	45170.00	-1.58253	34.924	0.00
0.00	-270551.58	8072.99	-2.19204	-270551.58	8072.99	-2.19204	35.606	0.00
0.00	-219802.83	4098.15	2.12196	-219802.83	4098.15	2.12196	35.122	0.00
0.00	-173176.49	-20814.64	0.09749	-173176.49	-20814.64	0.09749	35.533	0.00
0.00	-123662.99	-27106.96	-1.69162	-123662.99	-27106.96	-1.69162	35.668	0.00
0.00	-99649.27	-30564.78	0.27331	-99649.27	-30564.78	0.27331	35.918	0.00
0.00	-71503.66	-30480.17	-3.00405	-71503.66	-30480.17	-3.00405	35.243	0.00
0.00	-53751.24	-31169.44	1.57471	-53751.24	-31169.44	1.57471	36.134	0.00
0.00	-46752.02	-34286.25	-2.88723	-46752.02	-34286.25	-2.88723	36.147	0.00
0.00	-40504.57	-35194.06	0.72543	-40504.57	-35194.06	0.72543	35.515	0.00
0.00	-37307.40	-35591.32	-1.03033	-37307.40	-35591.32	-1.03033	35.668	0.00
0.00	-34960.68	-37465.06	-0.30679	-34960.68	-37465.06	-0.30679	36.165	0.00
0.00	-32983.92	-38481.80	-2.87838	-32983.92	-38481.80	-2.87838	36.558	0.00
0.00	-31882.57	-38811.25	1.24312	-31882.57	-38811.25	1.24312	35.797	0.00
0.00	-31485.53	-39184.69	-2.47494	-31485.53	-39184.69	-2.47494	35.625	0.00
0.00	-31210.14	-39352.47	-0.00425	-31210.14	-39352.47	-0.00425	36.319	0.00
0.00	-30858.20	-39515.14	-1.89603	-30858.20	-39515.14	-1.89603	35.865	0.00
0.00	-30792.87	-39678.36	-0.43159	-30792.87	-39678.36	-0.43159	36.954	0.00
0.00	-30688.92	-39784.03	0.15600	-30688.92	-39784.03	0.15600	36.004	0.00
0.00	-30592.85	-39839.54	-0.48104	-30592.85	-39839.54	-0.48104	36.652	0.00
0.00	-30511.06	-39898.99	-1.28786	-30511.06	-39898.99	-1.28786	36.681	0.00
0.00	-30462.42	-39972.69	-1.63661	-30462.42	-39972.69	-1.63661	37.659	0.00
0.00	-30448.26	-40009.05	-1.50859	-30448.26	-40009.05	-1.50859	36.651	0.00
0.00	-30438.93	-40033.49	-1.23382	-30438.93	-40033.49	-1.23382	37.716	0.00
0.00	-30428.54	-40051.81	-0.86751	-30428.54	-40051.81	-0.86751	37.928	0.00
0.00	-30420.96	-40059.82	-0.65569	-30420.96	-40059.82	-0.65569	37.416	0.00
0.00	-30413.18	-40065.23	-0.46496	-30413.18	-40065.23	-0.46496	38.174	0.00
0.00	-30407.34	-40067.58	-0.32447	-30407.34	-40067.58	-0.32447	37.233	0.00
0.00	-30404.11	-40068.24	-0.24926	-30404.11	-40068.24	-0.24926	38.358	0.00
0.00	-30402.77	-40068.29	-0.20318	-30402.77	-40068.29	-0.20318	47.418	0.00
0.00	-30401.81	-40068.13	-0.15132	-30401.81	-40068.13	-0.15132	37.554	0.00
0.00	-30401.24	-40067.89	-0.10168	-30401.24	-40067.89	-0.10168	37.592	0.00
0.00	-30400.92	-40067.63	-0.05259	-30400.92	-40067.63	-0.05259	38.721	0.00
0.00	-30400.73	-40067.35	-0.00302	-30400.73	-40067.35	-0.00302	37.162	0.00
0.00	-30400.59	-40067.21	0.02393	-30400.59	-40067.21	0.02393	46.115	0.00
0.00	-30400.58	-40066.92	0.08128	-30400.58	-40066.92	0.08128	39.782	0.00
0.00	-30400.56	-40066.64	0.13852	-30400.56	-40066.64	0.13852	37.719	0.00
0.00	-30400.51	-40066.42	0.18203	-30400.51	-40066.42	0.18203	38.985	0.00
0.00	-30400.47	-40066.14	0.24013	-30400.47	-40066.14	0.24013	37.800	0.00
0.00	-30400.45	-40065.83	0.30333	-30400.45	-40065.83	0.30333	38.996	0.00
0.00	-30400.53	-40065.62	0.35239	-30400.53	-40065.62	0.35239	38.703	0.00
0.00	-30400.50	-40065.38	0.40044	-30400.50	-40065.38	0.40044	38.491	0.00
0.00	-30400.49	-40065.14	0.44788	-30400.49	-40065.14	0.44788	38.917	0.00
0.00	-30400.50	-40064.89	0.49534	-30400.50	-40064.89	0.49534	38.288	0.00
0.00	-30400.50	-40064.64	0.54267	-30400.50	-40064.64	0.54267	38.361	0.00
0.00	-30400.52	-40064.39	0.58983	-30400.52	-40064.39	0.58983	39.331	0.00
0.00	-30400.54	-40064.13	0.63674	-30400.54	-40064.13	0.63674	39.507	0.00
0.00	-30400.56	-40063.87	0.68319	-30400.56	-40063.87	0.68319	39.827	0.00
0.00	-30400.58	-40063.60	0.72888	-30400.58	-40063.60	0.72888	39.336	0.00
0.00	-30400.56	-40063.38	0.76004	-30400.56	-40063.38	0.76004	40.348	0.00
0.00	-30400.62	-40063.11	0.80637	-30400.62	-40063.11	0.80637	39.435	0.00
0.00	-30400.54	-40062.91	0.82250	-30400.54	-40062.91	0.82250	39.733	0.00
0.00	-30400.64	-40062.64	0.87123	-30400.64	-40062.64	0.87123	39.489	0.00
0.00	-30400.77	-40062.32	0.93118	-30400.77	-40062.32	0.93118	39.359	0.00
0.00	-30400.88	-40062.00	0.98448	-30400.88	-40062.00	0.98448	39.517	0.00
0.00	-30400.98	-40061.68	1.03242	-30400.98	-40061.68	1.03242	39.227	0.00
0.00	-30401.07	-40061.37	1.07620	-30401.07	-40061.37	1.07620	39.731	0.00
0.00	-30401.16	-40061.07	1.11672	-30401.16	-40061.07	1.11672	38.887	0.00
0.00	-30401.25	-40060.80	1.15374	-30401.25	-40060.80	1.15374	39.689	0.00
0.00	-30401.33	-40060.50	1.18991	-30401.33	-40060.50	1.18991	40.404	0.00
0.00	-30401.41	-40060.21	1.22408	-30401.41	-40060.21	1.22408	39.385	0.00
0.00	-30401.51	-40059.81	1.26320	-30401.51	-40059.81	1.26320	38.531	0.00
0.00	-30401.59	-40059.67	1.28614	-30401.59	-40059.67	1.28614	39.841	0.00
0.00	-30401.67	-40059.49	1.30832	-30401.67	-40059.49	1.30832	40.848	0.00
0.00	-30401.75	-40059.20	1.33718	-30401.75	-40059.20	1.33718	41.342	0.00
0.00	-30401.82	-40058.98	1.35889	-30401.82	-40058.98	1.35889	41.708	0.00
0.00	-30401.89	-40058.76	1.38072	-30401.89	-40058.76	1.38072	41.576	0.00
0.00	-30401.97	-40058.54	1.40264	-30401.97	-40058.54	1.40264	41.601	0.00
0.00	-30402.05	-40058.31	1.42453	-30402.05	-40058.31	1.42453	41.236	0.00
0.00	-30402.13	-40058.09	1.44622	-30402.13	-40058.09	1.44622	41.888	0.00
0.00	-30402.22	-40057.86	1.46738	-30402.22	-40057.86	1.46738	40.902	0.00
0.00	-30402.31	-40057.64	1.48778	-30402.31	-40057.64	1.48778	41.007	0.00
0.00	-30402.40	-40057.41	1.50747	-30402.40	-40057.41	1.50747	41.047	0.00
0.00	-30402.46	-40057.19	1.52061	-30402.46	-40057.19	1.52061	41.272	0.00
0.00	-30402.55	-40056.97	1.54086	-30402.55	-40056.97	1.54086	41.782	0.00
0.00	-30402.65	-40056.75	1.56076	-30402.65	-40056.75	1.56076	41.461	0.00
0.00	-30402.75	-40056.54	1.58007	-30402.75	-40056.54	1.58007	41.261	0.00
0.00	-30402.89	-40056.31	1.60427	-30402.89	-40056.31	1.60427	47.953	0.00
0.00	-30403.01	-40056.08	1.62667	-30403.01	-40056.08	1.62667	42.732	0.00
0.00	-30403.14	-40055.83	1.64771	-30403.14	-40055.83	1.64771	40.950	0.00
0.00	-30403.26	-40055.58	1.66732	-30403.26	-40055.58	1.66732	40.433	0.00
0.00	-30403.38	-40055.38	1.68530	-30403.38	-40055.38	1.68530	42.346	0.00
0.00	-30403.49	-40055.19	1.70198	-30403.49	-40055.19	1.70198	51.473	0.00
0.00	-30403.61	-40054.96	1.71757	-30403.61	-40054.96	1.71757	41.283	0.00
0.00	-30403.71	-40054.80	1.73231	-30403.71	-40054.80	1.73231	40.887	0.00
0.00	-30403.80	-40054.60	1.74291	-30403.80	-40054.60	1.74291	41.681	0.00
0.00	-30403.89	-40054.41	1.75318	-30403.89	-40054.41	1.75318	40.591	0.00
0.00	-30403.98	-40054.22	1.76310	-30403.98	-40054.22	1.76310	41.784	0.00
0.00	-30404.07	-40054.03	1.77270	-30404.07	-40054.03	1.77270	41.942	0.00
0.00	-30404.16	-40053.83	1.78215	-30404.16	-40053.83	1.78215	41.768	0.00
0.00	-30404.25	-40053.63	1.79151	-30404.25	-40053.63	1.79151	43.494	0.00
0.00	-30404.34	-40053.44	1.80059	-30404.34	-40053.44	1.80059	42.263	0.00
0.00	-30404.43	-40053.25	1.80926	-30404.43	-40053.25	1.80926	42.918	0.00
0.00	-30404.52	-40053.01	1.81503	-30404.52	-40053.01	1.81503	41.694	0.00
0.00	-30404.62	-40052.79	1.82333	-30404.62	-40052.79	1.82333	43.971	0.00
0.00	-30404.72	-40052.58	1.83123	-30404.72	-40052.58	1.83123	42.549	0.00
0.00	-30404.81	-40052.41	1.83869	-30404.81	-40052.41	1.83869	42.373	0.00
0.00	-30404.89	-40052.25	1.84584	-30404.89	-40052.25	1.84584	42.641	0.00
0.00	-30404.98	-40052.06	1.85270	-30404.98	-40052.06	1.85270	43.794	0.00
0.00	-30405.07	-40051.86	1.85930	-30405.07	-40051.86	1.85930	44.765	0.00
0.00	-30405.18	-40051.65	1.86753	-30405.18	-40051.65	1.86753	42.957	0.00
0.00	-30405.27	-40051.49	1.87482	-30405.27	-40051.49	1.87482	43.360	0.00
0.00	-30405.36	-40051.32	1.88142	-30405.36	-40051.32	1.88142	44.141	0.00
0.00	-30405.44	-40051.16	1.88604	-30405.44	-40051.16	1.88604	43.548	0.00
0.00	-30405.52	-40050.98	1.89032	-30405.52	-40050.98	1.89032	43.782	0.00
0.00	-30405.61	-40050.80	1.89543	-30405.61	-40050.80	1.89543	42.855	0.00
0.00	-30405.73	-40050.52	1.90078	-30405.73	-40050.52	1.90078	46.344	0.00
0.00	-30405.81	-40050.39	1.90558	-30405.81	-40050.39	1.90558	42.472	0.00
0.00	-30405.87	-40050.26	1.90825	-30405.87	-40050.26	1.90825	43.223	0.00
0.00	-30405.95	-40050.07	1.91086	-30405.95	-40050.07	1.91086	44.341	0.00
0.00	-30406.03	-40049.88	1.91265	-30406.03	-40049.88	1.91265	44.939	0.00
0.00	-30406.10	-40049.70	1.91505	-30406.10	-40049.70	1.91505	44.460	0.00
0.00	-30406.18	-40049.51	1.91712	-30406.18	-40049.51	1.91712	44.099	0.00
0.00	-30406.26	-40049.32	1.91893	-30406.26	-40049.32	1.91893	44.102	0.00
0.00	-30406.34	-40049.14	1.92056	-30406.34	-40049.14	1.92056	43.903	0.00
0.00	-30406.42	-40048.94	1.92199	-30406.42	-40048.94	1.92199	45.165	0.00
0.00	-30406.50	-40048.75	1.92320	-30406.50	-40048.75	1.92320	44.411	0.00
0.00	-30406.57	-40048.57	1.92433	-30406.57	-40048.57	1.92433	46.034	0.00
0.00	-30406.66	-40048.35	1.92542	-30406.66	-40048.35	1.92542	44.152	0.00
0.00	-30406.75	-40048.12	1.92649	-30406.75	-40048.12	1.92649	44.638	0.00
0.00	-30406.84	-40047.90	1.92776	-30406.84	-40047.90	1.92776	54.679	0.00
0.00	-30406.91	-40047.73	1.92883	-30406.91	-40047.73	1.92883	47.076	0.00
0.00	-30406.98	-40047.57	1.92958	-30406.98	-40047.57	1.92958	44.870	0.00
0.00	-30407.04	-40047.39	1.92994	-30407.04	-40047.39	1.92994	54.385	0.00
0.00	-30407.11	-40047.22	1.92997	-30407.11	-40047.22	1.92997	57.737	0.00
0.00	-30407.22	-40046.93	1.92965	-30407.22	-40046.93	1.92965	45.099	0.00
0.00	-30407.25	-40046.87	1.92925	-30407.25	-40046.87	1.92925	47.171	0.00
0.00	-30407.32	-40046.66	1.92878	-30407.32	-40046.66	1.92878	46.014	0.00
0.00	-30407.40	-40046.46	1.92815	-30407.40	-40046.46	1.92815	43.659	0.00
0.00	-30407.47	-40046.26	1.92738	-30407.47	-40046.26	1.92738	45.752	0.00
0.00	-30407.56	-40046.02	1.92653	-30407.56	-40046.02	1.92653	44.990	0.00
0.00	-30407.61	-40045.85	1.92510	-30407.61	-40045.85	1.92510	45.461	0.00
0.00	-30407.68	-40045.65	1.92356	-30407.68	-40045.65	1.92356	45.196	0.00
0.00	-30407.75	-40045.46	1.92182	-30407.75	-40045.46	1.92182	44.796	0.00
0.00	-30407.82	-40045.26	1.92025	-30407.82	-40045.26	1.92025	45.024	0.00
0.00	-30407.88	-40045.06	1.91850	-30407.88	-40045.06	1.91850	44.145	0.00
0.00	-30407.95	-40044.85	1.91699	-30407.95	-40044.85	1.91699	47.325	0.00
0.00	-30408.02	-40044.65	1.91539	-30408.02	-40044.65	1.91539	45.632	0.00
0.00	-30408.11	-40044.39	1.91364	-30408.11	-40044.39	1.91364	46.365	0.00
0.00	-30408.19	-40044.14	1.91153	-30408.19	-40044.14	1.91153	45.405	0.00
0.00	-30408.27	-40043.90	1.90977	-30408.27	-40043.90	1.90977	45.809	0.00
0.00	-30408.33	-40043.72	1.90776	-30408.33	-40043.72	1.90776	46.286	0.00
0.00	-30408.42	-40043.43	1.90532	-30408.42	-40043.43	1.90532	46.984	0.00
0.00	-30408.44	-40043.34	1.90376	-30408.44	-40043.34	1.90376	46.771	0.00
0.00	-30408.52	-40043.11	1.90188	-30408.52	-40043.11	1.90188	46.235	0.00
0.00	-30408.59	-40042.88	1.90004	-30408.59	-40042.88	1.90004	45.783	0.00
0.00	-30408.66	-40042.66	1.89824	-30408.66	-40042.66	1.89824	46.812	0.00
0.00	-30408.72	-40042.44	1.89652	-30408.72	-40042.44	1.89652	47.790	0.00
0.00	-30408.79	-40042.22	1.89485	-30408.79	-40042.22	1.89485	46.723	0.00
0.00	-30408.86	-40042.00	1.89314	-30408.86	-40042.00	1.89314	46.007	0.00
0.00	-30408.92	-40041.78	1.89146	-30408.92	-40041.78	1.89146	45.593	0.00
0.00	-30408.99	-40041.56	1.88987	-30408.99	-40041.56	1.88987	46.017	0.00
0.00	-30409.10	-40041.23	1.88801	-30409.10	-40041.23	1.88801	48.318	0.00
0.00	-30409.13	-40041.12	1.88668	-30409.13	-40041.12	1.88668	47.143	0.00
0.00	-30409.20	-40040.88	1.88594	-30409.20	-40040.88	1.88594	58.385	0.00
0.00	-30409.28	-40040.64	1.88503	-30409.28	-40040.64	1.88503	47.023	0.00
0.00	-30409.35	-40040.41	1.88424	-30409.35	-40040.41	1.88424	59.430	0.00
0.00	-30409.47	-40040.04	1.88324	-30409.47	-40040.04	1.88324	52.977	0.00
0.00	-30409.53	-40039.83	1.88232	-30409.53	-40039.83	1.88232	52.003	0.00
0.00	-30409.61	-40039.58	1.88153	-30409.61	-40039.58	1.88153	50.663	0.00
0.00	-30409.68	-40039.34	1.88071	-30409.68	-40039.34	1.88071	48.377	0.00
0.00	-30409.75	-40039.12	1.87986	-30409.75	-40039.12	1.87986	47.917	0.00
0.00	-30409.81	-40038.91	1.87916	-30409.81	-40038.91	1.87916	49.316	0.00
0.00	-30409.88	-40038.71	1.87862	-30409.88	-40038.71	1.87862	54.895	0.00
0.00	-30409.96	-40038.43	1.87820	-30409.96	-40038.43	1.87820	48.746	0.00
0.00	-30410.04	-40038.19	1.87781	-30410.04	-40038.19	1.87781	53.406	0.00
0.00	-30410.12	-40037.91	1.87715	-30410.12	-40037.91	1.87715	59.771	0.00
0.00	-30410.19	-40037.68	1.87644	-30410.19	-40037.68	1.87644	46.539	0.00
0.00	-30410.25	-40037.47	1.87570	-30410.25	-40037.47	1.87570	59.179	0.00
0.00	-30410.32	-40037.25	1.87484	-30410.32	-40037.25	1.87484	64.523	0.00
0.00	-30410.43	-40036.88	1.87408	-30410.43	-40036.88	1.87408	47.636	0.00
0.00	-30410.48	-40036.70	1.87364	-30410.48	-40036.70	1.87364	49.473	0.00
0.00	-30410.50	-40036.63	1.87309	-30410.50	-40036.63	1.87309	49.461	0.00
0.00	-30410.63	-40036.23	1.87231	-30410.63	-40036.23	1.87231	52.186	0.00
0.00	-30410.69	-40036.00	1.87093	-30410.69	-40036.00	1.87093	51.204	0.00
0.00	-30410.74	-40035.82	1.86970	-30410.74	-40035.82	1.86970	49.730	0.00
0.00	-30410.81	-40035.58	1.86862	-30410.81	-40035.58	1.86862	50.104	0.00
0.00	-30410.88	-40035.34	1.86772	-30410.88	-40035.34	1.86772	47.711	0.00
0.00	-30410.95	-40035.10	1.86696	-30410.95	-40035.10	1.86696	59.316	0.00
0.00	-30411.05	-40034.76	1.86620	-30411.05	-40034.76	1.86620	48.412	0.00
0.00	-30411.12	-40034.52	1.86542	-30411.12	-40034.52	1.86542	50.578	0.00
0.00	-30411.19	-40034.29	1.86468	-30411.19	-40034.29	1.86468	55.410	0.00
0.00	-30411.28	-40033.99	1.86392	-30411.28	-40033.99	1.86392	61.076	0.00
0.00	-30411.34	-40033.77	1.86328	-30411.34	-40033.77	1.86328	51.769	0.00
0.00	-30411.41	-40033.56	1.86282	-30411.41	-40033.56	1.86282	50.235	0.00
0.00	-30411.48	-40033.32	1.86238	-30411.48	-40033.32	1.86238	50.982	0.00
0.00	-30411.54	-40033.12	1.86199	-30411.54	-40033.12	1.86199	62.393	0.00
0.00	-30411.64	-40032.79	1.86168	-30411.64	-40032.79	1.86168	57.402	0.00
0.00	-30411.72	-40032.53	1.86154	-30411.72	-40032.53	1.86154	50.203	0.00
0.00	-30411.78	-40032.32	1.86137	-30411.78	-40032.32	1.86137	64.582	0.00
0.00	-30411.86	-40032.06	1.86105	-30411.86	-40032.06	1.86105	51.538	0.00
0.00	-30411.86	-40032.06	1.86105	-30411.86	-40032.06	1.86105	50.741	0.00
0.00	-30412.01	-40031.56	1.86033	-30412.01	-40031.56	1.86033	49.596	0.00
0.00	-30412.01	-40031.55	1.86021	-30412.01	-40031.55	1.86021	50.618	0.00
0.00	-30412.10	-40031.26	1.86013	-30412.10	-40031.26	1.86013	50.259	0.00
0.00	-30412.18	-40030.99	1.85999	-30412.18	-40030.99	1.85999	49.133	0.00
