0.00	-30251.16	-39794.58	0.35000	64369.88	-61881.32	0.00000	59.125	0.00
0.00	-30251.16	-39794.58	0.35000	-30251.16	-39794.58	0.35000	58.632	0.00
0.00	-30251.16	-39794.58	0.35000	-30251.16	-39794.58	0.35000	2.371	0.00
0.00	-30251.16	-39794.58	0.35000	-30248.70	-39797.29	0.35000	21.392	0.23
0.00	-30251.16	-39794.58	0.35000	-30247.53	-39798.53	0.35000	86.443	0.35
0.00	-30251.16	-39794.58	0.35000	-30247.00	-39798.66	0.35000	29.143	0.36
0.00	-30251.16	-39794.58	0.35000	-30246.84	-39798.75	0.35000	31.234	0.35
0.00	-30251.16	-39794.58	0.35000	-30246.80	-39798.82	0.35000	31.815	0.36
0.00	-30251.16	-39794.58	0.35000	-30246.66	-39799.27	0.35000	30.205	0.35
0.00	-30251.16	-39794.58	0.35000	-30246.53	-39799.22	0.35000	28.989	0.40
0.00	-30251.16	-39794.58	0.35000	-30246.60	-39799.23	0.35000	29.651	0.33
0.00	-30251.16	-39794.58	0.35000	-30246.64	-39799.24	0.35000	29.036	0.36
0.00	-30251.21	-39794.59	0.35000	-30246.59	-39799.18	0.35000	28.815	0.29
0.00	-30251.21	-39794.60	0.34994	-30246.46	-39799.12	0.49209	30.007	0.37
0.00	-30251.25	-39794.63	0.02164	-30246.47	-39799.11	0.72293	29.402	0.38
0.00	-30251.30	-39794.64	-0.18247	-30246.42	-39798.92	2.41266	25.743	0.22
0.00	-30251.35	-39794.66	-0.49212	-30246.34	-39798.71	3.09396	26.479	0.27
0.00	-30251.42	-39794.69	-1.07021	-30246.74	-39798.27	-0.47088	31.953	0.44
0.00	-30251.49	-39794.72	-1.63769	-30246.97	-39798.16	1.96579	27.520	0.28
0.00	-30251.57	-39794.77	-2.10920	-30246.87	-39798.06	0.73192	24.293	0.31
0.00	-30251.70	-39794.81	-2.51452	-30246.92	-39797.89	1.76353	24.823	0.20
0.00	-30251.88	-39794.83	-2.78570	-30251.94	-39794.80	-2.78570	45.993	0.75
0.00	-30252.01	-39794.85	-2.86334	-30252.01	-39794.85	-2.86334	60.810	0.75
0.00	-30252.17	-39794.89	-2.88148	-30252.17	-39794.89	-2.88148	2.097	0.75
0.00	-30252.33	-39794.93	-2.87956	-30252.52	-39795.06	-2.63383	39.725	0.87
0.00	-30252.49	-39794.98	-2.87259	-30252.68	-39794.77	2.76044	98.333	0.67
0.00	-30252.70	-39795.05	-2.86511	-30252.93	-39794.89	-3.11604	102.453	0.32
0.00	-30252.96	-39795.13	-2.86009	-30253.33	-39794.81	3.01939	36.758	0.59
0.00	-30253.18	-39795.19	-2.85654	-30253.70	-39794.36	2.49650	33.525	0.47
0.00	-30253.45	-39795.28	-2.85319	-30254.09	-39794.92	-3.03688	24.223	0.28
0.00	-30253.74	-39795.37	-2.85003	-30254.60	-39794.83	-3.10830	35.458	0.62
0.00	-30254.07	-39795.48	-2.84685	-30255.03	-39794.89	-3.07123	33.167	0.58
0.00	-30254.40	-39795.58	-2.84376	-30255.52	-39795.05	-2.98409	34.770	0.66
0.00	-30254.79	-39795.71	-2.84061	-30255.81	-39795.20	-2.93502	94.692	0.70
0.00	-30255.12	-39795.82	-2.83772	-30256.16	-39795.35	-2.89914	37.167	0.71
0.00	-30255.45	-39795.93	-2.83510	-30256.53	-39795.68	-2.80087	38.918	0.88
0.00	-30255.82	-39796.05	-2.83309	-30256.82	-39795.86	-2.77812	34.840	0.69
0.00	-30256.28	-39796.20	-2.83140	-30257.11	-39795.99	-2.77455	35.879	0.65
0.00	-30256.73	-39796.34	-2.82964	-30257.39	-39796.09	-2.77679	35.098	0.78
0.00	-30257.09	-39796.46	-2.82833	-30257.66	-39796.35	-2.73760	37.480	0.85
0.00	-30257.52	-39796.60	-2.82742	-30257.98	-39796.54	-2.72620	34.854	0.77
0.00	-30257.96	-39796.74	-2.82661	-30258.31	-39796.68	-2.72741	33.651	0.68
0.00	-30258.46	-39796.91	-2.82555	-30258.76	-39796.94	-2.71470	33.491	0.65
0.00	-30258.95	-39797.07	-2.82432	-30259.03	-39797.09	-2.70898	33.708	0.69
0.00	-30259.56	-39797.27	-2.82356	-30259.43	-39797.27	-2.71129	32.968	0.83
0.00	-30260.01	-39797.42	-2.82341	-30259.86	-39797.59	-2.69147	31.155	0.50
0.00	-30260.41	-39797.55	-2.82337	-30260.22	-39797.83	-2.68132	35.464	0.72
0.00	-30260.87	-39797.71	-2.82313	-30260.72	-39797.95	-2.70032	31.629	0.63
0.00	-30261.38	-39797.87	-2.82294	-30261.24	-39798.10	-2.71239	32.346	0.72
0.00	-30261.90	-39798.04	-2.82324	-30261.71	-39798.29	-2.71546	33.538	0.70
0.00	-30262.43	-39798.22	-2.82368	-30262.16	-39798.37	-2.73112	33.150	0.67
0.00	-30262.98	-39798.40	-2.82371	-30262.62	-39798.51	-2.73843	32.835	0.67
0.00	-30263.57	-39798.59	-2.82368	-30263.10	-39798.65	-2.74452	32.365	0.69
0.00	-30264.24	-39798.81	-2.82411	-30263.65	-39798.80	-2.75267	32.383	0.68
0.00	-30264.78	-39798.98	-2.82461	-30264.12	-39798.99	-2.75324	31.007	0.75
0.00	-30265.37	-39799.18	-2.82492	-30264.75	-39799.17	-2.76116	29.472	0.77
0.00	-30265.93	-39799.36	-2.82556	-30265.38	-39799.36	-2.76727	36.277	0.75
0.00	-30266.54	-39799.55	-2.82659	-30266.04	-39799.57	-2.77216	30.228	0.70
0.00	-30267.23	-39799.77	-2.82729	-30266.65	-39799.79	-2.77421	31.084	0.76
0.00	-30267.99	-39800.02	-2.82749	-30267.32	-39800.00	-2.77816	31.173	0.77
0.00	-30268.57	-39800.21	-2.82756	-30267.96	-39800.21	-2.78116	32.171	0.82
0.00	-30269.16	-39800.41	-2.82734	-30268.71	-39800.46	-2.78354	31.980	0.88
0.00	-30269.82	-39800.62	-2.82672	-30269.35	-39800.68	-2.78516	31.809	0.71
0.00	-30270.62	-39800.88	-2.82603	-30270.09	-39800.90	-2.78856	32.817	0.76
0.00	-30271.26	-39801.09	-2.82527	-30270.81	-39801.13	-2.79063	32.247	0.78
0.00	-30271.90	-39801.31	-2.82458	-30271.48	-39801.37	-2.79080	33.361	0.81
0.00	-30272.59	-39801.53	-2.82427	-30272.13	-39801.61	-2.79060	31.635	0.84
0.00	-30273.34	-39801.78	-2.82411	-30272.87	-39801.86	-2.79169	31.547	0.81
0.00	-30274.16	-39802.05	-2.82392	-30273.58	-39802.11	-2.79184	31.273	0.87
0.00	-30274.83	-39802.27	-2.82356	-30274.24	-39802.34	-2.79255	30.770	0.83
0.00	-30275.41	-39802.46	-2.82300	-30274.89	-39802.57	-2.79233	30.773	0.83
0.00	-30276.06	-39802.67	-2.82258	-30275.61	-39802.82	-2.79249	30.109	0.87
0.00	-30276.76	-39802.90	-2.82243	-30276.30	-39803.04	-2.79441	32.661	0.74
0.00	-30277.56	-39803.17	-2.82199	-30277.08	-39803.29	-2.79598	31.487	0.91
0.00	-30278.15	-39803.37	-2.82122	-30277.75	-39803.52	-2.79562	31.111	0.80
0.00	-30278.82	-39803.59	-2.82034	-30278.32	-39803.75	-2.79414	29.748	0.74
0.00	-30279.50	-39803.82	-2.81936	-30278.99	-39804.00	-2.79275	30.222	0.85
0.00	-30280.26	-39804.08	-2.81842	-30279.70	-39804.24	-2.79334	31.245	0.86
0.00	-30281.05	-39804.34	-2.81777	-30280.38	-39804.49	-2.79362	31.499	0.87
0.00	-30281.69	-39804.56	-2.81727	-30281.11	-39804.75	-2.79369	29.538	0.86
0.00	-30282.44	-39804.82	-2.81677	-30281.79	-39805.00	-2.79312	31.223	0.83
0.00	-30283.14	-39805.05	-2.81633	-30282.49	-39805.25	-2.79310	31.715	0.87
0.00	-30283.73	-39805.25	-2.81569	-30283.17	-39805.49	-2.79340	42.421	0.85
0.00	-30284.41	-39805.49	-2.81508	-30283.92	-39805.73	-2.79500	31.999	0.90
0.00	-30285.13	-39805.73	-2.81473	-30284.67	-39805.98	-2.79604	32.124	0.90
0.00	-30285.89	-39805.99	-2.81426	-30285.42	-39806.22	-2.79711	34.602	0.86
0.00	-30286.51	-39806.20	-2.81385	-30286.11	-39806.45	-2.79800	88.316	0.88
0.00	-30287.12	-39806.41	-2.81346	-30286.79	-39806.69	-2.79790	32.373	0.85
0.00	-30287.69	-39806.60	-2.81320	-30287.46	-39806.93	-2.79765	31.989	0.81
0.00	-30288.49	-39806.87	-2.81305	-30288.22	-39807.19	-2.79828	32.816	0.82
0.00	-30289.20	-39807.12	-2.81286	-30288.90	-39807.40	-2.80001	33.103	0.88
0.00	-30289.75	-39807.30	-2.81276	-30289.60	-39807.65	-2.79932	32.594	0.79
0.00	-30290.48	-39807.55	-2.81302	-30290.30	-39807.88	-2.80105	29.988	0.92
0.00	-30291.18	-39807.79	-2.81340	-30291.01	-39808.09	-2.80305	32.666	0.96
0.00	-30291.73	-39807.97	-2.81344	-30291.68	-39808.32	-2.80325	31.673	0.88
0.00	-30292.44	-39808.21	-2.81339	-30292.39	-39808.55	-2.80371	31.491	0.92
0.00	-30293.16	-39808.45	-2.81350	-30293.07	-39808.78	-2.80392	32.000	0.94
0.00	-30293.71	-39808.64	-2.81359	-30293.73	-39809.01	-2.80362	32.242	0.90
0.00	-30294.35	-39808.85	-2.81388	-30294.46	-39809.22	-2.80645	31.559	0.89
0.00	-30294.99	-39809.06	-2.81426	-30295.12	-39809.43	-2.80745	31.380	0.91
0.00	-30295.63	-39809.28	-2.81472	-30295.79	-39809.65	-2.80832	31.066	0.94
0.00	-30296.45	-39809.56	-2.81513	-30296.49	-39809.89	-2.80847	33.457	0.91
0.00	-30297.06	-39809.76	-2.81521	-30297.19	-39810.12	-2.80943	32.019	0.93
0.00	-30297.66	-39809.97	-2.81503	-30297.88	-39810.35	-2.81027	32.434	0.92
0.00	-30298.34	-39810.20	-2.81469	-30298.55	-39810.57	-2.81083	33.021	0.89
0.00	-30299.13	-39810.47	-2.81438	-30299.20	-39810.78	-2.81180	33.663	0.92
0.00	-30299.88	-39810.73	-2.81414	-30299.89	-39810.97	-2.81498	35.735	0.97
0.00	-30300.48	-39810.93	-2.81380	-30300.55	-39811.17	-2.81646	33.589	0.96
0.00	-30301.11	-39811.15	-2.81346	-30301.21	-39811.39	-2.81690	34.509	0.95
0.00	-30301.69	-39811.35	-2.81315	-30301.88	-39811.59	-2.81920	35.163	0.95
0.00	-30302.37	-39811.59	-2.81269	-30302.58	-39811.82	-2.81977	34.954	0.92
0.00	-30303.17	-39811.87	-2.81234	-30303.29	-39812.05	-2.82073	35.166	0.94
0.00	-30303.97	-39812.15	-2.81227	-30304.04	-39812.31	-2.82064	34.241	0.98
0.00	-30304.55	-39812.34	-2.81253	-30304.70	-39812.54	-2.81982	34.882	0.94
0.00	-30305.18	-39812.56	-2.81291	-30305.40	-39812.74	-2.82241	35.608	0.98
0.00	-30305.75	-39812.75	-2.81361	-30306.04	-39812.96	-2.82209	35.360	0.99
0.00	-30306.53	-39813.01	-2.81456	-30306.82	-39813.19	-2.82411	36.447	0.98
0.00	-30307.22	-39813.24	-2.81591	-30307.46	-39813.38	-2.82620	35.253	0.98
0.00	-30307.94	-39813.48	-2.81744	-30308.08	-39813.60	-2.82652	41.867	0.99
0.00	-30308.60	-39813.70	-2.81869	-30308.75	-39813.82	-2.82698	33.759	1.00
0.00	-30309.29	-39813.92	-2.81995	-30309.53	-39814.09	-2.82650	35.093	0.88
0.00	-30309.97	-39814.15	-2.82113	-30310.19	-39814.28	-2.82825	37.451	0.99
0.00	-30310.64	-39814.36	-2.82228	-30310.84	-39814.49	-2.82903	33.449	0.98
0.00	-30311.37	-39814.60	-2.82312	-30311.52	-39814.69	-2.83101	35.993	1.00
0.00	-30312.14	-39814.86	-2.82360	-30312.24	-39814.91	-2.83176	39.002	0.99
0.00	-30312.85	-39815.09	-2.82395	-30312.92	-39815.11	-2.83287	36.567	0.97
0.00	-30313.35	-39815.25	-2.82452	-30313.61	-39815.30	-2.83507	36.845	0.93
0.00	-30313.94	-39815.44	-2.82550	-30314.27	-39815.50	-2.83626	37.037	0.97
0.00	-30314.58	-39815.65	-2.82712	-30314.88	-39815.70	-2.83737	37.757	0.99
0.00	-30315.26	-39815.87	-2.82912	-30315.54	-39815.89	-2.84014	36.058	0.92
0.00	-30316.04	-39816.12	-2.83107	-30316.27	-39816.12	-2.84141	92.578	0.92
0.00	-30316.82	-39816.37	-2.83307	-30316.97	-39816.35	-2.84326	37.809	0.98
0.00	-30317.33	-39816.53	-2.83487	-30317.60	-39816.56	-2.84373	40.258	0.97
0.00	-30317.99	-39816.75	-2.83599	-30318.28	-39816.77	-2.84566	37.636	1.00
0.00	-30318.71	-39816.98	-2.83683	-30318.95	-39816.99	-2.84660	39.461	0.96
0.00	-30319.40	-39817.20	-2.83776	-30319.70	-39817.23	-2.84765	38.819	1.00
0.00	-30319.98	-39817.39	-2.83864	-30320.41	-39817.44	-2.84926	38.592	0.95
0.00	-30320.64	-39817.60	-2.83947	-30321.08	-39817.64	-2.85081	37.896	0.98
0.00	-30321.40	-39817.84	-2.84020	-30321.70	-39817.83	-2.85198	38.899	0.97
0.00	-30322.05	-39818.05	-2.84071	-30322.39	-39818.07	-2.85157	38.364	0.98
0.00	-30322.77	-39818.27	-2.84090	-30323.09	-39818.27	-2.85242	37.808	0.98
0.00	-30323.35	-39818.45	-2.84115	-30323.77	-39818.47	-2.85317	35.465	0.94
0.00	-30324.05	-39818.67	-2.84173	-30324.37	-39818.66	-2.85333	37.641	0.93
0.00	-30324.62	-39818.85	-2.84244	-30325.02	-39818.87	-2.85372	37.108	0.95
0.00	-30325.28	-39819.06	-2.84318	-30325.69	-39819.08	-2.85329	36.915	0.92
0.00	-30325.93	-39819.26	-2.84395	-30326.35	-39819.30	-2.85293	38.261	0.93
0.00	-30326.59	-39819.46	-2.84466	-30327.02	-39819.50	-2.85295	38.289	0.95
0.00	-30327.29	-39819.68	-2.84530	-30327.79	-39819.74	-2.85299	37.236	0.90
0.00	-30327.90	-39819.86	-2.84592	-30328.44	-39819.94	-2.85326	38.724	0.87
0.00	-30328.54	-39820.05	-2.84641	-30329.06	-39820.12	-2.85327	36.823	0.91
0.00	-30329.16	-39820.23	-2.84721	-30329.70	-39820.31	-2.85382	37.463	0.95
0.00	-30329.84	-39820.44	-2.84834	-30330.34	-39820.49	-2.85433	36.903	0.91
0.00	-30330.45	-39820.61	-2.84933	-30330.99	-39820.70	-2.85303	36.215	0.94
0.00	-30331.22	-39820.84	-2.85037	-30331.63	-39820.89	-2.85332	38.277	0.93
0.00	-30331.90	-39821.04	-2.85154	-30332.32	-39821.11	-2.85235	35.857	0.86
0.00	-30332.58	-39821.23	-2.85247	-30332.96	-39821.30	-2.85206	37.057	0.95
0.00	-30333.14	-39821.39	-2.85310	-30333.59	-39821.49	-2.85175	36.577	0.94
0.00	-30333.73	-39821.57	-2.85335	-30334.23	-39821.67	-2.85180	37.436	0.94
0.00	-30334.33	-39821.74	-2.85354	-30334.89	-39821.89	-2.85001	35.967	0.86
0.00	-30335.00	-39821.94	-2.85354	-30335.51	-39822.07	-2.84990	36.767	0.96
0.00	-30335.59	-39822.11	-2.85326	-30336.13	-39822.28	-2.84860	36.399	0.97
0.00	-30336.15	-39822.28	-2.85256	-30336.80	-39822.49	-2.84681	34.394	0.94
0.00	-30336.87	-39822.49	-2.85148	-30337.46	-39822.71	-2.84537	34.079	0.92
0.00	-30337.47	-39822.68	-2.85019	-30338.15	-39822.91	-2.84525	33.883	0.91
0.00	-30338.05	-39822.85	-2.84835	-30338.75	-39823.07	-2.84538	35.054	0.90
0.00	-30338.76	-39823.07	-2.84583	-30339.46	-39823.30	-2.84259	34.237	0.92
0.00	-30339.39	-39823.27	-2.84316	-30340.06	-39823.51	-2.83931	34.629	0.89
0.00	-30340.09	-39823.49	-2.84049	-30340.67	-39823.67	-2.83976	35.153	0.88
0.00	-30340.72	-39823.69	-2.83788	-30341.35	-39823.88	-2.83792	34.758	0.93
0.00	-30341.24	-39823.86	-2.83561	-30342.01	-39824.12	-2.83436	35.072	0.89
0.00	-30341.85	-39824.06	-2.83381	-30342.68	-39824.37	-2.83104	34.751	0.93
0.00	-30342.36	-39824.23	-2.83215	-30343.22	-39824.54	-2.82985	36.043	0.94
0.00	-30342.99	-39824.43	-2.83021	-30343.85	-39824.75	-2.82802	33.468	0.92
0.00	-30343.57	-39824.62	-2.82812	-30344.45	-39824.97	-2.82473	33.904	0.89
0.00	-30344.26	-39824.84	-2.82613	-30345.07	-39825.20	-2.82093	36.338	0.89
0.00	-30344.80	-39825.03	-2.82425	-30345.69	-39825.42	-2.81849	93.342	0.94
0.00	-30345.48	-39825.25	-2.82239	-30346.27	-39825.62	-2.81691	36.672	0.87
0.00	-30346.04	-39825.44	-2.82090	-30346.89	-39825.85	-2.81386	34.959	0.92
0.00	-30346.58	-39825.62	-2.81948	-30347.55	-39826.09	-2.81145	35.323	0.91
0.00	-30347.21	-39825.82	-2.81835	-30348.16	-39826.39	-2.80339	40.420	0.73
0.00	-30347.86	-39826.04	-2.81766	-30348.81	-39826.62	-2.80192	38.614	0.87
0.00	-30348.34	-39826.20	-2.81679	-30349.31	-39826.91	-2.79300	32.660	0.73
0.00	-30349.02	-39826.42	-2.81579	-30349.94	-39827.25	-2.78374	33.375	0.71
0.00	-30349.66	-39826.63	-2.81518	-30350.50	-39827.55	-2.77566	30.075	0.71
0.00	-30350.20	-39826.81	-2.81533	-30351.12	-39827.89	-2.76798	29.177	0.75
0.00	-30350.83	-39827.02	-2.81498	-30351.69	-39828.18	-2.76192	29.619	0.68
0.00	-30351.41	-39827.21	-2.81414	-30352.30	-39828.51	-2.75436	29.473	0.67
0.00	-30351.97	-39827.39	-2.81364	-30352.87	-39828.81	-2.74819	28.432	0.72
0.00	-30352.44	-39827.55	-2.81304	-30353.45	-39829.12	-2.74260	27.974	0.65
0.00	-30353.10	-39827.77	-2.81186	-30354.04	-39829.42	-2.73743	26.240	0.59
0.00	-30353.67	-39827.97	-2.81043	-30354.65	-39829.73	-2.73311	24.829	0.62
0.00	-30354.26	-39828.18	-2.80913	-30355.15	-39829.98	-2.72947	25.399	0.58
0.00	-30354.89	-39828.39	-2.80778	-30355.73	-39830.28	-2.72563	24.318	0.61
0.00	-30355.35	-39828.55	-2.80646	-30356.21	-39830.52	-2.72250	24.771	0.61
0.00	-30355.96	-39828.77	-2.80521	-30356.72	-39830.78	-2.71943	26.143	0.63
0.00	-30356.61	-39829.00	-2.80365	-30357.29	-39831.05	-2.71694	26.021	0.59
0.00	-30357.04	-39829.15	-2.80188	-30357.80	-39831.30	-2.71478	24.925	0.60
0.00	-30357.54	-39829.33	-2.80016	-30358.30	-39831.53	-2.71280	24.293	0.59
0.00	-30358.09	-39829.53	-2.79847	-30358.87	-39831.79	-2.71164	25.040	0.61
0.00	-30358.67	-39829.74	-2.79693	-30359.43	-39832.06	-2.71038	25.857	0.60
0.00	-30359.32	-39829.98	-2.79540	-30359.93	-39832.28	-2.70986	26.101	0.54
0.00	-30359.85	-39830.17	-2.79420	-30360.45	-39832.51	-2.71014	26.120	0.55
0.00	-30360.52	-39830.41	-2.79333	-30360.97	-39832.73	-2.71081	26.808	0.59
0.00	-30361.14	-39830.64	-2.79270	-30361.47	-39832.94	-2.71149	28.970	0.45
0.00	-30361.78	-39830.88	-2.79205	-30362.04	-39833.18	-2.71248	30.270	0.43
0.00	-30362.25	-39831.05	-2.79150	-30362.56	-39833.40	-2.71328	32.675	0.54
0.00	-30362.78	-39831.24	-2.79089	-30363.00	-39833.58	-2.71451	32.081	0.63
0.00	-30363.27	-39831.42	-2.79001	-30363.50	-39833.73	-2.71794	28.902	0.47
0.00	-30363.81	-39831.62	-2.78932	-30363.97	-39833.86	-2.72308	31.634	0.44
0.00	-30364.37	-39831.83	-2.78881	-30364.54	-39833.92	-2.73399	32.595	0.74
0.00	-30365.03	-39832.07	-2.78817	-30365.08	-39834.15	-2.73408	32.640	0.52
0.00	-30365.67	-39832.31	-2.78742	-30365.65	-39834.19	-2.74600	33.465	0.80
0.00	-30366.25	-39832.52	-2.78684	-30366.17	-39834.25	-2.75518	34.211	0.70
0.00	-30366.72	-39832.70	-2.78625	-30366.69	-39834.25	-2.76776	36.736	0.91
0.00	-30367.39	-39832.95	-2.78525	-30367.49	-39834.41	-2.77696	35.395	0.87
0.00	-30368.07	-39833.20	-2.78416	-30368.18	-39834.54	-2.78514	37.130	0.80
0.00	-30368.53	-39833.38	-2.78333	-30368.83	-39834.67	-2.79149	35.848	0.77
0.00	-30369.01	-39833.56	-2.78237	-30369.43	-39834.78	-2.79755	37.418	0.92
0.00	-30369.60	-39833.78	-2.78149	-30369.97	-39834.89	-2.80171	37.371	0.94
0.00	-30370.13	-39833.98	-2.78083	-30370.56	-39835.03	-2.80610	39.149	0.94
0.00	-30370.67	-39834.18	-2.78003	-30371.18	-39835.18	-2.80955	38.857	0.80
0.00	-30371.24	-39834.40	-2.77914	-30371.72	-39835.31	-2.81254	38.948	0.91
0.00	-30371.88	-39834.64	-2.77838	-30372.32	-39835.47	-2.81505	39.558	0.82
0.00	-30372.51	-39834.88	-2.77750	-30372.93	-39835.64	-2.81730	40.452	0.76
0.00	-30373.09	-39835.11	-2.77596	-30373.50	-39835.80	-2.81831	41.332	0.92
0.00	-30373.58	-39835.30	-2.77439	-30373.98	-39835.95	-2.81851	40.037	0.90
0.00	-30374.22	-39835.55	-2.77315	-30374.55	-39836.12	-2.81941	40.778	0.90
0.00	-30374.81	-39835.78	-2.77232	-30375.23	-39836.32	-2.82020	40.742	0.90
0.00	-30375.31	-39835.98	-2.77153	-30375.80	-39836.51	-2.82011	97.617	0.90
0.00	-30375.89	-39836.20	-2.77077	-30376.41	-39836.70	-2.82017	43.421	0.91
0.00	-30376.41	-39836.41	-2.76990	-30377.04	-39836.90	-2.82005	40.862	0.77
0.00	-30376.99	-39836.63	-2.76925	-30377.73	-39837.13	-2.81991	40.621	0.92
0.00	-30377.61	-39836.88	-2.76876	-30378.39	-39837.36	-2.81892	40.995	0.86
0.00	-30378.12	-39837.08	-2.76814	-30379.00	-39837.55	-2.81916	42.532	0.90
0.00	-30378.78	-39837.34	-2.76746	-30379.63	-39837.76	-2.81920	42.595	0.94
0.00	-30379.35	-39837.56	-2.76706	-30380.29	-39837.97	-2.82011	43.170	0.89
0.00	-30379.97	-39837.81	-2.76674	-30380.92	-39838.15	-2.82167	44.114	0.88
0.00	-30380.54	-39838.04	-2.76625	-30381.53	-39838.39	-2.81902	44.664	0.86
0.00	-30381.01	-39838.22	-2.76595	-30382.11	-39838.61	-2.81708	43.846	0.83
0.00	-30381.66	-39838.48	-2.76626	-30382.83	-39838.86	-2.81699	46.941	0.86
0.00	-30382.16	-39838.67	-2.76677	-30383.48	-39839.06	-2.81889	45.526	0.79
0.00	-30382.75	-39838.91	-2.76763	-30384.14	-39839.29	-2.81841	48.415	0.88
0.00	-30383.36	-39839.14	-2.76873	-30384.74	-39839.49	-2.81959	49.482	0.88
0.00	-30383.89	-39839.35	-2.77019	-30385.27	-39839.65	-2.82190	49.914	0.91
0.00	-30384.45	-39839.56	-2.77192	-30385.86	-39839.85	-2.82249	49.533	0.83
0.00	-30385.02	-39839.78	-2.77358	-30386.47	-39840.04	-2.82445	51.301	0.85
0.00	-30385.60	-39840.00	-2.77528	-30387.10	-39840.26	-2.82515	52.493	0.91
0.00	-30386.18	-39840.22	-2.77694	-30387.75	-39840.47	-2.82609	52.573	0.87
0.00	-30386.76	-39840.44	-2.77836	-30388.38	-39840.71	-2.82459	53.326	0.91
0.00	-30387.49	-39840.71	-2.77973	-30388.93	-39840.90	-2.82396	56.821	0.94
0.00	-30388.02	-39840.90	-2.78103	-30389.53	-39841.10	-2.82449	55.501	0.93
0.00	-30388.67	-39841.15	-2.78248	-30390.18	-39841.31	-2.82554	58.159	0.89
0.00	-30389.25	-39841.36	-2.78348	-30390.75	-39841.51	-2.82546	60.387	0.94
0.00	-30389.78	-39841.55	-2.78454	-30391.31	-39841.69	-2.82638	56.770	0.89
0.00	-30390.35	-39841.76	-2.78572	-30391.96	-39841.90	-2.82673	57.389	0.94
0.00	-30390.93	-39841.98	-2.78673	-30392.55	-39842.12	-2.82589	57.413	0.91
0.00	-30391.52	-39842.20	-2.78753	-30393.14	-39842.33	-2.82529	57.094	0.94
0.00	-30392.11	-39842.42	-2.78815	-30393.73	-39842.54	-2.82476	56.930	0.86
0.00	-30392.71	-39842.63	-2.78867	-30394.30	-39842.74	-2.82387	58.603	0.89
0.00	-30393.30	-39842.85	-2.78925	-30394.87	-39842.96	-2.82241	60.189	0.92
0.00	-30393.87	-39843.06	-2.78972	-30395.39	-39843.16	-2.82124	59.072	0.92
0.00	-30394.62	-39843.34	-2.78978	-30395.92	-39843.36	-2.81962	51.874	0.95
0.00	-30395.27	-39843.58	-2.78977	-30396.53	-39843.59	-2.81769	59.230	0.90
0.00	-30395.77	-39843.77	-2.79006	-30397.11	-39843.82	-2.81590	58.957	0.90
0.00	-30396.35	-39843.98	-2.79024	-30397.66	-39844.03	-2.81482	58.973	0.96
0.00	-30396.94	-39844.20	-2.79024	-30398.23	-39844.24	-2.81432	58.565	0.95
0.00	-30397.55	-39844.42	-2.79037	-30398.79	-39844.46	-2.81208	58.751	0.92
0.00	-30398.15	-39844.65	-2.79066	-30399.32	-39844.67	-2.81109	63.525	0.97
0.00	-30398.75	-39844.87	-2.79085	-30399.92	-39844.90	-2.80921	56.572	0.93
0.00	-30399.35	-39845.09	-2.79093	-30400.49	-39845.13	-2.80733	54.854	0.95
0.00	-30399.94	-39845.30	-2.79119	-30401.07	-39845.36	-2.80546	54.942	0.91
0.00	-30400.66	-39845.57	-2.79149	-30401.57	-39845.57	-2.80353	55.035	0.98
0.00	-30401.27	-39845.79	-2.79181	-30402.14	-39845.78	-2.80299	58.450	0.96
0.00	-30401.89	-39846.02	-2.79241	-30402.79	-39846.04	-2.80198	57.595	0.90
0.00	-30402.44	-39846.22	-2.79312	-30403.37	-39846.26	-2.80099	53.805	0.91
0.00	-30403.02	-39846.43	-2.79407	-30403.95	-39846.49	-2.80014	55.663	0.95
0.00	-30403.61	-39846.64	-2.79557	-30404.52	-39846.71	-2.80053	61.021	0.97
0.00	-30404.20	-39846.85	-2.79736	-30405.03	-39846.92	-2.80035	56.009	0.97
0.00	-30404.80	-39847.07	-2.79901	-30405.63	-39847.13	-2.80152	116.295	0.90
0.00	-30405.56	-39847.34	-2.80129	-30406.30	-39847.39	-2.80295	56.370	0.96
0.00	-30406.01	-39847.50	-2.80300	-30406.72	-39847.54	-2.80473	55.601	0.98
0.00	-30406.72	-39847.75	-2.80492	-30407.28	-39847.75	-2.80575	58.001	0.98
0.00	-30407.27	-39847.94	-2.80670	-30407.85	-39847.96	-2.80666	54.968	0.94
0.00	-30407.79	-39848.13	-2.80855	-30408.41	-39848.16	-2.80870	54.989	0.95
0.00	-30408.36	-39848.32	-2.81039	-30409.00	-39848.37	-2.80982	53.546	0.97
0.00	-30409.03	-39848.55	-2.81229	-30409.64	-39848.61	-2.81028	56.060	0.97
0.00	-30409.71	-39848.79	-2.81414	-30410.22	-39848.84	-2.81096	57.036	0.99
0.00	-30410.31	-39848.99	-2.81593	-30410.83	-39849.07	-2.81100	54.185	0.95
0.00	-30410.81	-39849.16	-2.81772	-30411.35	-39849.26	-2.81183	60.188	0.95
0.00	-30411.36	-39849.34	-2.81993	-30411.95	-39849.48	-2.81311	56.191	0.98
0.00	-30411.95	-39849.54	-2.82227	-30412.52	-39849.67	-2.81589	53.891	0.98
0.00	-30412.64	-39849.76	-2.82392	-30413.12	-39849.84	-2.81955	53.894	0.95
0.00	-30413.32	-39849.99	-2.82506	-30413.64	-39850.00	-2.82214	60.633	0.94
0.00	-30413.87	-39850.17	-2.82636	-30414.26	-39850.20	-2.82343	53.726	0.88
0.00	-30414.31	-39850.31	-2.82799	-30414.82	-39850.40	-2.82422	58.746	0.93
0.00	-30414.85	-39850.49	-2.82942	-30415.34	-39850.55	-2.82684	51.419	0.95
0.00	-30415.44	-39850.68	-2.83101	-30415.88	-39850.74	-2.82796	52.718	0.97
0.00	-30416.10	-39850.89	-2.83328	-30416.48	-39850.93	-2.82994	54.089	0.96
0.00	-30416.65	-39851.06	-2.83586	-30417.04	-39851.11	-2.83201	53.887	0.95
0.00	-30417.26	-39851.25	-2.83856	-30417.61	-39851.29	-2.83443	58.535	0.99
0.00	-30417.86	-39851.44	-2.84185	-30418.17	-39851.48	-2.83658	58.023	0.98
0.00	-30418.52	-39851.64	-2.84551	-30418.74	-39851.66	-2.84007	53.622	0.96
0.00	-30419.17	-39851.83	-2.84868	-30419.30	-39851.82	-2.84349	54.535	0.97
0.00	-30419.66	-39851.98	-2.85168	-30419.85	-39852.01	-2.84486	54.095	0.95
0.00	-30420.21	-39852.14	-2.85553	-30420.38	-39852.16	-2.84973	53.826	0.95
0.00	-30420.80	-39852.31	-2.85973	-30421.01	-39852.34	-2.85411	54.367	0.95
0.00	-30421.39	-39852.48	-2.86318	-30421.55	-39852.50	-2.85798	52.965	0.92
0.00	-30422.13	-39852.69	-2.86672	-30422.16	-39852.68	-2.86116	53.631	0.98
0.00	-30422.79	-39852.88	-2.87078	-30422.74	-39852.85	-2.86508	50.643	0.95
0.00	-30423.25	-39853.01	-2.87500	-30423.27	-39853.01	-2.86827	52.724	0.98
0.00	-30423.90	-39853.18	-2.87916	-30423.85	-39853.18	-2.87149	54.532	0.95
0.00	-30424.52	-39853.35	-2.88337	-30424.47	-39853.36	-2.87504	52.445	0.98
0.00	-30424.99	-39853.47	-2.88755	-30425.05	-39853.50	-2.88080	55.334	0.94
0.00	-30425.52	-39853.60	-2.89136	-30425.65	-39853.66	-2.88396	55.628	0.96
0.00	-30426.11	-39853.75	-2.89480	-30426.22	-39853.81	-2.88718	55.572	0.96
0.00	-30426.68	-39853.89	-2.89825	-30426.82	-39853.95	-2.89136	55.006	0.95
0.00	-30427.40	-39854.07	-2.90125	-30427.35	-39854.08	-2.89404	55.524	0.93
0.00	-30427.95	-39854.20	-2.90369	-30427.87	-39854.20	-2.89732	53.450	0.95
0.00	-30428.45	-39854.32	-2.90645	-30428.45	-39854.35	-2.89911	54.778	0.96
0.00	-30429.06	-39854.46	-2.90943	-30429.03	-39854.49	-2.90124	54.319	0.97
0.00	-30429.73	-39854.62	-2.91217	-30429.70	-39854.66	-2.90360	54.682	0.92
0.00	-30430.32	-39854.75	-2.91465	-30430.32	-39854.81	-2.90534	55.115	0.93
0.00	-30430.94	-39854.89	-2.91706	-30430.97	-39854.95	-2.90794	55.777	0.96
0.00	-30431.46	-39855.01	-2.91943	-30431.55	-39855.10	-2.90975	55.058	0.92
0.00	-30431.89	-39855.10	-2.92151	-30432.08	-39855.22	-2.91124	54.591	0.96
0.00	-30432.40	-39855.21	-2.92357	-30432.60	-39855.35	-2.91288	53.149	0.98
0.00	-30432.94	-39855.33	-2.92569	-30433.10	-39855.47	-2.91494	54.480	0.98
0.00	-30433.49	-39855.45	-2.92764	-30433.66	-39855.60	-2.91642	54.856	0.96
0.00	-30434.05	-39855.57	-2.92930	-30434.17	-39855.72	-2.91800	55.617	1.01
0.00	-30434.60	-39855.69	-2.93049	-30434.69	-39855.82	-2.92043	54.902	0.95
0.00	-30435.29	-39855.84	-2.93137	-30435.31	-39855.94	-2.92262	53.870	0.98
0.00	-30435.90	-39855.97	-2.93180	-30435.88	-39856.06	-2.92428	111.694	0.96
0.00	-30436.45	-39856.09	-2.93225	-30436.49	-39856.19	-2.92526	53.459	0.97
0.00	-30436.85	-39856.18	-2.93262	-30436.97	-39856.30	-2.92593	52.812	0.97
0.00	-30437.42	-39856.30	-2.93290	-30437.56	-39856.42	-2.92715	54.691	0.95
0.00	-30437.96	-39856.42	-2.93291	-30438.12	-39856.53	-2.92856	53.698	0.96
0.00	-30438.51	-39856.54	-2.93267	-30438.65	-39856.65	-2.92890	53.678	0.97
0.00	-30439.05	-39856.65	-2.93228	-30439.31	-39856.80	-2.92840	57.025	0.95
0.00	-30439.68	-39856.79	-2.93148	-30439.86	-39856.91	-2.92813	53.178	0.97
0.00	-30440.26	-39856.92	-2.93002	-30440.39	-39857.01	-2.92825	56.685	0.96
0.00	-30440.73	-39857.02	-2.92822	-30440.96	-39857.14	-2.92684	48.925	0.98
0.00	-30441.31	-39857.15	-2.92602	-30441.51	-39857.26	-2.92459	54.011	0.99
0.00	-30441.83	-39857.26	-2.92326	-30442.09	-39857.39	-2.92132	53.996	0.99
0.00	-30442.28	-39857.36	-2.91965	-30442.61	-39857.51	-2.91761	58.069	0.98
0.00	-30442.80	-39857.48	-2.91508	-30443.13	-39857.63	-2.91329	54.195	0.98
0.00	-30443.33	-39857.61	-2.90951	-30443.66	-39857.75	-2.90806	52.374	0.97
0.00	-30443.92	-39857.75	-2.90306	-30444.13	-39857.85	-2.90382	55.666	0.96
0.00	-30444.45	-39857.88	-2.89599	-30444.64	-39857.95	-2.89801	54.351	0.92
0.00	-30444.95	-39858.01	-2.88785	-30445.15	-39858.08	-2.89014	56.987	0.97
0.00	-30445.40	-39858.13	-2.87866	-30445.67	-39858.22	-2.88076	52.483	0.95
0.00	-30445.96	-39858.28	-2.86716	-30446.19	-39858.35	-2.87009	51.617	0.93
0.00	-30446.49	-39858.43	-2.85377	-30446.73	-39858.50	-2.85725	54.376	0.92
0.00	-30446.93	-39858.57	-2.83928	-30447.23	-39858.65	-2.84293	44.664	0.96
0.00	-30447.51	-39858.75	-2.82416	-30447.68	-39858.79	-2.82732	47.316	0.98
0.00	-30447.98	-39858.91	-2.80868	-30448.22	-39858.97	-2.81158	47.663	0.98
0.00	-30448.41	-39859.06	-2.79217	-30448.73	-39859.15	-2.79372	54.468	0.92
0.00	-30448.85	-39859.22	-2.77478	-30449.22	-39859.34	-2.77562	47.397	0.96
0.00	-30449.32	-39859.40	-2.75657	-30449.69	-39859.52	-2.75627	52.953	0.92
0.00	-30449.79	-39859.59	-2.73844	-30450.16	-39859.72	-2.73673	46.019	0.96
0.00	-30450.24	-39859.78	-2.72008	-30450.65	-39859.93	-2.71705	46.144	0.95
0.00	-30450.77	-39860.01	-2.70208	-30451.16	-39860.17	-2.69731	47.073	0.92
0.00	-30451.24	-39860.24	-2.68357	-30451.60	-39860.39	-2.67715	45.043	0.96
0.00	-30451.73	-39860.48	-2.66436	-30452.07	-39860.63	-2.65756	45.312	0.96
0.00	-30452.16	-39860.70	-2.64384	-30452.49	-39860.85	-2.63621	46.117	0.97
0.00	-30452.57	-39860.92	-2.62231	-30452.93	-39861.11	-2.61332	44.744	0.94
0.00	-30453.09	-39861.22	-2.60044	-30453.35	-39861.38	-2.59037	44.372	0.93
0.00	-30453.47	-39861.46	-2.57834	-30453.78	-39861.65	-2.56782	39.543	0.95
0.00	-30453.90	-39861.74	-2.55459	-30454.19	-39861.93	-2.54371	43.030	0.94
0.00	-30454.26	-39861.99	-2.52943	-30454.55	-39862.20	-2.51837	40.161	0.96
0.00	-30454.56	-39862.22	-2.50336	-30454.96	-39862.49	-2.49362	42.700	0.90
0.00	-30455.00	-39862.55	-2.47706	-30455.33	-39862.79	-2.46694	40.941	0.96
0.00	-30455.42	-39862.89	-2.45068	-30455.73	-39863.12	-2.44051	40.548	0.91
0.00	-30455.77	-39863.19	-2.42452	-30456.16	-39863.48	-2.41516	41.252	0.91
0.00	-30456.07	-39863.46	-2.39828	-30456.50	-39863.81	-2.38814	44.579	0.89
0.00	-30456.38	-39863.76	-2.37135	-30456.83	-39864.14	-2.36103	40.128	0.91
0.00	-30456.72	-39864.10	-2.34394	-30457.19	-39864.51	-2.33342	42.436	0.88
0.00	-30457.03	-39864.43	-2.31616	-30457.49	-39864.83	-2.30636	43.518	0.92
0.00	-30457.38	-39864.83	-2.28900	-30457.83	-39865.18	-2.28192	42.558	0.91
0.00	-30457.68	-39865.18	-2.26145	-30458.10	-39865.53	-2.25297	40.463	0.93
0.00	-30457.98	-39865.55	-2.23247	-30458.39	-39865.90	-2.22270	38.670	0.87
0.00	-30458.25	-39865.90	-2.20371	-30458.69	-39866.30	-2.19432	44.925	0.85
0.00	-30458.55	-39866.32	-2.17543	-30458.93	-39866.68	-2.16382	38.511	0.88
0.00	-30458.79	-39866.67	-2.14720	-30459.15	-39867.04	-2.13415	38.918	0.85
0.00	-30459.03	-39867.06	-2.11839	-30459.39	-39867.45	-2.10478	38.161	0.88
0.00	-30459.26	-39867.45	-2.08952	-30459.62	-39867.85	-2.07601	41.094	0.84
0.00	-30459.51	-39867.90	-2.06071	-30459.81	-39868.18	-2.04822	39.472	0.86
0.00	-30459.73	-39868.33	-2.03152	-30460.01	-39868.62	-2.01812	45.251	0.95
0.00	-30459.89	-39868.66	-2.00257	-30460.21	-39869.06	-1.98893	38.709	0.90
0.00	-30460.07	-39869.08	-1.97315	-30460.39	-39869.48	-1.95971	41.861	0.89
0.00	-30460.26	-39869.55	-1.94377	-30460.55	-39869.94	-1.92998	40.483	0.92
0.00	-30460.40	-39869.93	-1.91481	-30460.70	-39870.40	-1.89979	39.389	0.89
0.00	-30460.58	-39870.45	-1.88550	-30460.83	-39870.85	-1.86948	40.627	0.87
0.00	-30460.71	-39870.86	-1.85600	-30460.94	-39871.27	-1.83924	41.982	0.91
0.00	-30460.82	-39871.28	-1.82693	-30461.05	-39871.71	-1.80945	40.615	0.93
0.00	-30460.95	-39871.76	-1.79844	-30461.16	-39872.17	-1.78032	41.202	0.96
0.00	-30461.06	-39872.27	-1.76982	-30461.24	-39872.60	-1.75072	41.755	0.91
0.00	-30461.14	-39872.69	-1.74113	-30461.31	-39873.08	-1.71989	43.309	0.92
0.00	-30461.21	-39873.09	-1.71257	-30461.36	-39873.52	-1.69041	43.791	0.90
0.00	-30461.27	-39873.56	-1.68438	-30461.41	-39874.04	-1.66005	47.764	0.85
0.00	-30461.32	-39873.99	-1.65626	-30461.44	-39874.51	-1.63065	43.013	0.96
0.00	-30461.36	-39874.47	-1.62858	-30461.46	-39875.00	-1.60136	50.880	0.96
0.00	-30461.39	-39874.99	-1.60086	-30461.47	-39875.49	-1.57264	44.002	0.96
0.00	-30461.40	-39875.51	-1.57347	-30461.46	-39875.97	-1.54451	44.524	0.91
0.00	-30461.40	-39875.95	-1.54681	-30461.44	-39876.41	-1.51691	44.894	0.95
0.00	-30461.38	-39876.49	-1.52118	-30461.41	-39876.88	-1.49097	51.624	0.91
0.00	-30461.36	-39876.97	-1.49629	-30461.37	-39877.30	-1.46580	46.712	0.93
0.00	-30461.31	-39877.45	-1.47335	-30461.30	-39877.81	-1.44172	47.779	0.94
0.00	-30461.26	-39877.99	-1.45361	-30461.23	-39878.33	-1.42203	48.406	0.95
0.00	-30461.20	-39878.40	-1.43623	-30461.18	-39878.84	-1.40741	50.528	0.87
0.00	-30461.14	-39878.81	-1.41974	-30461.11	-39879.27	-1.39265	54.154	0.96
0.00	-30461.05	-39879.32	-1.40475	-30461.01	-39879.73	-1.37835	48.390	0.95
0.00	-30460.95	-39879.89	-1.39194	-30460.90	-39880.25	-1.36616	50.159	0.95
0.00	-30460.86	-39880.36	-1.38197	-30460.80	-39880.71	-1.35653	53.657	0.99
0.00	-30460.76	-39880.87	-1.37298	-30460.68	-39881.21	-1.34738	53.369	0.92
0.00	-30460.66	-39881.34	-1.36429	-30460.56	-39881.73	-1.33890	51.036	0.94
0.00	-30460.55	-39881.83	-1.35691	-30460.46	-39882.17	-1.33195	52.318	1.00
0.00	-30460.43	-39882.37	-1.35058	-30460.35	-39882.61	-1.32592	51.180	0.96
0.00	-30460.31	-39882.90	-1.34464	-30460.23	-39883.11	-1.32105	48.264	0.96
0.00	-30460.19	-39883.41	-1.33802	-30460.09	-39883.67	-1.31518	51.165	0.95
0.00	-30460.07	-39883.89	-1.33135	-30459.92	-39884.26	-1.30748	54.972	0.90
0.00	-30459.93	-39884.43	-1.32504	-30459.76	-39884.79	-1.30165	51.262	0.96
0.00	-30459.79	-39884.95	-1.31848	-30459.64	-39885.24	-1.29609	54.575	0.99
0.00	-30459.65	-39885.47	-1.31155	-30459.50	-39885.75	-1.29136	109.528	0.95
0.00	-30459.46	-39886.15	-1.30371	-30459.31	-39886.42	-1.28524	48.512	0.95
0.00	-30459.33	-39886.59	-1.29817	-30459.19	-39886.89	-1.28236	47.707	0.98
0.00	-30459.18	-39887.12	-1.29214	-30459.04	-39887.44	-1.27857	54.719	0.97
0.00	-30459.01	-39887.67	-1.28616	-30458.89	-39887.98	-1.27467	50.308	0.96
0.00	-30458.85	-39888.22	-1.28048	-30458.72	-39888.49	-1.26932	48.403	0.94
0.00	-30458.68	-39888.75	-1.27553	-30458.55	-39889.01	-1.26486	49.238	0.96
0.00	-30458.51	-39889.29	-1.27111	-30458.37	-39889.60	-1.26173	45.766	0.96
0.00	-30458.33	-39889.87	-1.26712	-30458.19	-39890.18	-1.25841	47.306	0.91
0.00	-30458.13	-39890.48	-1.26367	-30458.02	-39890.72	-1.25550	45.249	0.95
0.00	-30457.98	-39890.96	-1.26100	-30457.84	-39891.27	-1.25361	44.813	0.96
0.00	-30457.79	-39891.56	-1.25891	-30457.67	-39891.80	-1.25174	46.436	0.97
0.00	-30457.61	-39892.11	-1.25712	-30457.50	-39892.34	-1.25055	43.970	0.96
0.00	-30457.40	-39892.75	-1.25559	-30457.29	-39892.98	-1.24852	45.487	0.92
0.00	-30457.25	-39893.23	-1.25453	-30457.10	-39893.55	-1.24775	44.379	0.86
0.00	-30457.07	-39893.78	-1.25377	-30456.92	-39894.15	-1.24791	43.510	0.93
0.00	-30456.87	-39894.40	-1.25323	-30456.73	-39894.71	-1.24747	41.321	0.86
0.00	-30456.70	-39894.93	-1.25290	-30456.53	-39895.30	-1.24614	45.293	0.92
0.00	-30456.48	-39895.60	-1.25303	-30456.31	-39895.95	-1.24606	42.183	0.85
0.00	-30456.30	-39896.13	-1.25363	-30456.10	-39896.55	-1.24613	48.679	0.91
0.00	-30456.12	-39896.69	-1.25431	-30455.91	-39897.13	-1.24684	44.029	0.88
0.00	-30455.92	-39897.30	-1.25497	-30455.71	-39897.77	-1.24881	48.717	0.84
0.00	-30455.69	-39898.02	-1.25552	-30455.52	-39898.40	-1.25031	43.148	0.91
0.00	-30455.48	-39898.64	-1.25614	-30455.29	-39899.08	-1.25095	49.253	0.88
0.00	-30455.31	-39899.18	-1.25679	-30455.08	-39899.73	-1.25176	41.360	0.89
0.00	-30455.10	-39899.84	-1.25728	-30454.87	-39900.35	-1.25227	42.141	0.88
0.00	-30454.88	-39900.52	-1.25756	-30454.65	-39900.97	-1.25162	42.754	0.87
0.00	-30454.68	-39901.12	-1.25793	-30454.45	-39901.60	-1.25232	42.568	0.90
0.00	-30454.49	-39901.71	-1.25833	-30454.26	-39902.18	-1.25291	47.540	0.88
0.00	-30454.28	-39902.35	-1.25857	-30454.06	-39902.80	-1.25342	44.927	0.89
0.00	-30454.04	-39903.10	-1.25874	-30453.86	-39903.40	-1.25353	42.843	0.91
0.00	-30453.82	-39903.78	-1.25869	-30453.66	-39904.05	-1.25426	43.419	0.92
0.00	-30453.62	-39904.39	-1.25835	-30453.46	-39904.71	-1.25496	43.860	0.94
0.00	-30453.43	-39905.00	-1.25839	-30453.25	-39905.39	-1.25613	43.883	0.94
0.00	-30453.22	-39905.65	-1.25881	-30453.05	-39906.07	-1.25744	46.403	0.91
0.00	-30452.97	-39906.43	-1.25953	-30452.82	-39906.77	-1.25736	46.448	0.92
0.00	-30452.76	-39907.10	-1.26040	-30452.59	-39907.45	-1.25690	46.039	0.94
0.00	-30452.55	-39907.77	-1.26140	-30452.36	-39908.17	-1.25732	45.064	0.90
0.00	-30452.31	-39908.52	-1.26225	-30452.12	-39908.91	-1.25783	48.359	0.95
0.00	-30452.11	-39909.15	-1.26269	-30451.90	-39909.59	-1.25884	41.577	0.96
0.00	-30451.89	-39909.86	-1.26331	-30451.69	-39910.27	-1.25992	49.107	0.98
0.00	-30451.64	-39910.64	-1.26398	-30451.47	-39910.97	-1.26054	44.209	0.94
0.00	-30451.42	-39911.32	-1.26460	-30451.26	-39911.61	-1.26091	41.015	0.95
0.00	-30451.19	-39912.05	-1.26558	-30451.03	-39912.31	-1.26198	36.206	0.92
0.00	-30450.96	-39912.78	-1.26692	-30450.83	-39912.99	-1.26453	37.161	0.98
0.00	-30450.71	-39913.58	-1.26840	-30450.63	-39913.68	-1.26698	31.995	0.98
0.00	-30450.47	-39914.33	-1.26989	-30450.40	-39914.37	-1.26792	33.871	0.98
0.00	-30450.28	-39914.97	-1.27158	-30450.15	-39915.12	-1.26850	34.205	0.94
0.00	-30450.06	-39915.67	-1.27369	-30449.96	-39915.80	-1.27190	92.195	0.89
0.00	-30449.84	-39916.40	-1.27608	-30449.76	-39916.49	-1.27522	35.028	0.90
0.00	-30449.62	-39917.14	-1.27835	-30449.56	-39917.19	-1.27809	39.515	0.92
0.00	-30449.41	-39917.82	-1.28074	-30449.36	-39917.89	-1.28103	41.233	0.83
0.00	-30449.20	-39918.55	-1.28336	-30449.17	-39918.62	-1.28470	54.741	0.87
0.00	-30448.97	-39919.31	-1.28582	-30448.97	-39919.33	-1.28799	49.717	0.86
0.00	-30448.76	-39920.05	-1.28781	-30448.78	-39920.03	-1.29079	55.462	0.92
0.00	-30448.54	-39920.81	-1.28976	-30448.59	-39920.75	-1.29381	64.851	0.92
0.00	-30448.32	-39921.57	-1.29175	-30448.39	-39921.51	-1.29684	49.896	0.91
0.00	-30448.12	-39922.27	-1.29355	-30448.17	-39922.23	-1.29752	57.013	0.92
0.00	-30447.87	-39923.15	-1.29501	-30447.95	-39923.01	-1.29928	61.904	0.93
0.00	-30447.63	-39924.01	-1.29650	-30447.72	-39923.82	-1.30043	57.417	0.93
0.00	-30447.42	-39924.73	-1.29798	-30447.52	-39924.60	-1.30244	61.855	0.97
0.00	-30447.21	-39925.50	-1.29901	-30447.30	-39925.41	-1.30334	53.816	0.96
0.00	-30447.00	-39926.25	-1.29953	-30447.08	-39926.22	-1.30398	55.990	0.96
0.00	-30446.78	-39927.05	-1.29980	-30446.86	-39927.03	-1.30476	58.215	0.97
0.00	-30446.56	-39927.84	-1.30013	-30446.63	-39927.82	-1.30436	60.551	0.95
0.00	-30446.32	-39928.69	-1.30027	-30446.41	-39928.57	-1.30371	59.286	0.99
0.00	-30446.10	-39929.48	-1.30025	-30446.18	-39929.39	-1.30336	59.898	0.97
0.00	-30445.88	-39930.25	-1.30027	-30445.95	-39930.18	-1.30321	61.348	0.98
0.00	-30445.64	-39931.10	-1.30017	-30445.70	-39930.98	-1.30134	58.086	1.00
0.00	-30445.43	-39931.88	-1.30012	-30445.47	-39931.77	-1.30086	56.532	0.98
0.00	-30445.17	-39932.80	-1.30000	-30445.23	-39932.66	-1.30114	58.022	0.97
0.00	-30444.96	-39933.56	-1.29964	-30444.99	-39933.48	-1.30003	54.719	0.93
0.00	-30444.74	-39934.34	-1.29919	-30444.75	-39934.27	-1.29754	60.950	0.96
0.00	-30444.53	-39935.13	-1.29892	-30444.51	-39935.08	-1.29626	56.540	0.97
0.00	-30444.31	-39935.92	-1.29874	-30444.29	-39935.85	-1.29562	58.139	0.93
0.00	-30444.06	-39936.80	-1.29851	-30444.05	-39936.67	-1.29469	57.319	0.98
0.00	-30443.86	-39937.53	-1.29807	-30443.81	-39937.47	-1.29339	53.446	0.98
0.00	-30443.61	-39938.42	-1.29738	-30443.57	-39938.28	-1.29275	50.923	0.95
0.00	-30443.34	-39939.35	-1.29630	-30443.32	-39939.13	-1.29165	53.275	0.97
0.00	-30443.11	-39940.16	-1.29510	-30443.09	-39939.93	-1.29051	52.426	0.97
0.00	-30442.91	-39940.88	-1.29440	-30442.87	-39940.70	-1.29042	52.834	0.98
0.00	-30442.68	-39941.68	-1.29382	-30442.62	-39941.58	-1.28984	52.022	0.96
0.00	-30442.46	-39942.44	-1.29304	-30442.38	-39942.37	-1.28853	50.683	0.96
0.00	-30442.24	-39943.21	-1.29188	-30442.17	-39943.13	-1.28777	51.894	0.98
0.00	-30442.01	-39944.01	-1.29009	-30441.95	-39943.92	-1.28688	53.835	0.98
0.00	-30441.80	-39944.73	-1.28790	-30441.73	-39944.68	-1.28535	51.313	0.99
0.00	-30441.56	-39945.55	-1.28548	-30441.51	-39945.49	-1.28438	54.003	0.97
0.00	-30441.35	-39946.27	-1.28317	-30441.28	-39946.30	-1.28302	111.348	0.91
0.00	-30441.03	-39947.33	-1.28092	-30440.99	-39947.27	-1.28072	55.930	0.98
0.00	-30440.89	-39947.82	-1.27930	-30440.82	-39947.91	-1.28030	53.882	0.98
0.00	-30440.64	-39948.65	-1.27771	-30440.58	-39948.69	-1.27799	53.005	0.95
0.00	-30440.41	-39949.43	-1.27644	-30440.38	-39949.41	-1.27698	60.602	1.00
0.00	-30440.18	-39950.19	-1.27516	-30440.15	-39950.13	-1.27457	58.396	0.97
0.00	-30439.94	-39950.98	-1.27401	-30439.88	-39951.01	-1.27342	55.811	0.97
0.00	-30439.72	-39951.72	-1.27324	-30439.65	-39951.78	-1.27270	59.232	0.97
0.00	-30439.47	-39952.52	-1.27270	-30439.42	-39952.52	-1.27149	54.561	0.97
0.00	-30439.25	-39953.27	-1.27229	-30439.19	-39953.31	-1.27129	53.353	0.99
0.00	-30439.00	-39954.07	-1.27214	-30438.94	-39954.10	-1.27009	50.185	0.96
0.00	-30438.76	-39954.88	-1.27201	-30438.70	-39954.93	-1.27068	52.954	0.98
0.00	-30438.52	-39955.66	-1.27175	-30438.44	-39955.75	-1.26992	51.856	0.96
0.00	-30438.26	-39956.50	-1.27147	-30438.20	-39956.52	-1.26888	51.390	0.96
0.00	-30437.99	-39957.39	-1.27119	-30437.96	-39957.28	-1.26819	51.685	0.97
0.00	-30437.78	-39958.07	-1.27075	-30437.74	-39958.04	-1.26895	46.753	0.96
0.00	-30437.52	-39958.89	-1.27022	-30437.46	-39958.89	-1.26772	51.066	0.96
0.00	-30437.32	-39959.54	-1.26967	-30437.25	-39959.61	-1.26822	52.804	0.96
0.00	-30437.06	-39960.37	-1.26916	-30436.99	-39960.45	-1.26801	47.524	0.97
0.00	-30436.81	-39961.17	-1.26867	-30436.75	-39961.23	-1.26816	46.476	0.96
0.00	-30436.58	-39961.91	-1.26805	-30436.52	-39961.99	-1.26815	46.398	0.99
0.00	-30436.29	-39962.83	-1.26742	-30436.27	-39962.80	-1.26782	49.250	0.92
0.00	-30436.06	-39963.55	-1.26687	-30436.02	-39963.61	-1.26767	43.705	0.96
0.00	-30435.82	-39964.30	-1.26608	-30435.79	-39964.35	-1.26731	44.459	0.98
0.00	-30435.54	-39965.19	-1.26520	-30435.53	-39965.16	-1.26638	43.383	0.95
0.00	-30435.25	-39966.10	-1.26428	-30435.29	-39965.95	-1.26650	44.778	0.95
0.00	-30435.02	-39966.82	-1.26344	-30435.03	-39966.79	-1.26626	42.582	0.93
0.00	-30434.79	-39967.53	-1.26300	-30434.77	-39967.60	-1.26581	45.258	0.99
0.00	-30434.54	-39968.33	-1.26273	-30434.52	-39968.41	-1.26609	108.206	0.99
0.00	-30434.22	-39969.32	-1.26224	-30434.24	-39969.30	-1.26630	48.896	0.95
0.00	-30434.01	-39969.98	-1.26162	-30434.03	-39969.96	-1.26600	48.094	0.99
0.00	-30433.74	-39970.82	-1.26077	-30433.77	-39970.82	-1.26612	52.659	0.95
0.00	-30433.49	-39971.58	-1.26022	-30433.50	-39971.67	-1.26564	49.802	0.98
0.00	-30433.24	-39972.33	-1.25972	-30433.28	-39972.39	-1.26634	55.393	0.91
0.00	-30432.96	-39973.20	-1.25938	-30433.03	-39973.21	-1.26682	53.109	0.97
0.00	-30432.66	-39974.12	-1.25924	-30432.76	-39974.05	-1.26655	59.539	0.97
0.00	-30432.40	-39974.95	-1.25953	-30432.52	-39974.83	-1.26680	54.243	1.00
0.00	-30432.15	-39975.75	-1.26047	-30432.25	-39975.67	-1.26625	55.562	0.96
0.00	-30431.87	-39976.65	-1.26150	-30431.97	-39976.54	-1.26624	111.503	0.97
0.00	-30431.60	-39977.50	-1.26278	-30431.67	-39977.48	-1.26588	54.962	0.98
0.00	-30431.42	-39978.09	-1.26365	-30431.45	-39978.18	-1.26575	57.991	0.99
0.00	-30431.17	-39978.91	-1.26442	-30431.16	-39979.01	-1.26399	53.389	0.97
0.00	-30430.91	-39979.75	-1.26489	-30430.92	-39979.83	-1.26473	58.732	0.98
0.00	-30430.61	-39980.70	-1.26500	-30430.66	-39980.66	-1.26472	56.840	0.95
0.00	-30430.31	-39981.63	-1.26465	-30430.38	-39981.49	-1.26378	59.920	0.97
0.00	-30430.05	-39982.46	-1.26393	-30430.13	-39982.30	-1.26346	55.484	0.97
0.00	-30429.77	-39983.32	-1.26306	-30429.86	-39983.13	-1.26302	55.248	0.97
0.00	-30429.54	-39984.04	-1.26219	-30429.59	-39984.02	-1.26322	57.638	0.93
0.00	-30429.30	-39984.77	-1.26129	-30429.32	-39984.81	-1.26175	63.927	0.98
0.00	-30429.07	-39985.49	-1.26072	-30429.04	-39985.69	-1.26133	55.624	0.97
0.00	-30428.76	-39986.45	-1.26018	-30428.79	-39986.46	-1.26107	52.916	0.98
0.00	-30428.44	-39987.46	-1.25956	-30428.52	-39987.31	-1.26023	57.838	1.00
0.00	-30428.18	-39988.26	-1.25943	-30428.25	-39988.12	-1.25968	53.879	0.97
0.00	-30427.93	-39989.03	-1.25926	-30428.01	-39988.88	-1.26020	55.040	0.98
0.00	-30427.70	-39989.75	-1.25885	-30427.75	-39989.64	-1.25908	51.086	0.94
0.00	-30427.44	-39990.54	-1.25814	-30427.48	-39990.43	-1.25795	51.454	0.97
0.00	-30427.13	-39991.47	-1.25711	-30427.22	-39991.23	-1.25728	49.736	0.96
0.00	-30426.84	-39992.36	-1.25633	-30426.95	-39992.05	-1.25654	48.854	0.91
0.00	-30426.60	-39993.09	-1.25603	-30426.67	-39992.87	-1.25590	49.990	0.96
0.00	-30426.37	-39993.79	-1.25587	-30426.39	-39993.71	-1.25584	50.463	0.97
0.00	-30426.09	-39994.63	-1.25564	-30426.14	-39994.50	-1.25624	48.020	0.94
0.00	-30425.84	-39995.41	-1.25586	-30425.86	-39995.30	-1.25530	47.021	0.96
0.00	-30425.57	-39996.24	-1.25667	-30425.60	-39996.08	-1.25592	47.860	0.98
0.00	-30425.26	-39997.20	-1.25777	-30425.30	-39996.98	-1.25646	40.977	0.98
0.00	-30424.98	-39998.07	-1.25892	-30425.04	-39997.79	-1.25760	46.177	0.95
0.00	-30424.74	-39998.80	-1.26018	-30424.76	-39998.66	-1.25889	44.332	0.98
0.00	-30424.50	-39999.57	-1.26156	-30424.51	-39999.47	-1.26054	44.911	0.95
0.00	-30424.21	-40000.49	-1.26283	-30424.24	-40000.31	-1.26152	44.508	0.94
0.00	-30423.93	-40001.37	-1.26383	-30423.98	-40001.16	-1.26293	43.547	0.96
0.00	-30423.72	-40002.02	-1.26473	-30423.71	-40002.01	-1.26399	42.036	0.94
0.00	-30423.44	-40002.93	-1.26509	-30423.44	-40002.86	-1.26433	40.609	0.95
0.00	-30423.16	-40003.83	-1.26527	-30423.17	-40003.69	-1.26393	40.446	0.87
0.00	-30422.93	-40004.54	-1.26594	-30422.90	-40004.54	-1.26389	41.054	0.95
0.00	-30422.71	-40005.27	-1.26686	-30422.62	-40005.39	-1.26346	38.624	0.91
0.00	-30422.45	-40006.10	-1.26782	-30422.34	-40006.20	-1.26234	98.511	0.88
0.00	-30422.16	-40007.04	-1.26875	-30422.04	-40007.14	-1.26264	40.050	0.85
0.00	-30421.92	-40007.82	-1.26931	-30421.78	-40007.96	-1.26318	41.884	0.87
0.00	-30421.68	-40008.59	-1.26938	-30421.51	-40008.81	-1.26318	40.919	0.87
0.00	-30421.42	-40009.43	-1.26913	-30421.25	-40009.60	-1.26269	43.426	0.90
0.00	-30421.16	-40010.23	-1.26879	-30420.97	-40010.40	-1.26158	47.597	0.89
0.00	-30420.90	-40011.06	-1.26819	-30420.68	-40011.25	-1.26043	47.886	0.88
0.00	-30420.62	-40011.92	-1.26699	-30420.40	-40012.05	-1.25910	47.343	0.94
0.00	-30420.36	-40012.74	-1.26554	-30420.14	-40012.84	-1.25862	53.070	0.90
0.00	-30420.09	-40013.56	-1.26427	-30419.89	-40013.63	-1.25855	49.601	0.91
0.00	-30419.83	-40014.38	-1.26317	-30419.63	-40014.41	-1.25794	50.895	0.94
0.00	-30419.57	-40015.17	-1.26234	-30419.37	-40015.19	-1.25709	49.568	0.94
0.00	-30419.29	-40016.03	-1.26190	-30419.10	-40016.03	-1.25763	56.741	0.95
0.00	-30419.00	-40016.94	-1.26158	-30418.81	-40016.97	-1.25829	56.763	0.91
0.00	-30418.75	-40017.71	-1.26116	-30418.54	-40017.78	-1.25797	57.655	0.96
0.00	-30418.50	-40018.48	-1.26043	-30418.29	-40018.58	-1.25827	57.597	0.93
0.00	-30418.19	-40019.45	-1.25962	-30418.06	-40019.39	-1.25944	58.140	0.95
0.00	-30417.93	-40020.24	-1.25944	-30417.83	-40020.17	-1.26090	59.125	0.92
0.00	-30417.64	-40021.15	-1.25935	-30417.59	-40020.97	-1.26137	54.139	0.94
0.00	-30417.39	-40021.94	-1.25955	-30417.33	-40021.79	-1.26081	57.362	0.96
0.00	-30417.15	-40022.73	-1.26044	-30417.07	-40022.62	-1.26086	56.358	0.97
0.00	-30416.87	-40023.63	-1.26107	-30416.81	-40023.49	-1.26098	56.996	0.98
0.00	-30416.68	-40024.27	-1.26188	-30416.55	-40024.31	-1.25998	53.856	0.94
0.00	-30416.42	-40025.11	-1.26302	-30416.28	-40025.18	-1.26002	60.121	0.96
0.00	-30416.19	-40025.87	-1.26400	-30416.01	-40026.02	-1.25977	55.571	0.96
0.00	-30415.97	-40026.59	-1.26487	-30415.78	-40026.81	-1.26046	56.835	0.96
0.00	-30415.69	-40027.51	-1.26564	-30415.53	-40027.59	-1.26101	55.657	0.96
0.00	-30415.41	-40028.40	-1.26560	-30415.28	-40028.38	-1.26130	59.714	0.97
0.00	-30415.17	-40029.13	-1.26450	-30415.03	-40029.15	-1.26027	57.568	0.97
0.00	-30414.91	-40029.90	-1.26262	-30414.79	-40029.96	-1.26136	58.702	0.96
0.00	-30414.66	-40030.66	-1.26070	-30414.53	-40030.74	-1.26054	56.816	0.94
0.00	-30414.39	-40031.48	-1.25897	-30414.28	-40031.54	-1.26021	55.159	0.99
0.00	-30414.14	-40032.24	-1.25786	-30414.02	-40032.34	-1.25956	49.669	0.95
0.00	-30413.89	-40033.02	-1.25777	-30413.76	-40033.14	-1.25928	54.193	0.95
0.00	-30413.66	-40033.74	-1.25795	-30413.49	-40033.95	-1.25821	53.587	0.98
0.00	-30413.37	-40034.67	-1.25875	-30413.21	-40034.81	-1.25746	57.304	0.96
0.00	-30413.09	-40035.54	-1.25947	-30412.97	-40035.54	-1.25757	56.022	0.95
0.00	-30412.87	-40036.26	-1.25989	-30412.75	-40036.36	-1.25979	122.801	0.97
0.00	-30412.56	-40037.22	-1.25997	-30412.44	-40037.26	-1.25799	52.126	0.95
0.00	-30412.37	-40037.81	-1.25972	-30412.23	-40037.89	-1.25785	55.238	1.00
0.00	-30412.09	-40038.67	-1.25916	-30411.98	-40038.68	-1.25814	54.068	0.96
0.00	-30411.87	-40039.34	-1.25851	-30411.73	-40039.45	-1.25787	51.794	0.97
0.00	-30411.64	-40040.06	-1.25794	-30411.46	-40040.25	-1.25706	55.976	1.00
0.00	-30411.38	-40040.84	-1.25762	-30411.20	-40041.05	-1.25660	51.397	0.97
0.00	-30411.15	-40041.56	-1.25725	-30410.95	-40041.84	-1.25706	58.850	0.99
0.00	-30410.89	-40042.34	-1.25650	-30410.69	-40042.58	-1.25557	55.543	0.98
0.00	-30410.63	-40043.13	-1.25579	-30410.44	-40043.33	-1.25488	53.104	0.97
0.00	-30410.36	-40043.95	-1.25528	-30410.16	-40044.12	-1.25353	59.298	0.98
0.00	-30410.12	-40044.70	-1.25477	-30409.90	-40044.95	-1.25402	53.399	0.98
0.00	-30409.88	-40045.42	-1.25418	-30409.65	-40045.68	-1.25338	53.807	0.96
0.00	-30409.61	-40046.22	-1.25327	-30409.41	-40046.43	-1.25343	53.298	0.96
0.00	-30409.36	-40046.97	-1.25230	-30409.12	-40047.18	-1.25049	53.596	0.93
0.00	-30409.12	-40047.69	-1.25142	-30408.87	-40047.93	-1.25014	51.368	0.95
0.00	-30408.86	-40048.46	-1.25064	-30408.64	-40048.68	-1.25058	53.943	0.95
0.00	-30408.63	-40049.16	-1.25035	-30408.38	-40049.43	-1.24985	49.742	0.93
0.00	-30408.35	-40050.01	-1.25079	-30408.11	-40050.25	-1.24916	50.987	0.91
0.00	-30408.08	-40050.85	-1.25150	-30407.85	-40050.98	-1.24786	50.681	0.90
0.00	-30407.83	-40051.63	-1.25210	-30407.59	-40051.74	-1.24733	51.922	0.94
0.00	-30407.56	-40052.44	-1.25219	-30407.31	-40052.56	-1.24636	52.619	0.98
0.00	-30407.37	-40053.02	-1.25230	-30407.05	-40053.30	-1.24548	49.581	0.98
0.00	-30407.15	-40053.70	-1.25213	-30406.78	-40054.05	-1.24400	54.225	0.93
0.00	-30406.90	-40054.47	-1.25132	-30406.53	-40054.78	-1.24264	55.668	0.96
0.00	-30406.65	-40055.20	-1.25005	-30406.28	-40055.48	-1.24131	52.945	0.99
0.00	-30406.40	-40055.94	-1.24880	-30406.04	-40056.19	-1.24118	52.654	1.00
0.00	-30406.19	-40056.58	-1.24774	-30405.81	-40056.89	-1.24068	52.929	0.95
0.00	-30405.93	-40057.32	-1.24680	-30405.58	-40057.56	-1.24046	55.846	0.96
0.00	-30405.69	-40058.05	-1.24604	-30405.33	-40058.27	-1.23940	51.852	0.94
0.00	-30405.45	-40058.76	-1.24508	-30405.10	-40058.91	-1.23808	54.728	0.96
0.00	-30405.19	-40059.52	-1.24428	-30404.84	-40059.67	-1.23696	53.399	0.96
0.00	-30404.92	-40060.34	-1.24373	-30404.61	-40060.34	-1.23651	110.546	0.96
0.00	-30404.61	-40061.24	-1.24330	-30404.34	-40061.15	-1.23687	50.388	0.93
0.00	-30404.46	-40061.69	-1.24292	-30404.11	-40061.82	-1.23599	54.358	0.94
0.00	-30404.24	-40062.34	-1.24238	-30403.86	-40062.53	-1.23564	50.682	0.94
0.00	-30404.00	-40063.05	-1.24204	-30403.62	-40063.25	-1.23506	52.532	0.96
0.00	-30403.77	-40063.73	-1.24149	-30403.39	-40063.91	-1.23419	56.884	0.96
0.00	-30403.49	-40064.55	-1.24051	-30403.13	-40064.56	-1.23122	50.378	0.87
0.00	-30403.21	-40065.37	-1.23915	-30402.88	-40065.27	-1.22957	51.344	0.93
0.00	-30402.98	-40066.02	-1.23749	-30402.64	-40065.90	-1.22751	107.356	0.87
0.00	-30402.69	-40066.87	-1.23514	-30402.34	-40066.71	-1.22447	49.867	0.90
0.00	-30402.55	-40067.26	-1.23286	-30402.16	-40067.24	-1.22360	49.392	0.90
0.00	-30402.30	-40067.98	-1.23028	-30401.94	-40067.86	-1.22085	51.589	0.91
0.00	-30402.06	-40068.65	-1.22707	-30401.69	-40068.51	-1.21663	49.591	0.90
0.00	-30401.79	-40069.39	-1.22269	-30401.40	-40069.23	-1.21080	56.259	0.96
0.00	-30401.56	-40070.03	-1.21723	-30401.15	-40069.94	-1.20642	52.917	0.92
0.00	-30401.35	-40070.58	-1.21109	-30400.89	-40070.61	-1.19978	50.720	0.91
0.00	-30401.10	-40071.26	-1.20404	-30400.62	-40071.23	-1.19061	57.779	0.94
0.00	-30400.85	-40071.91	-1.19601	-30400.39	-40071.81	-1.18329	54.825	0.96
0.00	-30400.60	-40072.55	-1.18681	-30400.15	-40072.41	-1.17407	59.674	0.94
0.00	-30400.36	-40073.13	-1.17597	-30399.90	-40073.00	-1.16326	52.235	0.92
0.00	-30400.10	-40073.74	-1.16328	-30399.61	-40073.62	-1.14947	53.500	0.86
0.00	-30399.81	-40074.41	-1.14833	-30399.33	-40074.24	-1.13455	56.291	0.88
0.00	-30399.52	-40075.04	-1.13136	-30399.05	-40074.82	-1.11716	56.961	0.93
0.00	-30399.26	-40075.58	-1.11231	-30398.75	-40075.41	-1.09782	55.276	0.95
0.00	-30399.02	-40076.05	-1.09222	-30398.47	-40075.95	-1.07690	59.143	0.93
0.00	-30398.75	-40076.57	-1.07117	-30398.15	-40076.49	-1.05366	57.737	0.87
0.00	-30398.45	-40077.12	-1.04903	-30397.87	-40076.97	-1.03012	57.052	0.94
0.00	-30398.15	-40077.65	-1.02501	-30397.54	-40077.49	-1.00411	55.434	0.96
0.00	-30397.87	-40078.10	-0.99989	-30397.23	-40077.96	-0.97709	56.251	0.95
0.00	-30397.54	-40078.63	-0.97426	-30396.93	-40078.42	-0.95108	72.580	0.95
0.00	-30397.18	-40079.16	-0.94793	-30396.57	-40078.88	-0.92156	60.632	0.85
0.00	-30396.80	-40079.68	-0.92046	-30396.22	-40079.34	-0.89369	62.278	0.92
0.00	-30396.49	-40080.08	-0.89186	-30395.87	-40079.80	-0.86613	63.575	0.92
0.00	-30396.15	-40080.49	-0.86133	-30395.52	-40080.20	-0.83515	59.472	0.94
0.00	-30395.81	-40080.87	-0.82906	-30395.17	-40080.58	-0.80300	61.127	0.91
0.00	-30395.41	-40081.29	-0.79553	-30394.76	-40081.02	-0.77127	64.527	0.93
0.00	-30394.96	-40081.74	-0.76038	-30394.38	-40081.40	-0.73787	56.843	0.88
0.00	-30394.51	-40082.16	-0.72507	-30393.98	-40081.74	-0.70333	56.316	0.89
0.00	-30394.12	-40082.48	-0.69029	-30393.59	-40082.08	-0.67061	54.648	0.94
0.00	-30393.68	-40082.82	-0.65492	-30393.16	-40082.45	-0.63939	56.503	0.94
0.00	-30393.31	-40083.08	-0.61854	-30392.73	-40082.82	-0.60763	55.486	0.94
0.00	-30392.88	-40083.36	-0.58021	-30392.26	-40083.15	-0.57199	56.083	0.92
0.00	-30392.44	-40083.63	-0.54313	-30391.78	-40083.44	-0.53577	53.586	0.92
0.00	-30391.98	-40083.89	-0.50578	-30391.32	-40083.73	-0.50103	52.560	0.89
0.00	-30391.52	-40084.13	-0.46957	-30390.84	-40083.99	-0.46577	53.274	0.93
0.00	-30391.00	-40084.39	-0.43474	-30390.42	-40084.18	-0.43104	49.083	0.92
0.00	-30390.44	-40084.64	-0.39903	-30389.95	-40084.41	-0.39617	48.747	0.96
0.00	-30389.93	-40084.84	-0.36331	-30389.46	-40084.63	-0.36213	47.010	0.93
0.00	-30389.46	-40085.01	-0.32813	-30388.97	-40084.82	-0.32787	48.397	0.93
0.00	-30388.99	-40085.17	-0.29350	-30388.41	-40085.01	-0.29296	46.416	0.91
0.00	-30388.57	-40085.29	-0.25950	-30387.92	-40085.17	-0.25969	46.572	0.91
0.00	-30388.08	-40085.41	-0.22592	-30387.42	-40085.31	-0.22650	42.345	0.94
0.00	-30387.59	-40085.52	-0.19233	-30386.96	-40085.42	-0.19400	45.044	0.94
0.00	-30387.09	-40085.61	-0.15899	-30386.39	-40085.54	-0.16066	41.290	0.89
0.00	-30386.59	-40085.68	-0.12649	-30385.89	-40085.63	-0.12872	46.501	0.92
0.00	-30385.98	-40085.75	-0.09463	-30385.37	-40085.68	-0.09636	41.470	0.94
0.00	-30385.46	-40085.80	-0.06326	-30384.84	-40085.72	-0.06367	39.408	0.94
0.00	-30385.03	-40085.82	-0.03284	-30384.33	-40085.74	-0.03275	42.130	0.94
0.00	-30384.54	-40085.83	-0.00436	-30383.81	-40085.75	-0.00427	46.418	0.95
0.00	-30383.97	-40085.82	0.02211	-30383.18	-40085.76	0.02174	40.157	0.96
0.00	-30383.47	-40085.80	0.04590	-30382.67	-40085.72	0.04680	39.771	0.94
0.00	-30382.95	-40085.77	0.06735	-30382.15	-40085.68	0.06918	39.908	0.90
0.00	-30382.40	-40085.73	0.08713	-30381.63	-40085.64	0.08868	36.629	0.95
0.00	-30381.86	-40085.68	0.10543	-30381.10	-40085.59	0.10631	38.928	0.97
0.00	-30381.33	-40085.62	0.12200	-30380.55	-40085.53	0.12269	35.656	0.97
0.00	-30380.69	-40085.53	0.13778	-30380.02	-40085.46	0.13806	36.259	0.94
0.00	-30380.13	-40085.45	0.15366	-30379.49	-40085.37	0.15409	37.080	0.99
0.00	-30379.65	-40085.37	0.16962	-30378.96	-40085.29	0.16917	36.468	0.93
0.00	-30379.12	-40085.27	0.18489	-30378.40	-40085.18	0.18419	33.519	0.97
0.00	-30378.58	-40085.16	0.19879	-30377.86	-40085.07	0.19778	34.788	0.95
0.00	-30377.97	-40085.03	0.21241	-30377.26	-40084.94	0.21167	36.760	0.90
0.00	-30377.42	-40084.91	0.22528	-30376.73	-40084.82	0.22481	33.135	0.94
0.00	-30376.91	-40084.79	0.23662	-30376.17	-40084.67	0.23702	35.702	0.93
0.00	-30376.31	-40084.64	0.24688	-30375.61	-40084.52	0.24800	33.109	0.96
0.00	-30375.75	-40084.49	0.25504	-30375.09	-40084.39	0.25582	31.895	0.96
0.00	-30374.98	-40084.29	0.26127	-30374.48	-40084.22	0.26237	32.359	0.99
0.00	-30374.41	-40084.14	0.26665	-30374.00	-40084.10	0.26695	92.706	0.91
0.00	-30373.86	-40083.98	0.27143	-30373.42	-40083.92	0.27277	32.195	0.97
0.00	-30373.27	-40083.82	0.27493	-30372.82	-40083.75	0.27629	31.146	1.00
0.00	-30372.66	-40083.64	0.27792	-30372.17	-40083.55	0.28073	31.337	0.94
0.00	-30372.06	-40083.47	0.28124	-30371.62	-40083.39	0.28350	32.055	1.00
0.00	-30371.44	-40083.29	0.28429	-30371.00	-40083.21	0.28628	31.929	0.97
0.00	-30370.83	-40083.11	0.28679	-30370.41	-40083.04	0.28892	32.080	0.93
0.00	-30370.21	-40082.93	0.28939	-30369.81	-40082.85	0.29207	31.692	0.95
0.00	-30369.61	-40082.75	0.29185	-30369.18	-40082.67	0.29358	29.308	0.95
0.00	-30368.83	-40082.51	0.29383	-30368.58	-40082.48	0.29552	31.149	0.95
0.00	-30368.12	-40082.30	0.29530	-30367.87	-40082.26	0.29739	28.870	0.95
0.00	-30367.57	-40082.13	0.29648	-30367.31	-40082.08	0.29875	30.964	0.95
0.00	-30366.96	-40081.94	0.29749	-30366.72	-40081.90	0.29942	27.564	0.95
0.00	-30366.29	-40081.73	0.29835	-30366.09	-40081.70	0.30022	30.293	0.96
0.00	-30365.63	-40081.53	0.29924	-30365.46	-40081.50	0.30078	29.473	0.99
0.00	-30364.97	-40081.32	0.30025	-30364.82	-40081.30	0.30193	30.619	0.99
0.00	-30364.30	-40081.11	0.30128	-30364.21	-40081.10	0.30314	30.705	0.97
0.00	-30363.63	-40080.90	0.30226	-30363.55	-40080.88	0.30439	31.187	0.89
0.00	-30362.98	-40080.69	0.30299	-30362.83	-40080.66	0.30422	29.538	0.95
0.00	-30362.17	-40080.43	0.30390	-30362.11	-40080.43	0.30491	29.784	0.97
0.00	-30361.51	-40080.23	0.30488	-30361.43	-40080.21	0.30617	29.809	0.95
0.00	-30360.82	-40080.01	0.30547	-30360.62	-40079.95	0.30676	37.012	0.95
0.00	-30360.19	-40079.81	0.30617	-30359.98	-40079.75	0.30720	31.299	0.93
0.00	-30359.51	-40079.59	0.30688	-30359.29	-40079.52	0.30840	33.907	0.96
0.00	-30358.82	-40079.38	0.30732	-30358.63	-40079.33	0.30766	32.780	0.96
0.00	-30358.11	-40079.15	0.30774	-30357.93	-40079.13	0.30733	38.649	0.92
0.00	-30357.42	-40078.93	0.30793	-30357.21	-40078.91	0.30705	33.403	0.92
0.00	-30356.72	-40078.71	0.30796	-30356.55	-40078.70	0.30736	35.071	0.93
0.00	-30356.02	-40078.49	0.30818	-30355.82	-40078.46	0.30835	32.696	0.98
0.00	-30355.18	-40078.23	0.30854	-30355.15	-40078.27	0.30750	34.450	0.91
0.00	-30354.53	-40078.02	0.30878	-30354.46	-40078.04	0.30876	37.697	0.96
0.00	-30353.83	-40077.80	0.30865	-30353.69	-40077.77	0.31111	42.418	0.89
0.00	-30353.26	-40077.62	0.30869	-30353.09	-40077.57	0.31168	36.771	0.94
0.00	-30352.48	-40077.38	0.30874	-30352.32	-40077.33	0.31127	43.299	0.93
0.00	-30351.80	-40077.16	0.30873	-30351.66	-40077.12	0.31095	38.176	0.97
0.00	-30351.11	-40076.94	0.30919	-30350.98	-40076.88	0.31242	38.413	0.95
0.00	-30350.42	-40076.71	0.31005	-30350.31	-40076.67	0.31251	39.371	0.93
0.00	-30349.70	-40076.48	0.31102	-30349.59	-40076.44	0.31270	39.815	0.95
0.00	-30348.99	-40076.24	0.31194	-30348.87	-40076.22	0.31223	42.383	0.95
0.00	-30348.19	-40075.98	0.31285	-30348.24	-40076.00	0.31360	40.148	0.97
0.00	-30347.57	-40075.78	0.31353	-30347.60	-40075.78	0.31542	41.844	0.94
0.00	-30346.94	-40075.58	0.31381	-30346.98	-40075.57	0.31641	40.237	0.92
0.00	-30346.28	-40075.36	0.31405	-30346.30	-40075.37	0.31524	46.806	0.95
0.00	-30345.59	-40075.14	0.31425	-30345.62	-40075.15	0.31561	41.236	0.92
0.00	-30344.83	-40074.90	0.31390	-30344.85	-40074.90	0.31513	43.487	0.94
0.00	-30344.16	-40074.68	0.31375	-30344.15	-40074.66	0.31599	101.882	0.98
0.00	-30343.45	-40074.45	0.31397	-30343.44	-40074.42	0.31757	42.114	0.93
0.00	-30342.79	-40074.24	0.31392	-30342.70	-40074.18	0.31743	45.618	0.91
0.00	-30342.10	-40074.02	0.31390	-30342.03	-40073.95	0.31833	48.244	0.93
0.00	-30341.26	-40073.75	0.31407	-30341.35	-40073.72	0.31895	41.928	0.92
0.00	-30340.64	-40073.55	0.31407	-30340.61	-40073.45	0.32077	45.660	0.84
0.00	-30339.99	-40073.34	0.31410	-30339.97	-40073.25	0.32001	42.552	0.90
0.00	-30339.34	-40073.13	0.31418	-30339.29	-40073.02	0.32065	42.097	0.90
0.00	-30338.67	-40072.91	0.31393	-30338.58	-40072.79	0.31991	42.157	0.96
0.00	-30338.01	-40072.69	0.31369	-30337.89	-40072.55	0.32065	41.879	0.93
0.00	-30337.23	-40072.44	0.31389	-30337.12	-40072.29	0.32108	39.000	0.97
0.00	-30336.57	-40072.23	0.31409	-30336.44	-40072.06	0.32173	39.434	0.91
0.00	-30335.90	-40072.01	0.31395	-30335.76	-40071.83	0.32181	39.655	0.90
0.00	-30335.19	-40071.78	0.31372	-30335.09	-40071.60	0.32199	42.671	0.91
0.00	-30334.38	-40071.52	0.31365	-30334.40	-40071.38	0.32183	38.844	0.95
0.00	-30333.77	-40071.32	0.31360	-30333.70	-40071.15	0.32091	42.475	0.95
0.00	-30333.11	-40071.11	0.31355	-30332.97	-40070.91	0.32053	40.917	0.89
0.00	-30332.43	-40070.88	0.31367	-30332.24	-40070.67	0.31986	40.063	0.95
0.00	-30331.74	-40070.66	0.31396	-30331.58	-40070.44	0.32084	40.349	0.88
0.00	-30331.05	-40070.43	0.31424	-30330.85	-40070.19	0.32106	44.361	0.91
0.00	-30330.36	-40070.20	0.31452	-30330.13	-40069.93	0.32204	40.513	0.92
0.00	-30329.60	-40069.95	0.31486	-30329.37	-40069.69	0.32092	39.961	0.91
0.00	-30328.94	-40069.73	0.31510	-30328.69	-40069.43	0.32275	39.861	0.89
0.00	-30328.20	-40069.49	0.31517	-30328.01	-40069.19	0.32373	38.455	0.87
0.00	-30327.39	-40069.22	0.31534	-30327.30	-40068.95	0.32336	39.808	0.90
0.00	-30326.80	-40069.03	0.31546	-30326.62	-40068.71	0.32403	39.849	0.88
0.00	-30326.11	-40068.80	0.31555	-30325.94	-40068.48	0.32415	37.761	0.88
0.00	-30325.42	-40068.58	0.31565	-30325.22	-40068.24	0.32404	40.746	0.96
0.00	-30324.72	-40068.35	0.31536	-30324.56	-40067.99	0.32548	37.434	0.93
0.00	-30324.03	-40068.13	0.31499	-30323.81	-40067.74	0.32559	40.141	0.80
0.00	-30323.33	-40067.90	0.31486	-30323.08	-40067.52	0.32399	41.150	0.91
0.00	-30322.62	-40067.67	0.31465	-30322.35	-40067.28	0.32369	41.813	0.92
0.00	-30321.91	-40067.44	0.31431	-30321.66	-40067.05	0.32312	42.654	0.92
0.00	-30321.07	-40067.17	0.31366	-30320.92	-40066.78	0.32428	42.778	0.87
0.00	-30320.30	-40066.92	0.31302	-30320.18	-40066.56	0.32261	44.272	0.92
0.00	-30319.68	-40066.73	0.31241	-30319.50	-40066.33	0.32294	43.347	0.94
0.00	-30319.02	-40066.51	0.31171	-30318.78	-40066.08	0.32297	40.959	0.95
0.00	-30318.32	-40066.29	0.31119	-30318.03	-40065.83	0.32246	41.110	0.96
0.00	-30317.61	-40066.06	0.31103	-30317.26	-40065.60	0.32083	44.838	0.89
0.00	-30316.87	-40065.82	0.31095	-30316.48	-40065.33	0.32109	44.172	0.91
0.00	-30316.15	-40065.59	0.31082	-30315.75	-40065.09	0.32077	42.165	0.88
0.00	-30315.43	-40065.36	0.31072	-30315.06	-40064.87	0.32074	42.379	0.90
0.00	-30314.73	-40065.14	0.31100	-30314.37	-40064.64	0.32135	49.370	0.87
0.00	-30313.95	-40064.89	0.31114	-30313.64	-40064.43	0.31954	100.238	0.91
0.00	-30313.08	-40064.61	0.31081	-30312.83	-40064.17	0.31881	43.315	0.87
0.00	-30312.49	-40064.43	0.31022	-30312.14	-40063.95	0.31816	40.526	0.85
0.00	-30311.83	-40064.22	0.30978	-30311.44	-40063.74	0.31681	41.679	0.88
0.00	-30311.14	-40064.00	0.30943	-30310.77	-40063.54	0.31566	42.403	0.88
0.00	-30310.44	-40063.78	0.30896	-30310.03	-40063.31	0.31479	41.635	0.87
0.00	-30309.72	-40063.55	0.30856	-30309.29	-40063.07	0.31437	40.893	0.91
0.00	-30308.99	-40063.31	0.30840	-30308.58	-40062.85	0.31316	40.489	0.94
0.00	-30308.29	-40063.09	0.30858	-30307.84	-40062.61	0.31274	38.423	0.87
0.00	-30307.60	-40062.86	0.30926	-30307.07	-40062.38	0.31123	39.849	0.92
0.00	-30306.79	-40062.60	0.31007	-30306.36	-40062.17	0.31021	37.627	0.90
0.00	-30306.06	-40062.36	0.31058	-30305.70	-40061.97	0.30905	42.079	0.88
0.00	-30305.38	-40062.14	0.31106	-30304.92	-40061.74	0.30791	37.039	0.92
0.00	-30304.74	-40061.93	0.31198	-30304.22	-40061.52	0.30801	37.896	0.85
0.00	-30304.09	-40061.72	0.31297	-30303.57	-40061.32	0.30796	34.684	0.91
0.00	-30303.41	-40061.50	0.31370	-30302.88	-40061.11	0.30834	36.776	0.93
0.00	-30302.72	-40061.27	0.31450	-30302.25	-40060.90	0.30923	35.681	0.91
0.00	-30302.05	-40061.05	0.31528	-30301.62	-40060.70	0.30947	37.953	0.88
0.00	-30301.35	-40060.82	0.31582	-30300.94	-40060.50	0.30892	34.328	0.89
0.00	-30300.66	-40060.59	0.31620	-30300.23	-40060.27	0.30918	39.902	0.89
0.00	-30299.83	-40060.32	0.31650	-30299.55	-40060.05	0.30927	33.120	0.90
0.00	-30299.14	-40060.09	0.31709	-30298.90	-40059.85	0.30947	31.526	0.86
0.00	-30298.56	-40059.90	0.31784	-30298.20	-40059.62	0.31014	32.213	0.92
0.00	-30297.92	-40059.69	0.31836	-30297.47	-40059.39	0.31024	35.804	0.90
0.00	-30297.19	-40059.44	0.31879	-30296.70	-40059.14	0.31030	31.165	0.86
0.00	-30296.54	-40059.23	0.31924	-30296.03	-40058.92	0.31114	31.804	0.86
0.00	-30295.88	-40059.01	0.31954	-30295.35	-40058.70	0.31167	31.206	0.88
0.00	-30295.22	-40058.80	0.31959	-30294.73	-40058.50	0.31241	32.725	0.93
0.00	-30294.54	-40058.57	0.31959	-30294.12	-40058.30	0.31265	29.697	0.90
0.00	-30293.91	-40058.37	0.31967	-30293.45	-40058.08	0.31342	29.103	0.84
0.00	-30293.11	-40058.11	0.31948	-30292.77	-40057.87	0.31339	30.358	0.87
0.00	-30292.42	-40057.88	0.31908	-30292.11	-40057.66	0.31323	31.039	0.90
0.00	-30291.80	-40057.68	0.31862	-30291.44	-40057.43	0.31422	29.976	0.91
0.00	-30291.01	-40057.43	0.31817	-30290.78	-40057.21	0.31487	29.580	0.88
0.00	-30290.39	-40057.23	0.31777	-30290.14	-40057.00	0.31535	29.508	0.88
0.00	-30289.82	-40057.04	0.31733	-30289.45	-40056.77	0.31525	27.935	0.82
0.00	-30289.11	-40056.81	0.31698	-30288.70	-40056.53	0.31532	28.928	0.92
0.00	-30288.49	-40056.61	0.31679	-30288.07	-40056.32	0.31530	29.573	0.92
0.00	-30287.84	-40056.39	0.31666	-30287.42	-40056.12	0.31487	29.046	0.86
0.00	-30287.18	-40056.18	0.31686	-30286.72	-40055.89	0.31502	28.977	0.90
0.00	-30286.38	-40055.91	0.31730	-30286.03	-40055.66	0.31582	28.193	0.91
0.00	-30285.73	-40055.70	0.31768	-30285.38	-40055.43	0.31653	25.775	0.86
0.00	-30285.12	-40055.50	0.31821	-30284.70	-40055.21	0.31635	28.777	0.88
0.00	-30284.48	-40055.28	0.31879	-30284.01	-40054.96	0.31803	86.414	0.88
0.00	-30283.83	-40055.06	0.31920	-30283.35	-40054.75	0.31782	29.899	0.87
0.00	-30283.17	-40054.84	0.31976	-30282.65	-40054.52	0.31768	29.167	0.92
0.00	-30282.50	-40054.62	0.32056	-30281.97	-40054.30	0.31738	34.535	0.84
0.00	-30281.87	-40054.40	0.32117	-30281.34	-40054.10	0.31742	28.498	0.94
0.00	-30281.21	-40054.18	0.32156	-30280.72	-40053.89	0.31773	29.837	0.88
0.00	-30280.49	-40053.94	0.32226	-30280.02	-40053.64	0.31921	28.939	0.90
0.00	-30279.72	-40053.68	0.32308	-30279.39	-40053.42	0.32041	28.483	0.91
0.00	-30279.11	-40053.47	0.32378	-30278.77	-40053.21	0.32089	29.848	0.94
0.00	-30278.51	-40053.27	0.32459	-30278.11	-40053.00	0.32108	31.150	0.91
0.00	-30277.87	-40053.05	0.32531	-30277.48	-40052.77	0.32248	30.607	0.80
0.00	-30277.22	-40052.83	0.32564	-30276.83	-40052.55	0.32305	32.479	0.90
0.00	-30276.53	-40052.60	0.32598	-30276.20	-40052.35	0.32320	30.850	0.93
0.00	-30275.87	-40052.38	0.32641	-30275.55	-40052.11	0.32488	31.936	0.91
0.00	-30275.20	-40052.16	0.32660	-30274.92	-40051.90	0.32540	30.795	0.95
0.00	-30274.54	-40051.93	0.32695	-30274.27	-40051.69	0.32587	33.066	0.86
0.00	-30273.89	-40051.71	0.32757	-30273.59	-40051.46	0.32628	32.942	0.96
0.00	-30273.02	-40051.42	0.32816	-30272.89	-40051.23	0.32670	34.426	0.92
0.00	-30272.44	-40051.22	0.32872	-30272.21	-40051.00	0.32727	34.299	0.95
0.00	-30271.83	-40051.02	0.32912	-30271.54	-40050.79	0.32646	37.722	0.97
0.00	-30271.19	-40050.80	0.32937	-30270.89	-40050.57	0.32728	34.555	0.94
0.00	-30270.50	-40050.56	0.32978	-30270.24	-40050.33	0.32867	37.228	0.92
0.00	-30269.84	-40050.33	0.33073	-30269.58	-40050.12	0.32866	32.651	0.95
0.00	-30269.17	-40050.11	0.33182	-30268.90	-40049.89	0.32955	33.533	0.98
0.00	-30268.53	-40049.88	0.33242	-30268.25	-40049.67	0.32972	35.211	0.92
0.00	-30267.87	-40049.65	0.33267	-30267.60	-40049.45	0.32980	35.869	0.97
0.00	-30267.20	-40049.42	0.33280	-30266.95	-40049.23	0.32979	34.492	0.97
0.00	-30266.42	-40049.15	0.33310	-30266.30	-40049.02	0.32915	35.240	0.94
0.00	-30265.75	-40048.92	0.33353	-30265.55	-40048.75	0.32988	35.566	0.99
0.00	-30265.20	-40048.72	0.33360	-30264.91	-40048.55	0.32872	35.542	0.97
0.00	-30264.60	-40048.52	0.33379	-30264.29	-40048.34	0.32854	35.505	0.94
0.00	-30263.96	-40048.30	0.33440	-30263.67	-40048.15	0.32835	36.674	0.99
0.00	-30263.31	-40048.07	0.33465	-30262.96	-40047.91	0.32829	40.119	0.98
0.00	-30262.62	-40047.84	0.33430	-30262.31	-40047.69	0.32851	40.415	0.97
0.00	-30261.96	-40047.61	0.33361	-30261.67	-40047.47	0.32830	41.782	0.99
0.00	-30261.30	-40047.38	0.33276	-30260.92	-40047.21	0.32774	38.812	0.94
0.00	-30260.62	-40047.15	0.33199	-30260.28	-40046.99	0.32784	45.365	0.98
0.00	-30259.84	-40046.88	0.33127	-30259.61	-40046.75	0.32827	39.783	0.96
0.00	-30259.27	-40046.69	0.33058	-30258.95	-40046.54	0.32692	44.446	0.96
0.00	-30258.59	-40046.45	0.33011	-30258.23	-40046.30	0.32636	41.432	0.95
0.00	-30257.97	-40046.24	0.32979	-30257.56	-40046.07	0.32577	39.730	0.95
0.00	-30257.31	-40046.01	0.32947	-30256.97	-40045.87	0.32527	41.505	0.96
0.00	-30256.65	-40045.79	0.32906	-30256.37	-40045.67	0.32489	41.408	0.98
0.00	-30255.99	-40045.56	0.32861	-30255.66	-40045.42	0.32497	39.307	0.95
0.00	-30255.38	-40045.36	0.32801	-30255.09	-40045.20	0.32594	40.732	0.86
0.00	-30254.56	-40045.08	0.32725	-30254.42	-40044.97	0.32620	40.912	0.94
0.00	-30253.87	-40044.85	0.32632	-30253.72	-40044.73	0.32505	97.586	0.96
0.00	-30253.09	-40044.58	0.32541	-30253.04	-40044.51	0.32420	40.448	0.98
0.00	-30252.49	-40044.38	0.32472	-30252.34	-40044.27	0.32422	40.684	0.91
0.00	-30251.85	-40044.17	0.32388	-30251.66	-40044.05	0.32248	41.182	0.95
0.00	-30251.17	-40043.94	0.32286	-30250.96	-40043.82	0.32172	40.654	0.97
0.00	-30250.41	-40043.69	0.32194	-30250.20	-40043.56	0.32131	36.814	1.00
0.00	-30249.74	-40043.47	0.32099	-30249.43	-40043.30	0.32096	38.555	0.96
0.00	-30249.05	-40043.24	0.32018	-30248.73	-40043.07	0.32033	38.107	0.96
0.00	-30248.34	-40043.00	0.31973	-30248.07	-40042.86	0.31918	37.987	0.94
0.00	-30247.52	-40042.73	0.31939	-30247.31	-40042.61	0.31843	36.698	0.94
0.00	-30246.79	-40042.49	0.31905	-30246.59	-40042.38	0.31750	36.438	0.95
0.00	-30246.14	-40042.27	0.31856	-30245.86	-40042.13	0.31748	35.296	0.93
0.00	-30245.44	-40042.04	0.31832	-30245.17	-40041.91	0.31690	37.464	0.96
0.00	-30244.73	-40041.81	0.31823	-30244.42	-40041.65	0.31748	35.798	0.92
0.00	-30244.02	-40041.57	0.31800	-30243.71	-40041.41	0.31735	35.507	0.94
0.00	-30243.30	-40041.33	0.31774	-30242.99	-40041.17	0.31734	35.650	0.97
0.00	-30242.50	-40041.07	0.31754	-30242.28	-40040.94	0.31723	37.925	0.97
0.00	-30241.81	-40040.84	0.31750	-30241.52	-40040.68	0.31744	34.364	0.92
0.00	-30241.08	-40040.61	0.31727	-30240.81	-40040.44	0.31823	35.794	0.92
0.00	-30240.34	-40040.36	0.31690	-30240.08	-40040.17	0.31959	36.387	0.93
0.00	-30239.54	-40040.10	0.31661	-30239.36	-40039.94	0.31947	32.209	0.92
0.00	-30238.72	-40039.84	0.31609	-30238.59	-40039.70	0.31822	31.670	0.90
0.00	-30238.07	-40039.62	0.31539	-30237.84	-40039.42	0.31956	29.748	0.90
0.00	-30237.36	-40039.40	0.31488	-30237.04	-40039.17	0.31873	28.879	0.89
0.00	-30236.60	-40039.15	0.31440	-30236.36	-40038.95	0.31767	30.405	0.94
0.00	-30235.86	-40038.91	0.31397	-30235.60	-40038.69	0.31854	28.906	0.88
0.00	-30235.13	-40038.67	0.31371	-30234.78	-40038.42	0.31813	28.957	0.94
0.00	-30234.40	-40038.44	0.31358	-30234.04	-40038.16	0.31915	27.317	0.91
0.00	-30233.60	-40038.18	0.31355	-30233.31	-40037.91	0.31898	28.083	0.92
0.00	-30232.89	-40037.94	0.31344	-30232.57	-40037.67	0.31853	28.238	0.79
0.00	-30232.05	-40037.67	0.31320	-30231.87	-40037.43	0.31857	26.321	0.86
0.00	-30231.27	-40037.42	0.31318	-30231.11	-40037.19	0.31812	27.907	0.89
0.00	-30230.63	-40037.21	0.31315	-30230.38	-40036.93	0.31859	27.402	0.92
0.00	-30229.92	-40036.98	0.31316	-30229.66	-40036.72	0.31718	26.470	0.95
0.00	-30229.19	-40036.74	0.31320	-30228.95	-40036.48	0.31703	26.771	0.91
0.00	-30228.47	-40036.50	0.31322	-30228.18	-40036.23	0.31624	27.014	0.95
0.00	-30227.73	-40036.26	0.31336	-30227.41	-40035.97	0.31640	25.951	0.93
0.00	-30227.00	-40036.02	0.31330	-30226.65	-40035.72	0.31596	26.531	0.88
0.00	-30226.27	-40035.78	0.31312	-30225.95	-40035.50	0.31548	27.243	0.95
0.00	-30225.48	-40035.53	0.31316	-30225.17	-40035.24	0.31545	26.633	0.88
0.00	-30224.68	-40035.26	0.31307	-30224.43	-40035.01	0.31429	26.260	0.86
0.00	-30223.92	-40035.02	0.31267	-30223.68	-40034.76	0.31397	88.253	0.99
0.00	-30223.30	-40034.82	0.31221	-30222.91	-40034.52	0.31345	82.942	0.92
0.00	-30222.61	-40034.59	0.31209	-30222.23	-40034.28	0.31396	27.578	0.90
0.00	-30221.88	-40034.36	0.31213	-30221.44	-40034.03	0.31358	26.815	0.89
0.00	-30221.16	-40034.12	0.31216	-30220.67	-40033.79	0.31290	27.310	0.96
0.00	-30220.41	-40033.88	0.31221	-30220.00	-40033.56	0.31384	27.464	0.89
0.00	-30219.69	-40033.65	0.31247	-30219.29	-40033.32	0.31435	29.047	0.95
0.00	-30218.97	-40033.42	0.31296	-30218.53	-40033.08	0.31472	27.892	0.91
0.00	-30218.27	-40033.19	0.31321	-30217.86	-40032.85	0.31595	29.025	0.96
0.00	-30217.42	-40032.92	0.31326	-30217.17	-40032.62	0.31662	30.378	0.99
0.00	-30216.62	-40032.66	0.31326	-30216.38	-40032.38	0.31606	30.373	0.94
0.00	-30216.03	-40032.47	0.31312	-30215.69	-40032.14	0.31672	29.756	0.95
0.00	-30215.35	-40032.25	0.31324	-30215.02	-40031.93	0.31669	32.666	0.95
0.00	-30214.66	-40032.04	0.31339	-30214.32	-40031.69	0.31779	31.200	0.90
0.00	-30213.94	-40031.80	0.31373	-30213.64	-40031.45	0.31990	31.687	0.94
0.00	-30213.24	-40031.58	0.31448	-30212.93	-40031.24	0.31956	34.534	0.90
0.00	-30212.51	-40031.34	0.31549	-30212.23	-40030.99	0.32170	33.581	0.93
0.00	-30211.80	-40031.11	0.31663	-30211.56	-40030.76	0.32311	33.071	0.94
0.00	-30211.03	-40030.86	0.31800	-30210.78	-40030.51	0.32409	37.360	0.98
0.00	-30210.29	-40030.61	0.31930	-30210.16	-40030.31	0.32492	33.810	0.93
0.00	-30209.57	-40030.38	0.32072	-30209.44	-40030.05	0.32730	31.669	0.95
0.00	-30208.95	-40030.17	0.32234	-30208.71	-40029.82	0.32842	33.375	0.98
0.00	-30208.20	-40029.92	0.32399	-30207.98	-40029.58	0.32935	34.361	0.98
0.00	-30207.54	-40029.70	0.32550	-30207.28	-40029.34	0.33068	34.237	0.96
0.00	-30206.84	-40029.46	0.32710	-30206.49	-40029.10	0.33092	35.309	0.91
0.00	-30206.15	-40029.23	0.32890	-30205.79	-40028.85	0.33316	33.355	0.93
0.00	-30205.42	-40028.98	0.33086	-30205.09	-40028.63	0.33410	34.896	0.93
0.00	-30204.74	-40028.75	0.33278	-30204.37	-40028.40	0.33460	35.792	0.99
0.00	-30204.04	-40028.50	0.33480	-30203.77	-40028.17	0.33798	33.262	0.98
0.00	-30203.19	-40028.21	0.33695	-30203.02	-40027.92	0.33968	33.451	0.99
0.00	-30202.52	-40027.98	0.33913	-30202.32	-40027.68	0.34109	32.623	0.95
0.00	-30201.90	-40027.75	0.34121	-30201.62	-40027.44	0.34266	32.562	0.98
0.00	-30201.22	-40027.51	0.34318	-30200.94	-40027.22	0.34364	32.241	0.96
0.00	-30200.53	-40027.27	0.34511	-30200.26	-40026.96	0.34640	30.378	0.94
0.00	-30199.77	-40026.99	0.34732	-30199.41	-40026.65	0.34899	31.027	0.94
0.00	-30199.11	-40026.75	0.34975	-30198.75	-40026.40	0.35155	32.830	0.99
0.00	-30198.42	-40026.50	0.35222	-30198.05	-40026.13	0.35434	30.935	0.91
0.00	-30197.74	-40026.25	0.35466	-30197.39	-40025.88	0.35705	31.460	0.98
0.00	-30197.07	-40025.99	0.35697	-30196.72	-40025.64	0.35835	30.483	0.95
0.00	-30196.24	-40025.68	0.35886	-30196.05	-40025.38	0.36043	30.691	0.87
0.00	-30195.57	-40025.43	0.36019	-30195.31	-40025.11	0.36134	30.845	0.90
0.00	-30194.95	-40025.19	0.36089	-30194.65	-40024.85	0.36209	30.439	0.93
0.00	-30194.29	-40024.94	0.36142	-30193.95	-40024.60	0.36176	88.497	0.94
0.00	-30193.60	-40024.68	0.36198	-30193.26	-40024.35	0.36144	29.497	0.95
0.00	-30192.91	-40024.42	0.36239	-30192.62	-40024.11	0.36111	31.747	0.92
0.00	-30192.16	-40024.13	0.36271	-30191.87	-40023.82	0.36164	32.310	0.86
0.00	-30191.54	-40023.89	0.36300	-30191.33	-40023.58	0.36396	32.370	0.87
0.00	-30190.87	-40023.64	0.36307	-30190.72	-40023.33	0.36482	33.440	0.89
0.00	-30190.20	-40023.38	0.36292	-30190.10	-40023.07	0.36572	32.062	0.91
0.00	-30189.39	-40023.07	0.36269	-30189.40	-40022.81	0.36503	33.138	0.88
0.00	-30188.77	-40022.84	0.36206	-30188.74	-40022.57	0.36377	33.816	0.93
0.00	-30188.15	-40022.60	0.36107	-30188.14	-40022.33	0.36340	33.995	0.91
0.00	-30187.47	-40022.35	0.36001	-30187.46	-40022.09	0.36122	31.088	0.93
0.00	-30186.78	-40022.09	0.35849	-30186.79	-40021.83	0.35999	33.520	0.92
0.00	-30186.10	-40021.83	0.35667	-30186.13	-40021.58	0.35863	34.860	0.88
0.00	-30185.23	-40021.51	0.35474	-30185.45	-40021.32	0.35668	33.438	0.82
0.00	-30184.57	-40021.27	0.35242	-30184.82	-40021.09	0.35413	33.247	0.87
0.00	-30183.99	-40021.06	0.34959	-30184.19	-40020.85	0.35186	31.048	0.80
0.00	-30183.35	-40020.83	0.34693	-30183.49	-40020.61	0.34817	31.463	0.89
0.00	-30182.54	-40020.53	0.34437	-30182.79	-40020.37	0.34538	29.620	0.88
0.00	-30181.94	-40020.32	0.34142	-30182.10	-40020.12	0.34175	29.918	0.81
0.00	-30181.31	-40020.10	0.33851	-30181.38	-40019.88	0.33804	28.796	0.82
0.00	-30180.65	-40019.86	0.33587	-30180.68	-40019.64	0.33447	28.383	0.86
0.00	-30179.95	-40019.61	0.33328	-30180.02	-40019.41	0.33184	32.495	0.90
0.00	-30179.26	-40019.37	0.33075	-30179.37	-40019.17	0.32987	29.956	0.78
0.00	-30178.58	-40019.14	0.32839	-30178.70	-40018.95	0.32668	27.689	0.85
0.00	-30177.89	-40018.90	0.32614	-30178.03	-40018.71	0.32461	33.395	0.82
0.00	-30177.21	-40018.67	0.32382	-30177.32	-40018.48	0.32136	26.485	0.87
0.00	-30176.43	-40018.41	0.32108	-30176.51	-40018.23	0.31759	25.697	0.89
0.00	-30175.66	-40018.15	0.31794	-30175.84	-40018.01	0.31410	26.244	0.88
0.00	-30175.06	-40017.96	0.31484	-30175.14	-40017.79	0.31014	27.537	0.87
0.00	-30174.41	-40017.75	0.31177	-30174.44	-40017.57	0.30712	26.093	0.83
0.00	-30173.73	-40017.52	0.30901	-30173.69	-40017.33	0.30477	29.206	0.89
0.00	-30173.03	-40017.30	0.30687	-30172.98	-40017.10	0.30245	24.753	0.80
0.00	-30172.34	-40017.08	0.30470	-30172.27	-40016.89	0.30002	30.559	0.89
0.00	-30171.62	-40016.86	0.30249	-30171.66	-40016.67	0.29951	27.306	0.88
0.00	-30170.92	-40016.64	0.30045	-30170.94	-40016.45	0.29726	28.651	0.81
0.00	-30170.22	-40016.42	0.29834	-30170.24	-40016.23	0.29558	27.710	0.84
0.00	-30169.47	-40016.19	0.29627	-30169.51	-40016.01	0.29356	28.483	0.88
0.00	-30168.56	-40015.92	0.29423	-30168.65	-40015.75	0.29204	29.778	0.86
0.00	-30167.97	-40015.75	0.29177	-30167.91	-40015.51	0.29086	30.081	0.86
0.00	-30167.31	-40015.55	0.28931	-30167.23	-40015.31	0.28906	27.481	0.85
0.00	-30166.61	-40015.35	0.28693	-30166.50	-40015.09	0.28747	31.104	0.86
0.00	-30165.89	-40015.14	0.28437	-30165.75	-40014.87	0.28586	30.621	0.88
0.00	-30165.15	-40014.93	0.28184	-30165.00	-40014.64	0.28412	36.238	0.88
0.00	-30164.42	-40014.72	0.27934	-30164.23	-40014.40	0.28302	90.724	0.90
0.00	-30163.69	-40014.51	0.27667	-30163.48	-40014.19	0.28038	30.624	0.89
0.00	-30162.93	-40014.30	0.27417	-30162.80	-40013.96	0.27995	32.539	0.80
0.00	-30162.13	-40014.08	0.27188	-30162.02	-40013.75	0.27718	30.555	0.79
0.00	-30161.29	-40013.84	0.26973	-30161.19	-40013.54	0.27319	28.718	0.94
0.00	-30160.64	-40013.66	0.26752	-30160.45	-40013.32	0.27153	32.837	0.90
0.00	-30159.86	-40013.45	0.26527	-30159.61	-40013.10	0.26822	32.821	0.83
0.00	-30159.16	-40013.26	0.26323	-30158.88	-40012.92	0.26548	32.594	0.84
0.00	-30158.42	-40013.06	0.26147	-30158.10	-40012.70	0.26372	30.799	0.89
0.00	-30157.67	-40012.86	0.25985	-30157.35	-40012.50	0.26203	33.592	0.94
0.00	-30156.91	-40012.66	0.25836	-30156.60	-40012.31	0.26031	31.315	0.91
0.00	-30156.17	-40012.46	0.25699	-30155.78	-40012.10	0.25835	33.282	0.93
0.00	-30155.41	-40012.26	0.25567	-30155.00	-40011.90	0.25655	34.443	0.94
0.00	-30154.53	-40012.03	0.25460	-30154.26	-40011.71	0.25515	36.425	0.92
0.00	-30153.69	-40011.82	0.25385	-30153.45	-40011.48	0.25507	37.534	0.93
0.00	-30153.03	-40011.64	0.25310	-30152.62	-40011.27	0.25404	36.539	0.93
0.00	-30152.32	-40011.46	0.25263	-30151.93	-40011.10	0.25360	37.242	0.90
0.00	-30151.51	-40011.25	0.25234	-30151.14	-40010.90	0.25274	35.717	0.91
0.00	-30150.78	-40011.07	0.25208	-30150.35	-40010.72	0.25113	40.559	0.90
0.00	-30150.04	-40010.88	0.25179	-30149.59	-40010.52	0.25148	34.332	0.88
0.00	-30149.29	-40010.69	0.25136	-30148.91	-40010.36	0.25060	35.703	0.90
0.00	-30148.54	-40010.50	0.25090	-30148.15	-40010.16	0.25080	36.228	0.94
0.00	-30147.80	-40010.31	0.25051	-30147.44	-40009.99	0.24990	35.359	0.88
0.00	-30146.95	-40010.09	0.25021	-30146.70	-40009.80	0.24928	35.258	0.91
0.00	-30146.16	-40009.89	0.25008	-30145.94	-40009.61	0.24896	35.227	0.91
0.00	-30145.49	-40009.72	0.24990	-30145.15	-40009.43	0.24791	34.312	0.88
0.00	-30144.78	-40009.54	0.25016	-30144.42	-40009.23	0.24904	35.015	0.90
0.00	-30144.05	-40009.35	0.25125	-30143.68	-40009.03	0.25063	34.372	0.91
0.00	-30143.24	-40009.14	0.25259	-30142.90	-40008.83	0.25191	34.480	0.95
0.00	-30142.55	-40008.96	0.25365	-30142.25	-40008.66	0.25272	33.704	0.92
0.00	-30141.83	-40008.77	0.25494	-30141.55	-40008.49	0.25310	36.463	0.82
0.00	-30141.10	-40008.58	0.25655	-30140.85	-40008.30	0.25487	32.504	0.89
0.00	-30140.38	-40008.39	0.25826	-30140.11	-40008.10	0.25639	33.180	0.89
0.00	-30139.54	-40008.16	0.26027	-30139.38	-40007.91	0.25802	32.673	0.86
0.00	-30138.78	-40007.96	0.26214	-30138.64	-40007.72	0.25940	33.394	0.82
0.00	-30138.14	-40007.79	0.26360	-30137.94	-40007.53	0.26108	31.409	0.88
0.00	-30137.42	-40007.59	0.26492	-30137.18	-40007.33	0.26261	33.912	0.92
0.00	-30136.70	-40007.40	0.26591	-30136.48	-40007.14	0.26426	32.658	0.93
0.00	-30135.98	-40007.20	0.26690	-30135.76	-40006.96	0.26488	34.153	0.93
0.00	-30135.27	-40007.01	0.26800	-30135.05	-40006.77	0.26620	33.316	0.88
0.00	-30134.47	-40006.80	0.26913	-30134.26	-40006.56	0.26754	32.669	0.96
0.00	-30133.80	-40006.62	0.27034	-30133.60	-40006.37	0.26977	91.040	0.87
0.00	-30133.12	-40006.43	0.27156	-30132.89	-40006.17	0.27160	33.096	0.88
0.00	-30132.26	-40006.19	0.27262	-30132.17	-40005.95	0.27396	32.067	0.89
0.00	-30131.53	-40005.99	0.27378	-30131.48	-40005.75	0.27580	33.495	0.96
0.00	-30130.92	-40005.82	0.27502	-30130.80	-40005.55	0.27767	32.752	0.92
0.00	-30130.24	-40005.62	0.27644	-30130.09	-40005.35	0.27894	34.743	0.98
0.00	-30129.54	-40005.43	0.27786	-30129.38	-40005.15	0.28024	32.006	0.91
0.00	-30128.82	-40005.22	0.27925	-30128.65	-40004.94	0.28145	32.610	0.93
0.00	-30128.13	-40005.02	0.28108	-30127.93	-40004.73	0.28326	97.580	0.89
0.00	-30127.44	-40004.82	0.28333	-30127.28	-40004.54	0.28539	35.307	0.94
0.00	-30126.70	-40004.60	0.28550	-30126.51	-40004.30	0.28739	34.499	0.91
0.00	-30126.07	-40004.41	0.28749	-30125.82	-40004.11	0.28860	31.272	0.97
0.00	-30125.26	-40004.17	0.28933	-30125.19	-40003.92	0.28976	31.746	0.90
0.00	-30124.62	-40003.97	0.29106	-30124.54	-40003.74	0.29044	31.596	0.90
0.00	-30124.03	-40003.79	0.29257	-30123.88	-40003.54	0.29147	31.846	0.95
0.00	-30123.40	-40003.60	0.29395	-30123.26	-40003.35	0.29288	32.300	0.92
0.00	-30122.77	-40003.41	0.29525	-30122.59	-40003.14	0.29478	33.467	0.98
0.00	-30122.14	-40003.22	0.29637	-30121.91	-40002.92	0.29697	32.391	0.94
0.00	-30121.51	-40003.03	0.29739	-30121.25	-40002.71	0.29854	33.672	0.93
0.00	-30120.85	-40002.83	0.29832	-30120.63	-40002.52	0.29963	33.940	0.97
0.00	-30120.23	-40002.64	0.29898	-30120.03	-40002.34	0.30020	35.114	0.94
0.00	-30119.58	-40002.44	0.29945	-30119.31	-40002.12	0.30076	34.667	0.96
0.00	-30118.94	-40002.24	0.30003	-30118.79	-40001.96	0.30183	34.811	1.00
0.00	-30118.29	-40002.04	0.30088	-30118.11	-40001.74	0.30318	35.714	0.93
0.00	-30117.79	-40001.89	0.30185	-30117.50	-40001.56	0.30359	36.266	0.93
0.00	-30117.24	-40001.71	0.30304	-30116.92	-40001.37	0.30427	36.220	0.92
0.00	-30116.69	-40001.54	0.30457	-30116.37	-40001.20	0.30514	37.299	0.95
0.00	-30116.13	-40001.36	0.30625	-30115.85	-40001.05	0.30524	37.095	0.98
0.00	-30115.59	-40001.18	0.30804	-30115.25	-40000.86	0.30660	38.189	0.95
0.00	-30115.05	-40001.01	0.30992	-30114.76	-40000.69	0.30929	37.868	0.95
0.00	-30114.50	-40000.83	0.31198	-30114.27	-40000.52	0.31102	39.996	0.96
0.00	-30113.99	-40000.66	0.31420	-30113.75	-40000.34	0.31366	36.186	0.99
0.00	-30113.39	-40000.46	0.31642	-30113.29	-40000.18	0.31627	39.830	0.94
0.00	-30112.93	-40000.31	0.31848	-30112.78	-40000.01	0.31892	39.259	0.88
0.00	-30112.46	-40000.16	0.32027	-30112.24	-39999.83	0.32042	40.168	0.99
0.00	-30112.04	-40000.02	0.32253	-30111.80	-39999.69	0.32234	38.371	0.94
0.00	-30111.59	-39999.87	0.32631	-30111.31	-39999.53	0.32628	41.139	0.97
0.00	-30111.14	-39999.71	0.33168	-30110.86	-39999.39	0.33151	41.310	0.96
0.00	-30110.69	-39999.56	0.33889	-30110.45	-39999.21	0.34145	46.235	0.95
0.00	-30110.26	-39999.41	0.34719	-30109.99	-39999.05	0.35016	41.808	0.97
0.00	-30109.80	-39999.24	0.35678	-30109.53	-39998.89	0.35945	45.086	0.93
0.00	-30109.37	-39999.08	0.36763	-30109.10	-39998.73	0.37036	46.528	0.94
0.00	-30108.80	-39998.87	0.38024	-30108.66	-39998.54	0.38478	42.962	0.93
0.00	-30108.41	-39998.71	0.39534	-30108.26	-39998.38	0.40050	44.395	0.92
0.00	-30108.02	-39998.54	0.41241	-30107.86	-39998.20	0.41842	42.055	0.95
0.00	-30107.55	-39998.34	0.43108	-30107.41	-39998.00	0.43704	45.434	0.91
0.00	-30107.16	-39998.15	0.45198	-30107.01	-39997.82	0.45778	39.599	0.94
0.00	-30106.76	-39997.96	0.47459	-30106.60	-39997.60	0.48198	41.212	0.90
0.00	-30106.36	-39997.75	0.49849	-30106.19	-39997.40	0.50472	40.281	0.96
0.00	-30105.96	-39997.53	0.52310	-30105.77	-39997.14	0.53187	39.857	0.93
0.00	-30105.57	-39997.30	0.54826	-30105.42	-39996.93	0.55809	37.280	0.94
0.00	-30105.18	-39997.06	0.57552	-30105.00	-39996.67	0.58497	38.849	0.93
0.00	-30104.73	-39996.77	0.60401	-30104.58	-39996.39	0.61364	92.415	0.91
0.00	-30104.40	-39996.53	0.63215	-30104.22	-39996.15	0.64157	40.734	0.93
0.00	-30104.07	-39996.29	0.65972	-30103.84	-39995.88	0.66850	34.901	0.91
0.00	-30103.73	-39996.02	0.68820	-30103.53	-39995.62	0.69761	37.906	0.88
0.00	-30103.40	-39995.74	0.71766	-30103.17	-39995.31	0.72856	34.811	0.88
0.00	-30103.03	-39995.42	0.74817	-30102.82	-39995.00	0.75844	36.226	0.87
0.00	-30102.72	-39995.12	0.77856	-30102.50	-39994.70	0.78864	35.286	0.91
0.00	-30102.41	-39994.81	0.80912	-30102.22	-39994.40	0.82012	34.532	0.93
0.00	-30102.12	-39994.50	0.84018	-30101.93	-39994.08	0.85148	34.755	0.93
0.00	-30101.83	-39994.17	0.87131	-30101.65	-39993.74	0.88312	33.219	0.91
0.00	-30101.51	-39993.78	0.90224	-30101.36	-39993.41	0.91322	31.973	0.91
0.00	-30101.28	-39993.48	0.93305	-30101.12	-39993.09	0.94372	34.468	0.90
0.00	-30101.04	-39993.15	0.96464	-30100.88	-39992.72	0.97694	33.147	0.88
0.00	-30100.80	-39992.78	0.99722	-30100.65	-39992.38	1.00863	39.520	0.92
0.00	-30100.57	-39992.41	1.02973	-30100.44	-39992.01	1.04110	35.032	0.88
0.00	-30100.35	-39992.03	1.06175	-30100.21	-39991.63	1.07217	34.975	0.86
0.00	-30100.12	-39991.60	1.09405	-30100.00	-39991.24	1.10338	34.524	0.86
0.00	-30099.93	-39991.21	1.12622	-30099.83	-39990.88	1.13497	34.440	0.84
0.00	-30099.75	-39990.81	1.15871	-30099.69	-39990.54	1.16759	35.300	0.77
0.00	-30099.56	-39990.37	1.19113	-30099.53	-39990.13	1.20054	34.744	0.90
0.00	-30099.37	-39989.89	1.22358	-30099.37	-39989.70	1.23298	35.671	0.86
0.00	-30099.25	-39989.51	1.25562	-30099.23	-39989.28	1.26486	42.400	0.88
0.00	-30099.12	-39989.10	1.28638	-30099.08	-39988.80	1.29556	34.985	0.88
0.00	-30099.00	-39988.66	1.31616	-30098.97	-39988.33	1.32615	39.178	0.94
0.00	-30098.89	-39988.22	1.34368	-30098.86	-39987.94	1.35203	36.369	0.85
0.00	-30098.79	-39987.74	1.36948	-30098.77	-39987.48	1.37779	36.192	0.88
0.00	-30098.70	-39987.27	1.39348	-30098.68	-39987.02	1.40177	37.086	0.82
0.00	-30098.62	-39986.79	1.41626	-30098.61	-39986.54	1.42495	37.485	0.88
0.00	-30098.55	-39986.27	1.43815	-30098.53	-39986.04	1.44570	38.440	0.98
0.00	-30098.48	-39985.76	1.45944	-30098.48	-39985.57	1.46669	36.670	0.95
0.00	-30098.43	-39985.21	1.47939	-30098.43	-39985.06	1.48666	38.756	0.95
0.00	-30098.39	-39984.77	1.49815	-30098.40	-39984.59	1.50484	39.656	0.98
0.00	-30098.36	-39984.28	1.51674	-30098.38	-39984.04	1.52451	42.283	0.94
0.00	-30098.34	-39983.77	1.53571	-30098.36	-39983.56	1.54327	39.667	0.91
0.00	-30098.33	-39983.25	1.55369	-30098.33	-39983.04	1.56054	40.491	0.90
0.00	-30098.32	-39982.71	1.57139	-30098.34	-39982.50	1.57922	40.233	0.98
0.00	-30098.32	-39982.18	1.58875	-30098.35	-39981.97	1.59772	42.277	0.96
0.00	-30098.33	-39981.61	1.60636	-30098.34	-39981.47	1.61420	40.776	0.97
0.00	-30098.35	-39981.01	1.62282	-30098.37	-39980.81	1.63120	41.832	0.98
0.00	-30098.38	-39980.39	1.63825	-30098.40	-39980.22	1.64673	41.905	0.99
0.00	-30098.42	-39979.79	1.65312	-30098.44	-39979.62	1.66107	39.160	0.97
0.00	-30098.47	-39979.29	1.66779	-30098.49	-39979.04	1.67600	42.766	0.95
0.00	-30098.53	-39978.75	1.68178	-30098.56	-39978.46	1.69045	45.312	0.93
0.00	-30098.59	-39978.17	1.69485	-30098.63	-39977.86	1.70356	43.859	0.93
0.00	-30098.67	-39977.60	1.70714	-30098.73	-39977.21	1.71695	44.195	0.90
0.00	-30098.75	-39977.01	1.71910	-30098.81	-39976.62	1.72738	44.368	0.95
0.00	-30098.84	-39976.42	1.73073	-30098.90	-39976.02	1.73823	49.386	0.92
0.00	-30098.95	-39975.83	1.74187	-30098.99	-39975.48	1.74885	45.657	0.94
0.00	-30099.06	-39975.22	1.75288	-30099.11	-39974.90	1.76000	49.193	0.93
0.00	-30099.20	-39974.51	1.76338	-30099.23	-39974.29	1.76944	104.983	0.97
0.00	-30099.35	-39973.80	1.77386	-30099.41	-39973.52	1.78051	48.753	0.94
0.00	-30099.46	-39973.31	1.78175	-30099.54	-39972.88	1.78635	47.318	0.90
0.00	-30099.59	-39972.73	1.78950	-30099.68	-39972.30	1.79285	46.456	0.98
0.00	-30099.74	-39972.11	1.79686	-30099.80	-39971.77	1.79842	45.408	0.99
0.00	-30099.89	-39971.49	1.80327	-30099.94	-39971.17	1.80377	50.737	0.96
0.00	-30100.05	-39970.87	1.80847	-30100.08	-39970.57	1.80770	45.477	0.94
0.00	-30100.20	-39970.23	1.81338	-30100.22	-39969.95	1.81143	47.553	0.94
0.00	-30100.34	-39969.71	1.81854	-30100.39	-39969.28	1.81679	42.118	0.95
0.00	-30100.50	-39969.07	1.82385	-30100.56	-39968.66	1.82278	48.161	0.98
0.00	-30100.66	-39968.44	1.82900	-30100.74	-39967.94	1.82803	43.675	0.92
0.00	-30100.83	-39967.80	1.83427	-30100.92	-39967.26	1.83338	43.591	0.91
0.00	-30101.01	-39967.16	1.83937	-30101.10	-39966.59	1.83808	43.785	0.95
0.00	-30101.21	-39966.45	1.84411	-30101.28	-39965.92	1.84225	43.561	0.94
0.00	-30101.39	-39965.80	1.84859	-30101.46	-39965.30	1.84736	44.274	0.95
0.00	-30101.58	-39965.15	1.85312	-30101.64	-39964.71	1.85254	42.267	0.92
0.00	-30101.77	-39964.50	1.85718	-30101.83	-39964.03	1.85590	41.121	0.95
