0.00	-29563.13	-40077.52	0.00000	-29563.13	-40077.52	0.00000	2.417	0.00
0.00	-29563.13	-40077.52	0.00000	-29563.13	-40077.52	0.00000	2.410	0.00
0.00	-29563.13	-40077.52	0.00000	-29563.13	-40077.52	0.00000	2.408	0.00
0.00	-29563.13	-40077.52	0.00000	-29563.13	-40077.52	0.00000	2.483	0.00
0.00	-29563.13	-40077.52	0.00000	-29563.13	-40077.52	0.00000	2.246	0.00
0.00	-29563.13	-40077.52	0.00000	-29563.13	-40077.52	0.00000	2.174	0.00
0.00	-29563.13	-40077.52	0.00000	-29563.13	-40077.52	0.00000	2.186	0.00
0.00	-29563.09	-40077.51	0.00000	-29563.09	-40077.51	0.00000	2.174	0.00
0.00	-29563.04	-40077.50	0.00082	-29563.04	-40077.50	0.00082	2.138	0.00
0.00	-29563.00	-40077.48	0.44630	-29563.00	-40077.48	0.44630	2.083	0.00
0.00	-29562.98	-40077.48	0.36457	-29562.98	-40077.48	0.36457	2.213	0.00
0.00	-29562.96	-40077.47	0.31667	-29562.96	-40077.47	0.31667	2.326	0.00
0.00	-29562.93	-40077.46	0.29187	-29562.93	-40077.46	0.29187	2.348	0.00
0.00	-29562.90	-40077.45	0.27846	-29562.90	-40077.45	0.27846	2.141	0.00
0.00	-29562.87	-40077.45	0.27264	-29562.87	-40077.45	0.27264	2.063	0.00
0.00	-29562.83	-40077.43	0.27126	-29562.83	-40077.43	0.27126	2.165	0.00
0.00	-29562.79	-40077.42	0.27068	-29562.79	-40077.42	0.27068	2.254	0.00
0.00	-29562.75	-40077.41	0.27015	-29562.75	-40077.41	0.27015	2.205	0.00
0.00	-29562.70	-40077.40	0.26900	-29562.70	-40077.40	0.26900	2.256	0.00
0.00	-29562.66	-40077.39	0.26886	-29562.66	-40077.39	0.26886	2.204	0.00
0.00	-29562.61	-40077.38	0.27120	-29562.61	-40077.38	0.27120	2.280	0.00
0.00	-29562.57	-40077.36	0.27519	-29562.57	-40077.36	0.27519	2.107	0.00
0.00	-29562.53	-40077.35	0.28100	-29562.53	-40077.35	0.28100	2.122	0.00
0.00	-29562.48	-40077.34	0.28797	-29562.48	-40077.34	0.28797	2.036	0.00
0.00	-29562.43	-40077.32	0.29580	-29562.43	-40077.32	0.29580	2.176	0.00
0.00	-29562.37	-40077.30	0.30400	-29562.37	-40077.30	0.30400	2.179	0.00
0.00	-29562.31	-40077.28	0.31217	-29562.31	-40077.28	0.31217	2.310	0.00
0.00	-29562.25	-40077.26	0.31990	-29562.25	-40077.26	0.31990	2.165	0.00
0.00	-29562.19	-40077.23	0.32749	-29562.19	-40077.23	0.32749	2.143	0.00
0.00	-29562.11	-40077.20	0.33525	-29562.11	-40077.20	0.33525	2.303	0.00
0.00	-29562.01	-40077.17	0.34311	-29562.01	-40077.17	0.34311	2.319	0.00
0.00	-29561.92	-40077.14	0.35039	-29561.92	-40077.14	0.35039	2.193	0.00
0.00	-29561.85	-40077.11	0.35731	-29561.85	-40077.11	0.35731	2.152	0.00
0.00	-29561.75	-40077.07	0.36394	-29561.75	-40077.07	0.36394	2.200	0.00
0.00	-29561.65	-40077.03	0.36997	-29561.65	-40077.03	0.36997	2.176	0.00
0.00	-29561.54	-40076.99	0.37534	-29561.54	-40076.99	0.37534	2.198	0.00
0.00	-29561.43	-40076.94	0.38035	-29561.43	-40076.94	0.38035	2.195	0.00
0.00	-29561.31	-40076.90	0.38529	-29561.31	-40076.90	0.38529	2.479	0.00
0.00	-29561.18	-40076.85	0.38973	-29561.18	-40076.85	0.38973	2.432	0.00
0.00	-29561.05	-40076.80	0.39390	-29561.05	-40076.80	0.39390	2.219	0.00
0.00	-29560.89	-40076.73	0.39781	-29560.89	-40076.73	0.39781	2.285	0.00
0.00	-29560.75	-40076.68	0.40165	-29560.75	-40076.68	0.40165	2.172	0.00
0.00	-29560.63	-40076.63	0.40507	-29560.63	-40076.63	0.40507	2.191	0.00
0.00	-29560.50	-40076.57	0.40780	-29560.50	-40076.57	0.40780	2.131	0.00
0.00	-29560.36	-40076.52	0.41037	-29560.36	-40076.52	0.41037	2.287	0.00
0.00	-29560.22	-40076.46	0.41301	-29560.22	-40076.46	0.41301	2.183	0.00
0.00	-29560.07	-40076.40	0.41537	-29560.07	-40076.40	0.41537	2.096	0.00
0.00	-29559.92	-40076.33	0.41745	-29559.92	-40076.33	0.41745	2.239	0.00
0.00	-29559.77	-40076.27	0.41949	-29559.77	-40076.27	0.41949	2.432	0.00
0.00	-29559.63	-40076.21	0.42144	-29559.63	-40076.21	0.42144	2.517	0.00
0.00	-29559.44	-40076.13	0.42301	-29559.44	-40076.13	0.42301	2.617	0.00
0.00	-29559.30	-40076.06	0.42448	-29559.30	-40076.06	0.42448	2.742	0.00
0.00	-29559.16	-40076.01	0.42594	-29559.16	-40076.01	0.42594	2.326	0.00
0.00	-29558.99	-40075.93	0.42737	-29558.99	-40075.93	0.42737	2.523	0.00
0.00	-29558.84	-40075.86	0.42905	-29558.84	-40075.86	0.42905	2.408	0.00
0.00	-29558.69	-40075.79	0.43076	-29558.69	-40075.79	0.43076	3.051	0.00
0.00	-29558.53	-40075.72	0.43216	-29558.53	-40075.72	0.43216	2.481	0.00
0.00	-29558.38	-40075.65	0.43314	-29558.38	-40075.65	0.43314	2.689	0.00
0.00	-29558.23	-40075.58	0.43494	-29558.23	-40075.58	0.43494	2.688	0.00
0.00	-29558.08	-40075.51	0.43676	-29558.08	-40075.51	0.43676	2.871	0.00
0.00	-29557.90	-40075.42	0.43635	-29557.90	-40075.42	0.43635	2.718	0.00
0.00	-29557.77	-40075.36	0.43620	-29557.77	-40075.36	0.43620	2.946	0.00
0.00	-29557.64	-40075.30	0.43820	-29557.64	-40075.30	0.43820	2.958	0.00
0.00	-29557.46	-40075.22	0.43928	-29557.46	-40075.22	0.43928	3.130	0.00
0.00	-29557.30	-40075.14	0.43737	-29557.30	-40075.14	0.43737	3.476	0.00
0.00	-29557.13	-40075.06	0.43543	-29557.13	-40075.06	0.43543	3.246	0.00
0.00	-29556.97	-40074.99	0.43529	-29556.97	-40074.99	0.43529	3.270	0.00
0.00	-29556.82	-40074.92	0.43474	-29556.82	-40074.92	0.43474	3.512	0.00
0.00	-29556.67	-40074.85	0.43284	-29556.67	-40074.85	0.43284	3.779	0.00
0.00	-29556.51	-40074.77	0.43114	-29556.51	-40074.77	0.43114	3.541	0.00
0.00	-29556.31	-40074.69	0.43030	-29556.31	-40074.69	0.43030	3.683	0.00
0.00	-29556.16	-40074.62	0.42911	-29556.16	-40074.62	0.42911	3.701	0.00
0.00	-29556.01	-40074.55	0.42695	-29556.01	-40074.55	0.42695	3.992	0.00
0.00	-29555.83	-40074.47	0.42475	-29555.83	-40074.47	0.42475	3.913	0.00
0.00	-29555.64	-40074.39	0.42273	-29555.64	-40074.39	0.42273	3.392	0.00
0.00	-29555.49	-40074.32	0.42039	-29555.49	-40074.32	0.42039	3.343	0.00
0.00	-29555.30	-40074.24	0.41909	-29555.30	-40074.24	0.41909	4.139	0.00
0.00	-29555.14	-40074.17	0.41819	-29555.14	-40074.17	0.41819	4.193	0.00
0.00	-29554.94	-40074.08	0.41412	-29554.94	-40074.08	0.41412	4.113	0.00
0.00	-29554.73	-40073.99	0.40913	-29554.73	-40073.99	0.40913	4.118	0.00
0.00	-29554.51	-40073.90	0.40640	-29554.51	-40073.90	0.40640	4.446	0.00
0.00	-29554.36	-40073.84	0.40360	-29554.36	-40073.84	0.40360	4.722	0.00
0.00	-29554.19	-40073.77	0.39899	-29554.19	-40073.77	0.39899	4.381	0.00
0.00	-29554.00	-40073.69	0.39408	-29554.00	-40073.69	0.39408	4.626	0.00
0.00	-29553.78	-40073.61	0.38992	-29553.78	-40073.61	0.38992	4.145	0.00
0.00	-29553.56	-40073.52	0.38600	-29553.56	-40073.52	0.38600	3.916	0.00
0.00	-29553.38	-40073.45	0.38157	-29553.38	-40073.45	0.38157	3.862	0.00
0.00	-29553.16	-40073.37	0.37676	-29553.16	-40073.37	0.37676	3.679	0.00
0.00	-29552.97	-40073.30	0.37250	-29552.97	-40073.30	0.37250	4.867	0.00
0.00	-29552.76	-40073.22	0.36853	-29552.76	-40073.22	0.36853	4.970	0.00
0.00	-29552.53	-40073.13	0.36467	-29552.53	-40073.13	0.36467	4.910	0.00
0.00	-29552.35	-40073.07	0.36101	-29552.35	-40073.07	0.36101	5.247	0.00
0.00	-29552.15	-40072.99	0.35745	-29552.15	-40072.99	0.35745	4.992	0.00
0.00	-29551.94	-40072.92	0.35415	-29551.94	-40072.92	0.35415	5.206	0.00
0.00	-29551.73	-40072.85	0.35114	-29551.73	-40072.85	0.35114	5.664	0.00
0.00	-29551.52	-40072.77	0.34822	-29551.52	-40072.77	0.34822	4.302	0.00
0.00	-29551.31	-40072.70	0.34548	-29551.31	-40072.70	0.34548	4.435	0.00
0.00	-29551.06	-40072.61	0.34325	-29551.06	-40072.61	0.34325	3.886	0.00
0.00	-29550.86	-40072.54	0.34173	-29550.86	-40072.54	0.34173	4.418	0.00
0.00	-29550.63	-40072.46	0.34063	-29550.63	-40072.46	0.34063	5.309	0.00
0.00	-29550.39	-40072.38	0.33986	-29550.39	-40072.38	0.33986	5.517	0.00
0.00	-29550.20	-40072.31	0.33941	-29550.20	-40072.31	0.33941	5.361	0.00
0.00	-29550.00	-40072.24	0.33915	-29550.00	-40072.24	0.33915	5.831	0.00
0.00	-29549.80	-40072.17	0.33897	-29549.80	-40072.17	0.33897	6.203	0.00
0.00	-29549.59	-40072.10	0.33869	-29549.59	-40072.10	0.33869	4.199	0.00
0.00	-29549.37	-40072.03	0.33843	-29549.37	-40072.03	0.33843	5.247	0.00
0.00	-29549.17	-40071.96	0.33842	-29549.17	-40071.96	0.33842	5.584	0.00
0.00	-29548.96	-40071.89	0.33845	-29548.96	-40071.89	0.33845	4.995	0.00
0.00	-29548.75	-40071.82	0.33829	-29548.75	-40071.82	0.33829	5.445	0.00
0.00	-29548.51	-40071.73	0.33801	-29548.51	-40071.73	0.33801	5.127	0.00
0.00	-29548.25	-40071.64	0.33777	-29548.25	-40071.64	0.33777	7.670	0.00
0.00	-29548.06	-40071.58	0.33763	-29548.06	-40071.58	0.33763	5.227	0.00
0.00	-29547.86	-40071.51	0.33738	-29547.86	-40071.51	0.33738	5.332	0.00
0.00	-29547.64	-40071.44	0.33696	-29547.64	-40071.44	0.33696	5.445	0.00
0.00	-29547.42	-40071.37	0.33661	-29547.42	-40071.37	0.33661	5.189	0.00
0.00	-29547.20	-40071.29	0.33627	-29547.20	-40071.29	0.33627	5.250	0.00
0.00	-29546.99	-40071.22	0.33578	-29546.99	-40071.22	0.33578	5.772	0.00
0.00	-29546.78	-40071.15	0.33518	-29546.78	-40071.15	0.33518	5.618	0.00
0.00	-29546.56	-40071.08	0.33468	-29546.56	-40071.08	0.33468	5.690	0.00
0.00	-29546.33	-40071.00	0.33425	-29546.33	-40071.00	0.33425	5.783	0.00
0.00	-29546.09	-40070.92	0.33355	-29546.09	-40070.92	0.33355	5.928	0.00
0.00	-29545.90	-40070.86	0.33267	-29545.90	-40070.86	0.33267	5.788	0.00
0.00	-29545.67	-40070.78	0.33212	-29545.67	-40070.78	0.33212	5.350	0.00
0.00	-29545.47	-40070.72	0.33181	-29545.47	-40070.72	0.33181	5.698	0.00
0.00	-29545.26	-40070.65	0.33148	-29545.26	-40070.65	0.33148	5.505	0.00
0.00	-29545.05	-40070.58	0.33116	-29545.05	-40070.58	0.33116	5.844	0.00
0.00	-29544.83	-40070.50	0.33100	-29544.83	-40070.50	0.33100	5.753	0.00
0.00	-29544.60	-40070.43	0.33103	-29544.60	-40070.43	0.33103	6.307	0.00
0.00	-29544.39	-40070.36	0.33100	-29544.39	-40070.36	0.33100	6.419	0.00
0.00	-29544.13	-40070.27	0.33073	-29544.13	-40070.27	0.33073	5.841	0.00
0.00	-29543.89	-40070.19	0.33045	-29543.89	-40070.19	0.33045	5.853	0.00
0.00	-29543.70	-40070.13	0.33049	-29543.70	-40070.13	0.33049	6.022	0.00
0.00	-29543.48	-40070.05	0.33030	-29543.48	-40070.05	0.33030	5.851	0.00
0.00	-29543.23	-40069.97	0.32985	-29543.23	-40069.97	0.32985	6.023	0.00
0.00	-29543.00	-40069.90	0.32955	-29543.00	-40069.90	0.32955	6.092	0.00
0.00	-29542.78	-40069.82	0.32929	-29542.78	-40069.82	0.32929	6.011	0.00
0.00	-29542.54	-40069.75	0.32885	-29542.54	-40069.75	0.32885	5.893	0.00
0.00	-29542.31	-40069.67	0.32840	-29542.31	-40069.67	0.32840	6.055	0.00
0.00	-29542.08	-40069.60	0.32792	-29542.08	-40069.60	0.32792	6.489	0.00
0.00	-29541.80	-40069.51	0.32737	-29541.80	-40069.51	0.32737	6.104	0.00
0.00	-29541.56	-40069.43	0.32701	-29541.56	-40069.43	0.32701	6.408	0.00
0.00	-29541.35	-40069.36	0.32685	-29541.35	-40069.36	0.32685	6.414	0.00
0.00	-29541.13	-40069.29	0.32665	-29541.13	-40069.29	0.32665	6.159	0.00
0.00	-29540.88	-40069.21	0.32639	-29540.88	-40069.21	0.32639	6.407	0.00
0.00	-29540.63	-40069.12	0.32621	-29540.63	-40069.12	0.32621	6.448	0.00
0.00	-29540.40	-40069.05	0.32612	-29540.40	-40069.05	0.32612	6.638	0.00
0.00	-29540.18	-40068.98	0.32601	-29540.18	-40068.98	0.32601	12.950	0.00
0.00	-29539.95	-40068.90	0.32572	-29539.95	-40068.90	0.32572	6.162	0.00
0.00	-29539.73	-40068.83	0.32537	-29539.73	-40068.83	0.32537	6.769	0.00
0.00	-29539.44	-40068.73	0.32515	-29539.44	-40068.73	0.32515	6.158	0.00
0.00	-29539.20	-40068.66	0.32495	-29539.20	-40068.66	0.32495	6.540	0.00
0.00	-29538.98	-40068.59	0.32480	-29538.98	-40068.59	0.32480	6.608	0.00
0.00	-29538.74	-40068.51	0.32459	-29538.74	-40068.51	0.32459	6.784	0.00
0.00	-29538.50	-40068.43	0.32422	-29538.50	-40068.43	0.32422	6.535	0.00
0.00	-29538.25	-40068.35	0.32390	-29538.25	-40068.35	0.32390	6.835	0.00
0.00	-29537.98	-40068.26	0.32355	-29537.98	-40068.26	0.32355	6.849	0.00
0.00	-29537.70	-40068.17	0.32314	-29537.70	-40068.17	0.32314	6.758	0.00
0.00	-29537.46	-40068.09	0.32301	-29537.46	-40068.09	0.32301	6.658	0.00
0.00	-29537.21	-40068.01	0.32301	-29537.21	-40068.01	0.32301	6.775	0.00
0.00	-29536.90	-40067.91	0.32266	-29536.90	-40067.91	0.32266	8.366	0.00
0.00	-29536.66	-40067.83	0.32224	-29536.66	-40067.83	0.32224	6.978	0.00
0.00	-29536.43	-40067.76	0.32199	-29536.43	-40067.76	0.32199	6.615	0.00
0.00	-29536.21	-40067.69	0.32167	-29536.21	-40067.69	0.32167	7.140	0.00
0.00	-29535.95	-40067.61	0.32139	-29535.95	-40067.61	0.32139	7.054	0.00
0.00	-29535.71	-40067.53	0.32122	-29535.71	-40067.53	0.32122	7.114	0.00
0.00	-29535.46	-40067.45	0.32099	-29535.46	-40067.45	0.32099	7.094	0.00
0.00	-29535.21	-40067.37	0.32057	-29535.21	-40067.37	0.32057	7.034	0.00
0.00	-29534.95	-40067.28	0.32012	-29534.95	-40067.28	0.32012	6.884	0.00
0.00	-29534.67	-40067.20	0.31972	-29534.67	-40067.20	0.31972	7.058	0.00
0.00	-29534.39	-40067.11	0.31926	-29534.39	-40067.11	0.31926	17.217	0.00
0.00	-29534.16	-40067.03	0.31896	-29534.16	-40067.03	0.31896	6.949	0.00
0.00	-29533.93	-40066.96	0.31855	-29533.93	-40066.96	0.31855	6.992	0.00
0.00	-29533.68	-40066.88	0.31791	-29533.68	-40066.88	0.31791	6.934	0.00
0.00	-29533.41	-40066.80	0.31758	-29533.41	-40066.80	0.31758	7.345	0.00
0.00	-29533.15	-40066.71	0.31750	-29533.15	-40066.71	0.31750	7.398	0.00
0.00	-29532.89	-40066.63	0.31716	-29532.89	-40066.63	0.31716	7.713	0.00
0.00	-29532.64	-40066.55	0.31669	-29532.64	-40066.55	0.31669	7.268	0.00
0.00	-29532.36	-40066.47	0.31643	-29532.36	-40066.47	0.31643	9.877	0.00
0.00	-29532.09	-40066.38	0.31626	-29532.09	-40066.38	0.31626	7.488	0.00
0.00	-29531.72	-40066.27	0.31583	-29531.72	-40066.27	0.31583	6.991	0.00
0.00	-29531.49	-40066.20	0.31513	-29531.49	-40066.20	0.31513	8.120	0.00
0.00	-29531.25	-40066.12	0.31419	-29531.25	-40066.12	0.31419	7.502	0.00
0.00	-29530.98	-40066.04	0.31348	-29530.98	-40066.04	0.31348	7.505	0.00
0.00	-29530.72	-40065.96	0.31297	-29530.72	-40065.96	0.31297	7.774	0.00
0.00	-29530.45	-40065.87	0.31235	-29530.45	-40065.87	0.31235	6.938	0.00
0.00	-29530.18	-40065.79	0.31184	-29530.18	-40065.79	0.31184	7.501	0.00
0.00	-29529.91	-40065.71	0.31156	-29529.91	-40065.71	0.31156	7.479	0.00
0.00	-29529.64	-40065.62	0.31141	-29529.64	-40065.62	0.31141	7.762	0.00
0.00	-29529.37	-40065.54	0.31140	-29529.37	-40065.54	0.31140	8.078	0.00
0.00	-29529.05	-40065.44	0.31135	-29529.05	-40065.44	0.31135	8.206	0.00
0.00	-29528.77	-40065.35	0.31096	-29528.77	-40065.35	0.31096	8.124	0.00
0.00	-29528.54	-40065.28	0.31056	-29528.54	-40065.28	0.31056	7.707	0.00
0.00	-29528.27	-40065.20	0.31036	-29528.27	-40065.20	0.31036	7.344	0.00
0.00	-29528.00	-40065.11	0.31020	-29528.00	-40065.11	0.31020	7.624	0.00
0.00	-29527.73	-40065.03	0.31007	-29527.73	-40065.03	0.31007	8.446	0.00
0.00	-29527.46	-40064.95	0.31013	-29527.46	-40064.95	0.31013	7.835	0.00
0.00	-29527.20	-40064.87	0.31029	-29527.20	-40064.87	0.31029	7.853	0.00
0.00	-29526.93	-40064.78	0.31053	-29526.93	-40064.78	0.31053	8.087	0.00
0.00	-29526.64	-40064.69	0.31094	-29526.64	-40064.69	0.31094	7.869	0.00
0.00	-29526.32	-40064.59	0.31139	-29526.32	-40064.59	0.31139	8.111	0.00
0.00	-29526.10	-40064.52	0.31216	-29526.10	-40064.52	0.31216	8.169	0.00
0.00	-29525.80	-40064.42	0.31334	-29525.80	-40064.42	0.31334	7.947	0.00
0.00	-29525.55	-40064.34	0.31446	-29525.55	-40064.34	0.31446	7.649	0.00
0.00	-29525.27	-40064.25	0.31540	-29525.27	-40064.25	0.31540	7.742	0.00
0.00	-29524.99	-40064.16	0.31635	-29524.99	-40064.16	0.31635	7.492	0.00
0.00	-29524.73	-40064.08	0.31717	-29524.73	-40064.08	0.31717	7.998	0.00
0.00	-29524.46	-40063.99	0.31766	-29524.46	-40063.99	0.31766	7.506	0.00
0.00	-29524.18	-40063.90	0.31794	-29524.18	-40063.90	0.31794	7.813	0.00
0.00	-29523.90	-40063.81	0.31813	-29523.90	-40063.81	0.31813	8.260	0.00
0.00	-29523.57	-40063.70	0.31833	-29523.57	-40063.70	0.31833	8.259	0.00
0.00	-29523.32	-40063.62	0.31866	-29523.32	-40063.62	0.31866	8.224	0.00
0.00	-29523.06	-40063.54	0.31911	-29523.06	-40063.54	0.31911	17.453	0.00
0.00	-29522.78	-40063.45	0.31977	-29522.78	-40063.45	0.31977	8.389	0.00
0.00	-29522.50	-40063.36	0.32049	-29522.50	-40063.36	0.32049	8.204	0.00
0.00	-29522.19	-40063.25	0.32101	-29522.19	-40063.25	0.32101	8.044	0.00
0.00	-29521.92	-40063.17	0.32132	-29521.92	-40063.17	0.32132	8.574	0.00
0.00	-29521.64	-40063.08	0.32151	-29521.64	-40063.08	0.32151	7.746	0.00
0.00	-29521.35	-40062.98	0.32164	-29521.35	-40062.98	0.32164	8.272	0.00
0.00	-29521.05	-40062.89	0.32162	-29521.05	-40062.89	0.32162	8.379	0.00
0.00	-29520.73	-40062.78	0.32144	-29520.73	-40062.78	0.32144	8.511	0.00
0.00	-29520.49	-40062.71	0.32135	-29520.49	-40062.71	0.32135	8.160	0.00
0.00	-29520.22	-40062.62	0.32148	-29520.22	-40062.62	0.32148	9.941	0.00
0.00	-29519.95	-40062.53	0.32159	-29519.95	-40062.53	0.32159	8.420	0.00
0.00	-29519.67	-40062.45	0.32163	-29519.67	-40062.45	0.32163	8.638	0.00
0.00	-29519.39	-40062.36	0.32167	-29519.39	-40062.36	0.32167	8.409	0.00
0.00	-29519.10	-40062.26	0.32157	-29519.10	-40062.26	0.32157	8.277	0.00
0.00	-29518.78	-40062.16	0.32138	-29518.78	-40062.16	0.32138	8.190	0.00
0.00	-29518.53	-40062.08	0.32118	-29518.53	-40062.08	0.32118	8.342	0.00
0.00	-29518.24	-40061.99	0.32108	-29518.24	-40061.99	0.32108	8.384	0.00
0.00	-29517.93	-40061.89	0.32095	-29517.93	-40061.89	0.32095	8.081	0.00
0.00	-29517.67	-40061.80	0.32096	-29517.67	-40061.80	0.32096	9.267	0.00
0.00	-29517.42	-40061.72	0.32114	-29517.42	-40061.72	0.32114	8.612	0.00
0.00	-29517.14	-40061.63	0.32160	-29517.14	-40061.63	0.32160	8.262	0.00
0.00	-29516.86	-40061.54	0.32194	-29516.86	-40061.54	0.32194	9.428	0.00
0.00	-29516.59	-40061.45	0.32206	-29516.59	-40061.45	0.32206	8.762	0.00
0.00	-29516.30	-40061.36	0.32238	-29516.30	-40061.36	0.32238	8.643	0.00
0.00	-29516.03	-40061.27	0.32262	-29516.03	-40061.27	0.32262	8.263	0.00
0.00	-29515.75	-40061.18	0.32244	-29515.75	-40061.18	0.32244	8.777	0.00
0.00	-29515.40	-40061.07	0.32207	-29515.40	-40061.07	0.32207	8.400	0.00
0.00	-29515.09	-40060.97	0.32210	-29515.09	-40060.97	0.32210	8.596	0.00
0.00	-29514.84	-40060.88	0.32222	-29514.84	-40060.88	0.32222	8.413	0.00
0.00	-29514.58	-40060.80	0.32221	-29514.58	-40060.80	0.32221	8.431	0.00
0.00	-29514.30	-40060.71	0.32245	-29514.30	-40060.71	0.32245	8.856	0.00
0.00	-29514.02	-40060.62	0.32279	-29514.02	-40060.62	0.32279	8.520	0.00
0.00	-29513.74	-40060.53	0.32288	-29513.74	-40060.53	0.32288	8.964	0.00
0.00	-29513.47	-40060.44	0.32273	-29513.47	-40060.44	0.32273	8.589	0.00
0.00	-29513.20	-40060.36	0.32264	-29513.20	-40060.36	0.32264	8.748	0.00
0.00	-29512.94	-40060.27	0.32262	-29512.94	-40060.27	0.32262	8.869	0.00
0.00	-29512.63	-40060.18	0.32235	-29512.63	-40060.18	0.32235	9.064	0.00
0.00	-29512.30	-40060.07	0.32187	-29512.30	-40060.07	0.32187	8.523	0.00
0.00	-29512.07	-40060.00	0.32176	-29512.07	-40060.00	0.32176	8.665	0.00
0.00	-29511.80	-40059.91	0.32175	-29511.80	-40059.91	0.32175	8.472	0.00
0.00	-29511.54	-40059.83	0.32138	-29511.54	-40059.83	0.32138	8.790	0.00
0.00	-29511.27	-40059.74	0.32098	-29511.27	-40059.74	0.32098	9.158	0.00
0.00	-29510.99	-40059.65	0.32068	-29510.99	-40059.65	0.32068	10.752	0.00
0.00	-29510.70	-40059.56	0.32044	-29510.70	-40059.56	0.32044	9.176	0.00
0.00	-29510.42	-40059.47	0.32008	-29510.42	-40059.47	0.32008	9.110	0.00
0.00	-29510.14	-40059.39	0.31968	-29510.14	-40059.39	0.31968	9.298	0.00
0.00	-29509.81	-40059.28	0.31942	-29509.81	-40059.28	0.31942	9.220	0.00
0.00	-29509.52	-40059.19	0.31919	-29509.52	-40059.19	0.31919	9.143	0.00
0.00	-29509.27	-40059.11	0.31906	-29509.27	-40059.11	0.31906	9.188	0.00
0.00	-29508.95	-40059.01	0.31881	-29508.95	-40059.01	0.31881	9.026	0.00
0.00	-29508.67	-40058.92	0.31863	-29508.67	-40058.92	0.31863	8.823	0.00
0.00	-29508.38	-40058.82	0.31862	-29508.38	-40058.82	0.31862	9.456	0.00
0.00	-29508.08	-40058.73	0.31862	-29508.08	-40058.73	0.31862	8.987	0.00
0.00	-29507.77	-40058.63	0.31872	-29507.77	-40058.63	0.31872	9.104	0.00
0.00	-29507.49	-40058.54	0.31887	-29507.49	-40058.54	0.31887	9.720	0.00
0.00	-29507.20	-40058.45	0.31897	-29507.20	-40058.45	0.31897	8.712	0.00
0.00	-29506.85	-40058.33	0.31898	-29506.85	-40058.33	0.31898	9.287	0.00
0.00	-29506.55	-40058.24	0.31913	-29506.55	-40058.24	0.31913	9.005	0.00
0.00	-29506.29	-40058.16	0.31933	-29506.29	-40058.16	0.31933	9.657	0.00
0.00	-29506.01	-40058.06	0.31946	-29506.01	-40058.06	0.31946	9.214	0.00
0.00	-29505.67	-40057.96	0.31953	-29505.67	-40057.96	0.31953	8.840	0.00
0.00	-29505.39	-40057.86	0.31985	-29505.39	-40057.86	0.31985	9.576	0.00
0.00	-29505.10	-40057.77	0.32055	-29505.10	-40057.77	0.32055	8.980	0.00
0.00	-29504.81	-40057.67	0.32117	-29504.81	-40057.67	0.32117	9.672	0.00
0.00	-29504.51	-40057.57	0.32162	-29504.51	-40057.57	0.32162	9.139	0.00
0.00	-29504.22	-40057.48	0.32216	-29504.22	-40057.48	0.32216	9.452	0.00
0.00	-29503.87	-40057.36	0.32279	-29503.87	-40057.36	0.32279	9.479	0.00
0.00	-29503.58	-40057.27	0.32310	-29503.58	-40057.27	0.32310	10.306	0.00
0.00	-29503.31	-40057.18	0.32316	-29503.31	-40057.18	0.32316	9.211	0.00
0.00	-29503.01	-40057.08	0.32346	-29503.01	-40057.08	0.32346	9.310	0.00
0.00	-29502.71	-40056.98	0.32399	-29502.71	-40056.98	0.32399	9.372	0.00
0.00	-29502.40	-40056.88	0.32440	-29502.40	-40056.88	0.32440	10.269	0.00
0.00	-29502.05	-40056.76	0.32463	-29502.05	-40056.76	0.32463	9.204	0.00
0.00	-29501.75	-40056.66	0.32491	-29501.75	-40056.66	0.32491	9.634	0.00
0.00	-29501.45	-40056.56	0.32516	-29501.45	-40056.56	0.32516	9.646	0.00
0.00	-29501.14	-40056.46	0.32531	-29501.14	-40056.46	0.32531	9.593	0.00
0.00	-29500.76	-40056.34	0.32546	-29500.76	-40056.34	0.32546	10.102	0.00
0.00	-29500.46	-40056.24	0.32575	-29500.46	-40056.24	0.32575	9.451	0.00
0.00	-29500.18	-40056.14	0.32608	-29500.18	-40056.14	0.32608	9.753	0.00
0.00	-29499.87	-40056.04	0.32636	-29499.87	-40056.04	0.32636	10.949	0.00
0.00	-29499.57	-40055.94	0.32651	-29499.57	-40055.94	0.32651	9.599	0.00
0.00	-29499.26	-40055.84	0.32662	-29499.26	-40055.84	0.32662	9.962	0.00
0.00	-29498.95	-40055.74	0.32668	-29498.95	-40055.74	0.32668	9.601	0.00
0.00	-29498.61	-40055.63	0.32669	-29498.61	-40055.63	0.32669	9.674	0.00
0.00	-29498.29	-40055.52	0.32662	-29498.29	-40055.52	0.32662	9.369	0.00
0.00	-29497.97	-40055.42	0.32656	-29497.97	-40055.42	0.32656	9.522	0.00
0.00	-29497.60	-40055.29	0.32659	-29497.60	-40055.29	0.32659	9.582	0.00
0.00	-29497.32	-40055.20	0.32658	-29497.32	-40055.20	0.32658	9.844	0.00
0.00	-29497.03	-40055.11	0.32650	-29497.03	-40055.11	0.32650	10.000	0.00
0.00	-29496.73	-40055.01	0.32637	-29496.73	-40055.01	0.32637	10.042	0.00
0.00	-29496.42	-40054.91	0.32625	-29496.42	-40054.91	0.32625	9.656	0.00
0.00	-29496.11	-40054.80	0.32603	-29496.11	-40054.80	0.32603	9.940	0.00
0.00	-29495.80	-40054.70	0.32581	-29495.80	-40054.70	0.32581	9.956	0.00
0.00	-29495.48	-40054.60	0.32577	-29495.48	-40054.60	0.32577	10.027	0.00
0.00	-29495.15	-40054.49	0.32572	-29495.15	-40054.49	0.32572	10.285	0.00
0.00	-29494.82	-40054.39	0.32543	-29494.82	-40054.39	0.32543	9.667	0.00
0.00	-29494.46	-40054.27	0.32485	-29494.46	-40054.27	0.32485	9.726	0.00
0.00	-29494.18	-40054.18	0.32442	-29494.18	-40054.18	0.32442	9.650	0.00
0.00	-29493.88	-40054.08	0.32425	-29493.88	-40054.08	0.32425	10.108	0.00
0.00	-29493.58	-40053.98	0.32400	-29493.58	-40053.98	0.32400	10.175	0.00
0.00	-29493.27	-40053.88	0.32360	-29493.27	-40053.88	0.32360	23.677	0.00
0.00	-29492.96	-40053.78	0.32331	-29492.96	-40053.78	0.32331	9.746	0.00
0.00	-29492.64	-40053.68	0.32304	-29492.64	-40053.68	0.32304	10.506	0.00
0.00	-29492.34	-40053.58	0.32239	-29492.34	-40053.58	0.32239	10.521	0.00
0.00	-29492.03	-40053.49	0.32169	-29492.03	-40053.49	0.32169	10.629	0.00
0.00	-29491.71	-40053.38	0.32145	-29491.71	-40053.38	0.32145	10.000	0.00
0.00	-29491.30	-40053.25	0.32132	-29491.30	-40053.25	0.32132	10.202	0.00
0.00	-29491.04	-40053.17	0.32119	-29491.04	-40053.17	0.32119	10.298	0.00
0.00	-29490.75	-40053.08	0.32109	-29490.75	-40053.08	0.32109	10.075	0.00
0.00	-29490.46	-40052.98	0.32119	-29490.46	-40052.98	0.32119	10.884	0.00
0.00	-29490.15	-40052.88	0.32133	-29490.15	-40052.88	0.32133	10.199	0.00
0.00	-29489.84	-40052.78	0.32127	-29489.84	-40052.78	0.32127	10.718	0.00
0.00	-29489.53	-40052.68	0.32110	-29489.53	-40052.68	0.32110	10.474	0.00
0.00	-29489.23	-40052.58	0.32097	-29489.23	-40052.58	0.32097	11.090	0.00
0.00	-29488.92	-40052.49	0.32081	-29488.92	-40052.49	0.32081	10.447	0.00
0.00	-29488.61	-40052.38	0.32069	-29488.61	-40052.38	0.32069	11.914	0.00
0.00	-29488.25	-40052.27	0.32066	-29488.25	-40052.27	0.32066	10.765	0.00
0.00	-29487.98	-40052.18	0.32057	-29487.98	-40052.18	0.32057	11.247	0.00
0.00	-29487.66	-40052.08	0.32048	-29487.66	-40052.08	0.32048	10.630	0.00
0.00	-29487.38	-40051.99	0.32052	-29487.38	-40051.99	0.32052	10.983	0.00
0.00	-29487.09	-40051.89	0.32048	-29487.09	-40051.89	0.32048	10.884	0.00
0.00	-29486.77	-40051.79	0.32043	-29486.77	-40051.79	0.32043	10.748	0.00
0.00	-29486.47	-40051.69	0.32052	-29486.47	-40051.69	0.32052	11.133	0.00
0.00	-29486.19	-40051.61	0.32070	-29486.19	-40051.61	0.32070	10.746	0.00
0.00	-29485.89	-40051.51	0.32063	-29485.89	-40051.51	0.32063	11.334	0.00
0.00	-29485.57	-40051.40	0.32045	-29485.57	-40051.40	0.32045	10.571	0.00
0.00	-29485.23	-40051.29	0.32034	-29485.23	-40051.29	0.32034	10.517	0.00
0.00	-29484.97	-40051.21	0.32045	-29484.97	-40051.21	0.32045	11.208	0.00
0.00	-29484.70	-40051.12	0.32069	-29484.70	-40051.12	0.32069	10.712	0.00
0.00	-29484.36	-40051.01	0.32075	-29484.36	-40051.01	0.32075	10.975	0.00
0.00	-29484.08	-40050.92	0.32103	-29484.08	-40050.92	0.32103	10.926	0.00
0.00	-29483.80	-40050.83	0.32154	-29483.80	-40050.83	0.32154	10.982	0.00
0.00	-29483.48	-40050.73	0.32171	-29483.48	-40050.73	0.32171	10.918	0.00
0.00	-29483.17	-40050.62	0.32161	-29483.17	-40050.62	0.32161	11.126	0.00
0.00	-29482.86	-40050.52	0.32140	-29482.86	-40050.52	0.32140	11.737	0.00
0.00	-29482.53	-40050.42	0.32125	-29482.53	-40050.42	0.32125	11.605	0.00
0.00	-29482.19	-40050.31	0.32127	-29482.19	-40050.31	0.32127	11.073	0.00
0.00	-29481.91	-40050.22	0.32133	-29481.91	-40050.22	0.32133	11.127	0.00
0.00	-29481.60	-40050.11	0.32132	-29481.60	-40050.11	0.32132	11.584	0.00
0.00	-29481.27	-40050.01	0.32127	-29481.27	-40050.01	0.32127	11.408	0.00
0.00	-29480.90	-40049.89	0.32118	-29480.90	-40049.89	0.32118	11.397	0.00
0.00	-29480.56	-40049.78	0.32076	-29480.56	-40049.78	0.32076	11.996	0.00
0.00	-29480.23	-40049.67	0.32013	-29480.23	-40049.67	0.32013	11.396	0.00
0.00	-29479.89	-40049.57	0.31971	-29479.89	-40049.57	0.31971	11.143	0.00
0.00	-29479.55	-40049.46	0.31952	-29479.55	-40049.46	0.31952	11.997	0.00
0.00	-29479.15	-40049.33	0.31931	-29479.15	-40049.33	0.31931	12.241	0.00
0.00	-29478.77	-40049.21	0.31902	-29478.77	-40049.21	0.31902	11.288	0.00
0.00	-29478.45	-40049.11	0.31887	-29478.45	-40049.11	0.31887	11.831	0.00
0.00	-29478.11	-40049.00	0.31860	-29478.11	-40049.00	0.31860	11.879	0.00
0.00	-29477.76	-40048.89	0.31813	-29477.76	-40048.89	0.31813	12.080	0.00
0.00	-29477.36	-40048.76	0.31771	-29477.36	-40048.76	0.31771	11.523	0.00
0.00	-29477.01	-40048.65	0.31742	-29477.01	-40048.65	0.31742	11.643	0.00
0.00	-29476.65	-40048.53	0.31727	-29476.65	-40048.53	0.31727	11.898	0.00
0.00	-29476.26	-40048.41	0.31707	-29476.26	-40048.41	0.31707	11.811	0.00
0.00	-29475.90	-40048.30	0.31684	-29475.90	-40048.30	0.31684	11.974	0.00
0.00	-29475.47	-40048.16	0.31662	-29475.47	-40048.16	0.31662	12.010	0.00
0.00	-29475.08	-40048.04	0.31656	-29475.08	-40048.04	0.31656	12.178	0.00
0.00	-29474.76	-40047.93	0.31635	-29474.76	-40047.93	0.31635	12.579	0.00
0.00	-29474.40	-40047.82	0.31596	-29474.40	-40047.82	0.31596	13.044	0.00
0.00	-29474.03	-40047.70	0.31569	-29474.03	-40047.70	0.31569	12.532	0.00
0.00	-29473.67	-40047.59	0.31548	-29473.67	-40047.59	0.31548	12.272	0.00
0.00	-29473.30	-40047.47	0.31512	-29473.30	-40047.47	0.31512	12.457	0.00
0.00	-29472.92	-40047.36	0.31475	-29472.92	-40047.36	0.31475	12.518	0.00
0.00	-29472.51	-40047.23	0.31459	-29472.51	-40047.23	0.31459	12.359	0.00
0.00	-29472.15	-40047.12	0.31445	-29472.15	-40047.12	0.31445	13.639	0.00
0.00	-29471.71	-40046.98	0.31424	-29471.71	-40046.98	0.31424	11.994	0.00
0.00	-29471.35	-40046.86	0.31407	-29471.35	-40046.86	0.31407	12.358	0.00
0.00	-29471.00	-40046.75	0.31393	-29471.00	-40046.75	0.31393	12.185	0.00
0.00	-29470.65	-40046.64	0.31371	-29470.65	-40046.64	0.31371	12.198	0.00
0.00	-29470.28	-40046.53	0.31347	-29470.28	-40046.53	0.31347	12.108	0.00
0.00	-29469.92	-40046.41	0.31340	-29469.92	-40046.41	0.31340	12.658	0.00
0.00	-29469.56	-40046.30	0.31348	-29469.56	-40046.30	0.31348	12.395	0.00
0.00	-29469.20	-40046.19	0.31360	-29469.20	-40046.19	0.31360	12.434	0.00
0.00	-29468.84	-40046.07	0.31381	-29468.84	-40046.07	0.31381	12.597	0.00
0.00	-29468.49	-40045.96	0.31400	-29468.49	-40045.96	0.31400	13.244	0.00
0.00	-29468.02	-40045.81	0.31415	-29468.02	-40045.81	0.31415	12.956	0.00
0.00	-29467.67	-40045.70	0.31427	-29467.67	-40045.70	0.31427	12.451	0.00
0.00	-29467.35	-40045.60	0.31455	-29467.35	-40045.60	0.31455	12.567	0.00
0.00	-29467.00	-40045.48	0.31506	-29467.00	-40045.48	0.31506	12.448	0.00
0.00	-29466.65	-40045.37	0.31582	-29466.65	-40045.37	0.31582	13.159	0.00
0.00	-29466.29	-40045.26	0.31680	-29466.29	-40045.26	0.31680	13.173	0.00
0.00	-29465.94	-40045.14	0.31759	-29465.94	-40045.14	0.31759	12.576	0.00
0.00	-29465.58	-40045.03	0.31807	-29465.58	-40045.03	0.31807	13.469	0.00
0.00	-29465.22	-40044.91	0.31862	-29465.22	-40044.91	0.31862	14.270	0.00
0.00	-29464.88	-40044.80	0.31915	-29464.88	-40044.80	0.31915	14.545	0.00
0.00	-29464.46	-40044.66	0.31950	-29464.46	-40044.66	0.31950	12.703	0.00
0.00	-29464.07	-40044.54	0.31977	-29464.07	-40044.54	0.31977	12.789	0.00
0.00	-29463.76	-40044.44	0.32017	-29463.76	-40044.44	0.32017	13.398	0.00
0.00	-29463.43	-40044.33	0.32050	-29463.43	-40044.33	0.32050	12.975	0.00
0.00	-29463.08	-40044.22	0.32075	-29463.08	-40044.22	0.32075	12.434	0.00
0.00	-29462.73	-40044.10	0.32116	-29462.73	-40044.10	0.32116	19.807	0.00
0.00	-29462.38	-40043.99	0.32159	-29462.38	-40043.99	0.32159	12.701	0.00
0.00	-29462.04	-40043.88	0.32173	-29462.04	-40043.88	0.32173	12.719	0.00
0.00	-29461.68	-40043.76	0.32178	-29461.68	-40043.76	0.32178	13.409	0.00
0.00	-29461.32	-40043.65	0.32181	-29461.32	-40043.65	0.32181	12.938	0.00
0.00	-29460.90	-40043.51	0.32158	-29460.90	-40043.51	0.32158	12.650	0.00
0.00	-29460.57	-40043.40	0.32127	-29460.57	-40043.40	0.32127	13.953	0.00
0.00	-29460.25	-40043.30	0.32114	-29460.25	-40043.30	0.32114	13.408	0.00
0.00	-29459.87	-40043.18	0.32114	-29459.87	-40043.18	0.32114	13.637	0.00
0.00	-29459.51	-40043.06	0.32101	-29459.51	-40043.06	0.32101	13.211	0.00
0.00	-29459.15	-40042.95	0.32085	-29459.15	-40042.95	0.32085	13.562	0.00
0.00	-29458.78	-40042.83	0.32072	-29458.78	-40042.83	0.32072	13.007	0.00
0.00	-29458.42	-40042.71	0.32050	-29458.42	-40042.71	0.32050	13.568	0.00
0.00	-29458.05	-40042.60	0.32022	-29458.05	-40042.60	0.32022	12.813	0.00
0.00	-29457.68	-40042.47	0.31988	-29457.68	-40042.47	0.31988	13.444	0.00
0.00	-29457.24	-40042.33	0.31937	-29457.24	-40042.33	0.31937	13.342	0.00
0.00	-29456.90	-40042.22	0.31890	-29456.90	-40042.22	0.31890	12.996	0.00
0.00	-29456.55	-40042.11	0.31856	-29456.55	-40042.11	0.31856	13.322	0.00
0.00	-29456.19	-40042.00	0.31820	-29456.19	-40042.00	0.31820	13.205	0.00
0.00	-29455.81	-40041.88	0.31767	-29455.81	-40041.88	0.31767	12.869	0.00
0.00	-29455.40	-40041.74	0.31710	-29455.40	-40041.74	0.31710	13.431	0.00
0.00	-29455.03	-40041.63	0.31653	-29455.03	-40041.63	0.31653	12.974	0.00
0.00	-29454.67	-40041.51	0.31608	-29454.67	-40041.51	0.31608	13.430	0.00
0.00	-29454.28	-40041.39	0.31576	-29454.28	-40041.39	0.31576	13.291	0.00
0.00	-29453.90	-40041.26	0.31541	-29453.90	-40041.26	0.31541	12.964	0.00
0.00	-29453.45	-40041.12	0.31505	-29453.45	-40041.12	0.31505	13.074	0.00
0.00	-29453.13	-40041.02	0.31474	-29453.13	-40041.02	0.31474	13.167	0.00
0.00	-29452.79	-40040.91	0.31444	-29452.79	-40040.91	0.31444	13.320	0.00
0.00	-29452.43	-40040.80	0.31413	-29452.43	-40040.80	0.31413	13.713	0.00
0.00	-29452.03	-40040.67	0.31380	-29452.03	-40040.67	0.31380	13.532	0.00
0.00	-29451.66	-40040.56	0.31343	-29451.66	-40040.56	0.31343	13.495	0.00
0.00	-29451.30	-40040.44	0.31291	-29451.30	-40040.44	0.31291	13.972	0.00
0.00	-29450.93	-40040.33	0.31232	-29450.93	-40040.33	0.31232	13.859	0.00
0.00	-29450.57	-40040.21	0.31180	-29450.57	-40040.21	0.31180	13.864	0.00
0.00	-29450.19	-40040.09	0.31144	-29450.19	-40040.09	0.31144	13.374	0.00
0.00	-29449.75	-40039.95	0.31120	-29449.75	-40039.95	0.31120	15.130	0.00
0.00	-29449.44	-40039.86	0.31111	-29449.44	-40039.86	0.31111	13.557	0.00
0.00	-29449.12	-40039.76	0.31118	-29449.12	-40039.76	0.31118	13.214	0.00
0.00	-29448.78	-40039.65	0.31120	-29448.78	-40039.65	0.31120	13.542	0.00
0.00	-29448.43	-40039.54	0.31131	-29448.43	-40039.54	0.31131	14.166	0.00
0.00	-29448.03	-40039.42	0.31171	-29448.03	-40039.42	0.31171	13.547	0.00
0.00	-29447.68	-40039.31	0.31206	-29447.68	-40039.31	0.31206	13.973	0.00
0.00	-29447.30	-40039.19	0.31195	-29447.30	-40039.19	0.31195	13.954	0.00
0.00	-29446.94	-40039.08	0.31172	-29446.94	-40039.08	0.31172	14.296	0.00
0.00	-29446.56	-40038.96	0.31164	-29446.56	-40038.96	0.31164	13.864	0.00
0.00	-29446.14	-40038.83	0.31179	-29446.14	-40038.83	0.31179	14.045	0.00
0.00	-29445.82	-40038.73	0.31230	-29445.82	-40038.73	0.31230	14.264	0.00
0.00	-29445.48	-40038.62	0.31317	-29445.48	-40038.62	0.31317	14.159	0.00
0.00	-29445.11	-40038.50	0.31426	-29445.11	-40038.50	0.31426	14.341	0.00
0.00	-29444.73	-40038.38	0.31540	-29444.73	-40038.38	0.31540	14.404	0.00
0.00	-29444.36	-40038.26	0.31649	-29444.36	-40038.26	0.31649	15.061	0.00
0.00	-29443.98	-40038.14	0.31748	-29443.98	-40038.14	0.31748	14.941	0.00
0.00	-29443.57	-40038.01	0.31836	-29443.57	-40038.01	0.31836	13.966	0.00
0.00	-29443.21	-40037.89	0.31926	-29443.21	-40037.89	0.31926	13.507	0.00
0.00	-29442.78	-40037.75	0.31992	-29442.78	-40037.75	0.31992	14.564	0.00
0.00	-29442.34	-40037.61	0.32037	-29442.34	-40037.61	0.32037	13.887	0.00
0.00	-29442.00	-40037.50	0.32092	-29442.00	-40037.50	0.32092	14.323	0.00
0.00	-29441.64	-40037.38	0.32164	-29441.64	-40037.38	0.32164	13.830	0.00
0.00	-29441.26	-40037.26	0.32234	-29441.26	-40037.26	0.32234	14.028	0.00
0.00	-29440.87	-40037.13	0.32298	-29440.87	-40037.13	0.32298	14.338	0.00
0.00	-29440.47	-40037.00	0.32377	-29440.47	-40037.00	0.32377	14.155	0.00
0.00	-29440.07	-40036.86	0.32473	-29440.07	-40036.86	0.32473	13.909	0.00
0.00	-29439.67	-40036.73	0.32566	-29439.67	-40036.73	0.32566	14.205	0.00
0.00	-29439.24	-40036.58	0.32633	-29439.24	-40036.58	0.32633	594.136	0.00
0.00	-29435.90	-40035.48	0.32920	-29435.90	-40035.48	0.32920	2.783	0.00
0.00	-29435.90	-40035.48	0.32920	-29435.90	-40035.48	0.32920	1.773	0.00
0.00	-29436.88	-40035.81	0.32910	-29436.88	-40035.81	0.32910	1.991	0.00
0.00	-29436.44	-40035.66	0.32896	-29436.44	-40035.66	0.32896	1.928	0.00
0.00	-29436.01	-40035.52	0.32832	-29436.01	-40035.52	0.32832	2.003	0.00
0.00	-29435.61	-40035.39	0.32728	-29435.61	-40035.39	0.32728	1.917	0.00
0.00	-29435.21	-40035.27	0.32609	-29435.21	-40035.27	0.32609	2.167	0.00
0.00	-29434.71	-40035.10	0.32497	-29434.71	-40035.10	0.32497	2.051	0.00
0.00	-29434.28	-40034.96	0.32433	-29434.28	-40034.96	0.32433	2.270	0.00
0.00	-29433.91	-40034.84	0.32426	-29433.91	-40034.84	0.32426	2.322	0.00
0.00	-29433.55	-40034.73	0.32458	-29433.55	-40034.73	0.32458	2.398	0.00
0.00	-29433.16	-40034.60	0.32480	-29433.16	-40034.60	0.32480	2.315	0.00
0.00	-29432.76	-40034.47	0.32513	-29432.76	-40034.47	0.32513	2.385	0.00
0.00	-29432.36	-40034.33	0.32575	-29432.36	-40034.33	0.32575	2.605	0.00
0.00	-29431.95	-40034.20	0.32678	-29431.95	-40034.20	0.32678	2.398	0.00
0.00	-29431.54	-40034.06	0.32786	-29431.54	-40034.06	0.32786	2.529	0.00
0.00	-29431.14	-40033.92	0.32884	-29431.14	-40033.92	0.32884	2.618	0.00
0.00	-29430.67	-40033.76	0.32976	-29430.67	-40033.76	0.32976	2.527	0.00
0.00	-29430.20	-40033.60	0.33063	-29430.20	-40033.60	0.33063	2.817	0.00
0.00	-29429.85	-40033.48	0.33150	-29429.85	-40033.48	0.33150	2.840	0.00
0.00	-29429.45	-40033.35	0.33229	-29429.45	-40033.35	0.33229	2.931	0.00
0.00	-29429.02	-40033.20	0.33297	-29429.02	-40033.20	0.33297	3.110	0.00
0.00	-29428.60	-40033.06	0.33391	-29428.60	-40033.06	0.33391	3.301	0.00
0.00	-29428.18	-40032.91	0.33495	-29428.18	-40032.91	0.33495	3.028	0.00
0.00	-29427.76	-40032.77	0.33594	-29427.76	-40032.77	0.33594	3.264	0.00
0.00	-29427.34	-40032.62	0.33698	-29427.34	-40032.62	0.33698	3.255	0.00
0.00	-29426.93	-40032.48	0.33783	-29426.93	-40032.48	0.33783	4.534	0.00
0.00	-29426.42	-40032.31	0.33843	-29426.42	-40032.31	0.33843	3.237	0.00
0.00	-29426.00	-40032.16	0.33900	-29426.00	-40032.16	0.33900	3.077	0.00
0.00	-29425.62	-40032.03	0.33968	-29425.62	-40032.03	0.33968	3.586	0.00
0.00	-29425.17	-40031.88	0.34028	-29425.17	-40031.88	0.34028	3.895	0.00
0.00	-29424.77	-40031.74	0.34069	-29424.77	-40031.74	0.34069	3.685	0.00
0.00	-29424.35	-40031.59	0.34093	-29424.35	-40031.59	0.34093	3.353	0.00
0.00	-29423.91	-40031.44	0.34121	-29423.91	-40031.44	0.34121	3.961	0.00
0.00	-29423.48	-40031.29	0.34143	-29423.48	-40031.29	0.34143	3.696	0.00
0.00	-29423.07	-40031.15	0.34171	-29423.07	-40031.15	0.34171	3.864	0.00
0.00	-29422.64	-40031.00	0.34181	-29422.64	-40031.00	0.34181	3.805	0.00
0.00	-29422.12	-40030.82	0.34178	-29422.12	-40030.82	0.34178	3.997	0.00
0.00	-29421.71	-40030.68	0.34190	-29421.71	-40030.68	0.34190	4.035	0.00
0.00	-29421.33	-40030.55	0.34205	-29421.33	-40030.55	0.34205	4.101	0.00
0.00	-29420.91	-40030.41	0.34231	-29420.91	-40030.41	0.34231	4.192	0.00
0.00	-29420.45	-40030.25	0.34267	-29420.45	-40030.25	0.34267	4.114	0.00
0.00	-29420.04	-40030.10	0.34297	-29420.04	-40030.10	0.34297	3.952	0.00
0.00	-29419.60	-40029.95	0.34325	-29419.60	-40029.95	0.34325	4.823	0.00
0.00	-29419.19	-40029.81	0.34368	-29419.19	-40029.81	0.34368	3.682	0.00
0.00	-29418.75	-40029.66	0.34398	-29418.75	-40029.66	0.34398	4.277	0.00
0.00	-29418.32	-40029.51	0.34420	-29418.32	-40029.51	0.34420	4.130	0.00
0.00	-29417.82	-40029.33	0.34437	-29417.82	-40029.33	0.34437	4.259	0.00
0.00	-29417.42	-40029.19	0.34466	-29417.42	-40029.19	0.34466	5.051	0.00
0.00	-29417.04	-40029.06	0.34500	-29417.04	-40029.06	0.34500	5.612	0.00
0.00	-29416.62	-40028.91	0.34535	-29416.62	-40028.91	0.34535	4.641	0.00
0.00	-29416.20	-40028.76	0.34590	-29416.20	-40028.76	0.34590	4.634	0.00
0.00	-29415.77	-40028.61	0.34663	-29415.77	-40028.61	0.34663	4.825	0.00
0.00	-29415.34	-40028.46	0.34746	-29415.34	-40028.46	0.34746	3.992	0.00
0.00	-29414.88	-40028.29	0.34843	-29414.88	-40028.29	0.34843	5.034	0.00
0.00	-29414.46	-40028.14	0.34970	-29414.46	-40028.14	0.34970	4.137	0.00
0.00	-29414.01	-40027.98	0.35089	-29414.01	-40027.98	0.35089	4.976	0.00
0.00	-29413.49	-40027.79	0.35178	-29413.49	-40027.79	0.35178	4.909	0.00
0.00	-29413.09	-40027.65	0.35288	-29413.09	-40027.65	0.35288	5.302	0.00
0.00	-29412.70	-40027.51	0.35427	-29412.70	-40027.51	0.35427	5.219	0.00
0.00	-29412.28	-40027.35	0.35575	-29412.28	-40027.35	0.35575	5.325	0.00
0.00	-29411.84	-40027.19	0.35696	-29411.84	-40027.19	0.35696	5.291	0.00
0.00	-29411.41	-40027.04	0.35817	-29411.41	-40027.04	0.35817	5.315	0.00
0.00	-29410.97	-40026.88	0.35966	-29410.97	-40026.88	0.35966	4.436	0.00
0.00	-29410.50	-40026.70	0.36108	-29410.50	-40026.70	0.36108	5.688	0.00
0.00	-29410.09	-40026.55	0.36212	-29410.09	-40026.55	0.36212	4.649	0.00
0.00	-29409.68	-40026.40	0.36306	-29409.68	-40026.40	0.36306	4.608	0.00
0.00	-29409.15	-40026.20	0.36409	-29409.15	-40026.20	0.36409	5.503	0.00
0.00	-29408.75	-40026.06	0.36505	-29408.75	-40026.06	0.36505	5.638	0.00
0.00	-29408.34	-40025.90	0.36588	-29408.34	-40025.90	0.36588	5.679	0.00
0.00	-29407.93	-40025.75	0.36672	-29407.93	-40025.75	0.36672	7.285	0.00
0.00	-29407.50	-40025.59	0.36790	-29407.50	-40025.59	0.36790	5.587	0.00
0.00	-29407.06	-40025.43	0.36936	-29407.06	-40025.43	0.36936	7.885	0.00
0.00	-29406.67	-40025.28	0.37054	-29406.67	-40025.28	0.37054	4.552	0.00
0.00	-29406.25	-40025.12	0.37137	-29406.25	-40025.12	0.37137	6.029	0.00
0.00	-29405.83	-40024.96	0.37224	-29405.83	-40024.96	0.37224	5.035	0.00
0.00	-29405.40	-40024.79	0.37317	-29405.40	-40024.79	0.37317	4.607	0.00
0.00	-29404.86	-40024.58	0.37398	-29404.86	-40024.58	0.37398	4.655	0.00
0.00	-29404.49	-40024.44	0.37456	-29404.49	-40024.44	0.37456	6.319	0.00
0.00	-29404.10	-40024.29	0.37504	-29404.10	-40024.29	0.37504	6.039	0.00
0.00	-29403.66	-40024.12	0.37562	-29403.66	-40024.12	0.37562	6.127	0.00
0.00	-29403.24	-40023.96	0.37622	-29403.24	-40023.96	0.37622	6.353	0.00
0.00	-29402.81	-40023.79	0.37648	-29402.81	-40023.79	0.37648	11.564	0.00
0.00	-29402.38	-40023.63	0.37620	-29402.38	-40023.63	0.37620	5.260	0.00
0.00	-29401.95	-40023.46	0.37562	-29401.95	-40023.46	0.37562	6.943	0.00
0.00	-29401.52	-40023.30	0.37515	-29401.52	-40023.30	0.37515	6.873	0.00
0.00	-29401.07	-40023.13	0.37493	-29401.07	-40023.13	0.37493	6.829	0.00
0.00	-29400.57	-40022.93	0.37478	-29400.57	-40022.93	0.37478	5.101	0.00
0.00	-29400.15	-40022.77	0.37495	-29400.15	-40022.77	0.37495	4.606	0.00
0.00	-29399.77	-40022.62	0.37536	-29399.77	-40022.62	0.37536	4.533	0.00
0.00	-29399.33	-40022.45	0.37526	-29399.33	-40022.45	0.37526	6.765	0.00
0.00	-29398.92	-40022.29	0.37492	-29398.92	-40022.29	0.37492	6.603	0.00
0.00	-29398.47	-40022.12	0.37449	-29398.47	-40022.12	0.37449	6.815	0.00
0.00	-29398.05	-40021.96	0.37406	-29398.05	-40021.96	0.37406	6.796	0.00
0.00	-29397.64	-40021.80	0.37376	-29397.64	-40021.80	0.37376	6.810	0.00
0.00	-29397.22	-40021.64	0.37343	-29397.22	-40021.64	0.37343	6.835	0.00
0.00	-29396.77	-40021.47	0.37288	-29396.77	-40021.47	0.37288	7.170	0.00
0.00	-29396.27	-40021.28	0.37215	-29396.27	-40021.28	0.37215	5.843	0.00
0.00	-29395.90	-40021.14	0.37168	-29395.90	-40021.14	0.37168	5.136	0.00
0.00	-29395.46	-40020.97	0.37128	-29395.46	-40020.97	0.37128	7.333	0.00
0.00	-29395.06	-40020.82	0.37030	-29395.06	-40020.82	0.37030	5.808	0.00
0.00	-29394.65	-40020.66	0.36866	-29394.65	-40020.66	0.36866	5.182	0.00
0.00	-29394.24	-40020.51	0.36686	-29394.24	-40020.51	0.36686	7.496	0.00
0.00	-29393.82	-40020.35	0.36519	-29393.82	-40020.35	0.36519	7.533	0.00
0.00	-29393.39	-40020.19	0.36379	-29393.39	-40020.19	0.36379	5.168	0.00
0.00	-29392.97	-40020.03	0.36234	-29392.97	-40020.03	0.36234	7.973	0.00
0.00	-29392.51	-40019.86	0.36075	-29392.51	-40019.86	0.36075	7.258	0.00
0.00	-29392.03	-40019.69	0.35922	-29392.03	-40019.69	0.35922	5.263	0.00
0.00	-29391.61	-40019.53	0.35782	-29391.61	-40019.53	0.35782	8.112	0.00
0.00	-29391.22	-40019.39	0.35640	-29391.22	-40019.39	0.35640	6.095	0.00
0.00	-29390.80	-40019.23	0.35515	-29390.80	-40019.23	0.35515	5.497	0.00
0.00	-29390.36	-40019.07	0.35419	-29390.36	-40019.07	0.35419	4.971	0.00
0.00	-29389.93	-40018.91	0.35291	-29389.93	-40018.91	0.35291	5.967	0.00
0.00	-29389.50	-40018.76	0.35127	-29389.50	-40018.76	0.35127	8.065	0.00
0.00	-29389.05	-40018.60	0.34958	-29389.05	-40018.60	0.34958	10.548	0.00
0.00	-29388.61	-40018.44	0.34801	-29388.61	-40018.44	0.34801	6.025	0.00
0.00	-29388.11	-40018.26	0.34628	-29388.11	-40018.26	0.34628	7.907	0.00
0.00	-29387.63	-40018.09	0.34409	-29387.63	-40018.09	0.34409	7.849	0.00
0.00	-29387.24	-40017.95	0.34173	-29387.24	-40017.95	0.34173	6.202	0.00
0.00	-29386.81	-40017.80	0.33931	-29386.81	-40017.80	0.33931	8.472	0.00
0.00	-29386.37	-40017.65	0.33693	-29386.37	-40017.65	0.33693	6.089	0.00
0.00	-29385.91	-40017.50	0.33425	-29385.91	-40017.50	0.33425	8.190	0.00
0.00	-29385.41	-40017.33	0.33132	-29385.41	-40017.33	0.33132	6.182	0.00
0.00	-29384.98	-40017.19	0.32830	-29384.98	-40017.19	0.32830	8.291	0.00
0.00	-29384.53	-40017.04	0.32510	-29384.53	-40017.04	0.32510	8.215	0.00
0.00	-29384.07	-40016.89	0.32204	-29384.07	-40016.89	0.32204	8.277	0.00
0.00	-29383.54	-40016.72	0.31910	-29383.54	-40016.72	0.31910	8.383	0.00
0.00	-29383.04	-40016.56	0.31582	-29383.04	-40016.56	0.31582	5.922	0.00
0.00	-29382.62	-40016.43	0.31249	-29382.62	-40016.43	0.31249	8.358	0.00
0.00	-29382.17	-40016.29	0.30911	-29382.17	-40016.29	0.30911	8.534	0.00
0.00	-29381.70	-40016.15	0.30560	-29381.70	-40016.15	0.30560	6.065	0.00
0.00	-29381.24	-40016.01	0.30227	-29381.24	-40016.01	0.30227	5.636	0.00
0.00	-29380.77	-40015.87	0.29912	-29380.77	-40015.87	0.29912	10.190	0.00
0.00	-29380.30	-40015.72	0.29612	-29380.30	-40015.72	0.29612	6.656	0.00
0.00	-29379.78	-40015.57	0.29318	-29379.78	-40015.57	0.29318	5.864	0.00
0.00	-29379.33	-40015.44	0.29030	-29379.33	-40015.44	0.29030	5.672	0.00
0.00	-29378.77	-40015.27	0.28756	-29378.77	-40015.27	0.28756	9.296	0.00
0.00	-29378.31	-40015.14	0.28486	-29378.31	-40015.14	0.28486	6.488	0.00
0.00	-29377.88	-40015.02	0.28211	-29377.88	-40015.02	0.28211	9.674	0.00
0.00	-29377.41	-40014.88	0.27949	-29377.41	-40014.88	0.27949	6.257	0.00
0.00	-29376.94	-40014.76	0.27693	-29376.94	-40014.76	0.27693	9.236	0.00
0.00	-29376.48	-40014.63	0.27440	-29376.48	-40014.63	0.27440	9.402	0.00
0.00	-29376.01	-40014.50	0.27188	-29376.01	-40014.50	0.27188	6.418	0.00
0.00	-29375.53	-40014.37	0.26947	-29375.53	-40014.37	0.26947	6.272	0.00
0.00	-29375.04	-40014.24	0.26724	-29375.04	-40014.24	0.26724	9.393	0.00
0.00	-29374.56	-40014.12	0.26506	-29374.56	-40014.12	0.26506	7.158	0.00
0.00	-29374.02	-40013.98	0.26320	-29374.02	-40013.98	0.26320	5.313	0.00
0.00	-29373.57	-40013.86	0.26194	-29373.57	-40013.86	0.26194	7.179	0.00
0.00	-29373.16	-40013.75	0.26134	-29373.16	-40013.75	0.26134	9.742	0.00
0.00	-29372.69	-40013.63	0.26113	-29372.69	-40013.63	0.26113	6.854	0.00
0.00	-29372.21	-40013.51	0.26101	-29372.21	-40013.51	0.26101	9.900	0.00
0.00	-29371.74	-40013.39	0.26086	-29371.74	-40013.39	0.26086	9.465	0.00
0.00	-29371.27	-40013.27	0.26094	-29371.27	-40013.27	0.26094	7.157	0.00
0.00	-29370.79	-40013.15	0.26137	-29370.79	-40013.15	0.26137	10.009	0.00
0.00	-29370.32	-40013.03	0.26177	-29370.32	-40013.03	0.26177	6.421	0.00
0.00	-29369.85	-40012.91	0.26213	-29369.85	-40012.91	0.26213	10.493	0.00
0.00	-29369.23	-40012.75	0.26299	-29369.23	-40012.75	0.26299	7.283	0.00
0.00	-29368.79	-40012.63	0.26461	-29368.79	-40012.63	0.26461	6.701	0.00
0.00	-29368.37	-40012.52	0.26626	-29368.37	-40012.52	0.26626	6.083	0.00
0.00	-29367.90	-40012.40	0.26763	-29367.90	-40012.40	0.26763	10.412	0.00
0.00	-29367.43	-40012.27	0.26897	-29367.43	-40012.27	0.26897	7.396	0.00
0.00	-29366.93	-40012.14	0.27048	-29366.93	-40012.14	0.27048	11.172	0.00
0.00	-29366.44	-40012.01	0.27192	-29366.44	-40012.01	0.27192	10.516	0.00
0.00	-29365.96	-40011.87	0.27310	-29365.96	-40011.87	0.27310	9.960	0.00
0.00	-29365.48	-40011.74	0.27431	-29365.48	-40011.74	0.27431	7.328	0.00
0.00	-29365.00	-40011.61	0.27568	-29365.00	-40011.61	0.27568	10.962	0.00
0.00	-29364.43	-40011.45	0.27702	-29364.43	-40011.45	0.27702	7.731	0.00
0.00	-29363.97	-40011.33	0.27824	-29363.97	-40011.33	0.27824	7.304	0.00
0.00	-29363.50	-40011.20	0.27940	-29363.50	-40011.20	0.27940	6.575	0.00
0.00	-29363.06	-40011.07	0.28025	-29363.06	-40011.07	0.28025	10.783	0.00
0.00	-29362.58	-40010.94	0.28093	-29362.58	-40010.94	0.28093	10.851	0.00
0.00	-29362.10	-40010.80	0.28175	-29362.10	-40010.80	0.28175	8.291	0.00
0.00	-29361.62	-40010.66	0.28282	-29361.62	-40010.66	0.28282	7.318	0.00
0.00	-29361.13	-40010.52	0.28376	-29361.13	-40010.52	0.28376	6.552	0.00
0.00	-29360.66	-40010.39	0.28432	-29360.66	-40010.39	0.28432	11.425	0.00
0.00	-29360.19	-40010.25	0.28465	-29360.19	-40010.25	0.28465	7.121	0.00
0.00	-29359.63	-40010.09	0.28478	-29359.63	-40010.09	0.28478	11.014	0.00
0.00	-29359.21	-40009.97	0.28502	-29359.21	-40009.97	0.28502	6.330	0.00
0.00	-29358.78	-40009.84	0.28561	-29358.78	-40009.84	0.28561	11.226	0.00
0.00	-29358.29	-40009.70	0.28616	-29358.29	-40009.70	0.28616	13.165	0.00
0.00	-29357.85	-40009.57	0.28640	-29357.85	-40009.57	0.28640	11.891	0.00
0.00	-29357.39	-40009.44	0.28645	-29357.39	-40009.44	0.28645	11.450	0.00
0.00	-29356.93	-40009.31	0.28653	-29356.93	-40009.31	0.28653	8.462	0.00
0.00	-29356.45	-40009.17	0.28695	-29356.45	-40009.17	0.28695	7.714	0.00
0.00	-29356.00	-40009.04	0.28786	-29356.00	-40009.04	0.28786	7.410	0.00
0.00	-29355.52	-40008.90	0.28839	-29355.52	-40008.90	0.28839	9.060	0.00
0.00	-29354.98	-40008.74	0.28804	-29354.98	-40008.74	0.28804	5.785	0.00
0.00	-29354.57	-40008.63	0.28766	-29354.57	-40008.63	0.28766	11.348	0.00
0.00	-29354.14	-40008.51	0.28761	-29354.14	-40008.51	0.28761	6.969	0.00
0.00	-29353.71	-40008.38	0.28762	-29353.71	-40008.38	0.28762	12.072	0.00
0.00	-29353.26	-40008.26	0.28703	-29353.26	-40008.26	0.28703	11.651	0.00
0.00	-29352.77	-40008.12	0.28615	-29352.77	-40008.12	0.28615	15.982	0.00
0.00	-29352.34	-40008.00	0.28589	-29352.34	-40008.00	0.28589	11.515	0.00
0.00	-29351.89	-40007.87	0.28584	-29351.89	-40007.87	0.28584	11.455	0.00
0.00	-29351.44	-40007.74	0.28560	-29351.44	-40007.74	0.28560	8.538	0.00
0.00	-29350.96	-40007.61	0.28545	-29350.96	-40007.61	0.28545	12.188	0.00
0.00	-29350.43	-40007.46	0.28554	-29350.43	-40007.46	0.28554	12.214	0.00
0.00	-29350.03	-40007.35	0.28571	-29350.03	-40007.35	0.28571	12.411	0.00
0.00	-29349.62	-40007.23	0.28579	-29349.62	-40007.23	0.28579	10.408	0.00
0.00	-29349.17	-40007.10	0.28568	-29349.17	-40007.10	0.28568	8.035	0.00
0.00	-29348.74	-40006.98	0.28568	-29348.74	-40006.98	0.28568	16.523	0.00
0.00	-29348.29	-40006.85	0.28592	-29348.29	-40006.85	0.28592	12.103	0.00
0.00	-29347.85	-40006.72	0.28632	-29347.85	-40006.72	0.28632	14.367	0.00
0.00	-29347.36	-40006.58	0.28687	-29347.36	-40006.58	0.28687	14.161	0.00
0.00	-29346.94	-40006.46	0.28726	-29346.94	-40006.46	0.28726	11.994	0.00
0.00	-29346.48	-40006.32	0.28748	-29346.48	-40006.32	0.28748	12.273	0.00
0.00	-29345.97	-40006.18	0.28768	-29345.97	-40006.18	0.28768	16.019	0.00
0.00	-29345.59	-40006.07	0.28787	-29345.59	-40006.07	0.28787	13.318	0.00
0.00	-29345.17	-40005.94	0.28803	-29345.17	-40005.94	0.28803	12.726	0.00
0.00	-29344.74	-40005.82	0.28838	-29344.74	-40005.82	0.28838	7.385	0.00
0.00	-29344.31	-40005.69	0.28893	-29344.31	-40005.69	0.28893	12.882	0.00
0.00	-29343.88	-40005.57	0.28944	-29343.88	-40005.57	0.28944	10.678	0.00
0.00	-29343.45	-40005.44	0.28959	-29343.45	-40005.44	0.28959	9.760	0.00
0.00	-29343.02	-40005.32	0.28949	-29343.02	-40005.32	0.28949	7.792	0.00
0.00	-29342.55	-40005.18	0.28954	-29342.55	-40005.18	0.28954	10.517	0.00
0.00	-29342.11	-40005.06	0.28980	-29342.11	-40005.06	0.28980	6.946	0.00
0.00	-29341.62	-40004.92	0.28988	-29341.62	-40004.92	0.28988	13.013	0.00
0.00	-29341.25	-40004.81	0.28974	-29341.25	-40004.81	0.28974	13.504	0.00
0.00	-29340.85	-40004.69	0.28957	-29340.85	-40004.69	0.28957	12.688	0.00
0.00	-29340.42	-40004.57	0.28937	-29340.42	-40004.57	0.28937	13.138	0.00
0.00	-29340.00	-40004.45	0.28921	-29340.00	-40004.45	0.28921	13.352	0.00
0.00	-29339.58	-40004.33	0.28904	-29339.58	-40004.33	0.28904	13.060	0.00
0.00	-29339.16	-40004.21	0.28885	-29339.16	-40004.21	0.28885	16.186	0.00
0.00	-29338.74	-40004.09	0.28886	-29338.74	-40004.09	0.28886	13.750	0.00
0.00	-29338.28	-40003.96	0.28906	-29338.28	-40003.96	0.28906	13.334	0.00
0.00	-29337.88	-40003.84	0.28930	-29337.88	-40003.84	0.28930	13.020	0.00
0.00	-29337.37	-40003.70	0.28922	-29337.37	-40003.70	0.28922	13.342	0.00
0.00	-29337.03	-40003.60	0.28909	-29337.03	-40003.60	0.28909	13.856	0.00
0.00	-29336.65	-40003.49	0.28905	-29336.65	-40003.49	0.28905	13.178	0.00
0.00	-29336.25	-40003.37	0.28907	-29336.25	-40003.37	0.28907	11.647	0.00
0.00	-29335.82	-40003.25	0.28920	-29335.82	-40003.25	0.28920	9.155	0.00
0.00	-29335.41	-40003.13	0.28941	-29335.41	-40003.13	0.28941	8.284	0.00
0.00	-29335.01	-40003.02	0.28947	-29335.01	-40003.02	0.28947	11.816	0.00
0.00	-29334.61	-40002.90	0.28956	-29334.61	-40002.90	0.28956	7.116	0.00
0.00	-29334.21	-40002.79	0.28994	-29334.21	-40002.79	0.28994	13.944	0.00
0.00	-29333.77	-40002.66	0.29048	-29333.77	-40002.66	0.29048	14.041	0.00
0.00	-29333.30	-40002.52	0.29089	-29333.30	-40002.52	0.29089	13.771	0.00
0.00	-29332.98	-40002.42	0.29116	-29332.98	-40002.42	0.29116	13.895	0.00
0.00	-29332.62	-40002.31	0.29139	-29332.62	-40002.31	0.29139	16.713	0.00
0.00	-29332.24	-40002.20	0.29172	-29332.24	-40002.20	0.29172	13.685	0.00
0.00	-29331.86	-40002.09	0.29226	-29331.86	-40002.09	0.29226	14.217	0.00
0.00	-29331.50	-40001.98	0.29293	-29331.50	-40001.98	0.29293	13.948	0.00
0.00	-29331.13	-40001.87	0.29350	-29331.13	-40001.87	0.29350	14.301	0.00
0.00	-29330.78	-40001.77	0.29406	-29330.78	-40001.77	0.29406	14.357	0.00
0.00	-29330.46	-40001.68	0.29460	-29330.46	-40001.68	0.29460	15.691	0.00
0.00	-29330.09	-40001.57	0.29492	-29330.09	-40001.57	0.29492	13.731	0.00
0.00	-29329.76	-40001.47	0.29500	-29329.76	-40001.47	0.29500	15.630	0.00
0.00	-29329.50	-40001.40	0.29500	-29329.50	-40001.40	0.29500	8.143	0.00
0.00	-29329.22	-40001.31	0.29508	-29329.22	-40001.31	0.29508	18.490	0.00
0.00	-29328.91	-40001.22	0.29523	-29328.91	-40001.22	0.29523	14.542	0.00
0.00	-29328.64	-40001.14	0.29540	-29328.64	-40001.14	0.29540	14.691	0.00
0.00	-29328.38	-40001.07	0.29558	-29328.38	-40001.07	0.29558	15.043	0.00
0.00	-29328.10	-40000.99	0.29589	-29328.10	-40000.99	0.29589	15.093	0.00
0.00	-29327.81	-40000.90	0.29580	-29327.81	-40000.90	0.29580	15.043	0.00
0.00	-29327.56	-40000.83	0.29533	-29327.56	-40000.83	0.29533	15.396	0.00
0.00	-29327.22	-40000.73	0.29488	-29327.22	-40000.73	0.29488	14.819	0.00
0.00	-29326.93	-40000.65	0.29465	-29326.93	-40000.65	0.29465	19.898	0.00
0.00	-29326.68	-40000.58	0.29438	-29326.68	-40000.58	0.29438	15.093	0.00
0.00	-29326.41	-40000.50	0.29398	-29326.41	-40000.50	0.29398	8.152	0.00
0.00	-29326.14	-40000.42	0.29387	-29326.14	-40000.42	0.29387	17.695	0.00
0.00	-29325.88	-40000.34	0.29446	-29325.88	-40000.34	0.29446	13.580	0.00
0.00	-29325.61	-40000.26	0.29582	-29325.61	-40000.26	0.29582	14.730	0.00
0.00	-29325.32	-40000.18	0.29741	-29325.32	-40000.18	0.29741	15.620	0.00
0.00	-29325.07	-40000.10	0.29960	-29325.07	-40000.10	0.29960	7.769	0.00
0.00	-29324.80	-40000.02	0.30338	-29324.80	-40000.02	0.30338	20.294	0.00
0.00	-29324.46	-39999.92	0.30807	-29324.46	-39999.92	0.30807	15.739	0.00
0.00	-29324.20	-39999.84	0.31299	-29324.20	-39999.84	0.31299	15.783	0.00
0.00	-29323.98	-39999.77	0.31889	-29323.98	-39999.77	0.31889	8.048	0.00
0.00	-29323.72	-39999.68	0.32645	-29323.72	-39999.68	0.32645	14.267	0.00
0.00	-29323.44	-39999.59	0.33515	-29323.44	-39999.59	0.33515	15.884	0.00
0.00	-29323.21	-39999.51	0.34430	-29323.21	-39999.51	0.34430	15.037	0.00
0.00	-29322.91	-39999.40	0.35429	-29322.91	-39999.40	0.35429	15.334	0.00
0.00	-29322.65	-39999.31	0.36477	-29322.65	-39999.31	0.36477	8.158	0.00
0.00	-29322.38	-39999.21	0.37602	-29322.38	-39999.21	0.37602	15.528	0.00
0.00	-29322.11	-39999.10	0.38802	-29322.11	-39999.10	0.38802	16.026	0.00
0.00	-29321.78	-39998.97	0.40124	-29321.78	-39998.97	0.40124	15.605	0.00
0.00	-29321.50	-39998.85	0.41582	-29321.50	-39998.85	0.41582	19.379	0.00
0.00	-29321.24	-39998.74	0.43125	-29321.24	-39998.74	0.43125	15.797	0.00
0.00	-29320.97	-39998.61	0.44714	-29320.97	-39998.61	0.44714	8.932	0.00
0.00	-29320.68	-39998.48	0.46468	-29320.68	-39998.48	0.46468	15.240	0.00
0.00	-29320.40	-39998.34	0.48236	-29320.40	-39998.34	0.48236	16.349	0.00
0.00	-29320.11	-39998.19	0.50043	-29320.11	-39998.19	0.50043	16.022	0.00
0.00	-29319.82	-39998.03	0.51967	-29319.82	-39998.03	0.51967	16.275	0.00
0.00	-29319.54	-39997.87	0.54032	-29319.54	-39997.87	0.54032	16.423	0.00
0.00	-29319.22	-39997.68	0.56163	-29319.22	-39997.68	0.56163	16.851	0.00
0.00	-29318.90	-39997.48	0.58343	-29318.90	-39997.48	0.58343	8.203	0.00
0.00	-29318.64	-39997.31	0.60558	-29318.64	-39997.31	0.60558	16.071	0.00
0.00	-29318.40	-39997.15	0.62878	-29318.40	-39997.15	0.62878	16.531	0.00
0.00	-29318.13	-39996.95	0.65303	-29318.13	-39996.95	0.65303	16.682	0.00
0.00	-29317.88	-39996.76	0.67766	-29317.88	-39996.76	0.67766	16.922	0.00
0.00	-29317.63	-39996.56	0.70267	-29317.63	-39996.56	0.70267	8.360	0.00
0.00	-29317.39	-39996.36	0.72961	-29317.39	-39996.36	0.72961	16.800	0.00
0.00	-29317.15	-39996.15	0.75760	-29317.15	-39996.15	0.75760	16.998	0.00
0.00	-29316.92	-39995.93	0.78538	-29316.92	-39995.93	0.78538	17.144	0.00
0.00	-29316.70	-39995.71	0.81207	-29316.70	-39995.71	0.81207	16.970	0.00
0.00	-29316.42	-39995.42	0.83907	-29316.42	-39995.42	0.83907	8.376	0.00
0.00	-29316.25	-39995.22	0.86664	-29316.25	-39995.22	0.86664	20.156	0.00
0.00	-29316.07	-39995.01	0.89467	-29316.07	-39995.01	0.89467	14.952	0.00
0.00	-29315.88	-39994.77	0.92260	-29315.88	-39994.77	0.92260	17.420	0.00
0.00	-29315.69	-39994.53	0.95038	-29315.69	-39994.53	0.95038	8.967	0.00
0.00	-29315.50	-39994.26	0.97900	-29315.50	-39994.26	0.97900	21.680	0.00
0.00	-29315.32	-39993.99	1.00797	-29315.32	-39993.99	1.00797	18.708	0.00
0.00	-29315.15	-39993.72	1.03648	-29315.15	-39993.72	1.03648	17.084	0.00
0.00	-29314.99	-39993.45	1.06448	-29314.99	-39993.45	1.06448	17.570	0.00
0.00	-29314.83	-39993.16	1.09350	-29314.83	-39993.16	1.09350	17.400	0.00
0.00	-29314.66	-39992.82	1.12237	-29314.66	-39992.82	1.12237	17.715	0.00
0.00	-29314.52	-39992.54	1.15193	-29314.52	-39992.54	1.15193	17.311	0.00
0.00	-29314.41	-39992.28	1.18115	-29314.41	-39992.28	1.18115	8.815	0.00
0.00	-29314.30	-39991.99	1.21093	-29314.30	-39991.99	1.21093	21.414	0.00
0.00	-29314.18	-39991.68	1.24120	-29314.18	-39991.68	1.24120	16.809	0.00
0.00	-29314.08	-39991.37	1.27104	-29314.08	-39991.37	1.27104	17.882	0.00
0.00	-29313.98	-39991.05	1.30040	-29313.98	-39991.05	1.30040	17.958	0.00
0.00	-29313.89	-39990.73	1.32978	-29313.89	-39990.73	1.32978	18.008	0.00
0.00	-29313.82	-39990.40	1.35952	-29313.82	-39990.40	1.35952	18.112	0.00
0.00	-29313.75	-39990.07	1.38877	-29313.75	-39990.07	1.38877	18.149	0.00
0.00	-29313.68	-39989.68	1.41694	-29313.68	-39989.68	1.41694	17.868	0.00
0.00	-29313.63	-39989.35	1.44463	-29313.63	-39989.35	1.44463	9.598	0.00
0.00	-29313.60	-39989.09	1.47113	-29313.60	-39989.09	1.47113	21.700	0.00
0.00	-29313.56	-39988.71	1.49742	-29313.56	-39988.71	1.49742	17.669	0.00
0.00	-29313.54	-39988.37	1.52187	-29313.54	-39988.37	1.52187	18.450	0.00
0.00	-29313.53	-39988.03	1.54362	-29313.53	-39988.03	1.54362	18.560	0.00
0.00	-29313.52	-39987.68	1.56435	-29313.52	-39987.68	1.56435	18.572	0.00
0.00	-29313.52	-39987.32	1.58352	-29313.52	-39987.32	1.58352	18.582	0.00
0.00	-29313.53	-39986.96	1.60080	-29313.53	-39986.96	1.60080	18.892	0.00
0.00	-29313.54	-39986.55	1.61597	-29313.54	-39986.55	1.61597	18.843	0.00
0.00	-29313.55	-39986.13	1.62987	-29313.55	-39986.13	1.62987	17.882	0.00
0.00	-29313.57	-39985.80	1.64281	-29313.57	-39985.80	1.64281	19.052	0.00
0.00	-29313.60	-39985.45	1.65518	-29313.60	-39985.45	1.65518	18.037	0.00
0.00	-29313.63	-39985.04	1.66738	-29313.63	-39985.04	1.66738	18.192	0.00
0.00	-29313.67	-39984.68	1.67919	-29313.67	-39984.68	1.67919	18.160	0.00
0.00	-29313.71	-39984.30	1.69077	-29313.71	-39984.30	1.69077	16.769	0.00
0.00	-29313.75	-39983.92	1.70204	-29313.75	-39983.92	1.70204	18.086	0.00
0.00	-29313.80	-39983.54	1.71351	-29313.80	-39983.54	1.71351	18.928	0.00
0.00	-29313.85	-39983.15	1.72542	-29313.85	-39983.15	1.72542	18.594	0.00
0.00	-29313.91	-39982.74	1.73703	-29313.91	-39982.74	1.73703	19.539	0.00
0.00	-29313.99	-39982.29	1.74796	-29313.99	-39982.29	1.74796	18.009	0.00
0.00	-29314.05	-39981.95	1.75842	-29314.05	-39981.95	1.75842	22.579	0.00
0.00	-29314.12	-39981.58	1.76823	-29314.12	-39981.58	1.76823	18.196	0.00
0.00	-29314.20	-39981.19	1.77812	-29314.20	-39981.19	1.77812	17.386	0.00
0.00	-29314.28	-39980.80	1.78772	-29314.28	-39980.80	1.78772	19.382	0.00
0.00	-29314.38	-39980.37	1.79697	-29314.38	-39980.37	1.79697	19.555	0.00
0.00	-29314.47	-39979.98	1.80573	-29314.47	-39979.98	1.80573	17.412	0.00
0.00	-29314.57	-39979.58	1.81413	-29314.57	-39979.58	1.81413	18.440	0.00
0.00	-29314.67	-39979.18	1.82201	-29314.67	-39979.18	1.82201	20.307	0.00
0.00	-29314.79	-39978.73	1.82891	-29314.79	-39978.73	1.82891	16.492	0.00
0.00	-29314.91	-39978.29	1.83515	-29314.91	-39978.29	1.83515	18.802	0.00
0.00	-29315.01	-39977.91	1.84128	-29315.01	-39977.91	1.84128	10.287	0.00
0.00	-29315.12	-39977.52	1.84703	-29315.12	-39977.52	1.84703	16.840	0.00
0.00	-29315.25	-39977.10	1.85189	-29315.25	-39977.10	1.85189	18.700	0.00
0.00	-29315.37	-39976.69	1.85584	-29315.37	-39976.69	1.85584	20.292	0.00
0.00	-29315.49	-39976.28	1.85898	-29315.49	-39976.28	1.85898	22.767	0.00
0.00	-29315.61	-39975.87	1.86125	-29315.61	-39975.87	1.86125	16.248	0.00
0.00	-29315.75	-39975.41	1.86250	-29315.75	-39975.41	1.86250	20.648	0.00
0.00	-29315.86	-39975.02	1.86308	-29315.86	-39975.02	1.86308	21.690	0.00
0.00	-29316.01	-39974.53	1.86375	-29316.01	-39974.53	1.86375	19.952	0.00
0.00	-29316.14	-39974.09	1.86455	-29316.14	-39974.09	1.86455	20.808	0.00
0.00	-29316.25	-39973.73	1.86551	-29316.25	-39973.73	1.86551	19.937	0.00
0.00	-29316.37	-39973.32	1.86638	-29316.37	-39973.32	1.86638	17.975	0.00
0.00	-29316.50	-39972.89	1.86689	-29316.50	-39972.89	1.86689	20.148	0.00
0.00	-29316.62	-39972.47	1.86725	-29316.62	-39972.47	1.86725	21.386	0.00
0.00	-29316.75	-39972.06	1.86762	-29316.75	-39972.06	1.86762	18.341	0.00
0.00	-29316.87	-39971.64	1.86804	-29316.87	-39971.64	1.86804	20.707	0.00
0.00	-29316.99	-39971.23	1.86825	-29316.99	-39971.23	1.86825	25.773	0.00
0.00	-29317.13	-39970.78	1.86835	-29317.13	-39970.78	1.86835	18.445	0.00
0.00	-29317.26	-39970.31	1.86832	-29317.26	-39970.31	1.86832	18.795	0.00
0.00	-29317.38	-39969.90	1.86814	-29317.38	-39969.90	1.86814	18.137	0.00
0.00	-29317.49	-39969.55	1.86807	-29317.49	-39969.55	1.86807	17.668	0.00
0.00	-29317.60	-39969.16	1.86808	-29317.60	-39969.16	1.86808	21.059	0.00
0.00	-29317.73	-39968.73	1.86780	-29317.73	-39968.73	1.86780	21.025	0.00
0.00	-29317.86	-39968.30	1.86737	-29317.86	-39968.30	1.86737	26.217	0.00
0.00	-29318.01	-39967.79	1.86686	-29318.01	-39967.79	1.86686	21.992	0.00
0.00	-29318.13	-39967.39	1.86635	-29318.13	-39967.39	1.86635	18.920	0.00
0.00	-29318.23	-39967.03	1.86615	-29318.23	-39967.03	1.86615	18.924	0.00
0.00	-29318.36	-39966.60	1.86616	-29318.36	-39966.60	1.86616	20.211	0.00
0.00	-29318.51	-39966.09	1.86578	-29318.51	-39966.09	1.86578	10.022	0.00
0.00	-29318.62	-39965.71	1.86508	-29318.62	-39965.71	1.86508	26.741	0.00
0.00	-29318.75	-39965.25	1.86418	-29318.75	-39965.25	1.86418	19.077	0.00
0.00	-29318.89	-39964.78	1.86342	-29318.89	-39964.78	1.86342	18.840	0.00
0.00	-29319.01	-39964.35	1.86309	-29319.01	-39964.35	1.86309	19.580	0.00
0.00	-29319.12	-39963.97	1.86305	-29319.12	-39963.97	1.86305	19.633	0.00
0.00	-29319.22	-39963.63	1.86284	-29319.22	-39963.63	1.86284	19.078	0.00
0.00	-29319.33	-39963.25	1.86264	-29319.33	-39963.25	1.86264	19.936	0.00
0.00	-29319.46	-39962.82	1.86276	-29319.46	-39962.82	1.86276	19.507	0.00
0.00	-29319.58	-39962.43	1.86303	-29319.58	-39962.43	1.86303	18.739	0.00
0.00	-29319.72	-39961.94	1.86333	-29319.72	-39961.94	1.86333	19.966	0.00
0.00	-29319.85	-39961.51	1.86345	-29319.85	-39961.51	1.86345	19.242	0.00
0.00	-29319.95	-39961.16	1.86336	-29319.95	-39961.16	1.86336	19.352	0.00
0.00	-29320.07	-39960.76	1.86345	-29320.07	-39960.76	1.86345	28.974	0.00
0.00	-29320.20	-39960.34	1.86374	-29320.20	-39960.34	1.86374	14.532	0.00
0.00	-29320.32	-39959.92	1.86404	-29320.32	-39959.92	1.86404	20.636	0.00
0.00	-29320.47	-39959.42	1.86439	-29320.47	-39959.42	1.86439	20.034	0.00
0.00	-29320.59	-39959.00	1.86465	-29320.59	-39959.00	1.86465	19.808	0.00
0.00	-29320.71	-39958.60	1.86463	-29320.71	-39958.60	1.86463	19.878	0.00
0.00	-29320.84	-39958.16	1.86447	-29320.84	-39958.16	1.86447	20.020	0.00
0.00	-29320.97	-39957.71	1.86421	-29320.97	-39957.71	1.86421	19.890	0.00
0.00	-29321.11	-39957.22	1.86379	-29321.11	-39957.22	1.86379	19.860	0.00
0.00	-29321.23	-39956.80	1.86330	-29321.23	-39956.80	1.86330	20.770	0.00
0.00	-29321.35	-39956.41	1.86277	-29321.35	-39956.41	1.86277	19.799	0.00
0.00	-29321.50	-39955.88	1.86228	-29321.50	-39955.88	1.86228	20.181	0.00
0.00	-29321.63	-39955.45	1.86193	-29321.63	-39955.45	1.86193	490.984	0.00
0.00	-29322.51	-39952.45	1.86252	-29322.51	-39952.45	1.86252	2.229	0.00
0.00	-29322.28	-39953.24	1.86259	-29322.28	-39953.24	1.86259	2.317	0.00
0.00	-29322.28	-39953.23	1.86266	-29322.28	-39953.23	1.86266	2.304	0.00
0.00	-29322.39	-39952.86	1.86255	-29322.39	-39952.86	1.86255	2.562	0.00
0.00	-29322.53	-39952.36	1.86209	-29322.53	-39952.36	1.86209	2.568	0.00
0.00	-29322.65	-39951.94	1.86148	-29322.65	-39951.94	1.86148	2.439	0.00
0.00	-29322.77	-39951.53	1.86067	-29322.77	-39951.53	1.86067	2.453	0.00
0.00	-29322.90	-39951.09	1.85978	-29322.90	-39951.09	1.85978	2.589	0.00
0.00	-29323.04	-39950.59	1.85894	-29323.04	-39950.59	1.85894	2.715	0.00
0.00	-29323.18	-39950.11	1.85827	-29323.18	-39950.11	1.85827	2.638	0.00
0.00	-29323.31	-39949.68	1.85771	-29323.31	-39949.68	1.85771	2.709	0.00
0.00	-29323.42	-39949.29	1.85727	-29323.42	-39949.29	1.85727	2.698	0.00
0.00	-29323.54	-39948.87	1.85714	-29323.54	-39948.87	1.85714	2.835	0.00
0.00	-29323.68	-39948.38	1.85707	-29323.68	-39948.38	1.85707	2.759	0.00
0.00	-29323.80	-39947.96	1.85704	-29323.80	-39947.96	1.85704	2.995	0.00
0.00	-29323.93	-39947.50	1.85721	-29323.93	-39947.50	1.85721	2.903	0.00
0.00	-29324.05	-39947.09	1.85758	-29324.05	-39947.09	1.85758	2.874	0.00
0.00	-29324.15	-39946.75	1.85812	-29324.15	-39946.75	1.85812	2.806	0.00
0.00	-29324.28	-39946.31	1.85828	-29324.28	-39946.31	1.85828	3.051	0.00
0.00	-29324.39	-39945.92	1.85802	-29324.39	-39945.92	1.85802	3.174	0.00
0.00	-29324.51	-39945.52	1.85807	-29324.51	-39945.52	1.85807	2.943	0.00
0.00	-29324.63	-39945.10	1.85861	-29324.63	-39945.10	1.85861	3.108	0.00
0.00	-29324.74	-39944.74	1.85894	-29324.74	-39944.74	1.85894	2.902	0.00
0.00	-29324.82	-39944.46	1.85908	-29324.82	-39944.46	1.85908	3.075	0.00
0.00	-29324.91	-39944.15	1.85923	-29324.91	-39944.15	1.85923	2.814	0.00
0.00	-29325.00	-39943.83	1.85928	-29325.00	-39943.83	1.85928	3.532	0.00
0.00	-29325.09	-39943.50	1.85915	-29325.09	-39943.50	1.85915	3.731	0.00
0.00	-29325.19	-39943.16	1.85914	-29325.19	-39943.16	1.85914	3.521	0.00
0.00	-29325.28	-39942.83	1.85956	-29325.28	-39942.83	1.85956	3.236	0.00
0.00	-29325.36	-39942.57	1.85998	-29325.36	-39942.57	1.85998	3.358	0.00
0.00	-29325.44	-39942.29	1.86022	-29325.44	-39942.29	1.86022	3.447	0.00
0.00	-29325.51	-39942.04	1.86077	-29325.51	-39942.04	1.86077	3.515	0.00
0.00	-29325.59	-39941.76	1.86137	-29325.59	-39941.76	1.86137	3.548	0.00
0.00	-29325.66	-39941.49	1.86167	-29325.66	-39941.49	1.86167	3.246	0.00
0.00	-29325.72	-39941.29	1.86196	-29325.72	-39941.29	1.86196	3.213	0.00
0.00	-29325.77	-39941.11	1.86243	-29325.77	-39941.11	1.86243	3.359	0.00
0.00	-29325.83	-39940.91	1.86295	-29325.83	-39940.91	1.86295	3.389	0.00
0.00	-29325.89	-39940.72	1.86352	-29325.89	-39940.72	1.86352	4.209	0.00
0.00	-29325.94	-39940.53	1.86412	-29325.94	-39940.53	1.86412	3.870	0.00
0.00	-29326.00	-39940.33	1.86488	-29326.00	-39940.33	1.86488	3.551	0.00
0.00	-29326.05	-39940.17	1.86557	-29326.05	-39940.17	1.86557	3.668	0.00
0.00	-29326.10	-39940.01	1.86616	-29326.10	-39940.01	1.86616	3.656	0.00
0.00	-29326.14	-39939.88	1.86686	-29326.14	-39939.88	1.86686	3.741	0.00
0.00	-29326.18	-39939.75	1.86776	-29326.18	-39939.75	1.86776	3.480	0.00
0.00	-29326.21	-39939.61	1.86852	-29326.21	-39939.61	1.86852	3.551	0.00
0.00	-29326.25	-39939.50	1.86906	-29326.25	-39939.50	1.86906	3.595	0.00
0.00	-29326.28	-39939.38	1.86959	-29326.28	-39939.38	1.86959	3.934	0.00
0.00	-29326.32	-39939.27	1.87013	-29326.32	-39939.27	1.87013	4.187	0.00
0.00	-29326.35	-39939.17	1.87059	-29326.35	-39939.17	1.87059	3.823	0.00
0.00	-29326.38	-39939.07	1.87090	-29326.38	-39939.07	1.87090	3.941	0.00
0.00	-29326.41	-39938.97	1.87116	-29326.41	-39938.97	1.87116	3.639	0.00
0.00	-29326.44	-39938.86	1.87154	-29326.44	-39938.86	1.87154	3.991	0.00
0.00	-29326.47	-39938.76	1.87192	-29326.47	-39938.76	1.87192	3.996	0.00
0.00	-29326.50	-39938.66	1.87216	-29326.50	-39938.66	1.87216	5.337	0.00
0.00	-29326.53	-39938.56	1.87245	-29326.53	-39938.56	1.87245	4.153	0.00
0.00	-29326.55	-39938.48	1.87286	-29326.55	-39938.48	1.87286	3.941	0.00
0.00	-29326.57	-39938.40	1.87327	-29326.57	-39938.40	1.87327	3.968	0.00
0.00	-29326.60	-39938.33	1.87362	-29326.60	-39938.33	1.87362	3.737	0.00
0.00	-29326.62	-39938.26	1.87390	-29326.62	-39938.26	1.87390	4.019	0.00
0.00	-29326.63	-39938.20	1.87434	-29326.63	-39938.20	1.87434	4.338	0.00
0.00	-29326.65	-39938.13	1.87485	-29326.65	-39938.13	1.87485	4.257	0.00
0.00	-29326.67	-39938.07	1.87527	-29326.67	-39938.07	1.87527	4.048	0.00
0.00	-29326.69	-39938.01	1.87569	-29326.69	-39938.01	1.87569	4.134	0.00
0.00	-29326.70	-39937.97	1.87620	-29326.70	-39937.97	1.87620	4.229	0.00
0.00	-29326.72	-39937.92	1.87671	-29326.72	-39937.92	1.87671	4.016	0.00
0.00	-29326.73	-39937.88	1.87720	-29326.73	-39937.88	1.87720	4.057	0.00
0.00	-29326.74	-39937.85	1.87767	-29326.74	-39937.85	1.87767	4.094	0.00
0.00	-29326.75	-39937.82	1.87816	-29326.75	-39937.82	1.87816	4.286	0.00
0.00	-29326.75	-39937.79	1.87865	-29326.75	-39937.79	1.87865	4.443	0.00
0.00	-29326.76	-39937.77	1.87920	-29326.76	-39937.77	1.87920	4.086	0.00
0.00	-29326.76	-39937.76	1.87986	-29326.76	-39937.76	1.87986	5.010	0.00
0.00	-29326.77	-39937.75	1.88048	-29326.77	-39937.75	1.88048	4.292	0.00
0.00	-29326.77	-39937.74	1.88119	-29326.77	-39937.74	1.88119	4.762	0.00
0.00	-29326.77	-39937.74	1.88179	-29326.77	-39937.74	1.88179	2.259	0.00
0.00	-29326.77	-39937.74	1.88179	-29326.77	-39937.74	1.88179	2.163	0.00
0.00	-29326.77	-39937.74	1.88179	-29326.77	-39937.74	1.88179	2.134	0.00
0.00	-29326.77	-39937.74	1.88179	-29326.77	-39937.74	1.88179	2.516	0.00
0.00	-29326.77	-39937.74	1.88179	-29326.77	-39937.74	1.88179	2.291	0.00
0.00	-29326.77	-39937.74	1.88179	-29326.77	-39937.74	1.88179	2.186	0.00
0.00	-29326.77	-39937.74	1.88179	-29326.77	-39937.74	1.88179	2.301	0.00
0.00	-29326.77	-39937.74	1.88179	-29326.77	-39937.74	1.88179	2.171	0.00
0.00	-29326.77	-39937.74	1.88179	-29326.77	-39937.74	1.88179	2.181	0.00
0.00	-29326.77	-39937.74	1.88179	-29326.77	-39937.74	1.88179	2.162	0.00
0.00	-29326.77	-39937.74	1.88179	-29326.77	-39937.74	1.88179	3.327	0.00
0.00	-29326.78	-39937.71	1.88163	-29326.78	-39937.71	1.88163	4.417	0.00
0.00	-29326.80	-39937.63	1.88227	-29326.80	-39937.63	1.88227	4.504	0.00
0.00	-29326.82	-39937.59	1.88301	-29326.82	-39937.59	1.88301	4.685	0.00
0.00	-29326.82	-39937.56	1.88385	-29326.82	-39937.56	1.88385	4.477	0.00
0.00	-29326.84	-39937.51	1.88477	-29326.84	-39937.51	1.88477	4.299	0.00
0.00	-29326.86	-39937.45	1.88563	-29326.86	-39937.45	1.88563	4.582	0.00
0.00	-29326.88	-39937.39	1.88640	-29326.88	-39937.39	1.88640	4.746	0.00
0.00	-29326.90	-39937.31	1.88731	-29326.90	-39937.31	1.88731	4.486	0.00
0.00	-29326.93	-39937.22	1.88826	-29326.93	-39937.22	1.88826	4.539	0.00
0.00	-29326.96	-39937.13	1.88901	-29326.96	-39937.13	1.88901	4.461	0.00
0.00	-29326.99	-39937.02	1.88953	-29326.99	-39937.02	1.88953	6.281	0.00
0.00	-29327.03	-39936.91	1.88947	-29327.03	-39936.91	1.88947	4.425	0.00
0.00	-29327.07	-39936.78	1.88922	-29327.07	-39936.78	1.88922	4.923	0.00
0.00	-29327.11	-39936.65	1.88860	-29327.11	-39936.65	1.88860	4.967	0.00
0.00	-29327.16	-39936.49	1.88739	-29327.16	-39936.49	1.88739	4.945	0.00
0.00	-29327.21	-39936.33	1.88588	-29327.21	-39936.33	1.88588	4.813	0.00
0.00	-29327.25	-39936.17	1.88418	-29327.25	-39936.17	1.88418	5.028	0.00
0.00	-29327.31	-39935.98	1.88242	-29327.31	-39935.98	1.88242	4.692	0.00
0.00	-29327.38	-39935.77	1.88073	-29327.38	-39935.77	1.88073	4.739	0.00
0.00	-29327.43	-39935.56	1.87920	-29327.43	-39935.56	1.87920	4.554	0.00
0.00	-29327.50	-39935.33	1.87768	-29327.50	-39935.33	1.87768	6.211	0.00
0.00	-29327.57	-39935.10	1.87646	-29327.57	-39935.10	1.87646	4.500	0.00
0.00	-29327.64	-39934.86	1.87557	-29327.64	-39934.86	1.87557	4.879	0.00
0.00	-29327.72	-39934.60	1.87483	-29327.72	-39934.60	1.87483	5.018	0.00
0.00	-29327.80	-39934.33	1.87425	-29327.80	-39934.33	1.87425	5.197	0.00
0.00	-29327.89	-39934.04	1.87405	-29327.89	-39934.04	1.87405	5.125	0.00
0.00	-29327.98	-39933.74	1.87403	-29327.98	-39933.74	1.87403	5.088	0.00
0.00	-29328.08	-39933.43	1.87394	-29328.08	-39933.43	1.87394	5.561	0.00
0.00	-29328.17	-39933.14	1.87390	-29328.17	-39933.14	1.87390	4.874	0.00
0.00	-29328.26	-39932.83	1.87400	-29328.26	-39932.83	1.87400	5.059	0.00
0.00	-29328.37	-39932.47	1.87432	-29328.37	-39932.47	1.87432	5.310	0.00
0.00	-29328.47	-39932.15	1.87463	-29328.47	-39932.15	1.87463	5.290	0.00
0.00	-29328.57	-39931.82	1.87483	-29328.57	-39931.82	1.87483	4.862	0.00
0.00	-29328.68	-39931.46	1.87506	-29328.68	-39931.46	1.87506	4.967	0.00
0.00	-29328.79	-39931.12	1.87547	-29328.79	-39931.12	1.87547	5.176	0.00
0.00	-29328.90	-39930.75	1.87609	-29328.90	-39930.75	1.87609	5.153	0.00
0.00	-29329.01	-39930.38	1.87731	-29329.01	-39930.38	1.87731	5.266	0.00
0.00	-29329.13	-39930.01	1.87906	-29329.13	-39930.01	1.87906	5.188	0.00
0.00	-29329.26	-39929.60	1.88067	-29329.26	-39929.60	1.88067	5.635	0.00
0.00	-29329.38	-39929.22	1.88209	-29329.38	-39929.22	1.88209	5.145	0.00
0.00	-29329.49	-39928.85	1.88389	-29329.49	-39928.85	1.88389	5.300	0.00
0.00	-29329.61	-39928.48	1.88627	-29329.61	-39928.48	1.88627	5.545	0.00
0.00	-29329.74	-39928.08	1.88902	-29329.74	-39928.08	1.88902	5.198	0.00
0.00	-29329.85	-39927.73	1.89194	-29329.85	-39927.73	1.89194	5.572	0.00
0.00	-29329.97	-39927.36	1.89492	-29329.97	-39927.36	1.89492	5.247	0.00
0.00	-29330.09	-39926.99	1.89784	-29330.09	-39926.99	1.89784	5.398	0.00
0.00	-29330.20	-39926.65	1.90061	-29330.20	-39926.65	1.90061	5.751	0.00
0.00	-29330.33	-39926.27	1.90324	-29330.33	-39926.27	1.90324	5.928	0.00
0.00	-29330.46	-39925.88	1.90558	-29330.46	-39925.88	1.90558	5.733	0.00
0.00	-29330.59	-39925.51	1.90769	-29330.59	-39925.51	1.90769	5.847	0.00
0.00	-29330.72	-39925.11	1.90958	-29330.72	-39925.11	1.90958	5.942	0.00
0.00	-29330.85	-39924.74	1.91103	-29330.85	-39924.74	1.91103	5.655	0.00
0.00	-29330.97	-39924.36	1.91163	-29330.97	-39924.36	1.91163	6.073	0.00
0.00	-29331.11	-39923.96	1.91173	-29331.11	-39923.96	1.91173	5.871	0.00
0.00	-29331.24	-39923.58	1.91176	-29331.24	-39923.58	1.91176	5.708	0.00
0.00	-29331.37	-39923.21	1.91194	-29331.37	-39923.21	1.91194	5.909	0.00
0.00	-29331.49	-39922.86	1.91209	-29331.49	-39922.86	1.91209	5.691	0.00
0.00	-29331.63	-39922.45	1.91193	-29331.63	-39922.45	1.91193	5.850	0.00
0.00	-29331.77	-39922.06	1.91172	-29331.77	-39922.06	1.91172	5.709	0.00
0.00	-29331.90	-39921.66	1.91156	-29331.90	-39921.66	1.91156	6.142	0.00
0.00	-29332.04	-39921.28	1.91138	-29332.04	-39921.28	1.91138	5.916	0.00
0.00	-29332.17	-39920.89	1.91131	-29332.17	-39920.89	1.91131	6.291	0.00
0.00	-29332.30	-39920.50	1.91109	-29332.30	-39920.50	1.91109	6.012	0.00
0.00	-29332.43	-39920.13	1.91058	-29332.43	-39920.13	1.91058	5.826	0.00
0.00	-29332.56	-39919.76	1.90982	-29332.56	-39919.76	1.90982	5.893	0.00
0.00	-29332.70	-39919.33	1.90912	-29332.70	-39919.33	1.90912	6.035	0.00
0.00	-29332.83	-39918.96	1.90847	-29332.83	-39918.96	1.90847	5.963	0.00
0.00	-29332.97	-39918.54	1.90764	-29332.97	-39918.54	1.90764	5.718	0.00
0.00	-29333.12	-39918.11	1.90678	-29333.12	-39918.11	1.90678	5.954	0.00
0.00	-29333.23	-39917.77	1.90610	-29333.23	-39917.77	1.90610	6.203	0.00
0.00	-29333.36	-39917.40	1.90561	-29333.36	-39917.40	1.90561	6.206	0.00
0.00	-29333.48	-39917.04	1.90523	-29333.48	-39917.04	1.90523	6.208	0.00
0.00	-29333.60	-39916.68	1.90494	-29333.60	-39916.68	1.90494	6.493	0.00
0.00	-29333.74	-39916.27	1.90470	-29333.74	-39916.27	1.90470	6.633	0.00
0.00	-29333.87	-39915.89	1.90448	-29333.87	-39915.89	1.90448	6.117	0.00
0.00	-29334.01	-39915.49	1.90424	-29334.01	-39915.49	1.90424	6.615	0.00
0.00	-29334.13	-39915.14	1.90391	-29334.13	-39915.14	1.90391	6.485	0.00
0.00	-29334.28	-39914.68	1.90338	-29334.28	-39914.68	1.90338	6.482	0.00
0.00	-29334.41	-39914.30	1.90298	-29334.41	-39914.30	1.90298	6.308	0.00
0.00	-29334.55	-39913.91	1.90249	-29334.55	-39913.91	1.90249	6.205	0.00
0.00	-29334.68	-39913.52	1.90158	-29334.68	-39913.52	1.90158	6.441	0.00
0.00	-29334.81	-39913.12	1.90069	-29334.81	-39913.12	1.90069	6.916	0.00
0.00	-29334.95	-39912.72	1.90024	-29334.95	-39912.72	1.90024	6.724	0.00
0.00	-29335.08	-39912.33	1.89995	-29335.08	-39912.33	1.89995	6.468	0.00
0.00	-29335.21	-39911.94	1.89943	-29335.21	-39911.94	1.89943	8.996	0.00
0.00	-29335.33	-39911.56	1.89858	-29335.33	-39911.56	1.89858	7.325	0.00
0.00	-29335.47	-39911.14	1.89761	-29335.47	-39911.14	1.89761	8.320	0.00
0.00	-29335.62	-39910.69	1.89713	-29335.62	-39910.69	1.89713	6.709	0.00
0.00	-29335.75	-39910.29	1.89684	-29335.75	-39910.29	1.89684	6.479	0.00
0.00	-29335.87	-39909.94	1.89602	-29335.87	-39909.94	1.89602	6.251	0.00
0.00	-29335.99	-39909.56	1.89494	-29335.99	-39909.56	1.89494	6.564	0.00
0.00	-29336.11	-39909.18	1.89405	-29336.11	-39909.18	1.89405	6.633	0.00
0.00	-29336.24	-39908.79	1.89337	-29336.24	-39908.79	1.89337	6.681	0.00
0.00	-29336.36	-39908.40	1.89280	-29336.36	-39908.40	1.89280	6.803	0.00
0.00	-29336.49	-39908.00	1.89214	-29336.49	-39908.00	1.89214	12.075	0.00
0.00	-29336.61	-39907.64	1.89135	-29336.61	-39907.64	1.89135	6.978	0.00
0.00	-29336.72	-39907.28	1.89066	-29336.72	-39907.28	1.89066	6.773	0.00
0.00	-29336.86	-39906.86	1.89006	-29336.86	-39906.86	1.89006	7.232	0.00
0.00	-29336.98	-39906.49	1.88960	-29336.98	-39906.49	1.88960	19.104	0.00
0.00	-29337.12	-39906.05	1.88902	-29337.12	-39906.05	1.88902	7.365	0.00
0.00	-29337.23	-39905.68	1.88838	-29337.23	-39905.68	1.88838	6.695	0.00
0.00	-29337.37	-39905.27	1.88789	-29337.37	-39905.27	1.88789	6.765	0.00
0.00	-29337.51	-39904.82	1.88756	-29337.51	-39904.82	1.88756	6.997	0.00
0.00	-29337.61	-39904.49	1.88739	-29337.61	-39904.49	1.88739	6.606	0.00
0.00	-29337.73	-39904.13	1.88717	-29337.73	-39904.13	1.88717	6.830	0.00
0.00	-29337.85	-39903.76	1.88683	-29337.85	-39903.76	1.88683	7.333	0.00
0.00	-29337.96	-39903.42	1.88655	-29337.96	-39903.42	1.88655	16.100	0.00
0.00	-29338.10	-39902.96	1.88648	-29338.10	-39902.96	1.88648	7.990	0.00
0.00	-29338.22	-39902.60	1.88672	-29338.22	-39902.60	1.88672	7.522	0.00
0.00	-29338.35	-39902.19	1.88741	-29338.35	-39902.19	1.88741	13.996	0.00
0.00	-29338.46	-39901.86	1.88831	-29338.46	-39901.86	1.88831	7.378	0.00
0.00	-29338.61	-39901.41	1.88906	-29338.61	-39901.41	1.88906	19.994	0.00
0.00	-29338.73	-39901.02	1.88970	-29338.73	-39901.02	1.88970	7.398	0.00
0.00	-29338.86	-39900.62	1.89023	-29338.86	-39900.62	1.89023	7.022	0.00
0.00	-29338.99	-39900.23	1.89036	-29338.99	-39900.23	1.89036	6.849	0.00
0.00	-29339.11	-39899.86	1.89023	-29339.11	-39899.86	1.89023	7.445	0.00
0.00	-29339.23	-39899.47	1.89033	-29339.23	-39899.47	1.89033	18.797	0.00
0.00	-29339.36	-39899.06	1.89057	-29339.36	-39899.06	1.89057	8.171	0.00
0.00	-29339.50	-39898.64	1.89069	-29339.50	-39898.64	1.89069	18.946	0.00
0.00	-29339.63	-39898.23	1.89075	-29339.63	-39898.23	1.89075	8.449	0.00
0.00	-29339.76	-39897.83	1.89071	-29339.76	-39897.83	1.89071	7.667	0.00
0.00	-29339.90	-39897.38	1.89043	-29339.90	-39897.38	1.89043	14.496	0.00
0.00	-29340.02	-39897.01	1.88989	-29340.02	-39897.01	1.88989	8.311	0.00
0.00	-29340.14	-39896.61	1.88895	-29340.14	-39896.61	1.88895	7.549	0.00
0.00	-29340.26	-39896.22	1.88775	-29340.26	-39896.22	1.88775	8.181	0.00
0.00	-29340.38	-39895.82	1.88654	-29340.38	-39895.82	1.88654	13.634	0.00
0.00	-29340.49	-39895.46	1.88538	-29340.49	-39895.46	1.88538	7.637	0.00
0.00	-29340.63	-39894.99	1.88389	-29340.63	-39894.99	1.88389	7.816	0.00
0.00	-29340.75	-39894.58	1.88212	-29340.75	-39894.58	1.88212	13.758	0.00
0.00	-29340.88	-39894.14	1.88039	-29340.88	-39894.14	1.88039	7.928	0.00
0.00	-29340.98	-39893.78	1.87883	-29340.98	-39893.78	1.87883	19.550	0.00
0.00	-29341.08	-39893.44	1.87757	-29341.08	-39893.44	1.87757	8.258	0.00
0.00	-29341.21	-39893.00	1.87616	-29341.21	-39893.00	1.87616	14.283	0.00
0.00	-29341.34	-39892.55	1.87471	-29341.34	-39892.55	1.87471	7.882	0.00
0.00	-29341.46	-39892.12	1.87342	-29341.46	-39892.12	1.87342	8.743	0.00
0.00	-29341.59	-39891.67	1.87222	-29341.59	-39891.67	1.87222	7.135	0.00
0.00	-29341.70	-39891.29	1.87075	-29341.70	-39891.29	1.87075	7.267	0.00
0.00	-29341.83	-39890.82	1.86912	-29341.83	-39890.82	1.86912	7.776	0.00
0.00	-29341.96	-39890.36	1.86804	-29341.96	-39890.36	1.86804	7.386	0.00
0.00	-29342.09	-39889.91	1.86776	-29342.09	-39889.91	1.86776	14.014	0.00
0.00	-29342.22	-39889.47	1.86776	-29342.22	-39889.47	1.86776	8.360	0.00
0.00	-29342.36	-39889.03	1.86785	-29342.36	-39889.03	1.86785	21.648	0.00
0.00	-29342.49	-39888.60	1.86826	-29342.49	-39888.60	1.86826	8.982	0.00
0.00	-29342.62	-39888.19	1.86959	-29342.62	-39888.19	1.86959	20.052	0.00
0.00	-29342.76	-39887.75	1.87205	-29342.76	-39887.75	1.87205	9.136	0.00
0.00	-29342.92	-39887.27	1.87471	-29342.92	-39887.27	1.87471	20.977	0.00
0.00	-29343.05	-39886.88	1.87727	-29343.05	-39886.88	1.87727	15.284	0.00
0.00	-29343.21	-39886.43	1.88022	-29343.21	-39886.43	1.88022	7.973	0.00
0.00	-29343.35	-39886.04	1.88401	-29343.35	-39886.04	1.88401	7.441	0.00
0.00	-29343.49	-39885.63	1.88810	-29343.49	-39885.63	1.88810	7.289	0.00
0.00	-29343.65	-39885.21	1.89229	-29343.65	-39885.21	1.89229	8.066	0.00
0.00	-29343.79	-39884.84	1.89624	-29343.79	-39884.84	1.89624	21.148	0.00
0.00	-29343.94	-39884.45	1.89981	-29343.94	-39884.45	1.89981	8.559	0.00
0.00	-29344.08	-39884.05	1.90320	-29344.08	-39884.05	1.90320	20.481	0.00
0.00	-29344.23	-39883.66	1.90625	-29344.23	-39883.66	1.90625	8.672	0.00
0.00	-29344.37	-39883.28	1.90869	-29344.37	-39883.28	1.90869	16.387	0.00
0.00	-29344.53	-39882.85	1.91039	-29344.53	-39882.85	1.91039	8.281	0.00
0.00	-29344.69	-39882.39	1.91177	-29344.69	-39882.39	1.91177	25.328	0.00
0.00	-29344.83	-39882.00	1.91292	-29344.83	-39882.00	1.91292	8.582	0.00
0.00	-29344.97	-39881.61	1.91374	-29344.97	-39881.61	1.91374	10.794	0.00
0.00	-29345.12	-39881.19	1.91398	-29345.12	-39881.19	1.91398	8.911	0.00
0.00	-29345.27	-39880.77	1.91368	-29345.27	-39880.77	1.91368	7.634	0.00
0.00	-29345.41	-39880.34	1.91321	-29345.41	-39880.34	1.91321	15.467	0.00
0.00	-29345.55	-39879.94	1.91249	-29345.55	-39879.94	1.91249	8.609	0.00
0.00	-29345.69	-39879.51	1.91124	-29345.69	-39879.51	1.91124	21.587	0.00
0.00	-29345.81	-39879.12	1.90961	-29345.81	-39879.12	1.90961	16.014	0.00
0.00	-29345.97	-39878.63	1.90759	-29345.97	-39878.63	1.90759	8.340	0.00
0.00	-29346.14	-39878.13	1.90563	-29346.14	-39878.13	1.90563	22.349	0.00
0.00	-29346.29	-39877.64	1.90368	-29346.29	-39877.64	1.90368	16.731	0.00
0.00	-29346.44	-39877.15	1.90196	-29346.44	-39877.15	1.90196	9.703	0.00
0.00	-29346.54	-39876.83	1.90074	-29346.54	-39876.83	1.90074	21.804	0.00
0.00	-29346.66	-39876.44	1.89978	-29346.66	-39876.44	1.89978	15.897	0.00
0.00	-29346.81	-39875.96	1.89891	-29346.81	-39875.96	1.89891	23.147	0.00
0.00	-29346.95	-39875.51	1.89802	-29346.95	-39875.51	1.89802	11.490	0.00
0.00	-29347.11	-39875.01	1.89707	-29347.11	-39875.01	1.89707	10.043	0.00
0.00	-29347.24	-39874.61	1.89644	-29347.24	-39874.61	1.89644	8.707	0.00
0.00	-29347.37	-39874.20	1.89633	-29347.37	-39874.20	1.89633	9.165	0.00
0.00	-29347.52	-39873.73	1.89636	-29347.52	-39873.73	1.89636	9.530	0.00
0.00	-29347.68	-39873.24	1.89639	-29347.68	-39873.24	1.89639	8.304	0.00
0.00	-29347.80	-39872.88	1.89666	-29347.80	-39872.88	1.89666	9.746	0.00
0.00	-29347.94	-39872.44	1.89723	-29347.94	-39872.44	1.89723	8.589	0.00
0.00	-29348.10	-39871.98	1.89810	-29348.10	-39871.98	1.89810	7.981	0.00
0.00	-29348.24	-39871.56	1.89899	-29348.24	-39871.56	1.89899	7.758	0.00
0.00	-29348.38	-39871.14	1.89983	-29348.38	-39871.14	1.89983	16.452	0.00
0.00	-29348.53	-39870.72	1.90065	-29348.53	-39870.72	1.90065	23.120	0.00
0.00	-29348.66	-39870.33	1.90146	-29348.66	-39870.33	1.90146	9.634	0.00
0.00	-29348.81	-39869.90	1.90223	-29348.81	-39869.90	1.90223	9.412	0.00
