0.00	-30218.23	-39912.71	0.35000	-30218.23	-39912.71	0.35000	2.512	0.00
0.00	-30218.41	-39912.82	0.35000	-30218.41	-39912.82	0.35000	2.588	0.00
0.00	-30218.34	-39912.81	0.34897	-30218.34	-39912.81	0.34897	2.495	0.00
0.00	-30218.34	-39912.92	0.03021	-30218.34	-39912.92	0.03021	2.449	0.00
0.00	-30218.39	-39913.03	-0.14776	-30218.39	-39913.03	-0.14776	2.255	0.00
0.00	-30218.48	-39913.14	-0.32791	-30218.48	-39913.14	-0.32791	2.157	0.00
0.00	-30218.50	-39913.24	-0.43980	-30218.50	-39913.24	-0.43980	2.460	0.00
0.00	-30218.70	-39913.36	-0.63944	-30218.70	-39913.36	-0.63944	2.442	0.00
0.00	-30218.86	-39913.48	-0.79897	-30218.86	-39913.48	-0.79897	2.267	0.00
0.00	-30218.97	-39913.58	-0.92061	-30218.97	-39913.58	-0.92061	2.345	0.00
0.00	-30219.15	-39913.68	-1.06977	-30219.15	-39913.68	-1.06977	2.294	0.00
0.00	-30219.27	-39913.78	-1.17664	-30219.27	-39913.78	-1.17664	2.299	0.00
0.00	-30219.51	-39913.96	-1.35728	-30219.51	-39913.96	-1.35728	2.207	0.00
0.00	-30219.63	-39913.98	-1.43366	-30219.63	-39913.98	-1.43366	2.213	0.00
0.00	-30219.81	-39914.08	-1.54795	-30219.81	-39914.08	-1.54795	2.266	0.00
0.00	-30219.94	-39914.19	-1.62944	-30219.94	-39914.19	-1.62944	2.404	0.00
0.00	-30220.06	-39914.31	-1.69197	-30220.06	-39914.31	-1.69197	2.229	0.00
0.00	-30220.22	-39914.40	-1.77037	-30220.22	-39914.40	-1.77037	2.220	0.00
0.00	-30220.38	-39914.50	-1.84159	-30220.38	-39914.50	-1.84159	2.251	0.00
0.00	-30220.52	-39914.61	-1.89448	-30220.52	-39914.61	-1.89448	2.295	0.00
0.00	-30220.69	-39914.70	-1.95776	-30220.69	-39914.70	-1.95776	2.084	0.00
0.00	-30220.88	-39914.82	-2.02127	-30220.88	-39914.82	-2.02127	2.219	0.00
0.00	-30221.06	-39914.96	-2.06844	-30221.06	-39914.96	-2.06844	2.134	0.00
0.00	-30221.26	-39915.06	-2.12340	-30221.26	-39915.06	-2.12340	2.209	0.00
0.00	-30221.43	-39915.13	-2.16709	-30221.43	-39915.13	-2.16709	2.310	0.00
0.00	-30221.59	-39915.20	-2.20533	-30221.59	-39915.20	-2.20533	2.171	0.00
0.00	-30221.72	-39915.30	-2.22493	-30221.72	-39915.30	-2.22493	2.166	0.00
0.00	-30221.89	-39915.37	-2.26035	-30221.89	-39915.37	-2.26035	2.167	0.00
0.00	-30222.05	-39915.46	-2.28584	-30222.05	-39915.46	-2.28584	2.170	0.00
0.00	-30222.22	-39915.53	-2.31620	-30222.22	-39915.53	-2.31620	2.190	0.00
0.00	-30222.40	-39915.61	-2.34332	-30222.40	-39915.61	-2.34332	2.135	0.00
0.00	-30222.58	-39915.71	-2.36340	-30222.58	-39915.71	-2.36340	2.209	0.00
0.00	-30222.76	-39915.80	-2.38748	-30222.76	-39915.80	-2.38748	2.302	0.00
0.00	-30223.05	-39915.94	-2.41840	-30223.05	-39915.94	-2.41840	2.214	0.00
0.00	-30223.15	-39915.97	-2.43228	-30223.15	-39915.97	-2.43228	2.226	0.00
0.00	-30223.32	-39916.06	-2.44617	-30223.32	-39916.06	-2.44617	2.242	0.00
0.00	-30223.49	-39916.15	-2.45974	-30223.49	-39916.15	-2.45974	2.130	0.00
0.00	-30223.67	-39916.24	-2.47315	-30223.67	-39916.24	-2.47315	2.212	0.00
0.00	-30223.81	-39916.30	-2.48569	-30223.81	-39916.30	-2.48569	2.237	0.00
0.00	-30224.00	-39916.38	-2.50068	-30224.00	-39916.38	-2.50068	2.138	0.00
0.00	-30224.20	-39916.48	-2.51439	-30224.20	-39916.48	-2.51439	2.295	0.00
0.00	-30224.36	-39916.55	-2.52473	-30224.36	-39916.55	-2.52473	2.072	0.00
0.00	-30224.62	-39916.67	-2.53961	-30224.62	-39916.67	-2.53961	2.131	0.00
0.00	-30224.80	-39916.76	-2.54853	-30224.80	-39916.76	-2.54853	2.534	0.00
0.00	-30224.96	-39916.83	-2.55899	-30224.96	-39916.83	-2.55899	2.049	0.00
0.00	-30225.13	-39916.90	-2.56834	-30225.13	-39916.90	-2.56834	2.116	0.00
0.00	-30225.30	-39916.98	-2.57482	-30225.30	-39916.98	-2.57482	2.173	0.00
0.00	-30225.47	-39917.06	-2.58074	-30225.47	-39917.06	-2.58074	2.087	0.00
0.00	-30225.63	-39917.13	-2.58805	-30225.63	-39917.13	-2.58805	2.376	0.00
0.00	-30225.80	-39917.20	-2.59508	-30225.80	-39917.20	-2.59508	2.158	0.00
0.00	-30225.98	-39917.28	-2.60186	-30225.98	-39917.28	-2.60186	2.299	0.00
0.00	-30226.16	-39917.36	-2.60710	-30226.16	-39917.36	-2.60710	2.219	0.00
0.00	-30226.33	-39917.44	-2.61318	-30226.33	-39917.44	-2.61318	2.492	0.00
0.00	-30226.50	-39917.51	-2.61865	-30226.50	-39917.51	-2.61865	2.092	0.00
0.00	-30226.67	-39917.59	-2.62363	-30226.67	-39917.59	-2.62363	2.201	0.00
0.00	-30226.85	-39917.67	-2.62824	-30226.85	-39917.67	-2.62824	2.208	0.00
0.00	-30227.02	-39917.74	-2.63254	-30227.02	-39917.74	-2.63254	2.155	0.00
0.00	-30227.19	-39917.82	-2.63672	-30227.19	-39917.82	-2.63672	2.019	0.00
0.00	-30227.46	-39917.94	-2.64252	-30227.46	-39917.94	-2.64252	2.244	0.00
0.00	-30227.55	-39917.98	-2.64542	-30227.55	-39917.98	-2.64542	2.077	0.00
0.00	-30227.70	-39918.05	-2.64913	-30227.70	-39918.05	-2.64913	2.091	0.00
0.00	-30227.92	-39918.15	-2.65275	-30227.92	-39918.15	-2.65275	2.382	0.00
0.00	-30228.12	-39918.24	-2.65624	-30228.12	-39918.24	-2.65624	2.295	0.00
0.00	-30228.29	-39918.32	-2.66014	-30228.29	-39918.32	-2.66014	2.413	0.00
0.00	-30228.45	-39918.39	-2.66339	-30228.45	-39918.39	-2.66339	2.240	0.00
0.00	-30228.61	-39918.47	-2.66662	-30228.61	-39918.47	-2.66662	2.323	0.00
0.00	-30228.78	-39918.54	-2.66978	-30228.78	-39918.54	-2.66978	2.124	0.00
0.00	-30228.94	-39918.61	-2.67287	-30228.94	-39918.61	-2.67287	2.190	0.00
0.00	-30229.11	-39918.69	-2.67586	-30229.11	-39918.69	-2.67586	2.999	0.00
0.00	-30229.27	-39918.76	-2.67868	-30229.27	-39918.76	-2.67868	2.091	0.00
0.00	-30229.44	-39918.84	-2.68143	-30229.44	-39918.84	-2.68143	2.148	0.00
0.00	-30229.61	-39918.91	-2.68413	-30229.61	-39918.91	-2.68413	2.124	0.00
0.00	-30229.78	-39918.99	-2.68656	-30229.78	-39918.99	-2.68656	1.972	0.00
0.00	-30229.94	-39919.06	-2.68930	-30229.94	-39919.06	-2.68930	2.090	0.00
0.00	-30230.11	-39919.14	-2.69207	-30230.11	-39919.14	-2.69207	2.187	0.00
0.00	-30230.27	-39919.21	-2.69476	-30230.27	-39919.21	-2.69476	2.170	0.00
0.00	-30230.44	-39919.28	-2.69737	-30230.44	-39919.28	-2.69737	2.105	0.00
0.00	-30230.61	-39919.36	-2.69997	-30230.61	-39919.36	-2.69997	2.088	0.00
0.00	-30230.79	-39919.44	-2.70228	-30230.79	-39919.44	-2.70228	2.270	0.00
0.00	-30230.95	-39919.51	-2.70478	-30230.95	-39919.51	-2.70478	2.091	0.00
0.00	-30231.12	-39919.59	-2.70728	-30231.12	-39919.59	-2.70728	2.100	0.00
0.00	-30231.40	-39919.71	-2.71032	-30231.40	-39919.71	-2.71032	2.077	0.00
0.00	-30231.53	-39919.76	-2.71229	-30231.53	-39919.76	-2.71229	2.076	0.00
0.00	-30231.66	-39919.82	-2.71465	-30231.66	-39919.82	-2.71465	2.109	0.00
0.00	-30231.85	-39919.90	-2.71703	-30231.85	-39919.90	-2.71703	2.067	0.00
0.00	-30232.01	-39919.97	-2.71945	-30232.01	-39919.97	-2.71945	2.093	0.00
0.00	-30232.16	-39920.04	-2.72179	-30232.16	-39920.04	-2.72179	2.172	0.00
0.00	-30232.33	-39920.11	-2.72390	-30232.33	-39920.11	-2.72390	2.103	0.00
0.00	-30232.49	-39920.18	-2.72617	-30232.49	-39920.18	-2.72617	2.131	0.00
0.00	-30232.66	-39920.24	-2.72846	-30232.66	-39920.24	-2.72846	2.082	0.00
0.00	-30232.82	-39920.31	-2.73082	-30232.82	-39920.31	-2.73082	2.186	0.00
0.00	-30232.99	-39920.38	-2.73319	-30232.99	-39920.38	-2.73319	2.091	0.00
0.00	-30233.15	-39920.45	-2.73527	-30233.15	-39920.45	-2.73527	2.113	0.00
0.00	-30233.32	-39920.52	-2.73778	-30233.32	-39920.52	-2.73778	2.344	0.00
0.00	-30233.48	-39920.59	-2.74019	-30233.48	-39920.59	-2.74019	2.099	0.00
0.00	-30233.65	-39920.66	-2.74258	-30233.65	-39920.66	-2.74258	2.068	0.00
0.00	-30233.81	-39920.72	-2.74510	-30233.81	-39920.72	-2.74510	2.166	0.00
0.00	-30233.97	-39920.79	-2.74766	-30233.97	-39920.79	-2.74766	2.068	0.00
0.00	-30234.12	-39920.85	-2.75030	-30234.12	-39920.85	-2.75030	2.081	0.00
0.00	-30234.27	-39920.91	-2.75287	-30234.27	-39920.91	-2.75287	2.066	0.00
0.00	-30234.48	-39920.99	-2.75529	-30234.48	-39920.99	-2.75529	2.127	0.00
0.00	-30234.67	-39921.07	-2.75778	-30234.67	-39921.07	-2.75778	2.221	0.00
0.00	-30234.86	-39921.14	-2.76024	-30234.86	-39921.14	-2.76024	2.106	0.00
0.00	-30235.02	-39921.20	-2.76271	-30235.02	-39921.20	-2.76271	2.125	0.00
0.00	-30235.26	-39921.30	-2.76587	-30235.26	-39921.30	-2.76587	2.080	0.00
0.00	-30235.33	-39921.33	-2.76771	-30235.33	-39921.33	-2.76771	2.041	0.00
0.00	-30235.49	-39921.39	-2.77004	-30235.49	-39921.39	-2.77004	2.083	0.00
0.00	-30235.64	-39921.44	-2.77241	-30235.64	-39921.44	-2.77241	2.085	0.00
0.00	-30235.80	-39921.51	-2.77470	-30235.80	-39921.51	-2.77470	2.181	0.00
0.00	-30235.96	-39921.57	-2.77698	-30235.96	-39921.57	-2.77698	2.187	0.00
0.00	-30236.12	-39921.63	-2.77916	-30236.12	-39921.63	-2.77916	2.078	0.00
0.00	-30236.28	-39921.69	-2.78136	-30236.28	-39921.69	-2.78136	2.102	0.00
0.00	-30236.45	-39921.75	-2.78357	-30236.45	-39921.75	-2.78357	2.198	0.00
0.00	-30236.61	-39921.81	-2.78574	-30236.61	-39921.81	-2.78574	2.110	0.00
0.00	-30236.77	-39921.87	-2.78789	-30236.77	-39921.87	-2.78789	2.110	0.00
0.00	-30236.94	-39921.93	-2.78991	-30236.94	-39921.93	-2.78991	2.083	0.00
0.00	-30237.10	-39921.99	-2.79174	-30237.10	-39921.99	-2.79174	2.147	0.00
0.00	-30237.26	-39922.04	-2.79349	-30237.26	-39922.04	-2.79349	2.099	0.00
0.00	-30237.42	-39922.10	-2.79510	-30237.42	-39922.10	-2.79510	2.145	0.00
0.00	-30237.57	-39922.16	-2.79669	-30237.57	-39922.16	-2.79669	2.111	0.00
0.00	-30237.77	-39922.23	-2.79826	-30237.77	-39922.23	-2.79826	2.060	0.00
0.00	-30237.96	-39922.29	-2.79990	-30237.96	-39922.29	-2.79990	2.152	0.00
0.00	-30238.14	-39922.36	-2.80145	-30238.14	-39922.36	-2.80145	2.070	0.00
0.00	-30238.29	-39922.41	-2.80280	-30238.29	-39922.41	-2.80280	2.017	0.00
0.00	-30238.43	-39922.46	-2.80397	-30238.43	-39922.46	-2.80397	2.247	0.00
0.00	-30238.58	-39922.51	-2.80503	-30238.58	-39922.51	-2.80503	2.187	0.00
0.00	-30238.73	-39922.56	-2.80605	-30238.73	-39922.56	-2.80605	2.177	0.00
0.00	-30238.92	-39922.63	-2.80711	-30238.92	-39922.63	-2.80711	2.140	0.00
0.00	-30239.18	-39922.72	-2.80878	-30239.18	-39922.72	-2.80878	2.110	0.00
0.00	-30239.21	-39922.73	-2.80927	-30239.21	-39922.73	-2.80927	2.059	0.00
0.00	-30239.36	-39922.78	-2.81028	-30239.36	-39922.78	-2.81028	2.021	0.00
0.00	-30239.52	-39922.84	-2.81117	-30239.52	-39922.84	-2.81117	2.023	0.00
0.00	-30239.69	-39922.90	-2.81196	-30239.69	-39922.90	-2.81196	2.060	0.00
0.00	-30239.85	-39922.95	-2.81272	-30239.85	-39922.95	-2.81272	2.166	0.00
0.00	-30240.02	-39923.01	-2.81355	-30240.02	-39923.01	-2.81355	2.155	0.00
0.00	-30240.16	-39923.06	-2.81447	-30240.16	-39923.06	-2.81447	2.011	0.00
0.00	-30240.32	-39923.11	-2.81541	-30240.32	-39923.11	-2.81541	2.117	0.00
0.00	-30240.47	-39923.16	-2.81624	-30240.47	-39923.16	-2.81624	2.058	0.00
0.00	-30240.63	-39923.22	-2.81689	-30240.63	-39923.22	-2.81689	2.065	0.00
0.00	-30240.78	-39923.27	-2.81736	-30240.78	-39923.27	-2.81736	2.062	0.00
0.00	-30240.98	-39923.33	-2.81784	-30240.98	-39923.33	-2.81784	2.109	0.00
0.00	-30241.17	-39923.40	-2.81840	-30241.17	-39923.40	-2.81840	2.136	0.00
0.00	-30241.35	-39923.46	-2.81907	-30241.35	-39923.46	-2.81907	2.147	0.00
0.00	-30241.49	-39923.50	-2.81976	-30241.49	-39923.50	-2.81976	2.240	0.00
0.00	-30241.63	-39923.55	-2.82047	-30241.63	-39923.55	-2.82047	2.067	0.00
0.00	-30241.76	-39923.59	-2.82094	-30241.76	-39923.59	-2.82094	2.075	0.00
0.00	-30241.90	-39923.64	-2.82134	-30241.90	-39923.64	-2.82134	2.134	0.00
0.00	-30242.07	-39923.70	-2.82172	-30242.07	-39923.70	-2.82172	2.099	0.00
0.00	-30242.22	-39923.75	-2.82217	-30242.22	-39923.75	-2.82217	2.075	0.00
0.00	-30242.38	-39923.80	-2.82275	-30242.38	-39923.80	-2.82275	2.148	0.00
0.00	-30242.65	-39923.89	-2.82356	-30242.65	-39923.89	-2.82356	2.341	0.00
0.00	-30242.70	-39923.91	-2.82397	-30242.70	-39923.91	-2.82397	2.079	0.00
0.00	-30242.88	-39923.97	-2.82457	-30242.88	-39923.97	-2.82457	2.070	0.00
0.00	-30243.01	-39924.01	-2.82502	-30243.01	-39924.01	-2.82502	2.158	0.00
0.00	-30243.20	-39924.07	-2.82543	-30243.20	-39924.07	-2.82543	2.132	0.00
0.00	-30243.36	-39924.12	-2.82583	-30243.36	-39924.12	-2.82583	2.223	0.00
0.00	-30243.52	-39924.18	-2.82631	-30243.52	-39924.18	-2.82631	2.147	0.00
0.00	-30243.69	-39924.23	-2.82684	-30243.69	-39924.23	-2.82684	2.207	0.00
0.00	-30243.84	-39924.28	-2.82732	-30243.84	-39924.28	-2.82732	2.136	0.00
0.00	-30243.99	-39924.33	-2.82777	-30243.99	-39924.33	-2.82777	2.106	0.00
0.00	-30244.17	-39924.39	-2.82825	-30244.17	-39924.39	-2.82825	2.024	0.00
0.00	-30244.35	-39924.45	-2.82879	-30244.35	-39924.45	-2.82879	2.147	0.00
0.00	-30244.51	-39924.50	-2.82929	-30244.51	-39924.50	-2.82929	2.020	0.00
0.00	-30244.65	-39924.54	-2.82977	-30244.65	-39924.54	-2.82977	2.068	0.00
0.00	-30244.79	-39924.59	-2.83033	-30244.79	-39924.59	-2.83033	2.321	0.00
0.00	-30244.94	-39924.64	-2.83087	-30244.94	-39924.64	-2.83087	2.101	0.00
0.00	-30245.10	-39924.69	-2.83144	-30245.10	-39924.69	-2.83144	2.124	0.00
0.00	-30245.24	-39924.73	-2.83203	-30245.24	-39924.73	-2.83203	2.124	0.00
0.00	-30245.40	-39924.78	-2.83264	-30245.40	-39924.78	-2.83264	2.142	0.00
0.00	-30245.55	-39924.83	-2.83326	-30245.55	-39924.83	-2.83326	2.174	0.00
0.00	-30245.69	-39924.88	-2.83380	-30245.69	-39924.88	-2.83380	2.132	0.00
0.00	-30245.86	-39924.93	-2.83427	-30245.86	-39924.93	-2.83427	2.117	0.00
0.00	-30245.99	-39924.97	-2.83477	-30245.99	-39924.97	-2.83477	2.033	0.00
0.00	-30246.23	-39925.05	-2.83546	-30246.23	-39925.05	-2.83546	2.115	0.00
0.00	-30246.36	-39925.09	-2.83604	-30246.36	-39925.09	-2.83604	2.062	0.00
0.00	-30246.45	-39925.12	-2.83650	-30246.45	-39925.12	-2.83650	2.115	0.00
0.00	-30246.60	-39925.17	-2.83703	-30246.60	-39925.17	-2.83703	2.078	0.00
0.00	-30246.73	-39925.21	-2.83744	-30246.73	-39925.21	-2.83744	2.085	0.00
0.00	-30246.93	-39925.27	-2.83787	-30246.93	-39925.27	-2.83787	2.338	0.00
0.00	-30247.07	-39925.31	-2.83824	-30247.07	-39925.31	-2.83824	2.158	0.00
0.00	-30247.24	-39925.37	-2.83864	-30247.24	-39925.37	-2.83864	2.181	0.00
0.00	-30247.41	-39925.42	-2.83906	-30247.41	-39925.42	-2.83906	2.228	0.00
0.00	-30247.56	-39925.47	-2.83953	-30247.56	-39925.47	-2.83953	2.058	0.00
0.00	-30247.70	-39925.51	-2.83999	-30247.70	-39925.51	-2.83999	2.120	0.00
0.00	-30247.84	-39925.55	-2.84040	-30247.84	-39925.55	-2.84040	2.076	0.00
0.00	-30247.98	-39925.60	-2.84085	-30247.98	-39925.60	-2.84085	2.136	0.00
0.00	-30248.12	-39925.64	-2.84126	-30248.12	-39925.64	-2.84126	2.167	0.00
0.00	-30248.27	-39925.69	-2.84172	-30248.27	-39925.69	-2.84172	2.147	0.00
0.00	-30248.41	-39925.73	-2.84218	-30248.41	-39925.73	-2.84218	2.109	0.00
0.00	-30248.57	-39925.78	-2.84259	-30248.57	-39925.78	-2.84259	2.183	0.00
0.00	-30248.71	-39925.82	-2.84305	-30248.71	-39925.82	-2.84305	2.117	0.00
0.00	-30248.86	-39925.87	-2.84357	-30248.86	-39925.87	-2.84357	2.104	0.00
0.00	-30249.01	-39925.91	-2.84404	-30249.01	-39925.91	-2.84404	2.179	0.00
0.00	-30249.15	-39925.96	-2.84447	-30249.15	-39925.96	-2.84447	2.143	0.00
0.00	-30249.30	-39926.00	-2.84494	-30249.30	-39926.00	-2.84494	2.152	0.00
0.00	-30249.45	-39926.05	-2.84532	-30249.45	-39926.05	-2.84532	2.042	0.00
0.00	-30249.62	-39926.10	-2.84572	-30249.62	-39926.10	-2.84572	2.164	0.00
0.00	-30249.80	-39926.15	-2.84627	-30249.80	-39926.15	-2.84627	2.126	0.00
0.00	-30249.88	-39926.18	-2.84660	-30249.88	-39926.18	-2.84660	2.175	0.00
0.00	-30250.04	-39926.22	-2.84705	-30250.04	-39926.22	-2.84705	2.222	0.00
0.00	-30250.20	-39926.27	-2.84751	-30250.20	-39926.27	-2.84751	2.114	0.00
0.00	-30250.37	-39926.33	-2.84799	-30250.37	-39926.33	-2.84799	2.189	0.00
0.00	-30250.52	-39926.37	-2.84850	-30250.52	-39926.37	-2.84850	2.129	0.00
0.00	-30250.65	-39926.41	-2.84905	-30250.65	-39926.41	-2.84905	2.218	0.00
0.00	-30250.79	-39926.45	-2.84960	-30250.79	-39926.45	-2.84960	2.091	0.00
0.00	-30250.92	-39926.49	-2.85012	-30250.92	-39926.49	-2.85012	2.093	0.00
0.00	-30251.06	-39926.53	-2.85059	-30251.06	-39926.53	-2.85059	2.091	0.00
0.00	-30251.20	-39926.58	-2.85102	-30251.20	-39926.58	-2.85102	1.979	0.00
0.00	-30251.34	-39926.62	-2.85145	-30251.34	-39926.62	-2.85145	2.023	0.00
0.00	-30251.49	-39926.66	-2.85193	-30251.49	-39926.66	-2.85193	2.010	0.00
0.00	-30251.63	-39926.70	-2.85248	-30251.63	-39926.70	-2.85248	2.106	0.00
0.00	-30251.78	-39926.75	-2.85312	-30251.78	-39926.75	-2.85312	2.147	0.00
0.00	-30251.92	-39926.79	-2.85379	-30251.92	-39926.79	-2.85379	2.279	0.00
0.00	-30252.06	-39926.83	-2.85442	-30252.06	-39926.83	-2.85442	2.134	0.00
0.00	-30252.20	-39926.87	-2.85503	-30252.20	-39926.87	-2.85503	2.395	0.00
0.00	-30252.34	-39926.91	-2.85568	-30252.34	-39926.91	-2.85568	2.165	0.00
0.00	-30252.48	-39926.95	-2.85634	-30252.48	-39926.95	-2.85634	2.126	0.00
0.00	-30252.63	-39927.00	-2.85712	-30252.63	-39927.00	-2.85712	2.200	0.00
0.00	-30252.79	-39927.04	-2.85793	-30252.79	-39927.04	-2.85793	2.268	0.00
0.00	-30252.94	-39927.09	-2.85873	-30252.94	-39927.09	-2.85873	2.027	0.00
0.00	-30253.06	-39927.12	-2.85948	-30253.06	-39927.12	-2.85948	2.073	0.00
0.00	-30253.26	-39927.18	-2.86036	-30253.26	-39927.18	-2.86036	2.214	0.00
0.00	-30253.38	-39927.22	-2.86120	-30253.38	-39927.22	-2.86120	2.027	0.00
0.00	-30253.51	-39927.25	-2.86201	-30253.51	-39927.25	-2.86201	2.217	0.00
0.00	-30253.64	-39927.29	-2.86288	-30253.64	-39927.29	-2.86288	2.156	0.00
0.00	-30253.77	-39927.33	-2.86388	-30253.77	-39927.33	-2.86388	2.199	0.00
0.00	-30253.90	-39927.36	-2.86496	-30253.90	-39927.36	-2.86496	2.194	0.00
0.00	-30254.04	-39927.40	-2.86612	-30254.04	-39927.40	-2.86612	2.199	0.00
0.00	-30254.18	-39927.44	-2.86729	-30254.18	-39927.44	-2.86729	2.677	0.00
0.00	-30254.32	-39927.48	-2.86841	-30254.32	-39927.48	-2.86841	2.112	0.00
0.00	-30254.46	-39927.52	-2.86952	-30254.46	-39927.52	-2.86952	2.068	0.00
0.00	-30254.59	-39927.56	-2.87065	-30254.59	-39927.56	-2.87065	2.131	0.00
0.00	-30254.73	-39927.60	-2.87179	-30254.73	-39927.60	-2.87179	2.043	0.00
0.00	-30254.87	-39927.64	-2.87300	-30254.87	-39927.64	-2.87300	2.096	0.00
0.00	-30255.01	-39927.67	-2.87425	-30255.01	-39927.67	-2.87425	2.110	0.00
0.00	-30255.15	-39927.71	-2.87556	-30255.15	-39927.71	-2.87556	2.115	0.00
0.00	-30255.28	-39927.75	-2.87695	-30255.28	-39927.75	-2.87695	2.184	0.00
0.00	-30255.42	-39927.79	-2.87840	-30255.42	-39927.79	-2.87840	2.066	0.00
0.00	-30255.55	-39927.82	-2.87988	-30255.55	-39927.82	-2.87988	2.117	0.00
0.00	-30255.72	-39927.87	-2.88137	-30255.72	-39927.87	-2.88137	2.058	0.00
0.00	-30255.88	-39927.91	-2.88294	-30255.88	-39927.91	-2.88294	2.152	0.00
0.00	-30256.03	-39927.95	-2.88459	-30256.03	-39927.95	-2.88459	2.071	0.00
0.00	-30256.15	-39927.98	-2.88621	-30256.15	-39927.98	-2.88621	2.104	0.00
0.00	-30256.30	-39928.02	-2.88810	-30256.30	-39928.02	-2.88810	2.036	0.00
0.00	-30256.40	-39928.05	-2.89002	-30256.40	-39928.05	-2.89002	1.971	0.00
0.00	-30256.52	-39928.08	-2.89195	-30256.52	-39928.08	-2.89195	2.125	0.00
0.00	-30256.64	-39928.11	-2.89386	-30256.64	-39928.11	-2.89386	2.104	0.00
0.00	-30256.77	-39928.14	-2.89579	-30256.77	-39928.14	-2.89579	2.167	0.00
0.00	-30256.89	-39928.18	-2.89781	-30256.89	-39928.18	-2.89781	2.117	0.00
0.00	-30257.02	-39928.21	-2.89996	-30257.02	-39928.21	-2.89996	2.132	0.00
0.00	-30257.13	-39928.24	-2.90208	-30257.13	-39928.24	-2.90208	2.256	0.00
0.00	-30257.26	-39928.27	-2.90418	-30257.26	-39928.27	-2.90418	2.056	0.00
0.00	-30257.38	-39928.30	-2.90641	-30257.38	-39928.30	-2.90641	2.886	0.00
0.00	-30257.51	-39928.33	-2.90863	-30257.51	-39928.33	-2.90863	2.069	0.00
0.00	-30257.62	-39928.36	-2.91098	-30257.62	-39928.36	-2.91098	2.099	0.00
0.00	-30257.74	-39928.38	-2.91334	-30257.74	-39928.38	-2.91334	2.088	0.00
0.00	-30257.86	-39928.41	-2.91568	-30257.86	-39928.41	-2.91568	2.042	0.00
0.00	-30257.97	-39928.44	-2.91802	-30257.97	-39928.44	-2.91802	2.144	0.00
0.00	-30258.09	-39928.47	-2.92039	-30258.09	-39928.47	-2.92039	2.409	0.00
0.00	-30258.24	-39928.50	-2.92272	-30258.24	-39928.50	-2.92272	2.162	0.00
0.00	-30258.38	-39928.53	-2.92509	-30258.38	-39928.53	-2.92509	2.065	0.00
0.00	-30258.52	-39928.56	-2.92761	-30258.52	-39928.56	-2.92761	2.218	0.00
0.00	-30258.63	-39928.59	-2.93033	-30258.63	-39928.59	-2.93033	3.603	0.00
0.00	-30258.74	-39928.61	-2.93289	-30258.74	-39928.61	-2.93289	2.136	0.00
0.00	-30258.85	-39928.64	-2.93552	-30258.85	-39928.64	-2.93552	2.179	0.00
0.00	-30258.99	-39928.67	-2.93813	-30258.99	-39928.67	-2.93813	2.064	0.00
0.00	-30259.09	-39928.69	-2.94082	-30259.09	-39928.69	-2.94082	1.999	0.00
0.00	-30259.21	-39928.71	-2.94372	-30259.21	-39928.71	-2.94372	2.076	0.00
0.00	-30259.33	-39928.74	-2.94691	-30259.33	-39928.74	-2.94691	2.059	0.00
0.00	-30259.44	-39928.76	-2.95040	-30259.44	-39928.76	-2.95040	2.107	0.00
0.00	-30259.56	-39928.78	-2.95406	-30259.56	-39928.78	-2.95406	2.012	0.00
0.00	-30259.69	-39928.81	-2.95784	-30259.69	-39928.81	-2.95784	2.136	0.00
0.00	-30259.81	-39928.83	-2.96171	-30259.81	-39928.83	-2.96171	2.348	0.00
0.00	-30259.93	-39928.85	-2.96558	-30259.93	-39928.85	-2.96558	2.113	0.00
0.00	-30260.05	-39928.87	-2.96948	-30260.05	-39928.87	-2.96948	2.061	0.00
0.00	-30260.17	-39928.90	-2.97344	-30260.17	-39928.90	-2.97344	2.380	0.00
0.00	-30260.29	-39928.92	-2.97735	-30260.29	-39928.92	-2.97735	2.134	0.00
0.00	-30260.41	-39928.94	-2.98142	-30260.41	-39928.94	-2.98142	2.145	0.00
0.00	-30260.51	-39928.95	-2.98551	-30260.51	-39928.95	-2.98551	2.087	0.00
0.00	-30260.65	-39928.98	-2.98963	-30260.65	-39928.98	-2.98963	1.969	0.00
0.00	-30260.78	-39929.00	-2.99385	-30260.78	-39929.00	-2.99385	2.057	0.00
0.00	-30260.91	-39929.02	-2.99816	-30260.91	-39929.02	-2.99816	2.076	0.00
0.00	-30261.01	-39929.03	-3.00229	-30261.01	-39929.03	-3.00229	2.022	0.00
0.00	-30261.12	-39929.05	-3.00647	-30261.12	-39929.05	-3.00647	2.126	0.00
0.00	-30261.23	-39929.06	-3.01062	-30261.23	-39929.06	-3.01062	2.129	0.00
0.00	-30261.34	-39929.08	-3.01487	-30261.34	-39929.08	-3.01487	2.151	0.00
0.00	-30261.45	-39929.09	-3.01893	-30261.45	-39929.09	-3.01893	2.322	0.00
0.00	-30261.63	-39929.11	-3.02388	-30261.63	-39929.11	-3.02388	2.181	0.00
0.00	-30261.74	-39929.12	-3.02777	-30261.74	-39929.12	-3.02777	2.085	0.00
0.00	-30261.83	-39929.14	-3.03137	-30261.83	-39929.14	-3.03137	3.125	0.00
0.00	-30261.91	-39929.14	-3.03411	-30261.91	-39929.14	-3.03411	2.113	0.00
0.00	-30262.03	-39929.16	-3.03799	-30262.03	-39929.16	-3.03799	2.201	0.00
0.00	-30262.15	-39929.17	-3.04188	-30262.15	-39929.17	-3.04188	2.180	0.00
0.00	-30262.25	-39929.18	-3.04543	-30262.25	-39929.18	-3.04543	2.271	0.00
0.00	-30262.42	-39929.20	-3.04923	-30262.42	-39929.20	-3.04923	2.322	0.00
0.00	-30262.55	-39929.21	-3.05252	-30262.55	-39929.21	-3.05252	2.347	0.00
0.00	-30262.67	-39929.22	-3.05541	-30262.67	-39929.22	-3.05541	2.293	0.00
0.00	-30262.78	-39929.23	-3.05812	-30262.78	-39929.23	-3.05812	2.325	0.00
0.00	-30262.91	-39929.24	-3.06067	-30262.91	-39929.24	-3.06067	2.229	0.00
0.00	-30263.03	-39929.25	-3.06304	-30263.03	-39929.25	-3.06304	2.312	0.00
0.00	-30263.16	-39929.26	-3.06519	-30263.16	-39929.26	-3.06519	2.400	0.00
0.00	-30263.29	-39929.27	-3.06714	-30263.29	-39929.27	-3.06714	2.336	0.00
0.00	-30263.43	-39929.28	-3.06879	-30263.43	-39929.28	-3.06879	2.389	0.00
0.00	-30263.55	-39929.29	-3.07019	-30263.55	-39929.29	-3.07019	2.623	0.00
0.00	-30263.66	-39929.30	-3.07126	-30263.66	-39929.30	-3.07126	2.634	0.00
0.00	-30263.78	-39929.30	-3.07199	-30263.78	-39929.30	-3.07199	2.731	0.00
0.00	-30263.90	-39929.31	-3.07243	-30263.90	-39929.31	-3.07243	3.292	0.00
0.00	-30264.02	-39929.32	-3.07259	-30264.02	-39929.32	-3.07259	2.782	0.00
0.00	-30264.15	-39929.33	-3.07244	-30264.15	-39929.33	-3.07244	2.846	0.00
0.00	-30264.27	-39929.33	-3.07200	-30264.27	-39929.33	-3.07200	2.881	0.00
0.00	-30264.40	-39929.34	-3.07122	-30264.40	-39929.34	-3.07122	2.825	0.00
0.00	-30264.53	-39929.35	-3.07015	-30264.53	-39929.35	-3.07015	2.562	0.00
0.00	-30264.69	-39929.36	-3.06886	-30264.69	-39929.36	-3.06886	2.572	0.00
0.00	-30264.81	-39929.37	-3.06734	-30264.81	-39929.37	-3.06734	2.651	0.00
0.00	-30264.94	-39929.38	-3.06552	-30264.94	-39929.38	-3.06552	3.219	0.00
0.00	-30265.08	-39929.39	-3.06347	-30265.08	-39929.39	-3.06347	3.381	0.00
0.00	-30265.22	-39929.40	-3.06141	-30265.22	-39929.40	-3.06141	3.444	0.00
0.00	-30265.35	-39929.40	-3.05931	-30265.35	-39929.40	-3.05931	3.189	0.00
0.00	-30265.51	-39929.41	-3.05713	-30265.51	-39929.41	-3.05713	3.265	0.00
0.00	-30265.66	-39929.43	-3.05475	-30265.66	-39929.43	-3.05475	3.315	0.00
0.00	-30265.81	-39929.44	-3.05218	-30265.81	-39929.44	-3.05218	3.469	0.00
0.00	-30265.96	-39929.45	-3.04965	-30265.96	-39929.45	-3.04965	3.538	0.00
0.00	-30266.11	-39929.46	-3.04702	-30266.11	-39929.46	-3.04702	3.290	0.00
0.00	-30266.24	-39929.47	-3.04426	-30266.24	-39929.47	-3.04426	3.153	0.00
0.00	-30266.36	-39929.48	-3.04130	-30266.36	-39929.48	-3.04130	3.810	0.00
0.00	-30266.49	-39929.49	-3.03817	-30266.49	-39929.49	-3.03817	2.992	0.00
0.00	-30266.63	-39929.50	-3.03482	-30266.63	-39929.50	-3.03482	3.411	0.00
0.00	-30266.76	-39929.51	-3.03129	-30266.76	-39929.51	-3.03129	3.783	0.00
0.00	-30266.90	-39929.52	-3.02772	-30266.90	-39929.52	-3.02772	3.733	0.00
0.00	-30267.04	-39929.54	-3.02425	-30267.04	-39929.54	-3.02425	3.773	0.00
0.00	-30267.18	-39929.55	-3.02084	-30267.18	-39929.55	-3.02084	3.962	0.00
0.00	-30267.32	-39929.57	-3.01746	-30267.32	-39929.57	-3.01746	3.856	0.00
0.00	-30267.47	-39929.58	-3.01398	-30267.47	-39929.58	-3.01398	3.762	0.00
0.00	-30267.61	-39929.60	-3.01043	-30267.61	-39929.60	-3.01043	3.529	0.00
0.00	-30267.90	-39929.63	-3.00471	-30267.90	-39929.63	-3.00471	4.126	0.00
0.00	-30267.92	-39929.64	-3.00324	-30267.92	-39929.64	-3.00324	4.209	0.00
0.00	-30268.05	-39929.65	-2.99969	-30268.05	-39929.65	-2.99969	4.130	0.00
0.00	-30268.20	-39929.67	-2.99591	-30268.20	-39929.67	-2.99591	4.162	0.00
0.00	-30268.37	-39929.70	-2.99232	-30268.37	-39929.70	-2.99232	4.197	0.00
0.00	-30268.55	-39929.72	-2.98859	-30268.55	-39929.72	-2.98859	4.382	0.00
0.00	-30268.72	-39929.75	-2.98522	-30268.72	-39929.75	-2.98522	4.420	0.00
0.00	-30268.85	-39929.77	-2.98189	-30268.85	-39929.77	-2.98189	3.622	0.00
0.00	-30268.99	-39929.79	-2.97846	-30268.99	-39929.79	-2.97846	3.859	0.00
0.00	-30269.12	-39929.81	-2.97516	-30269.12	-39929.81	-2.97516	4.403	0.00
0.00	-30269.26	-39929.83	-2.97181	-30269.26	-39929.83	-2.97181	4.390	0.00
0.00	-30269.41	-39929.85	-2.96828	-30269.41	-39929.85	-2.96828	4.342	0.00
0.00	-30269.56	-39929.87	-2.96489	-30269.56	-39929.87	-2.96489	4.527	0.00
0.00	-30269.71	-39929.90	-2.96140	-30269.71	-39929.90	-2.96140	3.451	0.00
0.00	-30269.86	-39929.92	-2.95804	-30269.86	-39929.92	-2.95804	4.764	0.00
0.00	-30270.01	-39929.95	-2.95474	-30270.01	-39929.95	-2.95474	4.142	0.00
0.00	-30270.16	-39929.98	-2.95130	-30270.16	-39929.98	-2.95130	4.626	0.00
0.00	-30270.30	-39930.00	-2.94802	-30270.30	-39930.00	-2.94802	4.725	0.00
0.00	-30270.49	-39930.04	-2.94452	-30270.49	-39930.04	-2.94452	9.568	0.00
0.00	-30270.66	-39930.07	-2.94103	-30270.66	-39930.07	-2.94103	5.077	0.00
0.00	-30270.83	-39930.11	-2.93745	-30270.83	-39930.11	-2.93745	5.000	0.00
0.00	-30270.96	-39930.13	-2.93382	-30270.96	-39930.13	-2.93382	5.096	0.00
0.00	-30271.16	-39930.18	-2.92921	-30271.16	-39930.18	-2.92921	4.920	0.00
0.00	-30271.25	-39930.19	-2.92598	-30271.25	-39930.19	-2.92598	4.208	0.00
0.00	-30271.36	-39930.22	-2.92342	-30271.36	-39930.22	-2.92342	5.314	0.00
0.00	-30271.53	-39930.26	-2.91991	-30271.53	-39930.26	-2.91991	5.210	0.00
0.00	-30271.70	-39930.29	-2.91652	-30271.70	-39930.29	-2.91652	5.186	0.00
0.00	-30271.82	-39930.32	-2.91326	-30271.82	-39930.32	-2.91326	5.137	0.00
0.00	-30271.95	-39930.35	-2.91007	-30271.95	-39930.35	-2.91007	5.397	0.00
0.00	-30272.08	-39930.38	-2.90694	-30272.08	-39930.38	-2.90694	5.334	0.00
0.00	-30272.22	-39930.42	-2.90384	-30272.22	-39930.42	-2.90384	5.906	0.00
0.00	-30272.35	-39930.45	-2.90086	-30272.35	-39930.45	-2.90086	5.369	0.00
0.00	-30272.49	-39930.49	-2.89793	-30272.49	-39930.49	-2.89793	5.645	0.00
0.00	-30272.63	-39930.52	-2.89511	-30272.63	-39930.52	-2.89511	5.574	0.00
0.00	-30272.78	-39930.56	-2.89233	-30272.78	-39930.56	-2.89233	5.652	0.00
0.00	-30272.92	-39930.60	-2.88976	-30272.92	-39930.60	-2.88976	4.375	0.00
0.00	-30273.06	-39930.63	-2.88712	-30273.06	-39930.63	-2.88712	6.923	0.00
0.00	-30273.20	-39930.67	-2.88455	-30273.20	-39930.67	-2.88455	5.548	0.00
0.00	-30273.34	-39930.71	-2.88189	-30273.34	-39930.71	-2.88189	6.133	0.00
0.00	-30273.48	-39930.75	-2.87928	-30273.48	-39930.75	-2.87928	24.415	0.00
0.00	-30273.63	-39930.79	-2.87683	-30273.63	-39930.79	-2.87683	7.256	0.00
0.00	-30273.76	-39930.83	-2.87475	-30273.76	-39930.83	-2.87475	18.615	0.00
0.00	-30273.89	-39930.86	-2.87240	-30273.89	-39930.86	-2.87240	5.419	0.00
0.00	-30274.02	-39930.90	-2.87035	-30274.02	-39930.90	-2.87035	8.196	0.00
0.00	-30274.28	-39930.97	-2.86780	-30274.28	-39930.97	-2.86780	5.221	0.00
0.00	-30274.35	-39931.00	-2.86626	-30274.35	-39931.00	-2.86626	7.967	0.00
0.00	-30274.59	-39931.07	-2.86355	-30274.59	-39931.07	-2.86355	5.667	0.00
0.00	-30274.65	-39931.08	-2.86222	-30274.65	-39931.08	-2.86222	8.008	0.00
0.00	-30274.77	-39931.12	-2.86031	-30274.77	-39931.12	-2.86031	6.653	0.00
0.00	-30274.91	-39931.16	-2.85852	-30274.91	-39931.16	-2.85852	7.803	0.00
0.00	-30275.04	-39931.20	-2.85664	-30275.04	-39931.20	-2.85664	6.329	0.00
0.00	-30275.17	-39931.24	-2.85468	-30275.17	-39931.24	-2.85468	6.910	0.00
0.00	-30275.31	-39931.28	-2.85268	-30275.31	-39931.28	-2.85268	6.983	0.00
0.00	-30275.45	-39931.33	-2.85064	-30275.45	-39931.33	-2.85064	7.417	0.00
0.00	-30275.59	-39931.37	-2.84893	-30275.59	-39931.37	-2.84893	6.478	0.00
0.00	-30275.72	-39931.41	-2.84742	-30275.72	-39931.41	-2.84742	7.498	0.00
0.00	-30275.86	-39931.45	-2.84609	-30275.86	-39931.45	-2.84609	6.429	0.00
0.00	-30276.00	-39931.50	-2.84490	-30276.00	-39931.50	-2.84490	8.208	0.00
0.00	-30276.13	-39931.54	-2.84357	-30276.13	-39931.54	-2.84357	7.027	0.00
0.00	-30276.26	-39931.58	-2.84230	-30276.26	-39931.58	-2.84230	8.122	0.00
0.00	-30276.40	-39931.62	-2.84123	-30276.40	-39931.62	-2.84123	8.170	0.00
0.00	-30276.53	-39931.67	-2.84056	-30276.53	-39931.67	-2.84056	8.583	0.00
0.00	-30276.65	-39931.70	-2.84000	-30276.65	-39931.70	-2.84000	7.769	0.00
0.00	-30276.77	-39931.74	-2.83926	-30276.77	-39931.74	-2.83926	8.183	0.00
0.00	-30276.92	-39931.79	-2.83851	-30276.92	-39931.79	-2.83851	8.303	0.00
0.00	-30277.07	-39931.84	-2.83801	-30277.07	-39931.84	-2.83801	8.073	0.00
0.00	-30277.21	-39931.88	-2.83786	-30277.21	-39931.88	-2.83786	7.721	0.00
0.00	-30277.34	-39931.93	-2.83763	-30277.34	-39931.93	-2.83763	7.883	0.00
0.00	-30277.46	-39931.96	-2.83740	-30277.46	-39931.96	-2.83740	7.802	0.00
0.00	-30277.64	-39932.02	-2.83691	-30277.64	-39932.02	-2.83691	8.750	0.00
0.00	-30277.70	-39932.05	-2.83654	-30277.70	-39932.05	-2.83654	7.195	0.00
0.00	-30277.82	-39932.08	-2.83591	-30277.82	-39932.08	-2.83591	9.349	0.00
0.00	-30277.95	-39932.13	-2.83546	-30277.95	-39932.13	-2.83546	7.939	0.00
0.00	-30278.08	-39932.17	-2.83541	-30278.08	-39932.17	-2.83541	9.742	0.00
0.00	-30278.21	-39932.21	-2.83583	-30278.21	-39932.21	-2.83583	8.663	0.00
0.00	-30278.34	-39932.25	-2.83649	-30278.34	-39932.25	-2.83649	9.616	0.00
0.00	-30278.47	-39932.30	-2.83703	-30278.47	-39932.30	-2.83703	9.222	0.00
0.00	-30278.60	-39932.34	-2.83738	-30278.60	-39932.34	-2.83738	10.256	0.00
0.00	-30278.72	-39932.38	-2.83767	-30278.72	-39932.38	-2.83767	8.862	0.00
0.00	-30278.85	-39932.42	-2.83810	-30278.85	-39932.42	-2.83810	9.595	0.00
0.00	-30278.98	-39932.46	-2.83883	-30278.98	-39932.46	-2.83883	9.366	0.00
0.00	-30279.10	-39932.50	-2.83980	-30279.10	-39932.50	-2.83980	8.982	0.00
0.00	-30279.23	-39932.54	-2.84083	-30279.23	-39932.54	-2.84083	9.462	0.00
0.00	-30279.35	-39932.57	-2.84205	-30279.35	-39932.57	-2.84205	13.440	0.00
0.00	-30279.50	-39932.62	-2.84376	-30279.50	-39932.62	-2.84376	12.582	0.00
0.00	-30279.64	-39932.67	-2.84579	-30279.64	-39932.67	-2.84579	11.679	0.00
0.00	-30279.77	-39932.71	-2.84757	-30279.77	-39932.71	-2.84757	9.170	0.00
0.00	-30279.88	-39932.74	-2.84871	-30279.88	-39932.74	-2.84871	10.502	0.00
0.00	-30280.00	-39932.78	-2.84917	-30280.00	-39932.78	-2.84917	9.380	0.00
0.00	-30280.13	-39932.81	-2.84968	-30280.13	-39932.81	-2.84968	10.898	0.00
0.00	-30280.25	-39932.85	-2.85078	-30280.25	-39932.85	-2.85078	9.455	0.00
0.00	-30280.37	-39932.89	-2.85284	-30280.37	-39932.89	-2.85284	11.109	0.00
0.00	-30280.56	-39932.95	-2.85624	-30280.56	-39932.95	-2.85624	9.773	0.00
0.00	-30280.62	-39932.96	-2.85828	-30280.62	-39932.96	-2.85828	11.161	0.00
0.00	-30280.74	-39933.00	-2.86053	-30280.74	-39933.00	-2.86053	9.729	0.00
0.00	-30280.86	-39933.03	-2.86226	-30280.86	-39933.03	-2.86226	11.139	0.00
0.00	-30280.98	-39933.07	-2.86390	-30280.98	-39933.07	-2.86390	9.914	0.00
0.00	-30281.11	-39933.10	-2.86586	-30281.11	-39933.10	-2.86586	11.830	0.00
0.00	-30281.23	-39933.14	-2.86838	-30281.23	-39933.14	-2.86838	10.696	0.00
0.00	-30281.38	-39933.18	-2.87150	-30281.38	-39933.18	-2.87150	11.505	0.00
0.00	-30281.54	-39933.22	-2.87494	-30281.54	-39933.22	-2.87494	10.640	0.00
0.00	-30281.68	-39933.26	-2.87851	-30281.68	-39933.26	-2.87851	11.802	0.00
0.00	-30281.80	-39933.29	-2.88210	-30281.80	-39933.29	-2.88210	10.853	0.00
0.00	-30281.91	-39933.32	-2.88569	-30281.91	-39933.32	-2.88569	11.686	0.00
0.00	-30282.04	-39933.35	-2.88939	-30282.04	-39933.35	-2.88939	10.671	0.00
0.00	-30282.18	-39933.39	-2.89327	-30282.18	-39933.39	-2.89327	12.013	0.00
0.00	-30282.32	-39933.42	-2.89751	-30282.32	-39933.42	-2.89751	11.549	0.00
0.00	-30282.45	-39933.46	-2.90204	-30282.45	-39933.46	-2.90204	11.983	0.00
0.00	-30282.55	-39933.48	-2.90683	-30282.55	-39933.48	-2.90683	11.227	0.00
0.00	-30282.66	-39933.50	-2.91180	-30282.66	-39933.50	-2.91180	12.854	0.00
0.00	-30282.76	-39933.53	-2.91689	-30282.76	-39933.53	-2.91689	11.796	0.00
0.00	-30282.90	-39933.56	-2.92202	-30282.90	-39933.56	-2.92202	11.769	0.00
0.00	-30283.02	-39933.59	-2.92715	-30283.02	-39933.59	-2.92715	11.835	0.00
0.00	-30283.17	-39933.62	-2.93257	-30283.17	-39933.62	-2.93257	12.158	0.00
0.00	-30283.30	-39933.65	-2.93812	-30283.30	-39933.65	-2.93812	12.043	0.00
0.00	-30283.41	-39933.67	-2.94389	-30283.41	-39933.67	-2.94389	16.171	0.00
0.00	-30283.59	-39933.71	-2.95083	-30283.59	-39933.71	-2.95083	11.653	0.00
0.00	-30283.65	-39933.72	-2.95502	-30283.65	-39933.72	-2.95502	12.235	0.00
0.00	-30283.76	-39933.74	-2.96076	-30283.76	-39933.74	-2.96076	11.564	0.00
0.00	-30283.86	-39933.76	-2.96658	-30283.86	-39933.76	-2.96658	13.869	0.00
0.00	-30283.98	-39933.78	-2.97296	-30283.98	-39933.78	-2.97296	12.346	0.00
0.00	-30284.08	-39933.80	-2.97951	-30284.08	-39933.80	-2.97951	13.384	0.00
0.00	-30284.19	-39933.82	-2.98644	-30284.19	-39933.82	-2.98644	12.057	0.00
0.00	-30284.34	-39933.85	-2.99327	-30284.34	-39933.85	-2.99327	13.080	0.00
0.00	-30284.49	-39933.87	-3.00030	-30284.49	-39933.87	-3.00030	13.408	0.00
0.00	-30284.62	-39933.89	-3.00751	-30284.62	-39933.89	-3.00751	12.974	0.00
0.00	-30284.73	-39933.91	-3.01461	-30284.73	-39933.91	-3.01461	12.310	0.00
0.00	-30284.87	-39933.93	-3.02179	-30284.87	-39933.93	-3.02179	14.610	0.00
0.00	-30285.00	-39933.95	-3.02889	-30285.00	-39933.95	-3.02889	13.108	0.00
0.00	-30285.12	-39933.96	-3.03577	-30285.12	-39933.96	-3.03577	14.263	0.00
0.00	-30285.26	-39933.98	-3.04381	-30285.26	-39933.98	-3.04381	12.377	0.00
0.00	-30285.39	-39934.00	-3.05142	-30285.39	-39934.00	-3.05142	14.971	0.00
0.00	-30285.48	-39934.01	-3.05919	-30285.48	-39934.01	-3.05919	12.946	0.00
0.00	-30285.58	-39934.02	-3.06675	-30285.58	-39934.02	-3.06675	14.548	0.00
0.00	-30285.70	-39934.03	-3.07443	-30285.70	-39934.03	-3.07443	13.333	0.00
0.00	-30285.83	-39934.04	-3.08264	-30285.83	-39934.04	-3.08264	15.043	0.00
0.00	-30285.93	-39934.05	-3.09083	-30285.93	-39934.05	-3.09083	13.378	0.00
0.00	-30286.06	-39934.06	-3.09933	-30286.06	-39934.06	-3.09933	14.215	0.00
0.00	-30286.25	-39934.07	-3.11054	-30286.25	-39934.07	-3.11054	13.379	0.00
0.00	-30286.29	-39934.07	-3.11712	-30286.29	-39934.07	-3.11712	15.406	0.00
0.00	-30286.38	-39934.08	-3.12619	-30286.38	-39934.08	-3.12619	13.376	0.00
0.00	-30286.49	-39934.08	-3.13578	-30286.49	-39934.08	-3.13578	15.560	0.00
0.00	-30286.59	-39934.08	3.13750	-30286.59	-39934.08	3.13750	14.381	0.00
0.00	-30286.70	-39934.08	3.12761	-30286.70	-39934.08	3.12761	15.750	0.00
0.00	-30286.84	-39934.08	3.11740	-30286.84	-39934.08	3.11740	14.070	0.00
0.00	-30286.95	-39934.08	3.10773	-30286.95	-39934.08	3.10773	15.436	0.00
0.00	-30287.13	-39934.08	3.09651	-30287.13	-39934.08	3.09651	14.064	0.00
0.00	-30287.25	-39934.08	3.08601	-30287.25	-39934.08	3.08601	15.889	0.00
0.00	-30287.37	-39934.07	3.07531	-30287.37	-39934.07	3.07531	14.492	0.00
0.00	-30287.49	-39934.07	3.06443	-30287.49	-39934.07	3.06443	15.841	0.00
0.00	-30287.57	-39934.06	3.05339	-30287.57	-39934.06	3.05339	14.980	0.00
0.00	-30287.69	-39934.06	3.04204	-30287.69	-39934.06	3.04204	15.455	0.00
0.00	-30287.81	-39934.05	3.03061	-30287.81	-39934.05	3.03061	15.482	0.00
0.00	-30287.93	-39934.04	3.01917	-30287.93	-39934.04	3.01917	16.012	0.00
0.00	-30288.05	-39934.02	3.00756	-30288.05	-39934.02	3.00756	14.869	0.00
0.00	-30288.17	-39934.01	2.99551	-30288.17	-39934.01	2.99551	16.837	0.00
0.00	-30288.24	-39934.00	2.98377	-30288.24	-39934.00	2.98377	15.643	0.00
0.00	-30288.32	-39933.99	2.97203	-30288.32	-39933.99	2.97203	16.433	0.00
0.00	-30288.41	-39933.97	2.96002	-30288.41	-39933.97	2.96002	16.331	0.00
0.00	-30288.51	-39933.96	2.94789	-30288.51	-39933.96	2.94789	16.812	0.00
0.00	-30288.72	-39933.92	2.92944	-30288.72	-39933.92	2.92944	15.584	0.00
0.00	-30288.74	-39933.91	2.92372	-30288.74	-39933.91	2.92372	16.797	0.00
0.00	-30288.88	-39933.88	2.90760	-30288.88	-39933.88	2.90760	15.627	0.00
0.00	-30288.95	-39933.87	2.89925	-30288.95	-39933.87	2.89925	16.527	0.00
0.00	-30289.08	-39933.84	2.88684	-30289.08	-39933.84	2.88684	16.074	0.00
0.00	-30289.20	-39933.81	2.87459	-30289.20	-39933.81	2.87459	16.118	0.00
0.00	-30289.33	-39933.77	2.86243	-30289.33	-39933.77	2.86243	16.601	0.00
0.00	-30289.45	-39933.74	2.85028	-30289.45	-39933.74	2.85028	16.758	0.00
0.00	-30289.55	-39933.71	2.83822	-30289.55	-39933.71	2.83822	16.307	0.00
0.00	-30289.64	-39933.68	2.82599	-30289.64	-39933.68	2.82599	17.634	0.00
0.00	-30289.73	-39933.65	2.81370	-30289.73	-39933.65	2.81370	16.659	0.00
0.00	-30289.83	-39933.62	2.80137	-30289.83	-39933.62	2.80137	17.359	0.00
0.00	-30289.93	-39933.59	2.78902	-30289.93	-39933.59	2.78902	16.472	0.00
0.00	-30290.03	-39933.55	2.77658	-30290.03	-39933.55	2.77658	17.809	0.00
0.00	-30290.13	-39933.51	2.76405	-30290.13	-39933.51	2.76405	17.468	0.00
0.00	-30290.23	-39933.47	2.75122	-30290.23	-39933.47	2.75122	16.918	0.00
0.00	-30290.34	-39933.43	2.73823	-30290.34	-39933.43	2.73823	16.971	0.00
0.00	-30290.43	-39933.39	2.72520	-30290.43	-39933.39	2.72520	18.271	0.00
0.00	-30290.52	-39933.35	2.71204	-30290.52	-39933.35	2.71204	17.779	0.00
0.00	-30290.61	-39933.31	2.69879	-30290.61	-39933.31	2.69879	17.973	0.00
0.00	-30290.71	-39933.26	2.68542	-30290.71	-39933.26	2.68542	17.373	0.00
0.00	-30290.81	-39933.21	2.67171	-30290.81	-39933.21	2.67171	18.855	0.00
0.00	-30290.96	-39933.14	2.65427	-30290.96	-39933.14	2.65427	16.580	0.00
0.00	-30291.03	-39933.10	2.64385	-30291.03	-39933.10	2.64385	18.204	0.00
0.00	-30291.14	-39933.04	2.62637	-30291.14	-39933.04	2.62637	18.579	0.00
0.00	-30291.19	-39933.01	2.61597	-30291.19	-39933.01	2.61597	18.781	0.00
0.00	-30291.28	-39932.96	2.60207	-30291.28	-39932.96	2.60207	18.317	0.00
0.00	-30291.36	-39932.91	2.58767	-30291.36	-39932.91	2.58767	18.884	0.00
0.00	-30291.42	-39932.87	2.57496	-30291.42	-39932.87	2.57496	19.115	0.00
0.00	-30291.53	-39932.81	2.56017	-30291.53	-39932.81	2.56017	17.837	0.00
0.00	-30291.61	-39932.75	2.54639	-30291.61	-39932.75	2.54639	19.216	0.00
0.00	-30291.69	-39932.70	2.53247	-30291.69	-39932.70	2.53247	18.478	0.00
0.00	-30291.81	-39932.61	2.51560	-30291.81	-39932.61	2.51560	17.826	0.00
0.00	-30291.86	-39932.57	2.50393	-30291.86	-39932.57	2.50393	19.728	0.00
0.00	-30291.95	-39932.51	2.48981	-30291.95	-39932.51	2.48981	19.112	0.00
0.00	-30292.03	-39932.45	2.47544	-30292.03	-39932.45	2.47544	19.093	0.00
0.00	-30292.11	-39932.39	2.46105	-30292.11	-39932.39	2.46105	19.647	0.00
0.00	-30292.19	-39932.32	2.44650	-30292.19	-39932.32	2.44650	20.492	0.00
0.00	-30292.26	-39932.26	2.43186	-30292.26	-39932.26	2.43186	18.681	0.00
0.00	-30292.34	-39932.19	2.41698	-30292.34	-39932.19	2.41698	19.970	0.00
0.00	-30292.42	-39932.12	2.40199	-30292.42	-39932.12	2.40199	19.084	0.00
0.00	-30292.50	-39932.05	2.38698	-30292.50	-39932.05	2.38698	20.261	0.00
0.00	-30292.58	-39931.97	2.37217	-30292.58	-39931.97	2.37217	19.882	0.00
0.00	-30292.67	-39931.88	2.35742	-30292.67	-39931.88	2.35742	20.977	0.00
0.00	-30292.76	-39931.79	2.34271	-30292.76	-39931.79	2.34271	20.685	0.00
0.00	-30292.87	-39931.68	2.32826	-30292.87	-39931.68	2.32826	20.062	0.00
0.00	-30292.96	-39931.59	2.31382	-30292.96	-39931.59	2.31382	19.505	0.00
0.00	-30293.04	-39931.50	2.29946	-30293.04	-39931.50	2.29946	20.597	0.00
0.00	-30293.11	-39931.42	2.28512	-30293.11	-39931.42	2.28512	20.026	0.00
0.00	-30293.17	-39931.34	2.27092	-30293.17	-39931.34	2.27092	20.280	0.00
0.00	-30293.23	-39931.27	2.25658	-30293.23	-39931.27	2.25658	19.653	0.00
0.00	-30293.30	-39931.18	2.24246	-30293.30	-39931.18	2.24246	20.822	0.00
0.00	-30293.37	-39931.09	2.22851	-30293.37	-39931.09	2.22851	20.537	0.00
0.00	-30293.45	-39930.99	2.21455	-30293.45	-39930.99	2.21455	20.864	0.00
0.00	-30293.52	-39930.90	2.20084	-30293.52	-39930.90	2.20084	20.896	0.00
0.00	-30293.59	-39930.79	2.18723	-30293.59	-39930.79	2.18723	21.357	0.00
0.00	-30293.67	-39930.69	2.17394	-30293.67	-39930.69	2.17394	20.664	0.00
0.00	-30293.74	-39930.58	2.16077	-30293.74	-39930.58	2.16077	21.139	0.00
0.00	-30293.81	-39930.48	2.14784	-30293.81	-39930.48	2.14784	20.894	0.00
0.00	-30293.88	-39930.37	2.13503	-30293.88	-39930.37	2.13503	21.056	0.00
0.00	-30293.95	-39930.25	2.12248	-30293.95	-39930.25	2.12248	20.558	0.00
0.00	-30294.01	-39930.15	2.11012	-30294.01	-39930.15	2.11012	22.269	0.00
0.00	-30294.09	-39930.02	2.09800	-30294.09	-39930.02	2.09800	22.049	0.00
0.00	-30294.17	-39929.88	2.08609	-30294.17	-39929.88	2.08609	21.442	0.00
0.00	-30294.25	-39929.75	2.07465	-30294.25	-39929.75	2.07465	21.362	0.00
0.00	-30294.31	-39929.64	2.06374	-30294.31	-39929.64	2.06374	22.728	0.00
0.00	-30294.36	-39929.53	2.05325	-30294.36	-39929.53	2.05325	21.115	0.00
0.00	-30294.43	-39929.39	2.04312	-30294.43	-39929.39	2.04312	21.891	0.00
0.00	-30294.50	-39929.25	2.03116	-30294.50	-39929.25	2.03116	21.451	0.00
0.00	-30294.54	-39929.18	2.02433	-30294.54	-39929.18	2.02433	22.984	0.00
0.00	-30294.60	-39929.05	2.01555	-30294.60	-39929.05	2.01555	21.287	0.00
0.00	-30294.66	-39928.93	2.00723	-30294.66	-39928.93	2.00723	23.220	0.00
0.00	-30294.71	-39928.80	1.99949	-30294.71	-39928.80	1.99949	22.374	0.00
0.00	-30294.77	-39928.68	1.99247	-30294.77	-39928.68	1.99247	23.536	0.00
0.00	-30294.84	-39928.51	1.98601	-30294.84	-39928.51	1.98601	21.215	0.00
0.00	-30294.90	-39928.37	1.98023	-30294.90	-39928.37	1.98023	22.812	0.00
0.00	-30294.97	-39928.22	1.97461	-30294.97	-39928.22	1.97461	23.197	0.00
0.00	-30295.03	-39928.08	1.96921	-30295.03	-39928.08	1.96921	22.816	0.00
0.00	-30295.07	-39927.96	1.96378	-30295.07	-39927.96	1.96378	23.303	0.00
0.00	-30295.11	-39927.86	1.95814	-30295.11	-39927.86	1.95814	23.919	0.00
0.00	-30295.16	-39927.73	1.95289	-30295.16	-39927.73	1.95289	22.672	0.00
0.00	-30295.20	-39927.64	1.94743	-30295.20	-39927.64	1.94743	24.030	0.00
0.00	-30295.25	-39927.49	1.94262	-30295.25	-39927.49	1.94262	22.990	0.00
0.00	-30295.31	-39927.34	1.93818	-30295.31	-39927.34	1.93818	23.695	0.00
0.00	-30295.37	-39927.19	1.93442	-30295.37	-39927.19	1.93442	23.159	0.00
0.00	-30295.41	-39927.07	1.93057	-30295.41	-39927.07	1.93057	23.718	0.00
0.00	-30295.45	-39926.95	1.92694	-30295.45	-39926.95	1.92694	22.925	0.00
0.00	-30295.50	-39926.83	1.92332	-30295.50	-39926.83	1.92332	24.589	0.00
0.00	-30295.54	-39926.70	1.91975	-30295.54	-39926.70	1.91975	24.271	0.00
0.00	-30295.58	-39926.57	1.91632	-30295.58	-39926.57	1.91632	25.069	0.00
0.00	-30295.66	-39926.35	1.91216	-30295.66	-39926.35	1.91216	23.042	0.00
0.00	-30295.69	-39926.25	1.90935	-30295.69	-39926.25	1.90935	24.395	0.00
0.00	-30295.72	-39926.17	1.90738	-30295.72	-39926.17	1.90738	26.063	0.00
0.00	-30295.76	-39926.04	1.90510	-30295.76	-39926.04	1.90510	25.042	0.00
0.00	-30295.81	-39925.90	1.90293	-30295.81	-39925.90	1.90293	24.454	0.00
0.00	-30295.85	-39925.77	1.90118	-30295.85	-39925.77	1.90118	24.570	0.00
0.00	-30295.89	-39925.63	1.89954	-30295.89	-39925.63	1.89954	23.492	0.00
0.00	-30295.94	-39925.50	1.89822	-30295.94	-39925.50	1.89822	24.653	0.00
0.00	-30295.98	-39925.36	1.89719	-30295.98	-39925.36	1.89719	24.369	0.00
0.00	-30296.02	-39925.23	1.89637	-30296.02	-39925.23	1.89637	25.644	0.00
0.00	-30296.07	-39925.08	1.89576	-30296.07	-39925.08	1.89576	24.502	0.00
0.00	-30296.11	-39924.95	1.89505	-30296.11	-39924.95	1.89505	25.022	0.00
0.00	-30296.16	-39924.77	1.89430	-30296.16	-39924.77	1.89430	26.044	0.00
0.00	-30296.22	-39924.60	1.89353	-30296.22	-39924.60	1.89353	25.626	0.00
0.00	-30296.27	-39924.44	1.89290	-30296.27	-39924.44	1.89290	24.935	0.00
0.00	-30296.31	-39924.29	1.89241	-30296.31	-39924.29	1.89241	25.628	0.00
0.00	-30296.34	-39924.18	1.89194	-30296.34	-39924.18	1.89194	26.046	0.00
0.00	-30296.38	-39924.06	1.89163	-30296.38	-39924.06	1.89163	25.965	0.00
0.00	-30296.42	-39923.94	1.89102	-30296.42	-39923.94	1.89102	25.795	0.00
0.00	-30296.46	-39923.82	1.89039	-30296.46	-39923.82	1.89039	26.241	0.00
0.00	-30296.50	-39923.68	1.88978	-30296.50	-39923.68	1.88978	25.793	0.00
0.00	-30296.54	-39923.55	1.88921	-30296.54	-39923.55	1.88921	26.331	0.00
0.00	-30296.58	-39923.41	1.88863	-30296.58	-39923.41	1.88863	24.263	0.00
0.00	-30296.64	-39923.20	1.88786	-30296.64	-39923.20	1.88786	25.615	0.00
0.00	-30296.67	-39923.12	1.88735	-30296.67	-39923.12	1.88735	25.850	0.00
0.00	-30296.71	-39922.97	1.88682	-30296.71	-39922.97	1.88682	26.891	0.00
0.00	-30296.76	-39922.82	1.88624	-30296.76	-39922.82	1.88624	26.972	0.00
0.00	-30296.81	-39922.65	1.88583	-30296.81	-39922.65	1.88583	26.950	0.00
0.00	-30296.87	-39922.48	1.88519	-30296.87	-39922.48	1.88519	25.511	0.00
0.00	-30296.91	-39922.32	1.88462	-30296.91	-39922.32	1.88462	27.200	0.00
0.00	-30296.95	-39922.19	1.88409	-30296.95	-39922.19	1.88409	25.378	0.00
0.00	-30296.99	-39922.07	1.88364	-30296.99	-39922.07	1.88364	27.561	0.00
0.00	-30297.03	-39921.93	1.88325	-30297.03	-39921.93	1.88325	26.675	0.00
0.00	-30297.08	-39921.76	1.88257	-30297.08	-39921.76	1.88257	27.623	0.00
0.00	-30297.13	-39921.61	1.88175	-30297.13	-39921.61	1.88175	26.551	0.00
0.00	-30297.17	-39921.48	1.88088	-30297.17	-39921.48	1.88088	28.345	0.00
0.00	-30297.21	-39921.34	1.88008	-30297.21	-39921.34	1.88008	26.327	0.00
0.00	-30297.25	-39921.21	1.87940	-30297.25	-39921.21	1.87940	27.618	0.00
0.00	-30297.29	-39921.06	1.87884	-30297.29	-39921.06	1.87884	27.257	0.00
0.00	-30297.34	-39920.91	1.87847	-30297.34	-39920.91	1.87847	27.803	0.00
0.00	-30297.38	-39920.77	1.87796	-30297.38	-39920.77	1.87796	26.881	0.00
0.00	-30297.43	-39920.62	1.87749	-30297.43	-39920.62	1.87749	27.514	0.00
0.00	-30297.47	-39920.48	1.87679	-30297.47	-39920.48	1.87679	26.894	0.00
0.00	-30297.51	-39920.33	1.87624	-30297.51	-39920.33	1.87624	28.139	0.00
0.00	-30297.56	-39920.18	1.87616	-30297.56	-39920.18	1.87616	28.058	0.00
0.00	-30297.60	-39920.04	1.87602	-30297.60	-39920.04	1.87602	27.372	0.00
0.00	-30297.66	-39919.86	1.87563	-30297.66	-39919.86	1.87563	27.858	0.00
0.00	-30297.70	-39919.72	1.87483	-30297.70	-39919.72	1.87483	28.258	0.00
0.00	-30297.75	-39919.57	1.87373	-30297.75	-39919.57	1.87373	28.334	0.00
0.00	-30297.79	-39919.42	1.87264	-30297.79	-39919.42	1.87264	28.943	0.00
0.00	-30297.84	-39919.27	1.87179	-30297.84	-39919.27	1.87179	27.485	0.00
0.00	-30297.88	-39919.13	1.87120	-30297.88	-39919.13	1.87120	28.640	0.00
0.00	-30297.93	-39918.95	1.87064	-30297.93	-39918.95	1.87064	27.680	0.00
0.00	-30297.98	-39918.81	1.86997	-30297.98	-39918.81	1.86997	28.844	0.00
0.00	-30298.04	-39918.61	1.86896	-30298.04	-39918.61	1.86896	29.287	0.00
0.00	-30298.09	-39918.46	1.86786	-30298.09	-39918.46	1.86786	29.108	0.00
0.00	-30298.13	-39918.31	1.86669	-30298.13	-39918.31	1.86669	28.690	0.00
0.00	-30298.18	-39918.14	1.86556	-30298.18	-39918.14	1.86556	29.205	0.00
0.00	-30298.24	-39917.96	1.86451	-30298.24	-39917.96	1.86451	29.862	0.00
0.00	-30298.29	-39917.79	1.86349	-30298.29	-39917.79	1.86349	29.211	0.00
0.00	-30298.33	-39917.64	1.86247	-30298.33	-39917.64	1.86247	27.506	0.00
0.00	-30298.38	-39917.47	1.86138	-30298.38	-39917.47	1.86138	28.385	0.00
0.00	-30298.43	-39917.31	1.86021	-30298.43	-39917.31	1.86021	29.089	0.00
0.00	-30298.49	-39917.14	1.85891	-30298.49	-39917.14	1.85891	30.657	0.00
0.00	-30298.54	-39916.97	1.85760	-30298.54	-39916.97	1.85760	29.050	0.00
0.00	-30298.58	-39916.81	1.85653	-30298.58	-39916.81	1.85653	29.726	0.00
0.00	-30298.63	-39916.67	1.85566	-30298.63	-39916.67	1.85566	29.724	0.00
0.00	-30298.67	-39916.52	1.85481	-30298.67	-39916.52	1.85481	29.203	0.00
0.00	-30298.72	-39916.37	1.85387	-30298.72	-39916.37	1.85387	29.768	0.00
0.00	-30298.77	-39916.18	1.85281	-30298.77	-39916.18	1.85281	30.546	0.00
0.00	-30298.82	-39916.03	1.85165	-30298.82	-39916.03	1.85165	29.876	0.00
0.00	-30298.87	-39915.86	1.85042	-30298.87	-39915.86	1.85042	30.792	0.00
0.00	-30298.92	-39915.66	1.84918	-30298.92	-39915.66	1.84918	29.538	0.00
0.00	-30298.98	-39915.47	1.84793	-30298.98	-39915.47	1.84793	30.947	0.00
0.00	-30299.04	-39915.28	1.84673	-30299.04	-39915.28	1.84673	29.491	0.00
0.00	-30299.09	-39915.09	1.84559	-30299.09	-39915.09	1.84559	31.117	0.00
0.00	-30299.14	-39914.91	1.84451	-30299.14	-39914.91	1.84451	30.255	0.00
0.00	-30299.19	-39914.76	1.84332	-30299.19	-39914.76	1.84332	31.007	0.00
0.00	-30299.24	-39914.57	1.84213	-30299.24	-39914.57	1.84213	30.861	0.00
0.00	-30299.29	-39914.39	1.84096	-30299.29	-39914.39	1.84096	30.891	0.00
0.00	-30299.34	-39914.21	1.83973	-30299.34	-39914.21	1.83973	30.795	0.00
0.00	-30299.39	-39914.03	1.83851	-30299.39	-39914.03	1.83851	31.737	0.00
0.00	-30299.44	-39913.88	1.83734	-30299.44	-39913.88	1.83734	31.875	0.00
0.00	-30299.48	-39913.74	1.83626	-30299.48	-39913.74	1.83626	32.015	0.00
0.00	-30299.52	-39913.59	1.83509	-30299.52	-39913.59	1.83509	31.561	0.00
0.00	-30299.56	-39913.43	1.83380	-30299.56	-39913.43	1.83380	32.450	0.00
0.00	-30299.61	-39913.27	1.83247	-30299.61	-39913.27	1.83247	31.038	0.00
0.00	-30299.65	-39913.10	1.83126	-30299.65	-39913.10	1.83126	31.406	0.00
0.00	-30299.70	-39912.93	1.83028	-30299.70	-39912.93	1.83028	33.034	0.00
0.00	-30299.75	-39912.75	1.82929	-30299.75	-39912.75	1.82929	35.619	0.00
0.00	-30299.80	-39912.53	1.82818	-30299.80	-39912.53	1.82818	30.893	0.00
0.00	-30299.86	-39912.34	1.82696	-30299.86	-39912.34	1.82696	33.138	0.00
0.00	-30299.91	-39912.14	1.82564	-30299.91	-39912.14	1.82564	31.933	0.00
0.00	-30299.96	-39911.95	1.82434	-30299.96	-39911.95	1.82434	33.392	0.00
0.00	-30300.00	-39911.78	1.82311	-30300.00	-39911.78	1.82311	32.305	0.00
0.00	-30300.05	-39911.58	1.82181	-30300.05	-39911.58	1.82181	32.797	0.00
0.00	-30300.11	-39911.38	1.82060	-30300.11	-39911.38	1.82060	32.756	0.00
0.00	-30300.15	-39911.19	1.81944	-30300.15	-39911.19	1.81944	32.604	0.00
0.00	-30300.19	-39911.04	1.81826	-30300.19	-39911.04	1.81826	31.596	0.00
0.00	-30300.23	-39910.88	1.81698	-30300.23	-39910.88	1.81698	35.827	0.00
0.00	-30300.27	-39910.71	1.81571	-30300.27	-39910.71	1.81571	32.470	0.00
0.00	-30300.32	-39910.54	1.81441	-30300.32	-39910.54	1.81441	35.417	0.00
0.00	-30300.36	-39910.36	1.81326	-30300.36	-39910.36	1.81326	32.294	0.00
0.00	-30300.41	-39910.17	1.81210	-30300.41	-39910.17	1.81210	35.338	0.00
0.00	-30300.45	-39909.99	1.81091	-30300.45	-39909.99	1.81091	33.491	0.00
0.00	-30300.50	-39909.80	1.80967	-30300.50	-39909.80	1.80967	33.749	0.00
0.00	-30300.54	-39909.62	1.80846	-30300.54	-39909.62	1.80846	32.814	0.00
0.00	-30300.60	-39909.38	1.80732	-30300.60	-39909.38	1.80732	34.216	0.00
0.00	-30300.65	-39909.16	1.80620	-30300.65	-39909.16	1.80620	34.422	0.00
0.00	-30300.70	-39908.95	1.80508	-30300.70	-39908.95	1.80508	34.840	0.00
0.00	-30300.74	-39908.78	1.80399	-30300.74	-39908.78	1.80399	32.374	0.00
0.00	-30300.78	-39908.58	1.80272	-30300.78	-39908.58	1.80272	35.779	0.00
0.00	-30300.83	-39908.37	1.80170	-30300.83	-39908.37	1.80170	32.653	0.00
0.00	-30300.88	-39908.17	1.80085	-30300.88	-39908.17	1.80085	33.526	0.00
0.00	-30300.93	-39907.95	1.80020	-30300.93	-39907.95	1.80020	33.371	0.00
0.00	-30301.00	-39907.64	1.79952	-30301.00	-39907.64	1.79952	33.529	0.00
0.00	-30301.02	-39907.58	1.79912	-30301.02	-39907.58	1.79912	40.047	0.00
0.00	-30301.05	-39907.42	1.79861	-30301.05	-39907.42	1.79861	38.599	0.00
0.00	-30301.09	-39907.25	1.79818	-30301.09	-39907.25	1.79818	37.432	0.00
0.00	-30301.13	-39907.08	1.79786	-30301.13	-39907.08	1.79786	35.352	0.00
0.00	-30301.17	-39906.88	1.79758	-30301.17	-39906.88	1.79758	35.056	0.00
0.00	-30301.23	-39906.65	1.79734	-30301.23	-39906.65	1.79734	35.131	0.00
0.00	-30301.28	-39906.44	1.79720	-30301.28	-39906.44	1.79720	34.508	0.00
0.00	-30301.32	-39906.26	1.79710	-30301.32	-39906.26	1.79710	35.557	0.00
0.00	-30301.38	-39905.97	1.79687	-30301.38	-39905.97	1.79687	35.191	0.00
0.00	-30301.41	-39905.83	1.79660	-30301.41	-39905.83	1.79660	36.036	0.00
0.00	-30301.46	-39905.62	1.79623	-30301.46	-39905.62	1.79623	35.522	0.00
0.00	-30301.51	-39905.40	1.79588	-30301.51	-39905.40	1.79588	36.332	0.00
0.00	-30301.56	-39905.18	1.79559	-30301.56	-39905.18	1.79559	35.168	0.00
0.00	-30301.61	-39904.95	1.79532	-30301.61	-39904.95	1.79532	35.990	0.00
0.00	-30301.66	-39904.73	1.79517	-30301.66	-39904.73	1.79517	35.375	0.00
0.00	-30301.70	-39904.56	1.79490	-30301.70	-39904.56	1.79490	36.185	0.00
0.00	-30301.75	-39904.35	1.79461	-30301.75	-39904.35	1.79461	36.216	0.00
0.00	-30301.79	-39904.14	1.79437	-30301.79	-39904.14	1.79437	36.843	0.00
0.00	-30301.83	-39903.98	1.79410	-30301.83	-39903.98	1.79410	36.625	0.00
0.00	-30301.86	-39903.81	1.79376	-30301.86	-39903.81	1.79376	35.935	0.00
0.00	-30301.90	-39903.63	1.79343	-30301.90	-39903.63	1.79343	36.294	0.00
0.00	-30301.94	-39903.44	1.79319	-30301.94	-39903.44	1.79319	36.638	0.00
0.00	-30302.04	-39903.03	1.79294	-30302.04	-39903.03	1.79294	34.216	0.00
0.00	-30302.08	-39902.85	1.79270	-30302.08	-39902.85	1.79270	40.797	0.00
0.00	-30302.13	-39902.61	1.79234	-30302.13	-39902.61	1.79234	35.719	0.00
0.00	-30302.15	-39902.49	1.79215	-30302.15	-39902.49	1.79215	38.314	0.00
0.00	-30302.21	-39902.26	1.79181	-30302.21	-39902.26	1.79181	36.912	0.00
0.00	-30302.25	-39902.05	1.79139	-30302.25	-39902.05	1.79139	36.668	0.00
0.00	-30302.30	-39901.84	1.79100	-30302.30	-39901.84	1.79100	37.243	0.00
0.00	-30302.34	-39901.63	1.79068	-30302.34	-39901.63	1.79068	36.017	0.00
0.00	-30302.39	-39901.42	1.79060	-30302.39	-39901.42	1.79060	37.587	0.00
0.00	-30302.43	-39901.24	1.79029	-30302.43	-39901.24	1.79029	37.206	0.00
0.00	-30302.47	-39901.05	1.79000	-30302.47	-39901.05	1.79000	36.328	0.00
0.00	-30302.51	-39900.85	1.78972	-30302.51	-39900.85	1.78972	38.965	0.00
0.00	-30302.56	-39900.63	1.78942	-30302.56	-39900.63	1.78942	37.526	0.00
0.00	-30302.61	-39900.40	1.78888	-30302.61	-39900.40	1.78888	38.455	0.00
0.00	-30302.66	-39900.17	1.78830	-30302.66	-39900.17	1.78830	35.841	0.00
0.00	-30302.70	-39899.96	1.78781	-30302.70	-39899.96	1.78781	37.606	0.00
0.00	-30302.74	-39899.77	1.78755	-30302.74	-39899.77	1.78755	37.969	0.00
0.00	-30302.78	-39899.58	1.78746	-30302.78	-39899.58	1.78746	37.751	0.00
0.00	-30302.82	-39899.37	1.78743	-30302.82	-39899.37	1.78743	37.552	0.00
0.00	-30302.88	-39899.13	1.78743	-30302.88	-39899.13	1.78743	38.549	0.00
0.00	-30302.92	-39898.90	1.78750	-30302.92	-39898.90	1.78750	38.522	0.00
0.00	-30302.97	-39898.70	1.78764	-30302.97	-39898.70	1.78764	39.076	0.00
0.00	-30303.01	-39898.50	1.78787	-30303.01	-39898.50	1.78787	37.792	0.00
0.00	-30303.06	-39898.27	1.78800	-30303.06	-39898.27	1.78800	38.892	0.00
0.00	-30303.13	-39897.96	1.78823	-30303.13	-39897.96	1.78823	37.343	0.00
0.00	-30303.14	-39897.86	1.78846	-30303.14	-39897.86	1.78846	38.265	0.00
0.00	-30303.19	-39897.67	1.78902	-30303.19	-39897.67	1.78902	39.381	0.00
0.00	-30303.23	-39897.48	1.78974	-30303.23	-39897.48	1.78974	39.578	0.00
0.00	-30303.27	-39897.28	1.79048	-30303.27	-39897.28	1.79048	39.083	0.00
0.00	-30303.32	-39897.07	1.79118	-30303.32	-39897.07	1.79118	38.626	0.00
0.00	-30303.36	-39896.86	1.79182	-30303.36	-39896.86	1.79182	38.387	0.00
0.00	-30303.40	-39896.68	1.79224	-30303.40	-39896.68	1.79224	40.773	0.00
0.00	-30303.44	-39896.49	1.79249	-30303.44	-39896.49	1.79249	39.307	0.00
0.00	-30303.49	-39896.26	1.79276	-30303.49	-39896.26	1.79276	39.977	0.00
0.00	-30303.53	-39896.03	1.79288	-30303.53	-39896.03	1.79288	39.115	0.00
0.00	-30303.58	-39895.79	1.79320	-30303.58	-39895.79	1.79320	40.075	0.00
0.00	-30303.63	-39895.56	1.79358	-30303.63	-39895.56	1.79358	39.122	0.00
0.00	-30303.67	-39895.36	1.79403	-30303.67	-39895.36	1.79403	39.955	0.00
0.00	-30303.71	-39895.18	1.79450	-30303.71	-39895.18	1.79450	39.360	0.00
0.00	-30303.75	-39894.98	1.79495	-30303.75	-39894.98	1.79495	41.033	0.00
0.00	-30303.79	-39894.80	1.79546	-30303.79	-39894.80	1.79546	39.464	0.00
0.00	-30303.83	-39894.63	1.79606	-30303.83	-39894.63	1.79606	40.407	0.00
0.00	-30303.87	-39894.42	1.79674	-30303.87	-39894.42	1.79674	39.478	0.00
0.00	-30303.92	-39894.20	1.79745	-30303.92	-39894.20	1.79745	40.698	0.00
0.00	-30303.97	-39893.98	1.79822	-30303.97	-39893.98	1.79822	39.815	0.00
0.00	-30304.02	-39893.77	1.79907	-30304.02	-39893.77	1.79907	40.507	0.00
0.00	-30304.07	-39893.55	1.80001	-30304.07	-39893.55	1.80001	40.379	0.00
0.00	-30304.13	-39893.32	1.80154	-30304.13	-39893.32	1.80154	41.183	0.00
0.00	-30304.14	-39893.26	1.80259	-30304.14	-39893.26	1.80259	46.354	0.00
0.00	-30304.20	-39893.02	1.80384	-30304.20	-39893.02	1.80384	40.641	0.00
0.00	-30304.25	-39892.80	1.80502	-30304.25	-39892.80	1.80502	41.105	0.00
0.00	-30304.30	-39892.59	1.80633	-30304.30	-39892.59	1.80633	41.989	0.00
0.00	-30304.36	-39892.37	1.80775	-30304.36	-39892.37	1.80775	40.691	0.00
0.00	-30304.41	-39892.16	1.80917	-30304.41	-39892.16	1.80917	41.816	0.00
0.00	-30304.45	-39891.98	1.81065	-30304.45	-39891.98	1.81065	40.193	0.00
0.00	-30304.50	-39891.79	1.81220	-30304.50	-39891.79	1.81220	41.634	0.00
0.00	-30304.55	-39891.61	1.81392	-30304.55	-39891.61	1.81392	42.155	0.00
0.00	-30304.60	-39891.42	1.81572	-30304.60	-39891.42	1.81572	41.856	0.00
0.00	-30304.66	-39891.21	1.81761	-30304.66	-39891.21	1.81761	40.598	0.00
0.00	-30304.71	-39891.01	1.81951	-30304.71	-39891.01	1.81951	43.312	0.00
0.00	-30304.76	-39890.82	1.82174	-30304.76	-39890.82	1.82174	48.193	0.00
0.00	-30304.82	-39890.64	1.82397	-30304.82	-39890.64	1.82397	42.869	0.00
0.00	-30304.87	-39890.45	1.82615	-30304.87	-39890.45	1.82615	41.606	0.00
0.00	-30304.93	-39890.24	1.82828	-30304.93	-39890.24	1.82828	43.355	0.00
0.00	-30304.99	-39890.03	1.83040	-30304.99	-39890.03	1.83040	41.364	0.00
0.00	-30305.04	-39889.84	1.83230	-30305.04	-39889.84	1.83230	43.128	0.00
0.00	-30305.10	-39889.66	1.83420	-30305.10	-39889.66	1.83420	42.673	0.00
0.00	-30305.14	-39889.49	1.83625	-30305.14	-39889.49	1.83625	43.574	0.00
0.00	-30305.20	-39889.31	1.83811	-30305.20	-39889.31	1.83811	42.349	0.00
0.00	-30305.29	-39888.99	1.84056	-30305.29	-39888.99	1.84056	41.761	0.00
0.00	-30305.33	-39888.86	1.84226	-30305.33	-39888.86	1.84226	42.350	0.00
0.00	-30305.36	-39888.75	1.84394	-30305.36	-39888.75	1.84394	44.045	0.00
0.00	-30305.45	-39888.47	1.84567	-30305.45	-39888.47	1.84567	47.939	0.00
0.00	-30305.51	-39888.25	1.84735	-30305.51	-39888.25	1.84735	44.455	0.00
0.00	-30305.57	-39888.03	1.84879	-30305.57	-39888.03	1.84879	42.212	0.00
0.00	-30305.63	-39887.85	1.85004	-30305.63	-39887.85	1.85004	43.204	0.00
0.00	-30305.69	-39887.64	1.85126	-30305.69	-39887.64	1.85126	43.113	0.00
0.00	-30305.75	-39887.43	1.85239	-30305.75	-39887.43	1.85239	43.499	0.00
0.00	-30305.81	-39887.23	1.85342	-30305.81	-39887.23	1.85342	43.304	0.00
0.00	-30305.87	-39887.03	1.85430	-30305.87	-39887.03	1.85430	45.232	0.00
0.00	-30305.93	-39886.82	1.85520	-30305.93	-39886.82	1.85520	42.344	0.00
0.00	-30305.98	-39886.65	1.85623	-30305.98	-39886.65	1.85623	43.735	0.00
0.00	-30306.03	-39886.48	1.85731	-30306.03	-39886.48	1.85731	44.171	0.00
0.00	-30306.08	-39886.30	1.85837	-30306.08	-39886.30	1.85837	43.933	0.00
0.00	-30306.14	-39886.12	1.85940	-30306.14	-39886.12	1.85940	44.028	0.00
0.00	-30306.19	-39885.93	1.86039	-30306.19	-39885.93	1.86039	44.888	0.00
0.00	-30306.25	-39885.73	1.86128	-30306.25	-39885.73	1.86128	45.864	0.00
0.00	-30306.31	-39885.54	1.86201	-30306.31	-39885.54	1.86201	43.953	0.00
0.00	-30306.37	-39885.34	1.86260	-30306.37	-39885.34	1.86260	44.242	0.00
0.00	-30306.43	-39885.14	1.86308	-30306.43	-39885.14	1.86308	45.764	0.00
0.00	-30306.48	-39884.94	1.86346	-30306.48	-39884.94	1.86346	45.462	0.00
0.00	-30306.54	-39884.76	1.86389	-30306.54	-39884.76	1.86389	45.705	0.00
0.00	-30306.61	-39884.53	1.86447	-30306.61	-39884.53	1.86447	44.769	0.00
0.00	-30306.69	-39884.26	1.86518	-30306.69	-39884.26	1.86518	46.560	0.00
0.00	-30306.75	-39884.05	1.86595	-30306.75	-39884.05	1.86595	44.697	0.00
0.00	-30306.80	-39883.89	1.86667	-30306.80	-39883.89	1.86667	46.691	0.00
0.00	-30306.85	-39883.73	1.86731	-30306.85	-39883.73	1.86731	44.378	0.00
0.00	-30306.90	-39883.55	1.86787	-30306.90	-39883.55	1.86787	46.271	0.00
0.00	-30306.95	-39883.37	1.86833	-30306.95	-39883.37	1.86833	45.345	0.00
0.00	-30307.01	-39883.19	1.86878	-30307.01	-39883.19	1.86878	45.589	0.00
0.00	-30307.07	-39883.00	1.86926	-30307.07	-39883.00	1.86926	44.987	0.00
0.00	-30307.12	-39882.81	1.86978	-30307.12	-39882.81	1.86978	46.401	0.00
0.00	-30307.18	-39882.62	1.87032	-30307.18	-39882.62	1.87032	45.459	0.00
0.00	-30307.25	-39882.42	1.87091	-30307.25	-39882.42	1.87091	45.820	0.00
0.00	-30307.31	-39882.22	1.87164	-30307.31	-39882.22	1.87164	46.697	0.00
0.00	-30307.37	-39882.03	1.87240	-30307.37	-39882.03	1.87240	48.354	0.00
0.00	-30307.43	-39881.84	1.87301	-30307.43	-39881.84	1.87301	46.943	0.00
0.00	-30307.49	-39881.65	1.87333	-30307.49	-39881.65	1.87333	47.021	0.00
0.00	-30307.55	-39881.45	1.87350	-30307.55	-39881.45	1.87350	46.834	0.00
0.00	-30307.62	-39881.25	1.87368	-30307.62	-39881.25	1.87368	47.413	0.00
0.00	-30307.68	-39881.06	1.87396	-30307.68	-39881.06	1.87396	47.069	0.00
0.00	-30307.74	-39880.87	1.87433	-30307.74	-39880.87	1.87433	54.733	0.00
0.00	-30307.81	-39880.63	1.87480	-30307.81	-39880.63	1.87480	46.819	0.00
0.00	-30307.89	-39880.39	1.87528	-30307.89	-39880.39	1.87528	56.093	0.00
0.00	-30307.97	-39880.16	1.87579	-30307.97	-39880.16	1.87579	46.508	0.00
0.00	-30308.05	-39879.91	1.87613	-30308.05	-39879.91	1.87613	48.175	0.00
0.00	-30308.09	-39879.77	1.87628	-30308.09	-39879.77	1.87628	49.227	0.00
0.00	-30308.14	-39879.63	1.87640	-30308.14	-39879.63	1.87640	55.122	0.00
0.00	-30308.21	-39879.40	1.87666	-30308.21	-39879.40	1.87666	53.942	0.00
0.00	-30308.28	-39879.21	1.87696	-30308.28	-39879.21	1.87696	50.332	0.00
0.00	-30308.34	-39879.01	1.87753	-30308.34	-39879.01	1.87753	48.975	0.00
0.00	-30308.41	-39878.79	1.87818	-30308.41	-39878.79	1.87818	48.771	0.00
0.00	-30308.48	-39878.60	1.87875	-30308.48	-39878.60	1.87875	47.712	0.00
0.00	-30308.54	-39878.40	1.87916	-30308.54	-39878.40	1.87916	49.270	0.00
0.00	-30308.60	-39878.21	1.87943	-30308.60	-39878.21	1.87943	51.633	0.00
0.00	-30308.68	-39877.99	1.87960	-30308.68	-39877.99	1.87960	50.529	0.00
0.00	-30308.74	-39877.80	1.87973	-30308.74	-39877.80	1.87973	50.480	0.00
0.00	-30308.80	-39877.61	1.88001	-30308.80	-39877.61	1.88001	50.450	0.00
0.00	-30308.86	-39877.42	1.88035	-30308.86	-39877.42	1.88035	52.132	0.00
0.00	-30308.94	-39877.17	1.88072	-30308.94	-39877.17	1.88072	52.396	0.00
0.00	-30309.00	-39877.00	1.88101	-30309.00	-39877.00	1.88101	50.164	0.00
0.00	-30309.07	-39876.77	1.88125	-30309.07	-39876.77	1.88125	58.255	0.00
0.00	-30309.16	-39876.49	1.88148	-30309.16	-39876.49	1.88148	51.768	0.00
0.00	-30309.24	-39876.26	1.88153	-30309.24	-39876.26	1.88153	50.097	0.00
0.00	-30309.32	-39876.02	1.88144	-30309.32	-39876.02	1.88144	49.360	0.00
0.00	-30309.38	-39875.82	1.88131	-30309.38	-39875.82	1.88131	50.732	0.00
0.00	-30309.46	-39875.59	1.88120	-30309.46	-39875.59	1.88120	55.753	0.00
0.00	-30309.51	-39875.42	1.88102	-30309.51	-39875.42	1.88102	50.920	0.00
0.00	-30309.56	-39875.25	1.88091	-30309.56	-39875.25	1.88091	53.210	0.00
0.00	-30309.63	-39875.05	1.88084	-30309.63	-39875.05	1.88084	51.332	0.00
0.00	-30309.72	-39874.76	1.88079	-30309.72	-39874.76	1.88079	49.468	0.00
0.00	-30309.77	-39874.59	1.88068	-30309.77	-39874.59	1.88068	56.231	0.00
0.00	-30309.80	-39874.50	1.88052	-30309.80	-39874.50	1.88052	54.346	0.00
0.00	-30309.91	-39874.16	1.88044	-30309.91	-39874.16	1.88044	51.662	0.00
0.00	-30309.96	-39874.00	1.88034	-30309.96	-39874.00	1.88034	54.606	0.00
0.00	-30310.03	-39873.78	1.88027	-30310.03	-39873.78	1.88027	62.900	0.00
0.00	-30310.11	-39873.53	1.88026	-30310.11	-39873.53	1.88026	56.234	0.00
0.00	-30310.18	-39873.29	1.88041	-30310.18	-39873.29	1.88041	51.378	0.00
0.00	-30310.26	-39873.04	1.88045	-30310.26	-39873.04	1.88045	50.055	0.00
0.00	-30310.32	-39872.85	1.88045	-30310.32	-39872.85	1.88045	51.056	0.00
0.00	-30310.40	-39872.59	1.88037	-30310.40	-39872.59	1.88037	54.499	0.00
0.00	-30310.45	-39872.44	1.88026	-30310.45	-39872.44	1.88026	59.370	0.00
0.00	-30310.53	-39872.19	1.88005	-30310.53	-39872.19	1.88005	60.211	0.00
0.00	-30310.61	-39871.95	1.87988	-30310.61	-39871.95	1.87988	54.019	0.00
0.00	-30310.69	-39871.69	1.87985	-30310.69	-39871.69	1.87985	60.017	0.00
0.00	-30310.77	-39871.44	1.87988	-30310.77	-39871.44	1.87988	55.060	0.00
0.00	-30310.84	-39871.23	1.87993	-30310.84	-39871.23	1.87993	52.127	0.00
0.00	-30310.92	-39870.96	1.87993	-30310.92	-39870.96	1.87993	58.505	0.00
0.00	-30310.98	-39870.76	1.87981	-30310.98	-39870.76	1.87981	58.157	0.00
0.00	-30310.98	-39870.77	1.87967	-30310.98	-39870.77	1.87967	53.341	0.00
0.00	-30311.12	-39870.32	1.87969	-30311.12	-39870.32	1.87969	66.143	0.00
0.00	-30311.18	-39870.14	1.87994	-30311.18	-39870.14	1.87994	52.342	0.00
0.00	-30311.27	-39869.86	1.88016	-30311.27	-39869.86	1.88016	53.005	0.00
0.00	-30311.34	-39869.65	1.88028	-30311.34	-39869.65	1.88028	58.799	0.00
0.00	-30311.43	-39869.36	1.88041	-30311.43	-39869.36	1.88041	60.133	0.00
0.00	-30311.49	-39869.19	1.88057	-30311.49	-39869.19	1.88057	62.859	0.00
0.00	-30311.55	-39868.99	1.88080	-30311.55	-39868.99	1.88080	59.466	0.00
0.00	-30311.62	-39868.77	1.88098	-30311.62	-39868.77	1.88098	57.488	0.00
0.00	-30311.71	-39868.48	1.88118	-30311.71	-39868.48	1.88118	56.234	0.00
0.00	-30311.77	-39868.30	1.88153	-30311.77	-39868.30	1.88153	52.605	0.00
0.00	-30311.83	-39868.12	1.88193	-30311.83	-39868.12	1.88193	53.061	0.00
0.00	-30311.90	-39867.91	1.88234	-30311.90	-39867.91	1.88234	59.294	0.00
0.00	-30311.98	-39867.65	1.88284	-30311.98	-39867.65	1.88284	61.203	0.00
0.00	-30312.06	-39867.42	1.88329	-30312.06	-39867.42	1.88329	56.451	0.00
0.00	-30312.14	-39867.17	1.88372	-30312.14	-39867.17	1.88372	60.722	0.00
0.00	-30312.22	-39866.93	1.88417	-30312.22	-39866.93	1.88417	59.898	0.00
0.00	-30312.34	-39866.58	1.88464	-30312.34	-39866.58	1.88464	62.826	0.00
0.00	-30312.40	-39866.40	1.88509	-30312.40	-39866.40	1.88509	58.605	0.00
0.00	-30312.48	-39866.15	1.88540	-30312.48	-39866.15	1.88540	60.156	0.00
0.00	-30312.54	-39865.97	1.88574	-30312.54	-39865.97	1.88574	60.471	0.00
0.00	-30312.64	-39865.67	1.88610	-30312.64	-39865.67	1.88610	62.383	0.00
0.00	-30312.69	-39865.52	1.88640	-30312.69	-39865.52	1.88640	54.770	0.00
0.00	-30312.74	-39865.35	1.88655	-30312.74	-39865.35	1.88655	56.788	0.00
0.00	-30312.81	-39865.15	1.88656	-30312.81	-39865.15	1.88656	59.456	0.00
0.00	-30312.91	-39864.84	1.88649	-30312.91	-39864.84	1.88649	56.560	0.00
0.00	-30312.98	-39864.63	1.88635	-30312.98	-39864.63	1.88635	60.551	0.00
0.00	-30313.06	-39864.38	1.88624	-30313.06	-39864.38	1.88624	63.491	0.00
0.00	-30313.14	-39864.14	1.88620	-30313.14	-39864.14	1.88620	60.457	0.00
0.00	-30313.21	-39863.92	1.88635	-30313.21	-39863.92	1.88635	53.818	0.00
0.00	-30313.30	-39863.64	1.88661	-30313.30	-39863.64	1.88661	56.778	0.00
0.00	-30313.35	-39863.49	1.88702	-30313.35	-39863.49	1.88702	54.774	0.00
0.00	-30313.42	-39863.29	1.88732	-30313.42	-39863.29	1.88732	61.565	0.00
0.00	-30313.42	-39863.27	1.88755	-30313.42	-39863.27	1.88755	54.508	0.00
0.00	-30313.55	-39862.88	1.88776	-30313.55	-39862.88	1.88776	56.603	0.00
0.00	-30313.61	-39862.70	1.88803	-30313.61	-39862.70	1.88803	59.391	0.00
0.00	-30313.71	-39862.40	1.88813	-30313.71	-39862.40	1.88813	63.159	0.00
0.00	-30313.77	-39862.22	1.88814	-30313.77	-39862.22	1.88814	56.120	0.00
0.00	-30313.83	-39862.03	1.88814	-30313.83	-39862.03	1.88814	62.823	0.00
0.00	-30313.90	-39861.82	1.88813	-30313.90	-39861.82	1.88813	62.870	0.00
0.00	-30313.96	-39861.64	1.88819	-30313.96	-39861.64	1.88819	63.268	0.00
0.00	-30314.07	-39861.29	1.88833	-30314.07	-39861.29	1.88833	55.676	0.00
0.00	-30314.14	-39861.07	1.88839	-30314.14	-39861.07	1.88839	64.929	0.00
0.00	-30314.23	-39860.81	1.88827	-30314.23	-39860.81	1.88827	62.520	0.00
0.00	-30314.33	-39860.50	1.88815	-30314.33	-39860.50	1.88815	68.882	0.00
0.00	-30314.42	-39860.23	1.88817	-30314.42	-39860.23	1.88817	56.819	0.00
0.00	-30314.48	-39860.04	1.88826	-30314.48	-39860.04	1.88826	62.772	0.00
0.00	-30314.53	-39859.89	1.88833	-30314.53	-39859.89	1.88833	62.807	0.00
0.00	-30314.62	-39859.60	1.88830	-30314.62	-39859.60	1.88830	63.717	0.00
0.00	-30314.69	-39859.41	1.88832	-30314.69	-39859.41	1.88832	57.601	0.00
0.00	-30314.76	-39859.20	1.88843	-30314.76	-39859.20	1.88843	66.649	0.00
0.00	-30314.85	-39858.91	1.88868	-30314.85	-39858.91	1.88868	65.104	0.00
0.00	-30314.92	-39858.71	1.88894	-30314.92	-39858.71	1.88894	65.276	0.00
0.00	-30315.01	-39858.43	1.88917	-30315.01	-39858.43	1.88917	56.074	0.00
0.00	-30315.09	-39858.19	1.88927	-30315.09	-39858.19	1.88927	60.199	0.00
0.00	-30315.19	-39857.90	1.88931	-30315.19	-39857.90	1.88931	55.876	0.00
0.00	-30315.26	-39857.67	1.88936	-30315.26	-39857.67	1.88936	58.353	0.00
0.00	-30315.34	-39857.44	1.88949	-30315.34	-39857.44	1.88949	58.203	0.00
0.00	-30315.41	-39857.21	1.88973	-30315.41	-39857.21	1.88973	54.891	0.00
0.00	-30315.46	-39857.07	1.88998	-30315.46	-39857.07	1.88998	60.210	0.00
0.00	-30315.55	-39856.81	1.89017	-30315.55	-39856.81	1.89017	58.686	0.00
0.00	-30315.61	-39856.61	1.89029	-30315.61	-39856.61	1.89029	57.537	0.00
0.00	-30315.69	-39856.37	1.89035	-30315.69	-39856.37	1.89035	58.455	0.00
0.00	-30315.75	-39856.20	1.89039	-30315.75	-39856.20	1.89039	63.124	0.00
0.00	-30315.84	-39855.92	1.89037	-30315.84	-39855.92	1.89037	66.609	0.00
0.00	-30315.84	-39855.92	1.89037	-30315.84	-39855.92	1.89037	58.294	0.00
0.00	-30315.99	-39855.45	1.89049	-30315.99	-39855.45	1.89049	58.723	0.00
0.00	-30316.05	-39855.27	1.89030	-30316.05	-39855.27	1.89030	58.229	0.00
0.00	-30316.12	-39855.06	1.89033	-30316.12	-39855.06	1.89033	58.651	0.00
0.00	-30316.20	-39854.81	1.89035	-30316.20	-39854.81	1.89035	71.621	0.00
0.00	-30316.32	-39854.45	1.89012	-30316.32	-39854.45	1.89012	59.209	0.00
0.00	-30316.37	-39854.28	1.88958	-30316.37	-39854.28	1.88958	60.947	0.00
0.00	-30316.42	-39854.12	1.88898	-30316.42	-39854.12	1.88898	59.862	0.00
0.00	-30316.48	-39853.93	1.88859	-30316.48	-39853.93	1.88859	60.924	0.00
0.00	-30316.58	-39853.63	1.88833	-30316.58	-39853.63	1.88833	58.262	0.00
0.00	-30316.65	-39853.41	1.88813	-30316.65	-39853.41	1.88813	59.093	0.00
0.00	-30316.73	-39853.16	1.88780	-30316.73	-39853.16	1.88780	61.754	0.00
0.00	-30316.80	-39852.94	1.88726	-30316.80	-39852.94	1.88726	60.174	0.00
0.00	-30316.85	-39852.78	1.88694	-30316.85	-39852.78	1.88694	58.326	0.00
0.00	-30316.90	-39852.61	1.88674	-30316.90	-39852.61	1.88674	67.909	0.00
0.00	-30317.02	-39852.25	1.88674	-30317.02	-39852.25	1.88674	62.239	0.00
0.00	-30317.07	-39852.08	1.88672	-30317.07	-39852.08	1.88672	60.403	0.00
0.00	-30317.13	-39851.90	1.88666	-30317.13	-39851.90	1.88666	61.915	0.00
0.00	-30317.22	-39851.62	1.88649	-30317.22	-39851.62	1.88649	63.769	0.00
0.00	-30317.30	-39851.36	1.88634	-30317.30	-39851.36	1.88634	68.034	0.00
0.00	-30317.39	-39851.11	1.88628	-30317.39	-39851.11	1.88628	66.268	0.00
0.00	-30317.48	-39850.82	1.88622	-30317.48	-39850.82	1.88622	64.969	0.00
0.00	-30317.53	-39850.66	1.88605	-30317.53	-39850.66	1.88605	67.693	0.00
0.00	-30317.58	-39850.49	1.88589	-30317.58	-39850.49	1.88589	66.798	0.00
0.00	-30317.68	-39850.18	1.88579	-30317.68	-39850.18	1.88579	68.841	0.00
0.00	-30317.76	-39849.95	1.88555	-30317.76	-39849.95	1.88555	60.932	0.00
0.00	-30317.82	-39849.78	1.88518	-30317.82	-39849.78	1.88518	61.169	0.00
0.00	-30317.91	-39849.49	1.88477	-30317.91	-39849.49	1.88477	68.468	0.00
0.00	-30317.98	-39849.27	1.88445	-30317.98	-39849.27	1.88445	69.508	0.00
0.00	-30318.06	-39849.02	1.88458	-30318.06	-39849.02	1.88458	66.950	0.00
0.00	-30318.13	-39848.82	1.88504	-30318.13	-39848.82	1.88504	67.580	0.00
0.00	-30318.26	-39848.43	1.88551	-30318.26	-39848.43	1.88551	62.374	0.00
0.00	-30318.32	-39848.23	1.88593	-30318.32	-39848.23	1.88593	61.422	0.00
0.00	-30318.39	-39848.04	1.88613	-30318.39	-39848.04	1.88613	64.678	0.00
0.00	-30318.48	-39847.78	1.88669	-30318.48	-39847.78	1.88669	61.777	0.00
0.00	-30318.54	-39847.59	1.88739	-30318.54	-39847.59	1.88739	70.553	0.00
0.00	-30318.61	-39847.41	1.88799	-30318.61	-39847.41	1.88799	61.699	0.00
0.00	-30318.70	-39847.14	1.88867	-30318.70	-39847.14	1.88867	71.391	0.00
0.00	-30318.77	-39846.93	1.88936	-30318.77	-39846.93	1.88936	66.243	0.00
0.00	-30318.87	-39846.63	1.88980	-30318.87	-39846.63	1.88980	68.169	0.00
0.00	-30318.95	-39846.41	1.89008	-30318.95	-39846.41	1.89008	70.225	0.00
0.00	-30319.04	-39846.15	1.89023	-30319.04	-39846.15	1.89023	69.406	0.00
0.00	-30319.15	-39845.82	1.89038	-30319.15	-39845.82	1.89038	73.390	0.00
0.00	-30319.20	-39845.67	1.89055	-30319.20	-39845.67	1.89055	64.211	0.00
0.00	-30319.28	-39845.41	1.89068	-30319.28	-39845.41	1.89068	61.946	0.00
0.00	-30319.34	-39845.25	1.89070	-30319.34	-39845.25	1.89070	62.657	0.00
0.00	-30319.39	-39845.08	1.89063	-30319.39	-39845.08	1.89063	72.119	0.00
0.00	-30319.47	-39844.84	1.89040	-30319.47	-39844.84	1.89040	64.658	0.00
0.00	-30319.56	-39844.57	1.89013	-30319.56	-39844.57	1.89013	72.985	0.00
0.00	-30319.64	-39844.32	1.88973	-30319.64	-39844.32	1.88973	69.751	0.00
0.00	-30319.73	-39844.06	1.88942	-30319.73	-39844.06	1.88942	62.503	0.00
0.00	-30319.79	-39843.86	1.88918	-30319.79	-39843.86	1.88918	72.059	0.00
0.00	-30319.86	-39843.66	1.88879	-30319.86	-39843.66	1.88879	63.372	0.00
0.00	-30319.95	-39843.38	1.88826	-30319.95	-39843.38	1.88826	63.833	0.00
0.00	-30320.02	-39843.16	1.88753	-30320.02	-39843.16	1.88753	62.426	0.00
0.00	-30320.07	-39843.00	1.88685	-30320.07	-39843.00	1.88685	78.096	0.00
0.00	-30320.18	-39842.65	1.88596	-30320.18	-39842.65	1.88596	71.083	0.00
0.00	-30320.23	-39842.50	1.88524	-30320.23	-39842.50	1.88524	63.779	0.00
0.00	-30320.32	-39842.21	1.88450	-30320.32	-39842.21	1.88450	69.521	0.00
0.00	-30320.40	-39841.95	1.88358	-30320.40	-39841.95	1.88358	65.997	0.00
0.00	-30320.47	-39841.74	1.88273	-30320.47	-39841.74	1.88273	64.594	0.00
0.00	-30320.56	-39841.45	1.88187	-30320.56	-39841.45	1.88187	69.414	0.00
0.00	-30320.62	-39841.26	1.88076	-30320.62	-39841.26	1.88076	72.891	0.00
0.00	-30320.67	-39841.09	1.87926	-30320.67	-39841.09	1.87926	64.925	0.00
0.00	-30320.75	-39840.83	1.87777	-30320.75	-39840.83	1.87777	69.565	0.00
0.00	-30320.82	-39840.62	1.87605	-30320.82	-39840.62	1.87605	73.827	0.00
0.00	-30320.91	-39840.34	1.87407	-30320.91	-39840.34	1.87407	75.574	0.00
0.00	-30320.97	-39840.14	1.87195	-30320.97	-39840.14	1.87195	71.393	0.00
0.00	-30321.05	-39839.86	1.86998	-30321.05	-39839.86	1.86998	73.863	0.00
0.00	-30321.12	-39839.62	1.86804	-30321.12	-39839.62	1.86804	65.567	0.00
0.00	-30321.19	-39839.41	1.86630	-30321.19	-39839.41	1.86630	64.521	0.00
0.00	-30321.25	-39839.20	1.86440	-30321.25	-39839.20	1.86440	66.184	0.00
0.00	-30321.30	-39839.02	1.86236	-30321.30	-39839.02	1.86236	65.739	0.00
0.00	-30321.36	-39838.85	1.86036	-30321.36	-39838.85	1.86036	76.967	0.00
0.00	-30321.47	-39838.48	1.85801	-30321.47	-39838.48	1.85801	76.528	0.00
0.00	-30321.54	-39838.22	1.85540	-30321.54	-39838.22	1.85540	70.522	0.00
0.00	-30321.59	-39838.04	1.85276	-30321.59	-39838.04	1.85276	76.152	0.00
0.00	-30321.67	-39837.77	1.84952	-30321.67	-39837.77	1.84952	66.246	0.00
0.00	-30321.73	-39837.56	1.84637	-30321.73	-39837.56	1.84637	67.825	0.00
0.00	-30321.79	-39837.35	1.84277	-30321.79	-39837.35	1.84277	68.953	0.00
0.00	-30321.86	-39837.09	1.83855	-30321.86	-39837.09	1.83855	70.056	0.00
0.00	-30321.91	-39836.90	1.83390	-30321.91	-39836.90	1.83390	73.774	0.00
0.00	-30321.98	-39836.66	1.82876	-30321.98	-39836.66	1.82876	69.115	0.00
0.00	-30322.03	-39836.46	1.82387	-30322.03	-39836.46	1.82387	73.672	0.00
0.00	-30322.09	-39836.25	1.81870	-30322.09	-39836.25	1.81870	74.653	0.00
0.00	-30322.17	-39835.92	1.81325	-30322.17	-39835.92	1.81325	74.490	0.00
0.00	-30322.22	-39835.73	1.80757	-30322.22	-39835.73	1.80757	73.008	0.00
0.00	-30322.31	-39835.38	1.80149	-30322.31	-39835.38	1.80149	69.142	0.00
0.00	-30322.36	-39835.18	1.79498	-30322.36	-39835.18	1.79498	72.120	0.00
0.00	-30322.43	-39834.87	1.78719	-30322.43	-39834.87	1.78719	72.642	0.00
0.00	-30322.47	-39834.67	1.77862	-30322.47	-39834.67	1.77862	77.159	0.00
0.00	-30322.54	-39834.37	1.76982	-30322.54	-39834.37	1.76982	77.902	0.00
0.00	-30322.58	-39834.17	1.76105	-30322.58	-39834.17	1.76105	70.875	0.00
0.00	-30322.62	-39834.00	1.75307	-30322.62	-39834.00	1.75307	71.896	0.00
0.00	-30322.66	-39833.79	1.74465	-30322.66	-39833.79	1.74465	66.722	0.00
0.00	-30322.71	-39833.52	1.73654	-30322.71	-39833.52	1.73654	68.910	0.00
0.00	-30322.75	-39833.31	1.72801	-30322.75	-39833.31	1.72801	70.187	0.00
0.00	-30322.78	-39833.08	1.71899	-30322.78	-39833.08	1.71899	69.784	0.00
0.00	-30322.84	-39832.72	1.70958	-30322.84	-39832.72	1.70958	74.490	0.00
0.00	-30322.87	-39832.54	1.69928	-30322.87	-39832.54	1.69928	68.775	0.00
0.00	-30322.90	-39832.29	1.68990	-30322.90	-39832.29	1.68990	68.681	0.00
0.00	-30322.93	-39832.10	1.68074	-30322.93	-39832.10	1.68074	73.235	0.00
0.00	-30322.96	-39831.81	1.67031	-30322.96	-39831.81	1.67031	75.781	0.00
0.00	-30322.98	-39831.61	1.65855	-30322.98	-39831.61	1.65855	69.871	0.00
0.00	-30323.01	-39831.36	1.64679	-30323.01	-39831.36	1.64679	73.129	0.00
0.00	-30323.03	-39831.10	1.63433	-30323.03	-39831.10	1.63433	75.152	0.00
0.00	-30323.04	-39830.86	1.62042	-30323.04	-39830.86	1.62042	77.819	0.00
0.00	-30323.06	-39830.60	1.60506	-30323.06	-39830.60	1.60506	76.752	0.00
0.00	-30323.07	-39830.37	1.58883	-30323.07	-39830.37	1.58883	76.173	0.00
0.00	-30323.07	-39830.13	1.57259	-30323.07	-39830.13	1.57259	69.091	0.00
0.00	-30323.07	-39829.85	1.55712	-30323.07	-39829.85	1.55712	66.831	0.00
0.00	-30323.07	-39829.64	1.54163	-30323.07	-39829.64	1.54163	75.002	0.00
0.00	-30323.07	-39829.44	1.52372	-30323.07	-39829.44	1.52372	69.308	0.00
0.00	-30323.05	-39829.08	1.50676	-30323.05	-39829.08	1.50676	76.348	0.00
0.00	-30323.04	-39828.88	1.48763	-30323.04	-39828.88	1.48763	81.405	0.00
0.00	-30323.01	-39828.52	1.46700	-30323.01	-39828.52	1.46700	69.174	0.00
0.00	-30322.99	-39828.36	1.44842	-30322.99	-39828.36	1.44842	70.039	0.00
0.00	-30322.95	-39828.05	1.42907	-30322.95	-39828.05	1.42907	77.090	0.00
0.00	-30322.93	-39827.90	1.40704	-30322.93	-39827.90	1.40704	69.842	0.00
0.00	-30322.88	-39827.63	1.38634	-30322.88	-39827.63	1.38634	71.740	0.00
0.00	-30322.86	-39827.51	1.36498	-30322.86	-39827.51	1.36498	72.926	0.00
0.00	-30322.81	-39827.29	1.34240	-30322.81	-39827.29	1.34240	69.723	0.00
0.00	-30322.76	-39827.06	1.32039	-30322.76	-39827.06	1.32039	84.481	0.00
0.00	-30322.69	-39826.78	1.29453	-30322.69	-39826.78	1.29453	76.809	0.00
0.00	-30322.63	-39826.57	1.27093	-30322.63	-39826.57	1.27093	73.372	0.00
0.00	-30322.56	-39826.34	1.24828	-30322.56	-39826.34	1.24828	78.593	0.00
0.00	-30322.49	-39826.14	1.22346	-30322.49	-39826.14	1.22346	69.472	0.00
0.00	-30322.40	-39825.90	1.20061	-30322.40	-39825.90	1.20061	76.832	0.00
0.00	-30322.33	-39825.72	1.17565	-30322.33	-39825.72	1.17565	77.104	0.00
0.00	-30322.23	-39825.47	1.15090	-30322.23	-39825.47	1.15090	73.667	0.00
0.00	-30322.15	-39825.30	1.12633	-30322.15	-39825.30	1.12633	77.797	0.00
0.00	-30322.04	-39825.08	1.09978	-30322.04	-39825.08	1.09978	76.521	0.00
0.00	-30321.96	-39824.92	1.07314	-30321.96	-39824.92	1.07314	72.123	0.00
0.00	-30321.79	-39824.61	1.04743	-30321.79	-39824.61	1.04743	70.001	0.00
0.00	-30321.71	-39824.48	1.02292	-30321.71	-39824.48	1.02292	71.222	0.00
0.00	-30321.54	-39824.21	0.99746	-30321.54	-39824.21	0.99746	70.309	0.00
0.00	-30321.47	-39824.10	0.97191	-30321.47	-39824.10	0.97191	77.247	0.00
0.00	-30321.31	-39823.87	0.94405	-30321.31	-39823.87	0.94405	74.391	0.00
0.00	-30321.22	-39823.75	0.91728	-30321.22	-39823.75	0.91728	78.552	0.00
0.00	-30321.09	-39823.59	0.88890	-30321.09	-39823.59	0.88890	72.027	0.00
0.00	-30320.97	-39823.45	0.86274	-30320.97	-39823.45	0.86274	72.159	0.00
0.00	-30320.81	-39823.27	0.83651	-30320.81	-39823.27	0.83651	80.471	0.00
0.00	-30320.68	-39823.12	0.80709	-30320.68	-39823.12	0.80709	80.054	0.00
0.00	-30320.48	-39822.92	0.77773	-30320.48	-39822.92	0.77773	76.325	0.00
0.00	-30320.30	-39822.74	0.75049	-30320.30	-39822.74	0.75049	76.929	0.00
0.00	-30320.11	-39822.57	0.72244	-30320.11	-39822.57	0.72244	84.936	0.00
0.00	-30319.88	-39822.37	0.69225	-30319.88	-39822.37	0.69225	77.923	0.00
0.00	-30319.74	-39822.26	0.66517	-30319.74	-39822.26	0.66517	77.057	0.00
0.00	-30319.60	-39822.16	0.63860	-30319.60	-39822.16	0.63860	78.412	0.00
0.00	-30319.48	-39822.07	0.61241	-30319.48	-39822.07	0.61241	80.712	0.00
0.00	-30319.23	-39821.90	0.58627	-30319.23	-39821.90	0.58627	78.660	0.00
0.00	-30319.02	-39821.77	0.56204	-30319.02	-39821.77	0.56204	71.984	0.00
0.00	-30318.90	-39821.70	0.54045	-30318.90	-39821.70	0.54045	83.081	0.00
0.00	-30318.62	-39821.54	0.51702	-30318.62	-39821.54	0.51702	70.796	0.00
0.00	-30318.39	-39821.41	0.49772	-30318.39	-39821.41	0.49772	84.112	0.00
0.00	-30318.14	-39821.28	0.47649	-30318.14	-39821.28	0.47649	87.445	0.00
0.00	-30317.92	-39821.17	0.45635	-30317.92	-39821.17	0.45635	72.396	0.00
0.00	-30317.74	-39821.09	0.44046	-30317.74	-39821.09	0.44046	80.316	0.00
0.00	-30317.49	-39820.98	0.42452	-30317.49	-39820.98	0.42452	86.138	0.00
0.00	-30317.27	-39820.88	0.40892	-30317.27	-39820.88	0.40892	74.242	0.00
0.00	-30317.10	-39820.81	0.39661	-30317.10	-39820.81	0.39661	72.639	0.00
0.00	-30316.84	-39820.70	0.38547	-30316.84	-39820.70	0.38547	79.517	0.00
0.00	-30316.60	-39820.61	0.37359	-30316.60	-39820.61	0.37359	83.979	0.00
0.00	-30316.29	-39820.49	0.36193	-30316.29	-39820.49	0.36193	88.430	0.00
0.00	-30315.99	-39820.38	0.35040	-30315.99	-39820.38	0.35040	83.568	0.00
0.00	-30315.75	-39820.30	0.33995	-30315.75	-39820.30	0.33995	79.596	0.00
0.00	-30315.44	-39820.19	0.33102	-30315.44	-39820.19	0.33102	73.977	0.00
0.00	-30315.27	-39820.14	0.32352	-30315.27	-39820.14	0.32352	79.785	0.00
0.00	-30315.07	-39820.07	0.31592	-30315.07	-39820.07	0.31592	81.613	0.00
0.00	-30314.87	-39820.01	0.30862	-30314.87	-39820.01	0.30862	83.211	0.00
0.00	-30314.49	-39819.89	0.30198	-30314.49	-39819.89	0.30198	79.411	0.00
0.00	-30314.19	-39819.80	0.29651	-30314.19	-39819.80	0.29651	81.607	0.00
0.00	-30313.87	-39819.70	0.29190	-30313.87	-39819.70	0.29190	78.496	0.00
0.00	-30313.67	-39819.64	0.28820	-30313.67	-39819.64	0.28820	78.626	0.00
0.00	-30313.38	-39819.56	0.28504	-30313.38	-39819.56	0.28504	72.823	0.00
0.00	-30313.16	-39819.50	0.28250	-30313.16	-39819.50	0.28250	82.860	0.00
0.00	-30312.82	-39819.40	0.28053	-30312.82	-39819.40	0.28053	82.652	0.00
0.00	-30312.53	-39819.32	0.27936	-30312.53	-39819.32	0.27936	84.169	0.00
0.00	-30312.24	-39819.24	0.27883	-30312.24	-39819.24	0.27883	84.933	0.00
0.00	-30311.85	-39819.14	0.27863	-30311.85	-39819.14	0.27863	80.459	0.00
0.00	-30311.63	-39819.07	0.27888	-30311.63	-39819.07	0.27888	76.078	0.00
0.00	-30311.41	-39819.01	0.27953	-30311.41	-39819.01	0.27953	83.952	0.00
0.00	-30311.08	-39818.92	0.28092	-30311.08	-39818.92	0.28092	82.475	0.00
0.00	-30310.76	-39818.82	0.28284	-30310.76	-39818.82	0.28284	82.079	0.00
0.00	-30310.48	-39818.74	0.28505	-30310.48	-39818.74	0.28505	78.430	0.00
0.00	-30310.14	-39818.63	0.28775	-30310.14	-39818.63	0.28775	83.815	0.00
0.00	-30309.79	-39818.53	0.29081	-30309.79	-39818.53	0.29081	75.610	0.00
0.00	-30309.59	-39818.46	0.29350	-30309.59	-39818.46	0.29350	78.292	0.00
0.00	-30309.31	-39818.37	0.29664	-30309.31	-39818.37	0.29664	73.446	0.00
0.00	-30309.03	-39818.27	0.30000	-30309.03	-39818.27	0.30000	75.369	0.00
0.00	-30308.76	-39818.18	0.30318	-30308.76	-39818.18	0.30318	75.204	0.00
0.00	-30308.50	-39818.09	0.30637	-30308.50	-39818.09	0.30637	76.782	0.00
0.00	-30308.18	-39817.99	0.30938	-30308.18	-39817.99	0.30938	86.068	0.00
0.00	-30307.93	-39817.90	0.31289	-30307.93	-39817.90	0.31289	73.862	0.00
0.00	-30307.60	-39817.78	0.31579	-30307.60	-39817.78	0.31579	82.320	0.00
0.00	-30307.29	-39817.68	0.31880	-30307.29	-39817.68	0.31880	76.086	0.00
0.00	-30307.01	-39817.58	0.32102	-30307.01	-39817.58	0.32102	78.358	0.00
0.00	-30306.73	-39817.48	0.32311	-30306.73	-39817.48	0.32311	75.823	0.00
0.00	-30306.49	-39817.40	0.32503	-30306.49	-39817.40	0.32503	85.014	0.00
0.00	-30306.16	-39817.28	0.32656	-30306.16	-39817.28	0.32656	77.585	0.00
0.00	-30305.97	-39817.22	0.32770	-30305.97	-39817.22	0.32770	76.455	0.00
0.00	-30305.64	-39817.11	0.32857	-30305.64	-39817.11	0.32857	84.958	0.00
0.00	-30305.35	-39817.01	0.32891	-30305.35	-39817.01	0.32891	76.543	0.00
0.00	-30305.10	-39816.93	0.32900	-30305.10	-39816.93	0.32900	77.275	0.00
0.00	-30304.76	-39816.82	0.32894	-30304.76	-39816.82	0.32894	76.742	0.00
0.00	-30304.58	-39816.77	0.32888	-30304.58	-39816.77	0.32888	83.868	0.00
0.00	-30304.12	-39816.62	0.32831	-30304.12	-39816.62	0.32831	76.502	0.00
0.00	-30303.81	-39816.52	0.32804	-30303.81	-39816.52	0.32804	85.761	0.00
0.00	-30303.61	-39816.46	0.32730	-30303.61	-39816.46	0.32730	78.584	0.00
0.00	-30303.29	-39816.36	0.32643	-30303.29	-39816.36	0.32643	84.642	0.00
0.00	-30302.99	-39816.27	0.32525	-30302.99	-39816.27	0.32525	84.930	0.00
0.00	-30302.78	-39816.20	0.32416	-30302.78	-39816.20	0.32416	89.256	0.00
0.00	-30302.47	-39816.10	0.32310	-30302.47	-39816.10	0.32310	85.478	0.00
0.00	-30302.24	-39816.03	0.32254	-30302.24	-39816.03	0.32254	83.708	0.00
0.00	-30302.02	-39815.96	0.32183	-30302.02	-39815.96	0.32183	81.279	0.00
0.00	-30301.66	-39815.84	0.32123	-30301.66	-39815.84	0.32123	78.455	0.00
0.00	-30301.38	-39815.75	0.32072	-30301.38	-39815.75	0.32072	85.128	0.00
0.00	-30301.11	-39815.66	0.32011	-30301.11	-39815.66	0.32011	84.633	0.00
0.00	-30300.71	-39815.53	0.31971	-30300.71	-39815.53	0.31971	85.689	0.00
0.00	-30300.45	-39815.44	0.31957	-30300.45	-39815.44	0.31957	78.431	0.00
0.00	-30300.21	-39815.36	0.31942	-30300.21	-39815.36	0.31942	78.887	0.00
0.00	-30300.00	-39815.29	0.31926	-30300.00	-39815.29	0.31926	78.625	0.00
0.00	-30299.68	-39815.18	0.31910	-30299.68	-39815.18	0.31910	84.461	0.00
0.00	-30299.53	-39815.13	0.31895	-30299.53	-39815.13	0.31895	87.578	0.00
0.00	-30299.53	-39815.13	0.31895	-30299.53	-39815.13	0.31895	76.769	0.00
