0.00	-30449.80	-39913.53	0.35000	-30449.80	-39913.53	0.35000	2.459	0.00
0.00	-30449.51	-39913.25	0.35079	-30449.51	-39913.25	0.35079	2.539	0.00
0.00	-30450.03	-39912.50	1.79767	-30450.03	-39912.50	1.79767	2.489	0.00
0.00	-30450.21	-39912.19	1.91112	-30450.21	-39912.19	1.91112	2.231	0.00
0.00	-30450.34	-39911.89	1.93534	-30450.34	-39911.89	1.93534	2.380	0.00
0.00	-30450.46	-39911.56	1.92948	-30450.46	-39911.56	1.92948	2.319	0.00
0.00	-30450.57	-39911.23	1.92063	-30450.57	-39911.23	1.92063	2.303	0.00
0.00	-30450.68	-39910.87	1.91279	-30450.68	-39910.87	1.91279	2.210	0.00
0.00	-30450.80	-39910.52	1.90731	-30450.80	-39910.52	1.90731	2.588	0.00
0.00	-30450.90	-39910.20	1.90432	-30450.90	-39910.20	1.90432	2.337	0.00
0.00	-30451.00	-39909.90	1.90153	-30451.00	-39909.90	1.90153	2.421	0.00
0.00	-30451.09	-39909.60	1.89897	-30451.09	-39909.60	1.89897	2.349	0.00
0.00	-30451.22	-39909.20	1.89714	-30451.22	-39909.20	1.89714	2.250	0.00
0.00	-30451.31	-39908.90	1.89547	-30451.31	-39908.90	1.89547	2.365	0.00
0.00	-30451.41	-39908.59	1.89383	-30451.41	-39908.59	1.89383	2.238	0.00
0.00	-30451.52	-39908.26	1.89401	-30451.52	-39908.26	1.89401	2.358	0.00
0.00	-30451.61	-39907.98	1.89326	-30451.61	-39907.98	1.89326	2.349	0.00
0.00	-30451.75	-39907.56	1.89303	-30451.75	-39907.56	1.89303	2.335	0.00
0.00	-30451.86	-39907.21	1.89280	-30451.86	-39907.21	1.89280	2.356	0.00
0.00	-30451.96	-39906.90	1.89240	-30451.96	-39906.90	1.89240	2.384	0.00
0.00	-30452.08	-39906.56	1.89217	-30452.08	-39906.56	1.89217	2.339	0.00
0.00	-30452.19	-39906.20	1.89208	-30452.19	-39906.20	1.89208	2.324	0.00
0.00	-30452.27	-39905.96	1.89215	-30452.27	-39905.96	1.89215	2.371	0.00
0.00	-30452.38	-39905.61	1.89230	-30452.38	-39905.61	1.89230	2.355	0.00
0.00	-30452.50	-39905.27	1.89265	-30452.50	-39905.27	1.89265	2.270	0.00
0.00	-30452.60	-39904.94	1.89287	-30452.60	-39904.94	1.89287	2.399	0.00
0.00	-30452.70	-39904.65	1.89286	-30452.70	-39904.65	1.89286	2.206	0.00
0.00	-30452.82	-39904.26	1.89278	-30452.82	-39904.26	1.89278	2.405	0.00
0.00	-30452.93	-39903.93	1.89249	-30452.93	-39903.93	1.89249	2.427	0.00
0.00	-30453.04	-39903.60	1.89231	-30453.04	-39903.60	1.89231	2.293	0.00
0.00	-30453.15	-39903.26	1.89238	-30453.15	-39903.26	1.89238	2.214	0.00
0.00	-30453.22	-39903.03	1.89185	-30453.22	-39903.03	1.89185	2.383	0.00
0.00	-30453.35	-39902.63	1.89129	-30453.35	-39902.63	1.89129	2.490	0.00
0.00	-30453.43	-39902.38	1.89042	-30453.43	-39902.38	1.89042	2.275	0.00
0.00	-30453.57	-39901.95	1.88953	-30453.57	-39901.95	1.88953	2.398	0.00
0.00	-30453.62	-39901.76	1.88875	-30453.62	-39901.76	1.88875	2.277	0.00
0.00	-30453.73	-39901.42	1.88792	-30453.73	-39901.42	1.88792	2.270	0.00
0.00	-30453.82	-39901.14	1.88716	-30453.82	-39901.14	1.88716	2.292	0.00
0.00	-30453.93	-39900.78	1.88631	-30453.93	-39900.78	1.88631	2.432	0.00
0.00	-30454.04	-39900.43	1.88576	-30454.04	-39900.43	1.88576	2.451	0.00
0.00	-30454.14	-39900.10	1.88496	-30454.14	-39900.10	1.88496	2.333	0.00
0.00	-30454.24	-39899.79	1.88445	-30454.24	-39899.79	1.88445	2.214	0.00
0.00	-30454.33	-39899.49	1.88426	-30454.33	-39899.49	1.88426	2.242	0.00
0.00	-30454.43	-39899.17	1.88417	-30454.43	-39899.17	1.88417	2.278	0.00
0.00	-30454.54	-39898.84	1.88447	-30454.54	-39898.84	1.88447	2.251	0.00
0.00	-30454.63	-39898.53	1.88462	-30454.63	-39898.53	1.88462	2.300	0.00
0.00	-30454.75	-39898.17	1.88487	-30454.75	-39898.17	1.88487	2.523	0.00
0.00	-30454.86	-39897.81	1.88481	-30454.86	-39897.81	1.88481	2.234	0.00
0.00	-30455.07	-39897.15	1.88451	-30455.07	-39897.15	1.88451	2.274	0.00
0.00	-30455.03	-39897.27	1.88438	-30455.03	-39897.27	1.88438	2.287	0.00
0.00	-30455.17	-39896.84	1.88396	-30455.17	-39896.84	1.88396	2.374	0.00
0.00	-30455.29	-39896.43	1.88329	-30455.29	-39896.43	1.88329	2.287	0.00
0.00	-30455.41	-39896.05	1.88264	-30455.41	-39896.05	1.88264	2.291	0.00
0.00	-30455.52	-39895.68	1.88200	-30455.52	-39895.68	1.88200	2.334	0.00
0.00	-30455.63	-39895.34	1.88135	-30455.63	-39895.34	1.88135	2.213	0.00
0.00	-30455.73	-39895.00	1.88066	-30455.73	-39895.00	1.88066	2.536	0.00
0.00	-30455.81	-39894.73	1.87989	-30455.81	-39894.73	1.87989	2.473	0.00
0.00	-30455.91	-39894.40	1.87930	-30455.91	-39894.40	1.87930	2.227	0.00
0.00	-30456.02	-39894.05	1.87892	-30456.02	-39894.05	1.87892	2.253	0.00
0.00	-30456.13	-39893.70	1.87919	-30456.13	-39893.70	1.87919	2.161	0.00
0.00	-30456.22	-39893.40	1.87885	-30456.22	-39893.40	1.87885	2.236	0.00
0.00	-30456.34	-39893.02	1.87848	-30456.34	-39893.02	1.87848	2.308	0.00
0.00	-30456.45	-39892.67	1.87839	-30456.45	-39892.67	1.87839	2.321	0.00
0.00	-30456.55	-39892.34	1.87823	-30456.55	-39892.34	1.87823	2.219	0.00
0.00	-30456.66	-39892.00	1.87827	-30456.66	-39892.00	1.87827	2.228	0.00
0.00	-30456.76	-39891.67	1.87843	-30456.76	-39891.67	1.87843	2.227	0.00
0.00	-30456.86	-39891.35	1.87854	-30456.86	-39891.35	1.87854	2.181	0.00
0.00	-30456.97	-39890.98	1.87862	-30456.97	-39890.98	1.87862	2.858	0.00
0.00	-30457.05	-39890.73	1.87836	-30457.05	-39890.73	1.87836	2.194	0.00
0.00	-30457.17	-39890.34	1.87802	-30457.17	-39890.34	1.87802	2.304	0.00
0.00	-30457.25	-39890.08	1.87751	-30457.25	-39890.08	1.87751	2.304	0.00
0.00	-30457.38	-39889.68	1.87699	-30457.38	-39889.68	1.87699	2.329	0.00
0.00	-30457.48	-39889.34	1.87626	-30457.48	-39889.34	1.87626	2.266	0.00
0.00	-30457.57	-39889.05	1.87531	-30457.57	-39889.05	1.87531	2.283	0.00
0.00	-30457.68	-39888.69	1.87416	-30457.68	-39888.69	1.87416	2.400	0.00
0.00	-30457.77	-39888.38	1.87274	-30457.77	-39888.38	1.87274	2.278	0.00
0.00	-30457.84	-39888.17	1.87098	-30457.84	-39888.17	1.87098	2.175	0.00
0.00	-30457.93	-39887.86	1.86952	-30457.93	-39887.86	1.86952	2.134	0.00
0.00	-30458.01	-39887.58	1.86815	-30458.01	-39887.58	1.86815	2.240	0.00
0.00	-30458.13	-39887.19	1.86659	-30458.13	-39887.19	1.86659	2.174	0.00
0.00	-30458.18	-39887.02	1.86537	-30458.18	-39887.02	1.86537	2.148	0.00
0.00	-30458.27	-39886.71	1.86390	-30458.27	-39886.71	1.86390	2.206	0.00
0.00	-30458.34	-39886.45	1.86245	-30458.34	-39886.45	1.86245	2.165	0.00
0.00	-30458.42	-39886.18	1.86097	-30458.42	-39886.18	1.86097	2.240	0.00
0.00	-30458.49	-39885.92	1.85916	-30458.49	-39885.92	1.85916	2.210	0.00
0.00	-30458.57	-39885.66	1.85712	-30458.57	-39885.66	1.85712	2.333	0.00
0.00	-30458.66	-39885.33	1.85496	-30458.66	-39885.33	1.85496	2.289	0.00
0.00	-30458.75	-39885.03	1.85293	-30458.75	-39885.03	1.85293	2.143	0.00
0.00	-30458.81	-39884.81	1.85114	-30458.81	-39884.81	1.85114	2.235	0.00
0.00	-30458.91	-39884.48	1.84945	-30458.91	-39884.48	1.84945	2.373	0.00
0.00	-30458.95	-39884.32	1.84764	-30458.95	-39884.32	1.84764	2.305	0.00
0.00	-30459.03	-39884.04	1.84556	-30459.03	-39884.04	1.84556	2.262	0.00
0.00	-30459.11	-39883.77	1.84294	-30459.11	-39883.77	1.84294	2.213	0.00
0.00	-30459.17	-39883.53	1.83991	-30459.17	-39883.53	1.83991	2.239	0.00
0.00	-30459.25	-39883.25	1.83684	-30459.25	-39883.25	1.83684	2.249	0.00
0.00	-30459.31	-39882.99	1.83399	-30459.31	-39882.99	1.83399	2.183	0.00
0.00	-30459.39	-39882.69	1.83081	-30459.39	-39882.69	1.83081	2.200	0.00
0.00	-30459.45	-39882.46	1.82664	-30459.45	-39882.46	1.82664	2.145	0.00
0.00	-30459.51	-39882.21	1.82289	-30459.51	-39882.21	1.82289	2.297	0.00
0.00	-30459.57	-39881.95	1.81916	-30459.57	-39881.95	1.81916	2.236	0.00
0.00	-30459.63	-39881.72	1.81436	-30459.63	-39881.72	1.81436	2.330	0.00
0.00	-30459.68	-39881.50	1.80937	-30459.68	-39881.50	1.80937	2.246	0.00
0.00	-30459.74	-39881.25	1.80493	-30459.74	-39881.25	1.80493	2.196	0.00
0.00	-30459.79	-39881.02	1.79897	-30459.79	-39881.02	1.79897	2.216	0.00
0.00	-30459.86	-39880.68	1.79248	-30459.86	-39880.68	1.79248	2.343	0.00
0.00	-30459.91	-39880.44	1.78584	-30459.91	-39880.44	1.78584	2.275	0.00
0.00	-30459.96	-39880.18	1.77927	-30459.96	-39880.18	1.77927	2.235	0.00
0.00	-30460.00	-39879.97	1.77247	-30460.00	-39879.97	1.77247	2.340	0.00
0.00	-30460.06	-39879.68	1.76558	-30460.06	-39879.68	1.76558	2.310	0.00
0.00	-30460.11	-39879.42	1.75899	-30460.11	-39879.42	1.75899	2.234	0.00
0.00	-30460.14	-39879.23	1.75208	-30460.14	-39879.23	1.75208	2.289	0.00
0.00	-30460.19	-39878.96	1.74456	-30460.19	-39878.96	1.74456	2.355	0.00
0.00	-30460.23	-39878.69	1.73696	-30460.23	-39878.69	1.73696	2.196	0.00
0.00	-30460.27	-39878.47	1.72957	-30460.27	-39878.47	1.72957	2.344	0.00
0.00	-30460.31	-39878.19	1.72189	-30460.31	-39878.19	1.72189	2.248	0.00
0.00	-30460.34	-39877.98	1.71346	-30460.34	-39877.98	1.71346	2.309	0.00
0.00	-30460.37	-39877.73	1.70420	-30460.37	-39877.73	1.70420	2.223	0.00
0.00	-30460.40	-39877.48	1.69419	-30460.40	-39877.48	1.69419	2.294	0.00
0.00	-30460.42	-39877.23	1.68345	-30460.42	-39877.23	1.68345	2.176	0.00
0.00	-30460.44	-39876.99	1.67227	-30460.44	-39876.99	1.67227	2.327	0.00
0.00	-30460.46	-39876.74	1.66049	-30460.46	-39876.74	1.66049	2.341	0.00
0.00	-30460.48	-39876.48	1.64827	-30460.48	-39876.48	1.64827	2.320	0.00
0.00	-30460.50	-39876.25	1.63615	-30460.50	-39876.25	1.63615	2.315	0.00
0.00	-30460.51	-39876.01	1.62437	-30460.51	-39876.01	1.62437	2.269	0.00
0.00	-30460.52	-39875.78	1.61257	-30460.52	-39875.78	1.61257	2.297	0.00
0.00	-30460.52	-39875.47	1.60083	-30460.52	-39875.47	1.60083	2.357	0.00
0.00	-30460.53	-39875.21	1.58895	-30460.53	-39875.21	1.58895	2.408	0.00
0.00	-30460.53	-39875.00	1.57702	-30460.53	-39875.00	1.57702	2.360	0.00
0.00	-30460.52	-39874.78	1.56503	-30460.52	-39874.78	1.56503	2.365	0.00
0.00	-30460.52	-39874.58	1.55190	-30460.52	-39874.58	1.55190	2.290	0.00
0.00	-30460.50	-39874.30	1.53803	-30460.50	-39874.30	1.53803	2.230	0.00
0.00	-30460.48	-39873.99	1.52397	-30460.48	-39873.99	1.52397	2.371	0.00
0.00	-30460.47	-39873.77	1.50947	-30460.47	-39873.77	1.50947	2.397	0.00
0.00	-30460.44	-39873.57	1.49437	-30460.44	-39873.57	1.49437	2.372	0.00
0.00	-30460.42	-39873.33	1.47904	-30460.42	-39873.33	1.47904	2.285	0.00
0.00	-30460.39	-39873.09	1.46348	-30460.39	-39873.09	1.46348	2.292	0.00
0.00	-30460.36	-39872.87	1.44778	-30460.36	-39872.87	1.44778	2.273	0.00
0.00	-30460.32	-39872.55	1.43138	-30460.32	-39872.55	1.43138	2.328	0.00
0.00	-30460.28	-39872.32	1.41411	-30460.28	-39872.32	1.41411	2.391	0.00
0.00	-30460.23	-39872.07	1.39673	-30460.23	-39872.07	1.39673	2.403	0.00
0.00	-30460.19	-39871.86	1.37910	-30460.19	-39871.86	1.37910	2.271	0.00
0.00	-30460.14	-39871.62	1.36087	-30460.14	-39871.62	1.36087	2.243	0.00
0.00	-30460.10	-39871.41	1.34213	-30460.10	-39871.41	1.34213	2.434	0.00
0.00	-30460.04	-39871.18	1.32261	-30460.04	-39871.18	1.32261	2.386	0.00
0.00	-30459.97	-39870.93	1.30246	-30459.97	-39870.93	1.30246	2.350	0.00
0.00	-30459.90	-39870.69	1.28099	-30459.90	-39870.69	1.28099	2.611	0.00
0.00	-30459.82	-39870.43	1.25862	-30459.82	-39870.43	1.25862	2.268	0.00
0.00	-30459.75	-39870.21	1.23607	-30459.75	-39870.21	1.23607	2.484	0.00
0.00	-30459.66	-39869.98	1.21385	-30459.66	-39869.98	1.21385	2.482	0.00
0.00	-30459.57	-39869.75	1.19147	-30459.57	-39869.75	1.19147	2.628	0.00
0.00	-30459.45	-39869.45	1.16833	-30459.45	-39869.45	1.16833	2.607	0.00
0.00	-30459.37	-39869.26	1.14463	-30459.37	-39869.26	1.14463	2.699	0.00
0.00	-30459.27	-39869.07	1.12060	-30459.27	-39869.07	1.12060	2.672	0.00
0.00	-30459.16	-39868.84	1.09587	-30459.16	-39868.84	1.09587	3.259	0.00
0.00	-30459.05	-39868.64	1.07142	-30459.05	-39868.64	1.07142	3.230	0.00
0.00	-30458.90	-39868.37	1.04568	-30458.90	-39868.37	1.04568	3.089	0.00
0.00	-30458.77	-39868.16	1.01964	-30458.77	-39868.16	1.01964	2.645	0.00
0.00	-30458.66	-39867.99	0.99329	-30458.66	-39867.99	0.99329	2.750	0.00
0.00	-30458.51	-39867.77	0.96625	-30458.51	-39867.77	0.96625	2.946	0.00
0.00	-30458.38	-39867.59	0.93915	-30458.38	-39867.59	0.93915	3.093	0.00
0.00	-30458.18	-39867.32	0.91159	-30458.18	-39867.32	0.91159	3.026	0.00
0.00	-30458.03	-39867.14	0.88254	-30458.03	-39867.14	0.88254	3.207	0.00
0.00	-30457.89	-39866.98	0.85569	-30457.89	-39866.98	0.85569	3.354	0.00
0.00	-30457.72	-39866.79	0.82750	-30457.72	-39866.79	0.82750	3.462	0.00
0.00	-30457.54	-39866.60	0.79929	-30457.54	-39866.60	0.79929	2.912	0.00
0.00	-30457.35	-39866.41	0.77171	-30457.35	-39866.41	0.77171	3.546	0.00
0.00	-30457.14	-39866.22	0.74541	-30457.14	-39866.22	0.74541	3.402	0.00
0.00	-30456.94	-39866.04	0.71926	-30456.94	-39866.04	0.71926	3.367	0.00
0.00	-30456.73	-39865.86	0.69417	-30456.73	-39865.86	0.69417	3.432	0.00
0.00	-30456.50	-39865.68	0.67061	-30456.50	-39865.68	0.67061	3.312	0.00
0.00	-30456.26	-39865.49	0.64734	-30456.26	-39865.49	0.64734	3.277	0.00
0.00	-30456.06	-39865.35	0.62457	-30456.06	-39865.35	0.62457	3.643	0.00
0.00	-30455.80	-39865.17	0.60317	-30455.80	-39865.17	0.60317	3.498	0.00
0.00	-30455.51	-39864.97	0.58304	-30455.51	-39864.97	0.58304	3.160	0.00
0.00	-30455.30	-39864.84	0.56372	-30455.30	-39864.84	0.56372	3.763	0.00
0.00	-30455.05	-39864.69	0.54552	-30455.05	-39864.69	0.54552	4.131	0.00
0.00	-30454.81	-39864.55	0.52844	-30454.81	-39864.55	0.52844	4.092	0.00
0.00	-30454.52	-39864.38	0.51214	-30454.52	-39864.38	0.51214	4.369	0.00
0.00	-30454.25	-39864.24	0.49618	-30454.25	-39864.24	0.49618	4.163	0.00
0.00	-30453.99	-39864.11	0.48062	-30453.99	-39864.11	0.48062	4.832	0.00
0.00	-30453.73	-39863.98	0.46607	-30453.73	-39863.98	0.46607	4.494	0.00
0.00	-30453.41	-39863.82	0.45240	-30453.41	-39863.82	0.45240	4.459	0.00
0.00	-30453.13	-39863.70	0.43921	-30453.13	-39863.70	0.43921	4.589	0.00
0.00	-30452.81	-39863.55	0.42686	-30452.81	-39863.55	0.42686	3.650	0.00
0.00	-30452.47	-39863.41	0.41520	-30452.47	-39863.41	0.41520	4.167	0.00
0.00	-30452.16	-39863.28	0.40410	-30452.16	-39863.28	0.40410	3.730	0.00
0.00	-30451.90	-39863.17	0.39350	-30451.90	-39863.17	0.39350	5.074	0.00
0.00	-30451.55	-39863.03	0.38392	-30451.55	-39863.03	0.38392	4.817	0.00
0.00	-30451.27	-39862.93	0.37432	-30451.27	-39862.93	0.37432	4.980	0.00
0.00	-30451.00	-39862.84	0.36453	-30451.00	-39862.84	0.36453	4.851	0.00
0.00	-30450.61	-39862.70	0.35581	-30450.61	-39862.70	0.35581	4.958	0.00
0.00	-30450.30	-39862.59	0.34848	-30450.30	-39862.59	0.34848	4.963	0.00
0.00	-30450.00	-39862.50	0.34136	-30450.00	-39862.50	0.34136	4.242	0.00
0.00	-30449.65	-39862.38	0.33497	-30449.65	-39862.38	0.33497	5.364	0.00
0.00	-30449.32	-39862.28	0.32911	-30449.32	-39862.28	0.32911	4.830	0.00
0.00	-30448.97	-39862.17	0.32450	-30448.97	-39862.17	0.32450	5.082	0.00
0.00	-30448.57	-39862.04	0.31996	-30448.57	-39862.04	0.31996	5.592	0.00
0.00	-30448.28	-39861.95	0.31648	-30448.28	-39861.95	0.31648	4.406	0.00
0.00	-30447.86	-39861.82	0.31379	-30447.86	-39861.82	0.31379	6.276	0.00
0.00	-30447.57	-39861.73	0.31169	-30447.57	-39861.73	0.31169	4.586	0.00
0.00	-30447.18	-39861.61	0.31046	-30447.18	-39861.61	0.31046	5.838	0.00
0.00	-30446.86	-39861.51	0.31004	-30446.86	-39861.51	0.31004	5.067	0.00
0.00	-30446.51	-39861.40	0.30999	-30446.51	-39861.40	0.30999	6.130	0.00
0.00	-30446.10	-39861.28	0.30918	-30446.10	-39861.28	0.30918	5.120	0.00
0.00	-30445.77	-39861.17	0.30837	-30445.77	-39861.17	0.30837	6.050	0.00
0.00	-30445.33	-39861.04	0.30822	-30445.33	-39861.04	0.30822	5.971	0.00
0.00	-30444.91	-39860.91	0.30845	-30444.91	-39860.91	0.30845	5.786	0.00
0.00	-30444.57	-39860.80	0.30904	-30444.57	-39860.80	0.30904	5.762	0.00
0.00	-30444.33	-39860.73	0.30961	-30444.33	-39860.73	0.30961	6.095	0.00
0.00	-30443.96	-39860.61	0.30996	-30443.96	-39860.61	0.30996	6.279	0.00
0.00	-30443.62	-39860.51	0.30999	-30443.62	-39860.51	0.30999	6.109	0.00
0.00	-30443.27	-39860.40	0.31044	-30443.27	-39860.40	0.31044	5.247	0.00
0.00	-30442.90	-39860.28	0.31103	-30442.90	-39860.28	0.31103	5.780	0.00
0.00	-30442.51	-39860.16	0.31132	-30442.51	-39860.16	0.31132	5.368	0.00
0.00	-30442.15	-39860.05	0.31127	-30442.15	-39860.05	0.31127	5.471	0.00
0.00	-30441.74	-39859.92	0.31123	-30441.74	-39859.92	0.31123	5.444	0.00
0.00	-30441.28	-39859.78	0.31134	-30441.28	-39859.78	0.31134	5.751	0.00
0.00	-30440.96	-39859.68	0.31135	-30440.96	-39859.68	0.31135	5.464	0.00
0.00	-30440.55	-39859.55	0.31157	-30440.55	-39859.55	0.31157	6.199	0.00
0.00	-30440.23	-39859.45	0.31176	-30440.23	-39859.45	0.31176	6.043	0.00
0.00	-30439.87	-39859.34	0.31167	-30439.87	-39859.34	0.31167	5.631	0.00
0.00	-30439.50	-39859.22	0.31173	-30439.50	-39859.22	0.31173	5.977	0.00
0.00	-30439.21	-39859.13	0.31193	-30439.21	-39859.13	0.31193	5.592	0.00
0.00	-30438.87	-39859.03	0.31228	-30438.87	-39859.03	0.31228	5.608	0.00
0.00	-30438.53	-39858.92	0.31230	-30438.53	-39858.92	0.31230	5.881	0.00
0.00	-30438.12	-39858.79	0.31198	-30438.12	-39858.79	0.31198	6.074	0.00
0.00	-30437.76	-39858.68	0.31151	-30437.76	-39858.68	0.31151	6.099	0.00
0.00	-30437.41	-39858.58	0.31100	-30437.41	-39858.58	0.31100	5.951	0.00
0.00	-30437.03	-39858.46	0.31099	-30437.03	-39858.46	0.31099	6.143	0.00
0.00	-30436.62	-39858.33	0.31084	-30436.62	-39858.33	0.31084	5.488	0.00
0.00	-30436.27	-39858.22	0.31073	-30436.27	-39858.22	0.31073	5.650	0.00
