0.00	-30354.31	-39832.60	0.35000	-30354.31	-39832.60	0.35000	3.280	0.00
0.00	-30354.04	-39832.50	0.35033	-30354.04	-39832.50	0.35033	2.713	0.00
0.00	-30353.87	-39832.45	0.33097	-30353.87	-39832.45	0.33097	2.947	0.00
0.00	-30353.69	-39832.39	0.32876	-30353.69	-39832.39	0.32876	2.202	0.00
0.00	-30353.50	-39832.33	0.32853	-30353.50	-39832.33	0.32853	2.124	0.00
0.00	-30353.34	-39832.27	0.32887	-30353.34	-39832.27	0.32887	2.181	0.00
0.00	-30353.18	-39832.22	0.32907	-30353.18	-39832.22	0.32907	2.137	0.00
0.00	-30353.02	-39832.16	0.32905	-30353.02	-39832.16	0.32905	2.509	0.00
0.00	-30352.86	-39832.11	0.32912	-30352.86	-39832.11	0.32912	2.176	0.00
0.00	-30352.68	-39832.05	0.32924	-30352.68	-39832.05	0.32924	2.280	0.00
0.00	-30352.51	-39831.99	0.32936	-30352.51	-39831.99	0.32936	2.179	0.00
0.00	-30352.34	-39831.93	0.32955	-30352.34	-39831.93	0.32955	2.368	0.00
0.00	-30352.17	-39831.87	0.32991	-30352.17	-39831.87	0.32991	2.178	0.00
0.00	-30352.00	-39831.81	0.33049	-30352.00	-39831.81	0.33049	2.200	0.00
0.00	-30351.82	-39831.75	0.33117	-30351.82	-39831.75	0.33117	2.283	0.00
0.00	-30351.65	-39831.69	0.33177	-30351.65	-39831.69	0.33177	2.194	0.00
0.00	-30351.48	-39831.63	0.33217	-30351.48	-39831.63	0.33217	2.251	0.00
0.00	-30351.31	-39831.57	0.33242	-30351.31	-39831.57	0.33242	2.275	0.00
0.00	-30351.10	-39831.50	0.33265	-30351.10	-39831.50	0.33265	2.591	0.00
0.00	-30350.93	-39831.44	0.33281	-30350.93	-39831.44	0.33281	2.244	0.00
0.00	-30350.77	-39831.38	0.33284	-30350.77	-39831.38	0.33284	2.300	0.00
0.00	-30350.61	-39831.33	0.33285	-30350.61	-39831.33	0.33285	2.380	0.00
0.00	-30350.41	-39831.26	0.33291	-30350.41	-39831.26	0.33291	2.304	0.00
0.00	-30350.21	-39831.19	0.33301	-30350.21	-39831.19	0.33301	2.292	0.00
0.00	-30350.02	-39831.13	0.33316	-30350.02	-39831.13	0.33316	2.154	0.00
0.00	-30349.87	-39831.08	0.33330	-30349.87	-39831.08	0.33330	2.217	0.00
0.00	-30349.72	-39831.02	0.33335	-30349.72	-39831.02	0.33335	2.284	0.00
0.00	-30349.56	-39830.97	0.33333	-30349.56	-39830.97	0.33333	2.186	0.00
0.00	-30349.40	-39830.91	0.33330	-30349.40	-39830.91	0.33330	2.208	0.00
0.00	-30349.23	-39830.86	0.33328	-30349.23	-39830.86	0.33328	2.244	0.00
0.00	-30349.06	-39830.80	0.33327	-30349.06	-39830.80	0.33327	2.485	0.00
0.00	-30348.89	-39830.74	0.33324	-30348.89	-39830.74	0.33324	2.158	0.00
0.00	-30348.71	-39830.68	0.33298	-30348.71	-39830.68	0.33298	2.298	0.00
0.00	-30348.54	-39830.62	0.33251	-30348.54	-39830.62	0.33251	2.242	0.00
0.00	-30348.37	-39830.56	0.33194	-30348.37	-39830.56	0.33194	2.216	0.00
0.00	-30348.20	-39830.50	0.33143	-30348.20	-39830.50	0.33143	2.194	0.00
0.00	-30348.03	-39830.45	0.33108	-30348.03	-39830.45	0.33108	2.141	0.00
0.00	-30347.87	-39830.39	0.33088	-30347.87	-39830.39	0.33088	2.287	0.00
0.00	-30347.71	-39830.33	0.33080	-30347.71	-39830.33	0.33080	2.208	0.00
0.00	-30347.53	-39830.27	0.33067	-30347.53	-39830.27	0.33067	2.256	0.00
0.00	-30347.36	-39830.22	0.33040	-30347.36	-39830.22	0.33040	2.155	0.00
0.00	-30347.21	-39830.16	0.32997	-30347.21	-39830.16	0.32997	2.209	0.00
0.00	-30346.97	-39830.08	0.32946	-30346.97	-39830.08	0.32946	2.308	0.00
0.00	-30346.77	-39830.01	0.32891	-30346.77	-39830.01	0.32891	2.315	0.00
0.00	-30346.59	-39829.95	0.32830	-30346.59	-39829.95	0.32830	2.382	0.00
0.00	-30346.44	-39829.90	0.32765	-30346.44	-39829.90	0.32765	2.296	0.00
0.00	-30346.30	-39829.85	0.32693	-30346.30	-39829.85	0.32693	2.205	0.00
0.00	-30346.15	-39829.80	0.32614	-30346.15	-39829.80	0.32614	2.120	0.00
0.00	-30345.95	-39829.73	0.32538	-30345.95	-39829.73	0.32538	2.137	0.00
0.00	-30345.77	-39829.67	0.32473	-30345.77	-39829.67	0.32473	2.224	0.00
0.00	-30345.59	-39829.61	0.32419	-30345.59	-39829.61	0.32419	2.264	0.00
0.00	-30345.42	-39829.55	0.32366	-30345.42	-39829.55	0.32366	2.182	0.00
0.00	-30345.28	-39829.51	0.32307	-30345.28	-39829.51	0.32307	2.200	0.00
0.00	-30345.10	-39829.45	0.32243	-30345.10	-39829.45	0.32243	2.194	0.00
0.00	-30344.94	-39829.39	0.32184	-30344.94	-39829.39	0.32184	2.253	0.00
0.00	-30344.81	-39829.35	0.32124	-30344.81	-39829.35	0.32124	2.270	0.00
0.00	-30344.67	-39829.30	0.32073	-30344.67	-39829.30	0.32073	2.248	0.00
0.00	-30344.52	-39829.25	0.32023	-30344.52	-39829.25	0.32023	2.215	0.00
0.00	-30344.35	-39829.19	0.31972	-30344.35	-39829.19	0.31972	2.136	0.00
0.00	-30344.18	-39829.13	0.31921	-30344.18	-39829.13	0.31921	2.266	0.00
0.00	-30344.02	-39829.08	0.31870	-30344.02	-39829.08	0.31870	2.132	0.00
0.00	-30343.89	-39829.04	0.31825	-30343.89	-39829.04	0.31825	2.208	0.00
0.00	-30343.74	-39828.98	0.31782	-30343.74	-39828.98	0.31782	2.234	0.00
0.00	-30343.58	-39828.93	0.31741	-30343.58	-39828.93	0.31741	2.260	0.00
0.00	-30343.42	-39828.88	0.31689	-30343.42	-39828.88	0.31689	2.342	0.00
0.00	-30343.26	-39828.82	0.31624	-30343.26	-39828.82	0.31624	2.257	0.00
0.00	-30343.09	-39828.77	0.31546	-30343.09	-39828.77	0.31546	2.233	0.00
0.00	-30342.99	-39828.73	0.31459	-30342.99	-39828.73	0.31459	2.696	0.00
0.00	-30342.87	-39828.69	0.31380	-30342.87	-39828.69	0.31380	2.328	0.00
0.00	-30342.75	-39828.65	0.31306	-30342.75	-39828.65	0.31306	2.189	0.00
0.00	-30342.63	-39828.61	0.31234	-30342.63	-39828.61	0.31234	2.138	0.00
0.00	-30342.51	-39828.57	0.31156	-30342.51	-39828.57	0.31156	2.173	0.00
0.00	-30342.39	-39828.53	0.31071	-30342.39	-39828.53	0.31071	2.110	0.00
0.00	-30342.26	-39828.49	0.30971	-30342.26	-39828.49	0.30971	2.206	0.00
0.00	-30342.13	-39828.45	0.30863	-30342.13	-39828.45	0.30863	2.123	0.00
0.00	-30342.00	-39828.40	0.30755	-30342.00	-39828.40	0.30755	2.199	0.00
0.00	-30341.87	-39828.36	0.30651	-30341.87	-39828.36	0.30651	2.234	0.00
0.00	-30341.73	-39828.32	0.30552	-30341.73	-39828.32	0.30552	2.239	0.00
0.00	-30341.59	-39828.27	0.30459	-30341.59	-39828.27	0.30459	2.323	0.00
0.00	-30341.44	-39828.22	0.30362	-30341.44	-39828.22	0.30362	2.223	0.00
0.00	-30341.29	-39828.18	0.30257	-30341.29	-39828.18	0.30257	2.254	0.00
0.00	-30341.18	-39828.14	0.30135	-30341.18	-39828.14	0.30135	2.318	0.00
0.00	-30341.04	-39828.10	0.30003	-30341.04	-39828.10	0.30003	2.267	0.00
0.00	-30340.90	-39828.06	0.29867	-30340.90	-39828.06	0.29867	2.126	0.00
0.00	-30340.77	-39828.01	0.29735	-30340.77	-39828.01	0.29735	2.340	0.00
0.00	-30340.64	-39827.97	0.29613	-30340.64	-39827.97	0.29613	2.088	0.00
0.00	-30340.51	-39827.93	0.29487	-30340.51	-39827.93	0.29487	2.101	0.00
0.00	-30340.38	-39827.89	0.29348	-30340.38	-39827.89	0.29348	2.106	0.00
0.00	-30340.24	-39827.85	0.29194	-30340.24	-39827.85	0.29194	2.116	0.00
0.00	-30340.09	-39827.80	0.29019	-30340.09	-39827.80	0.29019	2.455	0.00
0.00	-30339.96	-39827.77	0.28828	-30339.96	-39827.77	0.28828	2.194	0.00
0.00	-30339.84	-39827.73	0.28631	-30339.84	-39827.73	0.28631	2.284	0.00
0.00	-30339.70	-39827.69	0.28435	-30339.70	-39827.69	0.28435	2.236	0.00
0.00	-30339.55	-39827.65	0.28238	-30339.55	-39827.65	0.28238	2.228	0.00
0.00	-30339.41	-39827.60	0.28032	-30339.41	-39827.60	0.28032	2.243	0.00
0.00	-30339.26	-39827.56	0.27814	-30339.26	-39827.56	0.27814	2.271	0.00
0.00	-30339.12	-39827.52	0.27586	-30339.12	-39827.52	0.27586	2.111	0.00
0.00	-30339.00	-39827.49	0.27343	-30339.00	-39827.49	0.27343	2.101	0.00
0.00	-30338.89	-39827.46	0.27099	-30338.89	-39827.46	0.27099	2.254	0.00
0.00	-30338.77	-39827.42	0.26859	-30338.77	-39827.42	0.26859	2.167	0.00
0.00	-30338.65	-39827.39	0.26616	-30338.65	-39827.39	0.26616	2.222	0.00
0.00	-30338.54	-39827.36	0.26394	-30338.54	-39827.36	0.26394	2.198	0.00
0.00	-30338.42	-39827.33	0.26166	-30338.42	-39827.33	0.26166	2.251	0.00
0.00	-30338.32	-39827.30	0.25941	-30338.32	-39827.30	0.25941	2.250	0.00
0.00	-30338.23	-39827.28	0.25717	-30338.23	-39827.28	0.25717	2.186	0.00
0.00	-30338.14	-39827.25	0.25494	-30338.14	-39827.25	0.25494	3.546	0.00
0.00	-30338.04	-39827.23	0.25292	-30338.04	-39827.23	0.25292	3.315	0.00
0.00	-30337.95	-39827.20	0.25104	-30337.95	-39827.20	0.25104	2.187	0.00
0.00	-30337.85	-39827.18	0.24917	-30337.85	-39827.18	0.24917	2.212	0.00
0.00	-30337.75	-39827.15	0.24737	-30337.75	-39827.15	0.24737	2.165	0.00
0.00	-30337.66	-39827.13	0.24572	-30337.66	-39827.13	0.24572	2.071	0.00
0.00	-30337.56	-39827.10	0.24433	-30337.56	-39827.10	0.24433	2.163	0.00
0.00	-30337.45	-39827.07	0.24328	-30337.45	-39827.07	0.24328	2.179	0.00
0.00	-30337.35	-39827.05	0.24255	-30337.35	-39827.05	0.24255	2.345	0.00
0.00	-30337.26	-39827.03	0.24201	-30337.26	-39827.03	0.24201	2.296	0.00
0.00	-30337.15	-39827.00	0.24156	-30337.15	-39827.00	0.24156	2.200	0.00
0.00	-30337.06	-39826.98	0.24121	-30337.06	-39826.98	0.24121	2.172	0.00
0.00	-30336.96	-39826.95	0.24094	-30336.96	-39826.95	0.24094	2.237	0.00
0.00	-30336.85	-39826.93	0.24082	-30336.85	-39826.93	0.24082	2.173	0.00
0.00	-30336.75	-39826.90	0.24099	-30336.75	-39826.90	0.24099	2.577	0.00
0.00	-30336.65	-39826.88	0.24153	-30336.65	-39826.88	0.24153	2.155	0.00
0.00	-30336.56	-39826.86	0.24241	-30336.56	-39826.86	0.24241	2.166	0.00
0.00	-30336.47	-39826.83	0.24348	-30336.47	-39826.83	0.24348	2.450	0.00
0.00	-30336.37	-39826.81	0.24471	-30336.37	-39826.81	0.24471	2.945	0.00
0.00	-30336.27	-39826.79	0.24608	-30336.27	-39826.79	0.24608	2.285	0.00
0.00	-30336.18	-39826.76	0.24766	-30336.18	-39826.76	0.24766	2.214	0.00
0.00	-30336.08	-39826.74	0.24940	-30336.08	-39826.74	0.24940	2.318	0.00
0.00	-30335.97	-39826.71	0.25134	-30335.97	-39826.71	0.25134	2.197	0.00
0.00	-30335.85	-39826.68	0.25358	-30335.85	-39826.68	0.25358	2.183	0.00
0.00	-30335.74	-39826.65	0.25594	-30335.74	-39826.65	0.25594	2.220	0.00
0.00	-30335.63	-39826.62	0.25876	-30335.63	-39826.62	0.25876	2.239	0.00
0.00	-30335.51	-39826.59	0.26151	-30335.51	-39826.59	0.26151	2.167	0.00
0.00	-30335.40	-39826.56	0.26444	-30335.40	-39826.56	0.26444	2.126	0.00
0.00	-30335.32	-39826.54	0.26753	-30335.32	-39826.54	0.26753	2.244	0.00
0.00	-30335.24	-39826.52	0.27081	-30335.24	-39826.52	0.27081	2.185	0.00
0.00	-30335.13	-39826.49	0.27424	-30335.13	-39826.49	0.27424	2.260	0.00
0.00	-30335.04	-39826.47	0.27783	-30335.04	-39826.47	0.27783	2.241	0.00
0.00	-30334.94	-39826.44	0.28149	-30334.94	-39826.44	0.28149	2.321	0.00
0.00	-30334.84	-39826.41	0.28522	-30334.84	-39826.41	0.28522	2.229	0.00
0.00	-30334.73	-39826.38	0.28897	-30334.73	-39826.38	0.28897	2.137	0.00
0.00	-30334.61	-39826.34	0.29288	-30334.61	-39826.34	0.29288	2.170	0.00
0.00	-30334.51	-39826.31	0.29689	-30334.51	-39826.31	0.29689	2.113	0.00
0.00	-30334.40	-39826.28	0.30100	-30334.40	-39826.28	0.30100	2.118	0.00
0.00	-30334.27	-39826.24	0.30521	-30334.27	-39826.24	0.30521	2.170	0.00
0.00	-30334.15	-39826.20	0.30944	-30334.15	-39826.20	0.30944	2.114	0.00
0.00	-30334.05	-39826.17	0.31379	-30334.05	-39826.17	0.31379	2.108	0.00
0.00	-30333.94	-39826.14	0.31827	-30333.94	-39826.14	0.31827	2.241	0.00
0.00	-30333.83	-39826.10	0.32269	-30333.83	-39826.10	0.32269	2.200	0.00
0.00	-30333.71	-39826.07	0.32703	-30333.71	-39826.07	0.32703	2.230	0.00
0.00	-30333.60	-39826.03	0.33131	-30333.60	-39826.03	0.33131	2.307	0.00
0.00	-30333.49	-39825.99	0.33563	-30333.49	-39825.99	0.33563	2.216	0.00
0.00	-30333.39	-39825.96	0.34000	-30333.39	-39825.96	0.34000	2.359	0.00
0.00	-30333.28	-39825.92	0.34431	-30333.28	-39825.92	0.34431	2.370	0.00
0.00	-30333.16	-39825.88	0.34861	-30333.16	-39825.88	0.34861	2.277	0.00
0.00	-30333.03	-39825.84	0.35287	-30333.03	-39825.84	0.35287	2.142	0.00
0.00	-30332.90	-39825.79	0.35714	-30332.90	-39825.79	0.35714	2.241	0.00
0.00	-30332.76	-39825.74	0.36131	-30332.76	-39825.74	0.36131	2.136	0.00
0.00	-30332.64	-39825.70	0.36559	-30332.64	-39825.70	0.36559	2.236	0.00
0.00	-30332.49	-39825.64	0.36997	-30332.49	-39825.64	0.36997	2.396	0.00
0.00	-30332.40	-39825.61	0.37448	-30332.40	-39825.61	0.37448	2.584	0.00
0.00	-30332.31	-39825.58	0.37886	-30332.31	-39825.58	0.37886	2.162	0.00
0.00	-30332.18	-39825.53	0.38331	-30332.18	-39825.53	0.38331	2.056	0.00
0.00	-30332.07	-39825.48	0.38746	-30332.07	-39825.48	0.38746	2.591	0.00
0.00	-30331.91	-39825.42	0.39209	-30331.91	-39825.42	0.39209	2.150	0.00
0.00	-30331.77	-39825.36	0.39651	-30331.77	-39825.36	0.39651	2.031	0.00
0.00	-30331.63	-39825.31	0.40095	-30331.63	-39825.31	0.40095	2.140	0.00
0.00	-30331.53	-39825.27	0.40534	-30331.53	-39825.27	0.40534	2.158	0.00
0.00	-30331.43	-39825.22	0.40970	-30331.43	-39825.22	0.40970	2.754	0.00
0.00	-30331.31	-39825.17	0.41374	-30331.31	-39825.17	0.41374	2.161	0.00
0.00	-30331.19	-39825.12	0.41755	-30331.19	-39825.12	0.41755	2.147	0.00
0.00	-30331.05	-39825.06	0.42102	-30331.05	-39825.06	0.42102	2.148	0.00
0.00	-30330.89	-39824.99	0.42411	-30330.89	-39824.99	0.42411	2.158	0.00
0.00	-30330.75	-39824.93	0.42685	-30330.75	-39824.93	0.42685	2.171	0.00
0.00	-30330.63	-39824.88	0.42932	-30330.63	-39824.88	0.42932	2.257	0.00
0.00	-30330.51	-39824.82	0.43158	-30330.51	-39824.82	0.43158	2.152	0.00
0.00	-30330.39	-39824.77	0.43358	-30330.39	-39824.77	0.43358	2.060	0.00
0.00	-30330.21	-39824.69	0.43564	-30330.21	-39824.69	0.43564	2.060	0.00
0.00	-30330.06	-39824.62	0.43736	-30330.06	-39824.62	0.43736	2.115	0.00
0.00	-30329.93	-39824.56	0.43880	-30329.93	-39824.56	0.43880	2.267	0.00
0.00	-30329.79	-39824.49	0.43998	-30329.79	-39824.49	0.43998	2.173	0.00
0.00	-30329.62	-39824.41	0.44086	-30329.62	-39824.41	0.44086	2.359	0.00
0.00	-30329.50	-39824.36	0.44139	-30329.50	-39824.36	0.44139	2.287	0.00
0.00	-30329.36	-39824.29	0.44167	-30329.36	-39824.29	0.44167	2.350	0.00
0.00	-30329.20	-39824.21	0.44184	-30329.20	-39824.21	0.44184	2.255	0.00
0.00	-30329.04	-39824.14	0.44195	-30329.04	-39824.14	0.44195	2.309	0.00
0.00	-30328.89	-39824.07	0.44208	-30328.89	-39824.07	0.44208	2.104	0.00
0.00	-30328.79	-39824.02	0.44225	-30328.79	-39824.02	0.44225	2.130	0.00
0.00	-30328.63	-39823.95	0.44245	-30328.63	-39823.95	0.44245	2.121	0.00
0.00	-30328.50	-39823.88	0.44262	-30328.50	-39823.88	0.44262	2.188	0.00
0.00	-30328.36	-39823.82	0.44277	-30328.36	-39823.82	0.44277	2.251	0.00
0.00	-30328.22	-39823.75	0.44283	-30328.22	-39823.75	0.44283	2.080	0.00
0.00	-30328.08	-39823.68	0.44281	-30328.08	-39823.68	0.44281	2.119	0.00
0.00	-30327.94	-39823.61	0.44272	-30327.94	-39823.61	0.44272	2.145	0.00
0.00	-30327.79	-39823.54	0.44256	-30327.79	-39823.54	0.44256	2.095	0.00
0.00	-30327.64	-39823.47	0.44249	-30327.64	-39823.47	0.44249	2.260	0.00
0.00	-30327.47	-39823.38	0.44252	-30327.47	-39823.38	0.44252	2.211	0.00
0.00	-30327.32	-39823.31	0.44245	-30327.32	-39823.31	0.44245	3.238	0.00
0.00	-30327.17	-39823.24	0.44231	-30327.17	-39823.24	0.44231	2.127	0.00
0.00	-30327.01	-39823.16	0.44209	-30327.01	-39823.16	0.44209	2.138	0.00
0.00	-30326.85	-39823.08	0.44167	-30326.85	-39823.08	0.44167	2.166	0.00
0.00	-30326.73	-39823.02	0.44110	-30326.73	-39823.02	0.44110	2.237	0.00
0.00	-30326.56	-39822.94	0.44056	-30326.56	-39822.94	0.44056	2.161	0.00
0.00	-30326.39	-39822.85	0.43995	-30326.39	-39822.85	0.43995	2.224	0.00
0.00	-30326.23	-39822.77	0.43930	-30326.23	-39822.77	0.43930	2.136	0.00
0.00	-30326.09	-39822.70	0.43848	-30326.09	-39822.70	0.43848	2.134	0.00
0.00	-30325.92	-39822.62	0.43745	-30325.92	-39822.62	0.43745	2.219	0.00
0.00	-30325.78	-39822.55	0.43627	-30325.78	-39822.55	0.43627	2.311	0.00
0.00	-30325.63	-39822.48	0.43507	-30325.63	-39822.48	0.43507	2.153	0.00
0.00	-30325.48	-39822.41	0.43383	-30325.48	-39822.41	0.43383	2.147	0.00
0.00	-30325.32	-39822.33	0.43250	-30325.32	-39822.33	0.43250	2.096	0.00
0.00	-30325.17	-39822.26	0.43103	-30325.17	-39822.26	0.43103	2.169	0.00
0.00	-30324.99	-39822.17	0.42944	-30324.99	-39822.17	0.42944	2.034	0.00
0.00	-30324.80	-39822.08	0.42774	-30324.80	-39822.08	0.42774	2.308	0.00
0.00	-30324.63	-39822.01	0.42554	-30324.63	-39822.01	0.42554	2.165	0.00
0.00	-30324.48	-39821.94	0.42346	-30324.48	-39821.94	0.42346	2.191	0.00
0.00	-30324.31	-39821.86	0.42099	-30324.31	-39821.86	0.42099	2.182	0.00
0.00	-30324.15	-39821.79	0.41853	-30324.15	-39821.79	0.41853	2.142	0.00
0.00	-30324.00	-39821.72	0.41595	-30324.00	-39821.72	0.41595	2.210	0.00
0.00	-30323.83	-39821.64	0.41314	-30323.83	-39821.64	0.41314	2.415	0.00
0.00	-30323.65	-39821.56	0.41028	-30323.65	-39821.56	0.41028	2.172	0.00
0.00	-30323.49	-39821.49	0.40733	-30323.49	-39821.49	0.40733	2.132	0.00
0.00	-30323.33	-39821.42	0.40428	-30323.33	-39821.42	0.40428	2.185	0.00
0.00	-30323.15	-39821.34	0.40126	-30323.15	-39821.34	0.40126	2.009	0.00
0.00	-30322.95	-39821.25	0.39815	-30322.95	-39821.25	0.39815	2.025	0.00
0.00	-30322.76	-39821.17	0.39490	-30322.76	-39821.17	0.39490	2.338	0.00
0.00	-30322.62	-39821.11	0.39151	-30322.62	-39821.11	0.39151	2.288	0.00
0.00	-30322.47	-39821.05	0.38803	-30322.47	-39821.05	0.38803	2.104	0.00
0.00	-30322.31	-39820.98	0.38453	-30322.31	-39820.98	0.38453	2.058	0.00
0.00	-30322.12	-39820.91	0.38116	-30322.12	-39820.91	0.38116	2.083	0.00
0.00	-30321.93	-39820.83	0.37770	-30321.93	-39820.83	0.37770	1.969	0.00
0.00	-30321.73	-39820.75	0.37415	-30321.73	-39820.75	0.37415	2.105	0.00
0.00	-30321.54	-39820.67	0.37043	-30321.54	-39820.67	0.37043	2.097	0.00
0.00	-30321.40	-39820.62	0.36668	-30321.40	-39820.62	0.36668	2.099	0.00
0.00	-30321.24	-39820.56	0.36282	-30321.24	-39820.56	0.36282	2.039	0.00
0.00	-30321.07	-39820.49	0.35888	-30321.07	-39820.49	0.35888	2.048	0.00
0.00	-30320.91	-39820.43	0.35491	-30320.91	-39820.43	0.35491	2.139	0.00
0.00	-30320.75	-39820.37	0.35100	-30320.75	-39820.37	0.35100	2.132	0.00
0.00	-30320.58	-39820.31	0.34704	-30320.58	-39820.31	0.34704	2.188	0.00
0.00	-30320.41	-39820.25	0.34303	-30320.41	-39820.25	0.34303	2.134	0.00
0.00	-30320.25	-39820.19	0.33892	-30320.25	-39820.19	0.33892	2.105	0.00
0.00	-30320.07	-39820.13	0.33466	-30320.07	-39820.13	0.33466	2.088	0.00
0.00	-30319.88	-39820.06	0.33034	-30319.88	-39820.06	0.33034	2.048	0.00
0.00	-30319.69	-39820.00	0.32623	-30319.69	-39820.00	0.32623	2.121	0.00
0.00	-30319.51	-39819.94	0.32222	-30319.51	-39819.94	0.32222	2.156	0.00
0.00	-30317.82	-39819.39	0.29320	-30317.82	-39819.39	0.29320	5.132	0.00
0.00	-30317.75	-39819.37	0.29188	-30317.75	-39819.37	0.29188	2.702	0.00
0.00	-30317.75	-39819.37	0.29188	-30317.75	-39819.37	0.29188	2.589	0.00
0.00	-30317.68	-39819.35	0.29040	-30317.68	-39819.35	0.29040	2.142	0.00
0.00	-30317.61	-39819.33	0.28889	-30317.61	-39819.33	0.28889	2.010	0.00
0.00	-30317.46	-39819.29	0.28565	-30317.46	-39819.29	0.28565	2.119	0.00
0.00	-30318.36	-39819.57	0.28431	-30318.36	-39819.57	0.28431	2.009	0.00
0.00	-30318.26	-39819.54	0.28305	-30318.26	-39819.54	0.28305	2.198	0.00
0.00	-30318.26	-39819.54	0.28305	-30318.26	-39819.54	0.28305	2.084	0.00
0.00	-30318.14	-39819.51	0.28191	-30318.14	-39819.51	0.28191	2.536	0.00
0.00	-30317.90	-39819.43	0.27988	-30317.90	-39819.43	0.27988	2.113	0.00
0.00	-30317.58	-39819.34	0.27724	-30317.58	-39819.34	0.27724	2.176	0.00
0.00	-30317.29	-39819.25	0.27480	-30317.29	-39819.25	0.27480	2.098	0.00
0.00	-30317.02	-39819.18	0.27254	-30317.02	-39819.18	0.27254	2.084	0.00
0.00	-30316.78	-39819.11	0.27057	-30316.78	-39819.11	0.27057	2.119	0.00
0.00	-30316.56	-39819.04	0.26861	-30316.56	-39819.04	0.26861	2.103	0.00
0.00	-30316.28	-39818.97	0.26697	-30316.28	-39818.97	0.26697	2.164	0.00
0.00	-30316.01	-39818.89	0.26544	-30316.01	-39818.89	0.26544	2.198	0.00
0.00	-30315.78	-39818.83	0.26400	-30315.78	-39818.83	0.26400	2.320	0.00
0.00	-30315.54	-39818.76	0.26270	-30315.54	-39818.76	0.26270	2.105	0.00
0.00	-30315.32	-39818.70	0.26161	-30315.32	-39818.70	0.26161	2.187	0.00
0.00	-30315.17	-39818.66	0.26083	-30315.17	-39818.66	0.26083	2.064	0.00
0.00	-30314.95	-39818.60	0.26025	-30314.95	-39818.60	0.26025	2.139	0.00
0.00	-30314.73	-39818.54	0.25978	-30314.73	-39818.54	0.25978	2.170	0.00
0.00	-30314.58	-39818.50	0.25934	-30314.58	-39818.50	0.25934	2.458	0.00
0.00	-30314.41	-39818.45	0.25892	-30314.41	-39818.45	0.25892	2.123	0.00
0.00	-30314.21	-39818.40	0.25861	-30314.21	-39818.40	0.25861	2.225	0.00
0.00	-30314.00	-39818.34	0.25850	-30314.00	-39818.34	0.25850	2.065	0.00
0.00	-30313.79	-39818.29	0.25860	-30313.79	-39818.29	0.25860	2.300	0.00
0.00	-30313.47	-39818.20	0.25892	-30313.47	-39818.20	0.25892	2.145	0.00
0.00	-30313.35	-39818.17	0.25918	-30313.35	-39818.17	0.25918	2.180	0.00
0.00	-30313.10	-39818.10	0.25957	-30313.10	-39818.10	0.25957	2.146	0.00
0.00	-30312.86	-39818.03	0.26004	-30312.86	-39818.03	0.26004	2.153	0.00
0.00	-30312.64	-39817.97	0.26043	-30312.64	-39817.97	0.26043	2.251	0.00
0.00	-30312.43	-39817.92	0.26057	-30312.43	-39817.92	0.26057	2.304	0.00
0.00	-30312.18	-39817.85	0.26064	-30312.18	-39817.85	0.26064	2.242	0.00
0.00	-30312.09	-39817.82	0.26076	-30312.09	-39817.82	0.26076	2.179	0.00
0.00	-30311.86	-39817.76	0.26082	-30311.86	-39817.76	0.26082	2.182	0.00
0.00	-30311.64	-39817.70	0.26107	-30311.64	-39817.70	0.26107	2.193	0.00
0.00	-30311.37	-39817.63	0.26147	-30311.37	-39817.63	0.26147	2.219	0.00
0.00	-30311.15	-39817.57	0.26201	-30311.15	-39817.57	0.26201	2.344	0.00
0.00	-30310.95	-39817.52	0.26257	-30310.95	-39817.52	0.26257	2.267	0.00
0.00	-30310.76	-39817.46	0.26301	-30310.76	-39817.46	0.26301	2.208	0.00
0.00	-30310.58	-39817.42	0.26330	-30310.58	-39817.42	0.26330	2.234	0.00
0.00	-30310.39	-39817.36	0.26355	-30310.39	-39817.36	0.26355	2.146	0.00
0.00	-30310.19	-39817.31	0.26388	-30310.19	-39817.31	0.26388	2.050	0.00
0.00	-30309.99	-39817.26	0.26439	-30309.99	-39817.26	0.26439	2.248	0.00
0.00	-30309.78	-39817.20	0.26513	-30309.78	-39817.20	0.26513	2.112	0.00
0.00	-30309.53	-39817.13	0.26606	-30309.53	-39817.13	0.26606	2.212	0.00
0.00	-30309.31	-39817.07	0.26701	-30309.31	-39817.07	0.26701	2.201	0.00
0.00	-30309.11	-39817.02	0.26802	-30309.11	-39817.02	0.26802	2.233	0.00
0.00	-30308.92	-39816.96	0.26917	-30308.92	-39816.96	0.26917	2.296	0.00
0.00	-30308.71	-39816.90	0.27032	-30308.71	-39816.90	0.27032	2.231	0.00
0.00	-30308.41	-39816.82	0.27182	-30308.41	-39816.82	0.27182	2.370	0.00
0.00	-30308.31	-39816.79	0.27278	-30308.31	-39816.79	0.27278	2.357	0.00
0.00	-30308.15	-39816.74	0.27418	-30308.15	-39816.74	0.27418	2.357	0.00
0.00	-30307.92	-39816.67	0.27554	-30307.92	-39816.67	0.27554	2.536	0.00
0.00	-30307.71	-39816.60	0.27720	-30307.71	-39816.60	0.27720	2.400	0.00
0.00	-30307.48	-39816.53	0.27877	-30307.48	-39816.53	0.27877	2.517	0.00
0.00	-30307.23	-39816.46	0.28050	-30307.23	-39816.46	0.28050	2.457	0.00
0.00	-30307.04	-39816.40	0.28220	-30307.04	-39816.40	0.28220	2.601	0.00
0.00	-30306.85	-39816.34	0.28412	-30306.85	-39816.34	0.28412	2.691	0.00
0.00	-30306.66	-39816.28	0.28579	-30306.66	-39816.28	0.28579	2.772	0.00
0.00	-30306.44	-39816.21	0.28770	-30306.44	-39816.21	0.28770	2.927	0.00
0.00	-30306.21	-39816.13	0.28955	-30306.21	-39816.13	0.28955	3.227	0.00
0.00	-30305.97	-39816.05	0.29139	-30305.97	-39816.05	0.29139	2.895	0.00
0.00	-30305.77	-39815.99	0.29321	-30305.77	-39815.99	0.29321	2.917	0.00
0.00	-30305.60	-39815.93	0.29510	-30305.60	-39815.93	0.29510	3.214	0.00
0.00	-30305.40	-39815.86	0.29703	-30305.40	-39815.86	0.29703	3.003	0.00
0.00	-30305.21	-39815.80	0.29891	-30305.21	-39815.80	0.29891	3.147	0.00
0.00	-30305.03	-39815.74	0.30068	-30305.03	-39815.74	0.30068	3.205	0.00
0.00	-30304.84	-39815.67	0.30247	-30304.84	-39815.67	0.30247	3.198	0.00
0.00	-30304.65	-39815.61	0.30420	-30304.65	-39815.61	0.30420	2.815	0.00
0.00	-30304.45	-39815.54	0.30586	-30304.45	-39815.54	0.30586	3.325	0.00
0.00	-30304.25	-39815.47	0.30752	-30304.25	-39815.47	0.30752	3.064	0.00
0.00	-30303.94	-39815.37	0.30904	-30303.94	-39815.37	0.30904	3.386	0.00
0.00	-30303.82	-39815.33	0.31013	-30303.82	-39815.33	0.31013	3.491	0.00
0.00	-30303.52	-39815.23	0.31192	-30303.52	-39815.23	0.31192	6.169	0.00
0.00	-30303.44	-39815.20	0.31243	-30303.44	-39815.20	0.31243	3.785	0.00
0.00	-30303.23	-39815.13	0.31309	-30303.23	-39815.13	0.31309	3.667	0.00
0.00	-30303.03	-39815.07	0.31355	-30303.03	-39815.07	0.31355	3.685	0.00
0.00	-30302.82	-39815.00	0.31383	-30302.82	-39815.00	0.31383	3.944	0.00
0.00	-30302.62	-39814.94	0.31407	-30302.62	-39814.94	0.31407	3.877	0.00
0.00	-30302.42	-39814.88	0.31432	-30302.42	-39814.88	0.31432	3.792	0.00
0.00	-30302.20	-39814.81	0.31443	-30302.20	-39814.81	0.31443	3.928	0.00
0.00	-30302.00	-39814.75	0.31433	-30302.00	-39814.75	0.31433	3.847	0.00
0.00	-30301.78	-39814.68	0.31373	-30301.78	-39814.68	0.31373	3.999	0.00
0.00	-30301.56	-39814.61	0.31302	-30301.56	-39814.61	0.31302	4.001	0.00
0.00	-30301.36	-39814.56	0.31214	-30301.36	-39814.56	0.31214	3.864	0.00
0.00	-30301.17	-39814.50	0.31106	-30301.17	-39814.50	0.31106	4.167	0.00
0.00	-30300.97	-39814.45	0.30989	-30300.97	-39814.45	0.30989	4.067	0.00
0.00	-30300.78	-39814.39	0.30872	-30300.78	-39814.39	0.30872	4.100	0.00
0.00	-30300.58	-39814.34	0.30789	-30300.58	-39814.34	0.30789	4.524	0.00
0.00	-30300.37	-39814.28	0.30682	-30300.37	-39814.28	0.30682	4.191	0.00
0.00	-30300.18	-39814.22	0.30589	-30300.18	-39814.22	0.30589	3.759	0.00
0.00	-30299.98	-39814.17	0.30497	-30299.98	-39814.17	0.30497	4.782	0.00
0.00	-30299.76	-39814.11	0.30400	-30299.76	-39814.11	0.30400	4.321	0.00
0.00	-30299.54	-39814.05	0.30291	-30299.54	-39814.05	0.30291	4.563	0.00
0.00	-30299.31	-39813.98	0.30165	-30299.31	-39813.98	0.30165	4.449	0.00
0.00	-30298.98	-39813.89	0.29998	-30298.98	-39813.89	0.29998	4.186	0.00
0.00	-30298.83	-39813.85	0.29900	-30298.83	-39813.85	0.29900	4.536	0.00
0.00	-30298.61	-39813.79	0.29783	-30298.61	-39813.79	0.29783	4.602	0.00
0.00	-30298.44	-39813.74	0.29708	-30298.44	-39813.74	0.29708	4.684	0.00
0.00	-30298.28	-39813.69	0.29639	-30298.28	-39813.69	0.29639	4.735	0.00
0.00	-30298.11	-39813.65	0.29571	-30298.11	-39813.65	0.29571	4.857	0.00
0.00	-30297.94	-39813.60	0.29503	-30297.94	-39813.60	0.29503	4.871	0.00
0.00	-30297.75	-39813.55	0.29431	-30297.75	-39813.55	0.29431	5.128	0.00
0.00	-30297.56	-39813.50	0.29351	-30297.56	-39813.50	0.29351	4.958	0.00
0.00	-30297.36	-39813.44	0.29269	-30297.36	-39813.44	0.29269	5.139	0.00
0.00	-30297.16	-39813.38	0.29173	-30297.16	-39813.38	0.29173	7.021	0.00
0.00	-30296.96	-39813.33	0.29099	-30296.96	-39813.33	0.29099	6.417	0.00
0.00	-30296.73	-39813.27	0.29043	-30296.73	-39813.27	0.29043	4.916	0.00
0.00	-30296.50	-39813.20	0.28997	-30296.50	-39813.20	0.28997	5.162	0.00
0.00	-30296.27	-39813.14	0.28951	-30296.27	-39813.14	0.28951	5.271	0.00
0.00	-30296.06	-39813.08	0.28888	-30296.06	-39813.08	0.28888	5.640	0.00
0.00	-30295.84	-39813.02	0.28812	-30295.84	-39813.02	0.28812	5.689	0.00
0.00	-30295.63	-39812.96	0.28721	-30295.63	-39812.96	0.28721	5.629	0.00
0.00	-30295.42	-39812.90	0.28631	-30295.42	-39812.90	0.28631	5.617	0.00
0.00	-30295.26	-39812.86	0.28541	-30295.26	-39812.86	0.28541	5.747	0.00
0.00	-30295.04	-39812.80	0.28439	-30295.04	-39812.80	0.28439	5.699	0.00
0.00	-30294.84	-39812.75	0.28338	-30294.84	-39812.75	0.28338	3.942	0.00
0.00	-30294.67	-39812.70	0.28218	-30294.67	-39812.70	0.28218	4.556	0.00
0.00	-30294.47	-39812.65	0.28078	-30294.47	-39812.65	0.28078	6.307	0.00
0.00	-30294.30	-39812.61	0.27932	-30294.30	-39812.61	0.27932	5.559	0.00
0.00	-30294.12	-39812.57	0.27771	-30294.12	-39812.57	0.27771	5.498	0.00
0.00	-30293.93	-39812.52	0.27628	-30293.93	-39812.52	0.27628	5.333	0.00
0.00	-30293.75	-39812.48	0.27437	-30293.75	-39812.48	0.27437	5.395	0.00
0.00	-30293.56	-39812.43	0.27250	-30293.56	-39812.43	0.27250	5.518	0.00
0.00	-30293.36	-39812.38	0.27102	-30293.36	-39812.38	0.27102	5.321	0.00
0.00	-30293.17	-39812.34	0.26905	-30293.17	-39812.34	0.26905	5.904	0.00
0.00	-30292.97	-39812.30	0.26710	-30292.97	-39812.30	0.26710	5.715	0.00
0.00	-30292.76	-39812.25	0.26555	-30292.76	-39812.25	0.26555	5.572	0.00
0.00	-30292.54	-39812.19	0.26399	-30292.54	-39812.19	0.26399	5.487	0.00
0.00	-30292.34	-39812.15	0.26201	-30292.34	-39812.15	0.26201	5.742	0.00
0.00	-30292.15	-39812.11	0.26009	-30292.15	-39812.11	0.26009	5.538	0.00
0.00	-30291.95	-39812.06	0.25893	-30291.95	-39812.06	0.25893	5.413	0.00
0.00	-30291.77	-39812.02	0.25656	-30291.77	-39812.02	0.25656	5.531	0.00
0.00	-30291.58	-39811.98	0.25442	-30291.58	-39811.98	0.25442	5.409	0.00
0.00	-30291.38	-39811.94	0.25287	-30291.38	-39811.94	0.25287	5.734	0.00
0.00	-30291.09	-39811.87	0.25112	-30291.09	-39811.87	0.25112	5.805	0.00
0.00	-30290.99	-39811.85	0.24985	-30290.99	-39811.85	0.24985	5.681	0.00
0.00	-30290.78	-39811.80	0.24869	-30290.78	-39811.80	0.24869	5.919	0.00
0.00	-30290.57	-39811.76	0.24755	-30290.57	-39811.76	0.24755	8.485	0.00
0.00	-30290.37	-39811.71	0.24641	-30290.37	-39811.71	0.24641	5.765	0.00
0.00	-30290.17	-39811.66	0.24533	-30290.17	-39811.66	0.24533	5.551	0.00
0.00	-30289.86	-39811.59	0.24420	-30289.86	-39811.59	0.24420	5.638	0.00
0.00	-30289.75	-39811.57	0.24358	-30289.75	-39811.57	0.24358	5.599	0.00
0.00	-30289.56	-39811.52	0.24297	-30289.56	-39811.52	0.24297	5.693	0.00
0.00	-30289.35	-39811.47	0.24242	-30289.35	-39811.47	0.24242	5.897	0.00
0.00	-30289.15	-39811.42	0.24190	-30289.15	-39811.42	0.24190	5.818	0.00
0.00	-30288.96	-39811.38	0.24154	-30288.96	-39811.38	0.24154	6.102	0.00
0.00	-30288.77	-39811.33	0.24146	-30288.77	-39811.33	0.24146	5.717	0.00
0.00	-30288.57	-39811.28	0.24150	-30288.57	-39811.28	0.24150	5.736	0.00
0.00	-30288.36	-39811.23	0.24149	-30288.36	-39811.23	0.24149	6.310	0.00
0.00	-30288.22	-39811.19	0.24143	-30288.22	-39811.19	0.24143	6.163	0.00
0.00	-30288.00	-39811.14	0.24145	-30288.00	-39811.14	0.24145	6.472	0.00
0.00	-30287.80	-39811.09	0.24153	-30287.80	-39811.09	0.24153	6.397	0.00
0.00	-30287.61	-39811.04	0.24161	-30287.61	-39811.04	0.24161	5.970	0.00
0.00	-30287.44	-39810.99	0.24179	-30287.44	-39810.99	0.24179	6.377	0.00
0.00	-30287.27	-39810.95	0.24209	-30287.27	-39810.95	0.24209	6.158	0.00
0.00	-30287.10	-39810.90	0.24255	-30287.10	-39810.90	0.24255	6.467	0.00
0.00	-30286.92	-39810.85	0.24316	-30286.92	-39810.85	0.24316	6.449	0.00
0.00	-30286.74	-39810.81	0.24381	-30286.74	-39810.81	0.24381	6.101	0.00
0.00	-30286.56	-39810.76	0.24452	-30286.56	-39810.76	0.24452	6.443	0.00
0.00	-30286.38	-39810.71	0.24534	-30286.38	-39810.71	0.24534	6.886	0.00
0.00	-30286.19	-39810.66	0.24618	-30286.19	-39810.66	0.24618	6.510	0.00
0.00	-30286.01	-39810.60	0.24697	-30286.01	-39810.60	0.24697	5.949	0.00
0.00	-30285.81	-39810.55	0.24748	-30285.81	-39810.55	0.24748	19.141	0.00
0.00	-30285.59	-39810.49	0.24830	-30285.59	-39810.49	0.24830	6.615	0.00
0.00	-30285.37	-39810.43	0.24944	-30285.37	-39810.43	0.24944	16.791	0.00
0.00	-30285.27	-39810.39	0.25022	-30285.27	-39810.39	0.25022	6.618	0.00
0.00	-30285.09	-39810.34	0.25100	-30285.09	-39810.34	0.25100	6.416	0.00
0.00	-30284.90	-39810.29	0.25182	-30284.90	-39810.29	0.25182	6.523	0.00
0.00	-30284.73	-39810.24	0.25300	-30284.73	-39810.24	0.25300	6.337	0.00
0.00	-30284.55	-39810.19	0.25387	-30284.55	-39810.19	0.25387	10.222	0.00
0.00	-30284.34	-39810.13	0.25439	-30284.34	-39810.13	0.25439	6.636	0.00
0.00	-30284.13	-39810.07	0.25524	-30284.13	-39810.07	0.25524	10.576	0.00
0.00	-30283.94	-39810.02	0.25641	-30283.94	-39810.02	0.25641	10.397	0.00
0.00	-30283.76	-39809.96	0.25787	-30283.76	-39809.96	0.25787	7.068	0.00
0.00	-30283.58	-39809.90	0.25900	-30283.58	-39809.90	0.25900	8.373	0.00
0.00	-30283.36	-39809.84	0.26013	-30283.36	-39809.84	0.26013	6.614	0.00
0.00	-30283.14	-39809.77	0.26124	-30283.14	-39809.77	0.26124	9.494	0.00
0.00	-30282.94	-39809.72	0.26240	-30282.94	-39809.72	0.26240	8.978	0.00
0.00	-30282.74	-39809.66	0.26365	-30282.74	-39809.66	0.26365	6.856	0.00
0.00	-30282.54	-39809.60	0.26488	-30282.54	-39809.60	0.26488	8.555	0.00
0.00	-30282.33	-39809.53	0.26602	-30282.33	-39809.53	0.26602	6.899	0.00
0.00	-30282.12	-39809.47	0.26708	-30282.12	-39809.47	0.26708	7.957	0.00
0.00	-30281.93	-39809.41	0.26806	-30281.93	-39809.41	0.26806	8.849	0.00
0.00	-30281.74	-39809.36	0.26904	-30281.74	-39809.36	0.26904	7.683	0.00
0.00	-30281.53	-39809.30	0.26982	-30281.53	-39809.30	0.26982	9.018	0.00
0.00	-30281.33	-39809.24	0.27078	-30281.33	-39809.24	0.27078	8.860	0.00
0.00	-30281.11	-39809.17	0.27164	-30281.11	-39809.17	0.27164	7.134	0.00
0.00	-30280.85	-39809.10	0.27241	-30280.85	-39809.10	0.27241	8.845	0.00
0.00	-30280.74	-39809.06	0.27297	-30280.74	-39809.06	0.27297	8.087	0.00
0.00	-30280.57	-39809.01	0.27361	-30280.57	-39809.01	0.27361	9.157	0.00
0.00	-30280.40	-39808.96	0.27414	-30280.40	-39808.96	0.27414	8.091	0.00
0.00	-30280.25	-39808.92	0.27481	-30280.25	-39808.92	0.27481	8.147	0.00
0.00	-30280.08	-39808.87	0.27544	-30280.08	-39808.87	0.27544	9.183	0.00
0.00	-30279.90	-39808.81	0.27600	-30279.90	-39808.81	0.27600	8.469	0.00
0.00	-30279.71	-39808.76	0.27645	-30279.71	-39808.76	0.27645	8.211	0.00
0.00	-30279.52	-39808.70	0.27690	-30279.52	-39808.70	0.27690	9.479	0.00
0.00	-30279.32	-39808.64	0.27734	-30279.32	-39808.64	0.27734	8.477	0.00
0.00	-30279.11	-39808.58	0.27788	-30279.11	-39808.58	0.27788	9.858	0.00
0.00	-30278.91	-39808.52	0.27845	-30278.91	-39808.52	0.27845	7.624	0.00
0.00	-30278.70	-39808.46	0.27901	-30278.70	-39808.46	0.27901	8.958	0.00
0.00	-30278.50	-39808.40	0.27964	-30278.50	-39808.40	0.27964	10.212	0.00
0.00	-30278.26	-39808.33	0.28030	-30278.26	-39808.33	0.28030	9.222	0.00
0.00	-30278.02	-39808.26	0.28091	-30278.02	-39808.26	0.28091	10.893	0.00
0.00	-30277.79	-39808.19	0.28143	-30277.79	-39808.19	0.28143	10.472	0.00
0.00	-30277.55	-39808.12	0.28185	-30277.55	-39808.12	0.28185	10.997	0.00
0.00	-30277.33	-39808.06	0.28225	-30277.33	-39808.06	0.28225	9.608	0.00
0.00	-30277.16	-39808.01	0.28276	-30277.16	-39808.01	0.28276	9.743	0.00
0.00	-30276.99	-39807.96	0.28341	-30276.99	-39807.96	0.28341	11.518	0.00
0.00	-30276.82	-39807.90	0.28414	-30276.82	-39807.90	0.28414	11.194	0.00
0.00	-30276.60	-39807.84	0.28484	-30276.60	-39807.84	0.28484	10.326	0.00
0.00	-30276.31	-39807.76	0.28567	-30276.31	-39807.76	0.28567	11.386	0.00
0.00	-30276.22	-39807.73	0.28609	-30276.22	-39807.73	0.28609	10.714	0.00
0.00	-30276.02	-39807.67	0.28670	-30276.02	-39807.67	0.28670	11.189	0.00
0.00	-30275.82	-39807.61	0.28731	-30275.82	-39807.61	0.28731	10.976	0.00
0.00	-30275.62	-39807.55	0.28792	-30275.62	-39807.55	0.28792	10.046	0.00
0.00	-30275.42	-39807.49	0.28859	-30275.42	-39807.49	0.28859	12.153	0.00
0.00	-30275.22	-39807.43	0.28929	-30275.22	-39807.43	0.28929	11.861	0.00
0.00	-30275.01	-39807.37	0.28996	-30275.01	-39807.37	0.28996	11.388	0.00
0.00	-30274.77	-39807.29	0.29059	-30274.77	-39807.29	0.29059	10.594	0.00
0.00	-30274.53	-39807.22	0.29123	-30274.53	-39807.22	0.29123	12.257	0.00
0.00	-30274.34	-39807.17	0.29189	-30274.34	-39807.17	0.29189	12.814	0.00
0.00	-30274.15	-39807.11	0.29256	-30274.15	-39807.11	0.29256	12.317	0.00
0.00	-30273.96	-39807.05	0.29327	-30273.96	-39807.05	0.29327	11.537	0.00
0.00	-30273.71	-39806.98	0.29386	-30273.71	-39806.98	0.29386	13.357	0.00
0.00	-30273.47	-39806.91	0.29436	-30273.47	-39806.91	0.29436	11.450	0.00
0.00	-30273.25	-39806.84	0.29494	-30273.25	-39806.84	0.29494	12.505	0.00
0.00	-30273.08	-39806.79	0.29561	-30273.08	-39806.79	0.29561	11.383	0.00
0.00	-30272.91	-39806.74	0.29636	-30272.91	-39806.74	0.29636	14.348	0.00
0.00	-30272.73	-39806.68	0.29714	-30272.73	-39806.68	0.29714	12.918	0.00
0.00	-30272.50	-39806.61	0.29810	-30272.50	-39806.61	0.29810	12.346	0.00
0.00	-30272.27	-39806.54	0.29896	-30272.27	-39806.54	0.29896	13.135	0.00
0.00	-30272.05	-39806.48	0.29974	-30272.05	-39806.48	0.29974	13.147	0.00
0.00	-30271.83	-39806.41	0.30034	-30271.83	-39806.41	0.30034	13.789	0.00
0.00	-30271.62	-39806.35	0.30096	-30271.62	-39806.35	0.30096	13.076	0.00
0.00	-30271.52	-39806.32	0.30132	-30271.52	-39806.32	0.30132	13.652	0.00
0.00	-30271.33	-39806.26	0.30182	-30271.33	-39806.26	0.30182	14.371	0.00
0.00	-30271.14	-39806.20	0.30230	-30271.14	-39806.20	0.30230	13.863	0.00
0.00	-30270.90	-39806.13	0.30271	-30270.90	-39806.13	0.30271	14.312	0.00
0.00	-30270.68	-39806.06	0.30311	-30270.68	-39806.06	0.30311	14.665	0.00
0.00	-30270.51	-39806.00	0.30349	-30270.51	-39806.00	0.30349	14.414	0.00
0.00	-30270.31	-39805.94	0.30381	-30270.31	-39805.94	0.30381	14.859	0.00
0.00	-30270.11	-39805.88	0.30412	-30270.11	-39805.88	0.30412	14.190	0.00
0.00	-30269.92	-39805.82	0.30451	-30269.92	-39805.82	0.30451	16.809	0.00
0.00	-30269.74	-39805.77	0.30486	-30269.74	-39805.77	0.30486	16.394	0.00
0.00	-30269.56	-39805.71	0.30516	-30269.56	-39805.71	0.30516	15.465	0.00
0.00	-30269.33	-39805.64	0.30549	-30269.33	-39805.64	0.30549	15.536	0.00
0.00	-30269.09	-39805.56	0.30575	-30269.09	-39805.56	0.30575	15.718	0.00
0.00	-30268.88	-39805.50	0.30590	-30268.88	-39805.50	0.30590	15.861	0.00
0.00	-30268.71	-39805.45	0.30600	-30268.71	-39805.45	0.30600	15.896	0.00
0.00	-30268.54	-39805.39	0.30612	-30268.54	-39805.39	0.30612	15.165	0.00
0.00	-30268.29	-39805.31	0.30624	-30268.29	-39805.31	0.30624	15.655	0.00
0.00	-30268.07	-39805.24	0.30635	-30268.07	-39805.24	0.30635	16.102	0.00
0.00	-30267.95	-39805.20	0.30644	-30267.95	-39805.20	0.30644	16.619	0.00
0.00	-30267.72	-39805.13	0.30654	-30267.72	-39805.13	0.30654	15.644	0.00
0.00	-30267.49	-39805.06	0.30656	-30267.49	-39805.06	0.30656	17.015	0.00
0.00	-30267.24	-39804.98	0.30654	-30267.24	-39804.98	0.30654	17.977	0.00
0.00	-30267.14	-39804.95	0.30649	-30267.14	-39804.95	0.30649	16.836	0.00
0.00	-30266.93	-39804.88	0.30643	-30266.93	-39804.88	0.30643	15.802	0.00
0.00	-30266.74	-39804.83	0.30645	-30266.74	-39804.83	0.30645	16.853	0.00
0.00	-30266.56	-39804.77	0.30657	-30266.56	-39804.77	0.30657	16.591	0.00
0.00	-30266.38	-39804.71	0.30673	-30266.38	-39804.71	0.30673	17.549	0.00
0.00	-30266.19	-39804.65	0.30691	-30266.19	-39804.65	0.30691	15.856	0.00
0.00	-30266.01	-39804.59	0.30707	-30266.01	-39804.59	0.30707	17.282	0.00
0.00	-30265.80	-39804.53	0.30723	-30265.80	-39804.53	0.30723	16.727	0.00
0.00	-30265.59	-39804.46	0.30734	-30265.59	-39804.46	0.30734	16.093	0.00
0.00	-30265.38	-39804.39	0.30739	-30265.38	-39804.39	0.30739	17.486	0.00
0.00	-30265.20	-39804.34	0.30741	-30265.20	-39804.34	0.30741	17.361	0.00
0.00	-30265.03	-39804.28	0.30740	-30265.03	-39804.28	0.30740	19.144	0.00
0.00	-30264.80	-39804.21	0.30737	-30264.80	-39804.21	0.30737	17.578	0.00
0.00	-30264.59	-39804.14	0.30732	-30264.59	-39804.14	0.30732	16.979	0.00
0.00	-30264.38	-39804.08	0.30732	-30264.38	-39804.08	0.30732	18.020	0.00
0.00	-30264.18	-39804.01	0.30742	-30264.18	-39804.01	0.30742	18.322	0.00
0.00	-30264.00	-39803.96	0.30750	-30264.00	-39803.96	0.30750	18.035	0.00
0.00	-30263.78	-39803.89	0.30753	-30263.78	-39803.89	0.30753	18.062	0.00
0.00	-30263.59	-39803.83	0.30757	-30263.59	-39803.83	0.30757	18.420	0.00
0.00	-30263.41	-39803.77	0.30761	-30263.41	-39803.77	0.30761	20.267	0.00
0.00	-30263.24	-39803.72	0.30771	-30263.24	-39803.72	0.30771	18.344	0.00
0.00	-30263.08	-39803.66	0.30779	-30263.08	-39803.66	0.30779	18.363	0.00
0.00	-30262.86	-39803.59	0.30773	-30262.86	-39803.59	0.30773	18.101	0.00
0.00	-30262.70	-39803.54	0.30759	-30262.70	-39803.54	0.30759	20.340	0.00
0.00	-30262.46	-39803.47	0.30742	-30262.46	-39803.47	0.30742	19.625	0.00
0.00	-30262.34	-39803.43	0.30734	-30262.34	-39803.43	0.30734	18.109	0.00
0.00	-30262.11	-39803.36	0.30732	-30262.11	-39803.36	0.30732	19.010	0.00
0.00	-30261.90	-39803.29	0.30741	-30261.90	-39803.29	0.30741	20.808	0.00
0.00	-30261.69	-39803.22	0.30761	-30261.69	-39803.22	0.30761	19.574	0.00
0.00	-30261.47	-39803.16	0.30788	-30261.47	-39803.16	0.30788	19.439	0.00
0.00	-30261.28	-39803.09	0.30810	-30261.28	-39803.09	0.30810	18.570	0.00
0.00	-30261.11	-39803.04	0.30828	-30261.11	-39803.04	0.30828	20.924	0.00
0.00	-30260.80	-39802.94	0.30841	-30260.80	-39802.94	0.30841	20.123	0.00
0.00	-30260.71	-39802.91	0.30836	-30260.71	-39802.91	0.30836	20.514	0.00
0.00	-30260.64	-39802.89	0.30830	-30260.64	-39802.89	0.30830	20.247	0.00
0.00	-30260.30	-39802.78	0.30816	-30260.30	-39802.78	0.30816	20.925	0.00
0.00	-30260.26	-39802.77	0.30812	-30260.26	-39802.77	0.30812	21.219	0.00
0.00	-30260.06	-39802.71	0.30803	-30260.06	-39802.71	0.30803	19.783	0.00
0.00	-30259.88	-39802.65	0.30798	-30259.88	-39802.65	0.30798	20.751	0.00
0.00	-30259.68	-39802.59	0.30797	-30259.68	-39802.59	0.30797	20.847	0.00
0.00	-30259.51	-39802.53	0.30792	-30259.51	-39802.53	0.30792	21.116	0.00
0.00	-30259.27	-39802.46	0.30788	-30259.27	-39802.46	0.30788	20.528	0.00
0.00	-30259.11	-39802.41	0.30782	-30259.11	-39802.41	0.30782	21.333	0.00
0.00	-30258.86	-39802.33	0.30779	-30258.86	-39802.33	0.30779	22.253	0.00
0.00	-30258.71	-39802.28	0.30781	-30258.71	-39802.28	0.30781	20.993	0.00
0.00	-30258.47	-39802.20	0.30795	-30258.47	-39802.20	0.30795	21.137	0.00
0.00	-30258.29	-39802.14	0.30822	-30258.29	-39802.14	0.30822	21.093	0.00
0.00	-30258.11	-39802.09	0.30845	-30258.11	-39802.09	0.30845	21.551	0.00
0.00	-30257.94	-39802.03	0.30866	-30257.94	-39802.03	0.30866	21.170	0.00
0.00	-30257.73	-39801.97	0.30868	-30257.73	-39801.97	0.30868	20.800	0.00
0.00	-30257.53	-39801.90	0.30870	-30257.53	-39801.90	0.30870	21.932	0.00
0.00	-30257.32	-39801.83	0.30857	-30257.32	-39801.83	0.30857	21.685	0.00
0.00	-30257.17	-39801.78	0.30854	-30257.17	-39801.78	0.30854	21.845	0.00
0.00	-30256.96	-39801.72	0.30845	-30256.96	-39801.72	0.30845	20.776	0.00
0.00	-30256.75	-39801.65	0.30855	-30256.75	-39801.65	0.30855	21.745	0.00
0.00	-30256.56	-39801.59	0.30847	-30256.56	-39801.59	0.30847	22.191	0.00
0.00	-30256.43	-39801.55	0.30868	-30256.43	-39801.55	0.30868	22.267	0.00
0.00	-30256.24	-39801.49	0.30881	-30256.24	-39801.49	0.30881	21.148	0.00
0.00	-30256.04	-39801.42	0.30917	-30256.04	-39801.42	0.30917	23.672	0.00
0.00	-30255.80	-39801.34	0.30931	-30255.80	-39801.34	0.30931	23.062	0.00
0.00	-30255.59	-39801.27	0.30956	-30255.59	-39801.27	0.30956	21.089	0.00
0.00	-30255.41	-39801.21	0.30958	-30255.41	-39801.21	0.30958	22.341	0.00
0.00	-30255.25	-39801.16	0.30970	-30255.25	-39801.16	0.30970	22.685	0.00
0.00	-30255.00	-39801.08	0.30965	-30255.00	-39801.08	0.30965	22.934	0.00
0.00	-30254.87	-39801.04	0.30970	-30254.87	-39801.04	0.30970	22.127	0.00
0.00	-30254.64	-39800.97	0.30981	-30254.64	-39800.97	0.30981	22.136	0.00
0.00	-30254.29	-39800.85	0.31015	-30254.29	-39800.85	0.31015	22.605	0.00
0.00	-30254.34	-39800.87	0.31026	-30254.34	-39800.87	0.31026	23.686	0.00
0.00	-30254.10	-39800.79	0.31047	-30254.10	-39800.79	0.31047	22.455	0.00
0.00	-30253.91	-39800.73	0.31056	-30253.91	-39800.73	0.31056	22.634	0.00
0.00	-30253.73	-39800.67	0.31083	-30253.73	-39800.67	0.31083	23.312	0.00
0.00	-30253.56	-39800.61	0.31107	-30253.56	-39800.61	0.31107	23.494	0.00
0.00	-30253.27	-39800.52	0.31133	-30253.27	-39800.52	0.31133	22.650	0.00
0.00	-30253.04	-39800.45	0.31151	-30253.04	-39800.45	0.31151	23.231	0.00
0.00	-30252.83	-39800.38	0.31177	-30252.83	-39800.38	0.31177	23.444	0.00
0.00	-30252.65	-39800.32	0.31190	-30252.65	-39800.32	0.31190	24.165	0.00
0.00	-30252.48	-39800.26	0.31196	-30252.48	-39800.26	0.31196	24.364	0.00
0.00	-30252.31	-39800.21	0.31203	-30252.31	-39800.21	0.31203	23.494	0.00
0.00	-30252.11	-39800.14	0.31212	-30252.11	-39800.14	0.31212	24.829	0.00
0.00	-30251.89	-39800.07	0.31216	-30251.89	-39800.07	0.31216	23.979	0.00
0.00	-30251.70	-39800.01	0.31216	-30251.70	-39800.01	0.31216	24.347	0.00
0.00	-30251.50	-39799.94	0.31214	-30251.50	-39799.94	0.31214	25.658	0.00
0.00	-30251.30	-39799.88	0.31213	-30251.30	-39799.88	0.31213	26.085	0.00
0.00	-30251.11	-39799.81	0.31217	-30251.11	-39799.81	0.31217	25.047	0.00
0.00	-30250.91	-39799.75	0.31218	-30250.91	-39799.75	0.31218	26.548	0.00
0.00	-30250.71	-39799.68	0.31225	-30250.71	-39799.68	0.31225	25.006	0.00
0.00	-30250.51	-39799.62	0.31237	-30250.51	-39799.62	0.31237	25.516	0.00
0.00	-30250.30	-39799.55	0.31246	-30250.30	-39799.55	0.31246	25.065	0.00
0.00	-30250.06	-39799.47	0.31257	-30250.06	-39799.47	0.31257	25.928	0.00
0.00	-30249.75	-39799.37	0.31283	-30249.75	-39799.37	0.31283	25.989	0.00
0.00	-30249.65	-39799.34	0.31294	-30249.65	-39799.34	0.31294	26.291	0.00
0.00	-30249.37	-39799.25	0.31301	-30249.37	-39799.25	0.31301	26.006	0.00
0.00	-30249.14	-39799.17	0.31310	-30249.14	-39799.17	0.31310	24.986	0.00
0.00	-30248.92	-39799.10	0.31322	-30248.92	-39799.10	0.31322	25.787	0.00
0.00	-30248.49	-39798.96	0.31333	-30248.49	-39798.96	0.31333	25.276	0.00
0.00	-30248.50	-39798.97	0.31329	-30248.50	-39798.97	0.31329	26.966	0.00
0.00	-30248.33	-39798.91	0.31316	-30248.33	-39798.91	0.31316	26.502	0.00
0.00	-30248.26	-39798.89	0.31311	-30248.26	-39798.89	0.31311	31.903	0.00
0.00	-30247.98	-39798.80	0.31301	-30247.98	-39798.80	0.31301	26.744	0.00
0.00	-30247.79	-39798.74	0.31296	-30247.79	-39798.74	0.31296	26.443	0.00
0.00	-30247.58	-39798.67	0.31298	-30247.58	-39798.67	0.31298	26.216	0.00
0.00	-30247.38	-39798.60	0.31305	-30247.38	-39798.60	0.31305	26.393	0.00
0.00	-30247.18	-39798.54	0.31314	-30247.18	-39798.54	0.31314	26.404	0.00
0.00	-30247.02	-39798.49	0.31308	-30247.02	-39798.49	0.31308	26.564	0.00
0.00	-30246.82	-39798.42	0.31294	-30246.82	-39798.42	0.31294	26.495	0.00
0.00	-30246.63	-39798.36	0.31264	-30246.63	-39798.36	0.31264	26.383	0.00
0.00	-30246.41	-39798.29	0.31229	-30246.41	-39798.29	0.31229	26.931	0.00
0.00	-30246.18	-39798.22	0.31180	-30246.18	-39798.22	0.31180	26.581	0.00
0.00	-30245.95	-39798.15	0.31156	-30245.95	-39798.15	0.31156	27.464	0.00
0.00	-30245.76	-39798.08	0.31137	-30245.76	-39798.08	0.31137	27.431	0.00
0.00	-30245.52	-39798.01	0.31147	-30245.52	-39798.01	0.31147	27.238	0.00
0.00	-30245.41	-39797.97	0.31158	-30245.41	-39797.97	0.31158	27.499	0.00
0.00	-30245.16	-39797.89	0.31178	-30245.16	-39797.89	0.31178	26.364	0.00
0.00	-30245.00	-39797.84	0.31181	-30245.00	-39797.84	0.31181	27.369	0.00
0.00	-30244.76	-39797.76	0.31183	-30244.76	-39797.76	0.31183	28.409	0.00
0.00	-30244.41	-39797.65	0.31159	-30244.41	-39797.65	0.31159	26.760	0.00
0.00	-30244.36	-39797.64	0.31148	-30244.36	-39797.64	0.31148	27.841	0.00
0.00	-30244.21	-39797.59	0.31133	-30244.21	-39797.59	0.31133	27.558	0.00
0.00	-30244.02	-39797.53	0.31134	-30244.02	-39797.53	0.31134	28.082	0.00
0.00	-30243.80	-39797.46	0.31130	-30243.80	-39797.46	0.31130	27.162	0.00
0.00	-30243.59	-39797.39	0.31141	-30243.59	-39797.39	0.31141	27.319	0.00
0.00	-30243.38	-39797.33	0.31124	-30243.38	-39797.33	0.31124	27.905	0.00
0.00	-30243.18	-39797.26	0.31107	-30243.18	-39797.26	0.31107	28.528	0.00
0.00	-30242.98	-39797.20	0.31062	-30242.98	-39797.20	0.31062	27.419	0.00
0.00	-30242.59	-39797.07	0.31037	-30242.59	-39797.07	0.31037	28.878	0.00
0.00	-30242.51	-39797.05	0.31024	-30242.51	-39797.05	0.31024	27.859	0.00
0.00	-30242.42	-39797.02	0.31008	-30242.42	-39797.02	0.31008	34.659	0.00
0.00	-30242.25	-39796.97	0.30987	-30242.25	-39796.97	0.30987	31.802	0.00
0.00	-30241.93	-39796.87	0.30955	-30241.93	-39796.87	0.30955	28.380	0.00
0.00	-30241.85	-39796.84	0.30945	-30241.85	-39796.84	0.30945	27.795	0.00
0.00	-30241.63	-39796.77	0.30934	-30241.63	-39796.77	0.30934	28.308	0.00
0.00	-30241.32	-39796.68	0.30909	-30241.32	-39796.68	0.30909	28.742	0.00
0.00	-30241.17	-39796.63	0.30892	-30241.17	-39796.63	0.30892	27.622	0.00
0.00	-30240.93	-39796.56	0.30874	-30240.93	-39796.56	0.30874	28.160	0.00
0.00	-30240.72	-39796.49	0.30850	-30240.72	-39796.49	0.30850	28.770	0.00
0.00	-30240.54	-39796.43	0.30820	-30240.54	-39796.43	0.30820	28.695	0.00
0.00	-30240.36	-39796.38	0.30789	-30240.36	-39796.38	0.30789	29.191	0.00
0.00	-30240.05	-39796.28	0.30751	-30240.05	-39796.28	0.30751	29.918	0.00
0.00	-30239.93	-39796.24	0.30734	-30239.93	-39796.24	0.30734	30.141	0.00
0.00	-30239.81	-39796.21	0.30716	-30239.81	-39796.21	0.30716	30.969	0.00
0.00	-30239.62	-39796.15	0.30699	-30239.62	-39796.15	0.30699	29.888	0.00
0.00	-30239.43	-39796.09	0.30678	-30239.43	-39796.09	0.30678	30.330	0.00
0.00	-30239.23	-39796.03	0.30667	-30239.23	-39796.03	0.30667	30.382	0.00
0.00	-30239.03	-39795.96	0.30664	-30239.03	-39795.96	0.30664	29.349	0.00
0.00	-30238.84	-39795.90	0.30666	-30238.84	-39795.90	0.30666	30.640	0.00
0.00	-30238.63	-39795.84	0.30673	-30238.63	-39795.84	0.30673	29.342	0.00
0.00	-30238.43	-39795.78	0.30666	-30238.43	-39795.78	0.30666	30.339	0.00
0.00	-30238.23	-39795.72	0.30635	-30238.23	-39795.72	0.30635	30.835	0.00
0.00	-30238.04	-39795.66	0.30587	-30238.04	-39795.66	0.30587	29.450	0.00
0.00	-30237.77	-39795.57	0.30519	-30237.77	-39795.57	0.30519	30.930	0.00
0.00	-30237.64	-39795.54	0.30472	-30237.64	-39795.54	0.30472	35.167	0.00
0.00	-30237.45	-39795.48	0.30443	-30237.45	-39795.48	0.30443	31.392	0.00
0.00	-30237.19	-39795.40	0.30417	-30237.19	-39795.40	0.30417	30.440	0.00
0.00	-30236.95	-39795.32	0.30404	-30236.95	-39795.32	0.30404	31.238	0.00
0.00	-30236.73	-39795.26	0.30376	-30236.73	-39795.26	0.30376	31.174	0.00
0.00	-30236.54	-39795.20	0.30350	-30236.54	-39795.20	0.30350	31.494	0.00
0.00	-30236.35	-39795.14	0.30328	-30236.35	-39795.14	0.30328	31.390	0.00
0.00	-30236.16	-39795.08	0.30307	-30236.16	-39795.08	0.30307	31.463	0.00
0.00	-30235.96	-39795.02	0.30283	-30235.96	-39795.02	0.30283	32.073	0.00
0.00	-30235.76	-39794.96	0.30258	-30235.76	-39794.96	0.30258	31.457	0.00
0.00	-30235.52	-39794.89	0.30232	-30235.52	-39794.89	0.30232	31.580	0.00
0.00	-30235.31	-39794.82	0.30199	-30235.31	-39794.82	0.30199	31.913	0.00
0.00	-30235.07	-39794.75	0.30166	-30235.07	-39794.75	0.30166	31.991	0.00
0.00	-30234.84	-39794.68	0.30144	-30234.84	-39794.68	0.30144	31.890	0.00
0.00	-30234.64	-39794.62	0.30120	-30234.64	-39794.62	0.30120	31.134	0.00
0.00	-30234.45	-39794.56	0.30094	-30234.45	-39794.56	0.30094	33.600	0.00
0.00	-30234.25	-39794.50	0.30079	-30234.25	-39794.50	0.30079	32.366	0.00
0.00	-30234.07	-39794.44	0.30053	-30234.07	-39794.44	0.30053	32.711	0.00
0.00	-30233.88	-39794.38	0.30028	-30233.88	-39794.38	0.30028	32.042	0.00
0.00	-30233.67	-39794.32	0.30011	-30233.67	-39794.32	0.30011	31.801	0.00
0.00	-30233.47	-39794.26	0.30004	-30233.47	-39794.26	0.30004	32.435	0.00
0.00	-30233.25	-39794.19	0.30009	-30233.25	-39794.19	0.30009	33.057	0.00
0.00	-30233.00	-39794.11	0.30028	-30233.00	-39794.11	0.30028	32.548	0.00
0.00	-30232.77	-39794.04	0.30043	-30232.77	-39794.04	0.30043	35.480	0.00
0.00	-30232.56	-39793.97	0.30063	-30232.56	-39793.97	0.30063	32.655	0.00
0.00	-30232.33	-39793.90	0.30091	-30232.33	-39793.90	0.30091	34.828	0.00
0.00	-30232.10	-39793.83	0.30121	-30232.10	-39793.83	0.30121	33.208	0.00
0.00	-30231.88	-39793.76	0.30151	-30231.88	-39793.76	0.30151	35.140	0.00
0.00	-30231.70	-39793.70	0.30183	-30231.70	-39793.70	0.30183	33.682	0.00
0.00	-30231.53	-39793.64	0.30207	-30231.53	-39793.64	0.30207	33.089	0.00
0.00	-30231.31	-39793.57	0.30214	-30231.31	-39793.57	0.30214	32.987	0.00
0.00	-30231.08	-39793.50	0.30221	-30231.08	-39793.50	0.30221	33.626	0.00
0.00	-30230.85	-39793.43	0.30236	-30230.85	-39793.43	0.30236	33.741	0.00
0.00	-30230.64	-39793.36	0.30261	-30230.64	-39793.36	0.30261	33.470	0.00
0.00	-30230.42	-39793.29	0.30293	-30230.42	-39793.29	0.30293	34.495	0.00
0.00	-30230.22	-39793.22	0.30334	-30230.22	-39793.22	0.30334	33.361	0.00
0.00	-30230.00	-39793.15	0.30359	-30230.00	-39793.15	0.30359	34.459	0.00
0.00	-30229.82	-39793.10	0.30374	-30229.82	-39793.10	0.30374	33.254	0.00
0.00	-30229.62	-39793.03	0.30383	-30229.62	-39793.03	0.30383	34.732	0.00
0.00	-30229.41	-39792.96	0.30406	-30229.41	-39792.96	0.30406	33.984	0.00
0.00	-30229.22	-39792.90	0.30442	-30229.22	-39792.90	0.30442	33.950	0.00
0.00	-30229.01	-39792.84	0.30493	-30229.01	-39792.84	0.30493	34.668	0.00
0.00	-30228.80	-39792.77	0.30529	-30228.80	-39792.77	0.30529	34.182	0.00
0.00	-30228.58	-39792.70	0.30556	-30228.58	-39792.70	0.30556	34.904	0.00
0.00	-30228.36	-39792.63	0.30584	-30228.36	-39792.63	0.30584	35.263	0.00
0.00	-30228.14	-39792.56	0.30609	-30228.14	-39792.56	0.30609	35.161	0.00
0.00	-30227.92	-39792.48	0.30632	-30227.92	-39792.48	0.30632	35.646	0.00
0.00	-30227.70	-39792.42	0.30639	-30227.70	-39792.42	0.30639	34.486	0.00
0.00	-30227.48	-39792.34	0.30653	-30227.48	-39792.34	0.30653	34.351	0.00
0.00	-30227.33	-39792.29	0.30674	-30227.33	-39792.29	0.30674	34.547	0.00
0.00	-30227.15	-39792.24	0.30692	-30227.15	-39792.24	0.30692	34.642	0.00
0.00	-30226.94	-39792.17	0.30707	-30226.94	-39792.17	0.30707	34.433	0.00
0.00	-30226.73	-39792.10	0.30724	-30226.73	-39792.10	0.30724	35.164	0.00
0.00	-30226.56	-39792.05	0.30733	-30226.56	-39792.05	0.30733	35.325	0.00
0.00	-30226.38	-39791.99	0.30718	-30226.38	-39791.99	0.30718	34.836	0.00
0.00	-30226.20	-39791.94	0.30689	-30226.20	-39791.94	0.30689	34.950	0.00
0.00	-30225.92	-39791.85	0.30660	-30225.92	-39791.85	0.30660	38.077	0.00
0.00	-30225.70	-39791.78	0.30659	-30225.70	-39791.78	0.30659	35.995	0.00
0.00	-30225.48	-39791.71	0.30678	-30225.48	-39791.71	0.30678	35.798	0.00
0.00	-30225.32	-39791.66	0.30699	-30225.32	-39791.66	0.30699	35.657	0.00
0.00	-30225.19	-39791.62	0.30715	-30225.19	-39791.62	0.30715	36.117	0.00
0.00	-30224.92	-39791.53	0.30738	-30224.92	-39791.53	0.30738	35.751	0.00
0.00	-30224.71	-39791.46	0.30750	-30224.71	-39791.46	0.30750	36.700	0.00
0.00	-30224.53	-39791.40	0.30760	-30224.53	-39791.40	0.30760	36.812	0.00
0.00	-30224.36	-39791.35	0.30768	-30224.36	-39791.35	0.30768	36.000	0.00
0.00	-30224.17	-39791.29	0.30776	-30224.17	-39791.29	0.30776	37.001	0.00
0.00	-30223.98	-39791.23	0.30785	-30223.98	-39791.23	0.30785	37.611	0.00
0.00	-30223.78	-39791.16	0.30803	-30223.78	-39791.16	0.30803	36.373	0.00
0.00	-30223.59	-39791.10	0.30825	-30223.59	-39791.10	0.30825	38.202	0.00
0.00	-30223.38	-39791.03	0.30856	-30223.38	-39791.03	0.30856	35.890	0.00
0.00	-30223.17	-39790.96	0.30886	-30223.17	-39790.96	0.30886	37.013	0.00
0.00	-30222.97	-39790.90	0.30914	-30222.97	-39790.90	0.30914	37.341	0.00
0.00	-30222.77	-39790.83	0.30934	-30222.77	-39790.83	0.30934	36.318	0.00
0.00	-30222.53	-39790.75	0.30963	-30222.53	-39790.75	0.30963	36.738	0.00
0.00	-30222.31	-39790.68	0.30996	-30222.31	-39790.68	0.30996	37.068	0.00
0.00	-30222.09	-39790.61	0.31027	-30222.09	-39790.61	0.31027	36.885	0.00
0.00	-30221.86	-39790.53	0.31057	-30221.86	-39790.53	0.31057	36.874	0.00
0.00	-30221.64	-39790.46	0.31078	-30221.64	-39790.46	0.31078	38.040	0.00
0.00	-30221.41	-39790.39	0.31091	-30221.41	-39790.39	0.31091	37.608	0.00
0.00	-30221.09	-39790.28	0.31110	-30221.09	-39790.28	0.31110	37.486	0.00
0.00	-30221.04	-39790.27	0.31117	-30221.04	-39790.27	0.31117	37.340	0.00
0.00	-30220.87	-39790.21	0.31123	-30220.87	-39790.21	0.31123	37.818	0.00
0.00	-30220.68	-39790.15	0.31129	-30220.68	-39790.15	0.31129	37.633	0.00
0.00	-30220.48	-39790.09	0.31131	-30220.48	-39790.09	0.31131	38.363	0.00
0.00	-30220.28	-39790.02	0.31130	-30220.28	-39790.02	0.31130	38.699	0.00
0.00	-30220.09	-39789.96	0.31129	-30220.09	-39789.96	0.31129	38.166	0.00
0.00	-30219.89	-39789.90	0.31125	-30219.89	-39789.90	0.31125	38.748	0.00
0.00	-30219.69	-39789.83	0.31117	-30219.69	-39789.83	0.31117	37.622	0.00
0.00	-30219.50	-39789.77	0.31104	-30219.50	-39789.77	0.31104	38.942	0.00
0.00	-30219.20	-39789.68	0.31083	-30219.20	-39789.68	0.31083	39.650	0.00
0.00	-30219.08	-39789.64	0.31078	-30219.08	-39789.64	0.31078	38.234	0.00
0.00	-30218.87	-39789.57	0.31086	-30218.87	-39789.57	0.31086	39.416	0.00
0.00	-30218.61	-39789.49	0.31098	-30218.61	-39789.49	0.31098	38.876	0.00
0.00	-30218.41	-39789.43	0.31108	-30218.41	-39789.43	0.31108	39.875	0.00
0.00	-30218.24	-39789.37	0.31101	-30218.24	-39789.37	0.31101	38.850	0.00
0.00	-30218.03	-39789.31	0.31095	-30218.03	-39789.31	0.31095	43.848	0.00
0.00	-30217.88	-39789.26	0.31064	-30217.88	-39789.26	0.31064	39.556	0.00
0.00	-30217.68	-39789.19	0.31032	-30217.68	-39789.19	0.31032	39.084	0.00
0.00	-30217.47	-39789.13	0.31009	-30217.47	-39789.13	0.31009	40.906	0.00
0.00	-30217.26	-39789.06	0.31000	-30217.26	-39789.06	0.31000	40.200	0.00
0.00	-30217.10	-39789.01	0.31009	-30217.10	-39789.01	0.31009	38.611	0.00
0.00	-30216.89	-39788.94	0.31030	-30216.89	-39788.94	0.31030	39.909	0.00
0.00	-30216.57	-39788.84	0.31062	-30216.57	-39788.84	0.31062	40.042	0.00
0.00	-30216.40	-39788.79	0.31091	-30216.40	-39788.79	0.31091	39.062	0.00
0.00	-30216.31	-39788.76	0.31115	-30216.31	-39788.76	0.31115	40.630	0.00
0.00	-30216.11	-39788.69	0.31143	-30216.11	-39788.69	0.31143	39.725	0.00
0.00	-30215.89	-39788.62	0.31169	-30215.89	-39788.62	0.31169	41.276	0.00
0.00	-30215.72	-39788.57	0.31189	-30215.72	-39788.57	0.31189	46.043	0.00
0.00	-30215.46	-39788.49	0.31217	-30215.46	-39788.49	0.31217	46.530	0.00
0.00	-30215.25	-39788.42	0.31254	-30215.25	-39788.42	0.31254	39.916	0.00
0.00	-30215.07	-39788.36	0.31298	-30215.07	-39788.36	0.31298	40.544	0.00
0.00	-30214.90	-39788.31	0.31337	-30214.90	-39788.31	0.31337	40.694	0.00
0.00	-30214.74	-39788.25	0.31367	-30214.74	-39788.25	0.31367	40.842	0.00
0.00	-30214.57	-39788.20	0.31393	-30214.57	-39788.20	0.31393	41.118	0.00
0.00	-30214.39	-39788.14	0.31420	-30214.39	-39788.14	0.31420	41.326	0.00
0.00	-30214.21	-39788.08	0.31450	-30214.21	-39788.08	0.31450	41.617	0.00
0.00	-30214.02	-39788.02	0.31480	-30214.02	-39788.02	0.31480	41.530	0.00
0.00	-30213.80	-39787.95	0.31513	-30213.80	-39787.95	0.31513	40.798	0.00
0.00	-30213.58	-39787.88	0.31551	-30213.58	-39787.88	0.31551	40.619	0.00
0.00	-30213.37	-39787.81	0.31587	-30213.37	-39787.81	0.31587	41.784	0.00
0.00	-30213.22	-39787.76	0.31623	-30213.22	-39787.76	0.31623	40.778	0.00
0.00	-30213.02	-39787.70	0.31669	-30213.02	-39787.70	0.31669	42.092	0.00
0.00	-30212.83	-39787.63	0.31716	-30212.83	-39787.63	0.31716	42.531	0.00
0.00	-30212.64	-39787.57	0.31758	-30212.64	-39787.57	0.31758	43.173	0.00
0.00	-30212.46	-39787.51	0.31789	-30212.46	-39787.51	0.31789	42.923	0.00
0.00	-30212.28	-39787.45	0.31804	-30212.28	-39787.45	0.31804	41.986	0.00
0.00	-30212.05	-39787.37	0.31820	-30212.05	-39787.37	0.31820	48.251	0.00
0.00	-30211.89	-39787.32	0.31851	-30211.89	-39787.32	0.31851	41.738	0.00
0.00	-30211.71	-39787.26	0.31896	-30211.71	-39787.26	0.31896	42.863	0.00
0.00	-30211.53	-39787.20	0.31946	-30211.53	-39787.20	0.31946	42.591	0.00
0.00	-30211.35	-39787.14	0.31988	-30211.35	-39787.14	0.31988	42.329	0.00
0.00	-30211.17	-39787.08	0.32021	-30211.17	-39787.08	0.32021	42.132	0.00
0.00	-30210.99	-39787.02	0.32051	-30210.99	-39787.02	0.32051	42.457	0.00
0.00	-30210.81	-39786.96	0.32080	-30210.81	-39786.96	0.32080	41.972	0.00
0.00	-30210.63	-39786.90	0.32111	-30210.63	-39786.90	0.32111	43.340	0.00
0.00	-30210.45	-39786.84	0.32141	-30210.45	-39786.84	0.32141	43.797	0.00
0.00	-30210.28	-39786.78	0.32178	-30210.28	-39786.78	0.32178	44.130	0.00
0.00	-30210.07	-39786.71	0.32206	-30210.07	-39786.71	0.32206	43.820	0.00
0.00	-30209.87	-39786.64	0.32225	-30209.87	-39786.64	0.32225	42.869	0.00
0.00	-30209.68	-39786.58	0.32242	-30209.68	-39786.58	0.32242	43.776	0.00
0.00	-30209.51	-39786.52	0.32253	-30209.51	-39786.52	0.32253	43.603	0.00
0.00	-30209.31	-39786.45	0.32270	-30209.31	-39786.45	0.32270	42.663	0.00
0.00	-30209.12	-39786.39	0.32290	-30209.12	-39786.39	0.32290	44.473	0.00
0.00	-30208.96	-39786.34	0.32314	-30208.96	-39786.34	0.32314	43.960	0.00
0.00	-30208.81	-39786.29	0.32342	-30208.81	-39786.29	0.32342	44.142	0.00
0.00	-30208.67	-39786.24	0.32362	-30208.67	-39786.24	0.32362	50.748	0.00
0.00	-30208.51	-39786.18	0.32397	-30208.51	-39786.18	0.32397	45.119	0.00
0.00	-30208.35	-39786.13	0.32445	-30208.35	-39786.13	0.32445	43.442	0.00
0.00	-30208.10	-39786.04	0.32480	-30208.10	-39786.04	0.32480	44.477	0.00
0.00	-30207.95	-39785.99	0.32509	-30207.95	-39785.99	0.32509	44.833	0.00
0.00	-30207.86	-39785.96	0.32528	-30207.86	-39785.96	0.32528	51.475	0.00
0.00	-30207.64	-39785.88	0.32539	-30207.64	-39785.88	0.32539	45.544	0.00
0.00	-30207.54	-39785.85	0.32548	-30207.54	-39785.85	0.32548	45.150	0.00
0.00	-30207.33	-39785.78	0.32552	-30207.33	-39785.78	0.32552	44.731	0.00
0.00	-30207.14	-39785.72	0.32551	-30207.14	-39785.72	0.32551	44.823	0.00
0.00	-30206.99	-39785.67	0.32540	-30206.99	-39785.67	0.32540	44.859	0.00
0.00	-30206.83	-39785.61	0.32528	-30206.83	-39785.61	0.32528	45.986	0.00
0.00	-30206.66	-39785.55	0.32524	-30206.66	-39785.55	0.32524	44.542	0.00
0.00	-30206.50	-39785.50	0.32525	-30206.50	-39785.50	0.32525	45.613	0.00
0.00	-30206.35	-39785.45	0.32533	-30206.35	-39785.45	0.32533	46.732	0.00
0.00	-30206.19	-39785.40	0.32544	-30206.19	-39785.40	0.32544	45.816	0.00
0.00	-30206.00	-39785.34	0.32549	-30206.00	-39785.34	0.32549	45.662	0.00
0.00	-30205.81	-39785.27	0.32527	-30205.81	-39785.27	0.32527	45.454	0.00
0.00	-30205.66	-39785.22	0.32500	-30205.66	-39785.22	0.32500	46.189	0.00
0.00	-30205.51	-39785.17	0.32483	-30205.51	-39785.17	0.32483	45.830	0.00
0.00	-30205.36	-39785.12	0.32486	-30205.36	-39785.12	0.32486	51.911	0.00
0.00	-30205.21	-39785.07	0.32492	-30205.21	-39785.07	0.32492	45.512	0.00
0.00	-30205.00	-39785.01	0.32488	-30205.00	-39785.01	0.32488	53.516	0.00
0.00	-30204.81	-39784.94	0.32484	-30204.81	-39784.94	0.32484	45.895	0.00
0.00	-30204.64	-39784.88	0.32475	-30204.64	-39784.88	0.32475	46.392	0.00
0.00	-30204.46	-39784.82	0.32460	-30204.46	-39784.82	0.32460	46.221	0.00
0.00	-30204.25	-39784.76	0.32443	-30204.25	-39784.76	0.32443	47.100	0.00
0.00	-30204.14	-39784.72	0.32432	-30204.14	-39784.72	0.32432	46.855	0.00
0.00	-30203.96	-39784.66	0.32423	-30203.96	-39784.66	0.32423	46.462	0.00
0.00	-30203.87	-39784.63	0.32412	-30203.87	-39784.63	0.32412	46.858	0.00
0.00	-30203.72	-39784.58	0.32404	-30203.72	-39784.58	0.32404	46.666	0.00
0.00	-30203.59	-39784.54	0.32378	-30203.59	-39784.54	0.32378	47.727	0.00
0.00	-30203.44	-39784.49	0.32357	-30203.44	-39784.49	0.32357	47.313	0.00
0.00	-30203.29	-39784.44	0.32346	-30203.29	-39784.44	0.32346	46.140	0.00
0.00	-30203.14	-39784.39	0.32351	-30203.14	-39784.39	0.32351	48.760	0.00
0.00	-30202.96	-39784.33	0.32368	-30202.96	-39784.33	0.32368	46.170	0.00
0.00	-30202.76	-39784.26	0.32379	-30202.76	-39784.26	0.32379	48.169	0.00
0.00	-30202.58	-39784.20	0.32380	-30202.58	-39784.20	0.32380	47.787	0.00
0.00	-30202.44	-39784.16	0.32374	-30202.44	-39784.16	0.32374	48.038	0.00
0.00	-30202.26	-39784.10	0.32363	-30202.26	-39784.10	0.32363	47.593	0.00
0.00	-30202.09	-39784.04	0.32353	-30202.09	-39784.04	0.32353	53.748	0.00
0.00	-30201.95	-39783.99	0.32347	-30201.95	-39783.99	0.32347	46.552	0.00
0.00	-30201.79	-39783.94	0.32341	-30201.79	-39783.94	0.32341	47.769	0.00
0.00	-30201.63	-39783.89	0.32337	-30201.63	-39783.89	0.32337	48.047	0.00
0.00	-30201.49	-39783.84	0.32341	-30201.49	-39783.84	0.32341	47.245	0.00
0.00	-30201.34	-39783.79	0.32354	-30201.34	-39783.79	0.32354	47.894	0.00
0.00	-30201.19	-39783.74	0.32368	-30201.19	-39783.74	0.32368	49.845	0.00
0.00	-30201.01	-39783.68	0.32379	-30201.01	-39783.68	0.32379	48.464	0.00
0.00	-30200.84	-39783.62	0.32390	-30200.84	-39783.62	0.32390	48.401	0.00
0.00	-30200.59	-39783.54	0.32415	-30200.59	-39783.54	0.32415	50.618	0.00
0.00	-30200.44	-39783.49	0.32434	-30200.44	-39783.49	0.32434	50.110	0.00
0.00	-30200.28	-39783.44	0.32431	-30200.28	-39783.44	0.32431	47.978	0.00
0.00	-30200.12	-39783.38	0.32404	-30200.12	-39783.38	0.32404	47.844	0.00
0.00	-30199.97	-39783.33	0.32373	-30199.97	-39783.33	0.32373	49.161	0.00
0.00	-30199.82	-39783.28	0.32346	-30199.82	-39783.28	0.32346	49.185	0.00
0.00	-30199.64	-39783.22	0.32322	-30199.64	-39783.22	0.32322	49.538	0.00
0.00	-30199.43	-39783.15	0.32305	-30199.43	-39783.15	0.32305	50.277	0.00
0.00	-30199.25	-39783.09	0.32293	-30199.25	-39783.09	0.32293	56.357	0.00
0.00	-30199.01	-39783.01	0.32278	-30199.01	-39783.01	0.32278	50.169	0.00
0.00	-30198.83	-39782.95	0.32263	-30198.83	-39782.95	0.32263	49.749	0.00
0.00	-30198.65	-39782.89	0.32248	-30198.65	-39782.89	0.32248	49.913	0.00
0.00	-30198.47	-39782.83	0.32234	-30198.47	-39782.83	0.32234	50.671	0.00
0.00	-30198.34	-39782.78	0.32226	-30198.34	-39782.78	0.32226	50.175	0.00
0.00	-30198.20	-39782.74	0.32225	-30198.20	-39782.74	0.32225	52.080	0.00
0.00	-30198.01	-39782.67	0.32229	-30198.01	-39782.67	0.32229	53.721	0.00
0.00	-30197.85	-39782.62	0.32227	-30197.85	-39782.62	0.32227	56.832	0.00
0.00	-30197.65	-39782.55	0.32219	-30197.65	-39782.55	0.32219	52.460	0.00
0.00	-30197.47	-39782.49	0.32203	-30197.47	-39782.49	0.32203	50.703	0.00
0.00	-30197.29	-39782.43	0.32189	-30197.29	-39782.43	0.32189	50.307	0.00
0.00	-30197.11	-39782.37	0.32179	-30197.11	-39782.37	0.32179	50.340	0.00
0.00	-30196.94	-39782.32	0.32174	-30196.94	-39782.32	0.32174	51.570	0.00
0.00	-30196.71	-39782.24	0.32165	-30196.71	-39782.24	0.32165	53.893	0.00
0.00	-30196.52	-39782.18	0.32150	-30196.52	-39782.18	0.32150	50.770	0.00
0.00	-30196.32	-39782.11	0.32131	-30196.32	-39782.11	0.32131	51.084	0.00
0.00	-30196.11	-39782.04	0.32109	-30196.11	-39782.04	0.32109	50.926	0.00
0.00	-30195.93	-39781.98	0.32086	-30195.93	-39781.98	0.32086	57.400	0.00
0.00	-30195.70	-39781.90	0.32064	-30195.70	-39781.90	0.32064	56.977	0.00
0.00	-30195.50	-39781.84	0.32050	-30195.50	-39781.84	0.32050	55.029	0.00
0.00	-30195.25	-39781.75	0.32045	-30195.25	-39781.75	0.32045	52.184	0.00
0.00	-30195.08	-39781.70	0.32044	-30195.08	-39781.70	0.32044	58.657	0.00
0.00	-30194.90	-39781.64	0.32048	-30194.90	-39781.64	0.32048	60.770	0.00
0.00	-30194.74	-39781.58	0.32049	-30194.74	-39781.58	0.32049	51.324	0.00
0.00	-30194.57	-39781.53	0.32045	-30194.57	-39781.53	0.32045	52.618	0.00
0.00	-30194.31	-39781.44	0.32034	-30194.31	-39781.44	0.32034	56.459	0.00
0.00	-30194.14	-39781.38	0.32017	-30194.14	-39781.38	0.32017	58.569	0.00
0.00	-30193.94	-39781.32	0.31992	-30193.94	-39781.32	0.31992	58.139	0.00
0.00	-30193.73	-39781.25	0.31953	-30193.73	-39781.25	0.31953	60.629	0.00
0.00	-30193.53	-39781.18	0.31895	-30193.53	-39781.18	0.31895	58.750	0.00
0.00	-30193.26	-39781.09	0.31833	-30193.26	-39781.09	0.31833	53.129	0.00
0.00	-30193.11	-39781.04	0.31780	-30193.11	-39781.04	0.31780	51.512	0.00
0.00	-30192.91	-39780.98	0.31749	-30192.91	-39780.98	0.31749	50.158	0.00
0.00	-30192.76	-39780.93	0.31732	-30192.76	-39780.93	0.31732	52.562	0.00
0.00	-30192.59	-39780.87	0.31709	-30192.59	-39780.87	0.31709	56.682	0.00
0.00	-30192.37	-39780.80	0.31676	-30192.37	-39780.80	0.31676	59.450	0.00
0.00	-30192.16	-39780.73	0.31617	-30192.16	-39780.73	0.31617	57.358	0.00
0.00	-30191.95	-39780.66	0.31545	-30191.95	-39780.66	0.31545	58.554	0.00
0.00	-30191.76	-39780.60	0.31462	-30191.76	-39780.60	0.31462	51.353	0.00
0.00	-30191.56	-39780.53	0.31392	-30191.56	-39780.53	0.31392	51.130	0.00
0.00	-30191.39	-39780.48	0.31326	-30191.39	-39780.48	0.31326	63.982	0.00
0.00	-30191.10	-39780.38	0.31248	-30191.10	-39780.38	0.31248	56.808	0.00
0.00	-30190.92	-39780.32	0.31175	-30190.92	-39780.32	0.31175	54.794	0.00
0.00	-30190.77	-39780.27	0.31096	-30190.77	-39780.27	0.31096	52.394	0.00
0.00	-30190.56	-39780.21	0.31012	-30190.56	-39780.21	0.31012	59.868	0.00
0.00	-30190.36	-39780.14	0.30922	-30190.36	-39780.14	0.30922	60.170	0.00
0.00	-30190.11	-39780.06	0.30834	-30190.11	-39780.06	0.30834	53.381	0.00
0.00	-30189.94	-39780.01	0.30748	-30189.94	-39780.01	0.30748	56.587	0.00
0.00	-30189.84	-39779.97	0.30644	-30189.84	-39779.97	0.30644	53.507	0.00
0.00	-30189.51	-39779.87	0.30530	-30189.51	-39779.87	0.30530	54.026	0.00
0.00	-30189.40	-39779.83	0.30399	-30189.40	-39779.83	0.30399	51.214	0.00
0.00	-30189.22	-39779.78	0.30283	-30189.22	-39779.78	0.30283	52.173	0.00
0.00	-30189.01	-39779.71	0.30173	-30189.01	-39779.71	0.30173	60.713	0.00
0.00	-30188.82	-39779.65	0.30053	-30188.82	-39779.65	0.30053	52.257	0.00
0.00	-30188.65	-39779.60	0.29958	-30188.65	-39779.60	0.29958	55.385	0.00
0.00	-30188.40	-39779.53	0.29860	-30188.40	-39779.53	0.29860	59.492	0.00
0.00	-30188.23	-39779.47	0.29732	-30188.23	-39779.47	0.29732	62.773	0.00
0.00	-30188.01	-39779.41	0.29586	-30188.01	-39779.41	0.29586	53.472	0.00
0.00	-30187.78	-39779.34	0.29456	-30187.78	-39779.34	0.29456	53.776	0.00
0.00	-30187.59	-39779.28	0.29318	-30187.59	-39779.28	0.29318	61.957	0.00
0.00	-30187.35	-39779.21	0.29153	-30187.35	-39779.21	0.29153	61.036	0.00
0.00	-30187.09	-39779.13	0.28977	-30187.09	-39779.13	0.28977	60.084	0.00
0.00	-30186.89	-39779.07	0.28807	-30186.89	-39779.07	0.28807	53.431	0.00
0.00	-30186.72	-39779.02	0.28661	-30186.72	-39779.02	0.28661	58.777	0.00
0.00	-30186.56	-39778.97	0.28507	-30186.56	-39778.97	0.28507	54.807	0.00
0.00	-30186.41	-39778.93	0.28358	-30186.41	-39778.93	0.28358	54.479	0.00
0.00	-30186.26	-39778.89	0.28195	-30186.26	-39778.89	0.28195	55.451	0.00
0.00	-30186.11	-39778.84	0.28013	-30186.11	-39778.84	0.28013	59.476	0.00
0.00	-30185.82	-39778.76	0.27788	-30185.82	-39778.76	0.27788	62.371	0.00
0.00	-30185.64	-39778.71	0.27527	-30185.64	-39778.71	0.27527	54.113	0.00
0.00	-30185.49	-39778.67	0.27284	-30185.49	-39778.67	0.27284	55.707	0.00
0.00	-30185.30	-39778.62	0.27032	-30185.30	-39778.62	0.27032	52.976	0.00
0.00	-30185.10	-39778.56	0.26788	-30185.10	-39778.56	0.26788	59.301	0.00
0.00	-30184.89	-39778.51	0.26515	-30184.89	-39778.51	0.26515	55.276	0.00
0.00	-30184.60	-39778.43	0.26258	-30184.60	-39778.43	0.26258	57.127	0.00
0.00	-30184.44	-39778.39	0.25988	-30184.44	-39778.39	0.25988	59.677	0.00
0.00	-30184.28	-39778.34	0.25690	-30184.28	-39778.34	0.25690	58.893	0.00
0.00	-30184.09	-39778.29	0.25391	-30184.09	-39778.29	0.25391	55.863	0.00
0.00	-30183.92	-39778.25	0.25084	-30183.92	-39778.25	0.25084	56.522	0.00
0.00	-30183.77	-39778.21	0.24767	-30183.77	-39778.21	0.24767	55.274	0.00
0.00	-30183.63	-39778.17	0.24451	-30183.63	-39778.17	0.24451	60.997	0.00
0.00	-30183.35	-39778.11	0.24096	-30183.35	-39778.11	0.24096	63.304	0.00
0.00	-30183.18	-39778.06	0.23693	-30183.18	-39778.06	0.23693	63.890	0.00
0.00	-30182.98	-39778.02	0.23273	-30182.98	-39778.02	0.23273	57.018	0.00
0.00	-30182.82	-39777.98	0.22882	-30182.82	-39777.98	0.22882	62.796	0.00
0.00	-30182.54	-39777.91	0.22420	-30182.54	-39777.91	0.22420	59.287	0.00
0.00	-30182.37	-39777.87	0.21942	-30182.37	-39777.87	0.21942	55.535	0.00
0.00	-30182.18	-39777.83	0.21453	-30182.18	-39777.83	0.21453	60.590	0.00
0.00	-30181.96	-39777.78	0.20867	-30181.96	-39777.78	0.20867	56.232	0.00
0.00	-30181.76	-39777.74	0.20313	-30181.76	-39777.74	0.20313	60.851	0.00
0.00	-30181.51	-39777.68	0.19726	-30181.51	-39777.68	0.19726	62.057	0.00
0.00	-30181.35	-39777.65	0.19115	-30181.35	-39777.65	0.19115	65.951	0.00
0.00	-30181.16	-39777.61	0.18477	-30181.16	-39777.61	0.18477	55.955	0.00
0.00	-30180.98	-39777.58	0.17940	-30180.98	-39777.58	0.17940	64.416	0.00
0.00	-30180.71	-39777.53	0.17322	-30180.71	-39777.53	0.17322	63.642	0.00
0.00	-30180.50	-39777.49	0.16713	-30180.50	-39777.49	0.16713	64.952	0.00
0.00	-30180.33	-39777.46	0.16084	-30180.33	-39777.46	0.16084	65.427	0.00
0.00	-30180.17	-39777.43	0.15415	-30180.17	-39777.43	0.15415	56.892	0.00
0.00	-30179.92	-39777.39	0.14793	-30179.92	-39777.39	0.14793	60.399	0.00
0.00	-30179.76	-39777.37	0.14082	-30179.76	-39777.37	0.14082	66.328	0.00
0.00	-30179.55	-39777.33	0.13254	-30179.55	-39777.33	0.13254	62.201	0.00
0.00	-30179.40	-39777.31	0.12480	-30179.40	-39777.31	0.12480	63.158	0.00
0.00	-30179.38	-39777.31	0.11667	-30179.38	-39777.31	0.11667	58.450	0.00
0.00	-30178.95	-39777.26	0.10886	-30178.95	-39777.26	0.10886	57.518	0.00
0.00	-30178.87	-39777.25	0.10114	-30178.87	-39777.25	0.10114	59.022	0.00
0.00	-30178.71	-39777.23	0.09319	-30178.71	-39777.23	0.09319	58.689	0.00
0.00	-30178.48	-39777.21	0.08486	-30178.48	-39777.21	0.08486	63.124	0.00
0.00	-30178.40	-39777.20	0.07636	-30178.40	-39777.20	0.07636	66.064	0.00
0.00	-30178.04	-39777.17	0.06741	-30178.04	-39777.17	0.06741	66.410	0.00
0.00	-30177.87	-39777.16	0.05816	-30177.87	-39777.16	0.05816	62.917	0.00
0.00	-30177.85	-39777.15	0.04956	-30177.85	-39777.15	0.04956	58.102	0.00
0.00	-30177.58	-39777.14	0.04130	-30177.58	-39777.14	0.04130	66.934	0.00
0.00	-30177.45	-39777.13	0.03218	-30177.45	-39777.13	0.03218	57.602	0.00
0.00	-30177.31	-39777.13	0.02403	-30177.31	-39777.13	0.02403	59.124	0.00
0.00	-30177.12	-39777.12	0.01526	-30177.12	-39777.12	0.01526	61.414	0.00
0.00	-30177.07	-39777.12	0.00607	-30177.07	-39777.12	0.00607	67.211	0.00
0.00	-30176.77	-39777.12	-0.00438	-30176.77	-39777.12	-0.00438	65.687	0.00
0.00	-30176.59	-39777.12	-0.01475	-30176.59	-39777.12	-0.01475	58.520	0.00
0.00	-30176.54	-39777.12	-0.02399	-30176.54	-39777.12	-0.02399	66.933	0.00
0.00	-30176.25	-39777.12	-0.03489	-30176.25	-39777.12	-0.03489	59.687	0.00
0.00	-30176.11	-39777.13	-0.04459	-30176.11	-39777.13	-0.04459	59.567	0.00
0.00	-30176.03	-39777.13	-0.05420	-30176.03	-39777.13	-0.05420	66.365	0.00
0.00	-30175.74	-39777.15	-0.06464	-30175.74	-39777.15	-0.06464	59.412	0.00
0.00	-30175.61	-39777.15	-0.07398	-30175.61	-39777.15	-0.07398	65.341	0.00
0.00	-30175.49	-39777.16	-0.08434	-30175.49	-39777.16	-0.08434	65.464	0.00
0.00	-30175.25	-39777.18	-0.09498	-30175.25	-39777.18	-0.09498	58.947	0.00
0.00	-30175.12	-39777.19	-0.10462	-30175.12	-39777.19	-0.10462	65.015	0.00
0.00	-30174.97	-39777.21	-0.11532	-30174.97	-39777.21	-0.11532	61.111	0.00
0.00	-30174.78	-39777.23	-0.12579	-30174.78	-39777.23	-0.12579	66.078	0.00
0.00	-30174.73	-39777.24	-0.13680	-30174.73	-39777.24	-0.13680	60.193	0.00
0.00	-30174.43	-39777.28	-0.14720	-30174.43	-39777.28	-0.14720	70.228	0.00
0.00	-30174.28	-39777.30	-0.15961	-30174.28	-39777.30	-0.15961	68.442	0.00
0.00	-30174.19	-39777.32	-0.17163	-30174.19	-39777.32	-0.17163	66.847	0.00
0.00	-30173.90	-39777.37	-0.18343	-30173.90	-39777.37	-0.18343	67.150	0.00
0.00	-30173.72	-39777.40	-0.19527	-30173.72	-39777.40	-0.19527	62.896	0.00
0.00	-30173.61	-39777.42	-0.20632	-30173.61	-39777.42	-0.20632	60.292	0.00
0.00	-30173.35	-39777.48	-0.21699	-30173.35	-39777.48	-0.21699	62.057	0.00
0.00	-30173.22	-39777.51	-0.22783	-30173.22	-39777.51	-0.22783	60.006	0.00
0.00	-30173.14	-39777.53	-0.23838	-30173.14	-39777.53	-0.23838	65.179	0.00
0.00	-30172.94	-39777.58	-0.24997	-30172.94	-39777.58	-0.24997	64.468	0.00
0.00	-30172.82	-39777.61	-0.26145	-30172.82	-39777.61	-0.26145	64.732	0.00
0.00	-30172.68	-39777.65	-0.27296	-30172.68	-39777.65	-0.27296	64.217	0.00
0.00	-30172.52	-39777.70	-0.28449	-30172.52	-39777.70	-0.28449	60.354	0.00
0.00	-30172.38	-39777.74	-0.29546	-30172.38	-39777.74	-0.29546	60.482	0.00
0.00	-30172.21	-39777.79	-0.30630	-30172.21	-39777.79	-0.30630	60.586	0.00
0.00	-30172.04	-39777.85	-0.31719	-30172.04	-39777.85	-0.31719	64.031	0.00
0.00	-30171.94	-39777.88	-0.32855	-30171.94	-39777.88	-0.32855	60.239	0.00
0.00	-30171.68	-39777.97	-0.33957	-30171.68	-39777.97	-0.33957	66.639	0.00
0.00	-30171.60	-39778.00	-0.35152	-30171.60	-39778.00	-0.35152	65.492	0.00
0.00	-30171.46	-39778.05	-0.36355	-30171.46	-39778.05	-0.36355	60.971	0.00
0.00	-30171.28	-39778.13	-0.37484	-30171.28	-39778.13	-0.37484	61.469	0.00
0.00	-30171.21	-39778.16	-0.38646	-30171.21	-39778.16	-0.38646	68.969	0.00
0.00	-30170.98	-39778.25	-0.39928	-30170.98	-39778.25	-0.39928	66.492	0.00
0.00	-30170.84	-39778.31	-0.41178	-30170.84	-39778.31	-0.41178	66.362	0.00
0.00	-30170.73	-39778.36	-0.42500	-30170.73	-39778.36	-0.42500	63.399	0.00
0.00	-30170.63	-39778.42	-0.43748	-30170.63	-39778.42	-0.43748	61.562	0.00
0.00	-30170.45	-39778.50	-0.44932	-30170.45	-39778.50	-0.44932	68.420	0.00
0.00	-30170.39	-39778.53	-0.46197	-30170.39	-39778.53	-0.46197	66.709	0.00
0.00	-30170.11	-39778.67	-0.47450	-30170.11	-39778.67	-0.47450	61.167	0.00
0.00	-30169.93	-39778.76	-0.48655	-30169.93	-39778.76	-0.48655	61.057	0.00
0.00	-30169.86	-39778.80	-0.49906	-30169.86	-39778.80	-0.49906	63.424	0.00
0.00	-30169.66	-39778.91	-0.51268	-30169.66	-39778.91	-0.51268	72.179	0.00
0.00	-30169.53	-39778.99	-0.52887	-30169.53	-39778.99	-0.52887	61.125	0.00
0.00	-30169.42	-39779.05	-0.54268	-30169.42	-39779.05	-0.54268	69.492	0.00
0.00	-30169.16	-39779.21	-0.55816	-30169.16	-39779.21	-0.55816	69.710	0.00
0.00	-30169.04	-39779.29	-0.57337	-30169.04	-39779.29	-0.57337	60.861	0.00
0.00	-30169.01	-39779.31	-0.58661	-30169.01	-39779.31	-0.58661	70.162	0.00
0.00	-30168.76	-39779.47	-0.60176	-30168.76	-39779.47	-0.60176	62.258	0.00
0.00	-30168.68	-39779.53	-0.61482	-30168.68	-39779.53	-0.61482	61.485	0.00
0.00	-30168.58	-39779.60	-0.62736	-30168.58	-39779.60	-0.62736	69.477	0.00
0.00	-30168.36	-39779.76	-0.64168	-30168.36	-39779.76	-0.64168	62.795	0.00
0.00	-30168.37	-39779.76	-0.65496	-30168.37	-39779.76	-0.65496	67.923	0.00
0.00	-30168.08	-39779.98	-0.66971	-30168.08	-39779.98	-0.66971	61.250	0.00
0.00	-30167.91	-39780.11	-0.68314	-30167.91	-39780.11	-0.68314	73.634	0.00
0.00	-30167.73	-39780.26	-0.69903	-30167.73	-39780.26	-0.69903	63.838	0.00
0.00	-30167.67	-39780.31	-0.71273	-30167.67	-39780.31	-0.71273	71.360	0.00
0.00	-30167.43	-39780.52	-0.72792	-30167.43	-39780.52	-0.72792	74.862	0.00
0.00	-30167.32	-39780.62	-0.74413	-30167.32	-39780.62	-0.74413	61.811	0.00
0.00	-30167.19	-39780.74	-0.75757	-30167.19	-39780.74	-0.75757	68.227	0.00
0.00	-30167.06	-39780.86	-0.77256	-30167.06	-39780.86	-0.77256	67.427	0.00
0.00	-30166.94	-39780.98	-0.78720	-30166.94	-39780.98	-0.78720	62.717	0.00
0.00	-30166.92	-39781.00	-0.80091	-30166.92	-39781.00	-0.80091	71.724	0.00
0.00	-30166.67	-39781.26	-0.81675	-30166.67	-39781.26	-0.81675	66.955	0.00
0.00	-30166.56	-39781.38	-0.83177	-30166.56	-39781.38	-0.83177	75.917	0.00
0.00	-30166.42	-39781.53	-0.84810	-30166.42	-39781.53	-0.84810	70.351	0.00
0.00	-30166.29	-39781.68	-0.86263	-30166.29	-39781.68	-0.86263	71.079	0.00
0.00	-30166.09	-39781.91	-0.87759	-30166.09	-39781.91	-0.87759	76.328	0.00
0.00	-30165.98	-39782.05	-0.89291	-30165.98	-39782.05	-0.89291	68.821	0.00
0.00	-30165.94	-39782.09	-0.90659	-30165.94	-39782.09	-0.90659	73.094	0.00
0.00	-30165.68	-39782.41	-0.92125	-30165.68	-39782.41	-0.92125	71.731	0.00
0.00	-30165.55	-39782.59	-0.93561	-30165.55	-39782.59	-0.93561	74.646	0.00
0.00	-30165.43	-39782.75	-0.95005	-30165.43	-39782.75	-0.95005	64.607	0.00
0.00	-30165.37	-39782.84	-0.96303	-30165.37	-39782.84	-0.96303	64.336	0.00
0.00	-30165.20	-39783.08	-0.97613	-30165.20	-39783.08	-0.97613	72.534	0.00
0.00	-30165.12	-39783.21	-0.99085	-30165.12	-39783.21	-0.99085	67.529	0.00
0.00	-30165.07	-39783.29	-1.00453	-30165.07	-39783.29	-1.00453	63.607	0.00
0.00	-30164.89	-39783.58	-1.01749	-30164.89	-39783.58	-1.01749	75.530	0.00
0.00	-30164.76	-39783.78	-1.03197	-30164.76	-39783.78	-1.03197	64.638	0.00
0.00	-30164.67	-39783.93	-1.04415	-30164.67	-39783.93	-1.04415	69.013	0.00
0.00	-30164.59	-39784.08	-1.05667	-30164.59	-39784.08	-1.05667	71.192	0.00
0.00	-30164.48	-39784.28	-1.06886	-30164.48	-39784.28	-1.06886	65.992	0.00
0.00	-30164.45	-39784.34	-1.07986	-30164.45	-39784.34	-1.07986	75.262	0.00
0.00	-30164.27	-39784.68	-1.09124	-30164.27	-39784.68	-1.09124	65.928	0.00
0.00	-30164.17	-39784.88	-1.10041	-30164.17	-39784.88	-1.10041	68.556	0.00
0.00	-30164.10	-39785.02	-1.10966	-30164.10	-39785.02	-1.10966	64.273	0.00
0.00	-30164.04	-39785.15	-1.11799	-30164.04	-39785.15	-1.11799	64.310	0.00
0.00	-30163.92	-39785.39	-1.12570	-30163.92	-39785.39	-1.12570	73.392	0.00
0.00	-30163.82	-39785.61	-1.13407	-30163.82	-39785.61	-1.13407	66.111	0.00
0.00	-30163.77	-39785.74	-1.14119	-30163.77	-39785.74	-1.14119	64.693	0.00
0.00	-30163.61	-39786.08	-1.14780	-30163.61	-39786.08	-1.14780	75.946	0.00
0.00	-30163.55	-39786.23	-1.15510	-30163.55	-39786.23	-1.15510	65.187	0.00
0.00	-30163.44	-39786.47	-1.16107	-30163.44	-39786.47	-1.16107	64.550	0.00
0.00	-30163.38	-39786.63	-1.16659	-30163.38	-39786.63	-1.16659	70.020	0.00
0.00	-30163.28	-39786.86	-1.17200	-30163.28	-39786.86	-1.17200	70.644	0.00
0.00	-30163.21	-39787.03	-1.17736	-30163.21	-39787.03	-1.17736	66.427	0.00
0.00	-30163.13	-39787.24	-1.18236	-30163.13	-39787.24	-1.18236	66.555	0.00
0.00	-30163.07	-39787.40	-1.18704	-30163.07	-39787.40	-1.18704	73.714	0.00
0.00	-30162.94	-39787.72	-1.19204	-30162.94	-39787.72	-1.19204	76.051	0.00
0.00	-30162.85	-39787.95	-1.19685	-30162.85	-39787.95	-1.19685	66.564	0.00
0.00	-30162.78	-39788.15	-1.20067	-30162.78	-39788.15	-1.20067	75.346	0.00
0.00	-30162.71	-39788.35	-1.20432	-30162.71	-39788.35	-1.20432	70.441	0.00
0.00	-30162.61	-39788.61	-1.20750	-30162.61	-39788.61	-1.20750	77.343	0.00
0.00	-30162.52	-39788.85	-1.21085	-30162.52	-39788.85	-1.21085	71.049	0.00
0.00	-30162.40	-39789.19	-1.21379	-30162.40	-39789.19	-1.21379	74.498	0.00
0.00	-30162.35	-39789.33	-1.21666	-30162.35	-39789.33	-1.21666	69.892	0.00
0.00	-30162.25	-39789.59	-1.21905	-30162.25	-39789.59	-1.21905	78.637	0.00
0.00	-30162.18	-39789.81	-1.22173	-30162.18	-39789.81	-1.22173	71.145	0.00
0.00	-30162.07	-39790.11	-1.22401	-30162.07	-39790.11	-1.22401	74.924	0.00
0.00	-30162.02	-39790.25	-1.22616	-30162.02	-39790.25	-1.22616	68.893	0.00
0.00	-30161.92	-39790.54	-1.22794	-30161.92	-39790.54	-1.22794	66.545	0.00
0.00	-30161.85	-39790.77	-1.22982	-30161.85	-39790.77	-1.22982	75.108	0.00
0.00	-30161.76	-39791.03	-1.23184	-30161.76	-39791.03	-1.23184	67.377	0.00
0.00	-30161.72	-39791.13	-1.23383	-30161.72	-39791.13	-1.23383	67.748	0.00
0.00	-30161.63	-39791.40	-1.23531	-30161.63	-39791.40	-1.23531	75.254	0.00
0.00	-30161.55	-39791.64	-1.23745	-30161.55	-39791.64	-1.23745	75.010	0.00
0.00	-30161.46	-39791.91	-1.23992	-30161.46	-39791.91	-1.23992	75.955	0.00
0.00	-30161.42	-39792.03	-1.24227	-30161.42	-39792.03	-1.24227	66.666	0.00
0.00	-30161.30	-39792.39	-1.24419	-30161.30	-39792.39	-1.24419	68.500	0.00
0.00	-30161.23	-39792.59	-1.24585	-30161.23	-39792.59	-1.24585	70.370	0.00
0.00	-30161.18	-39792.78	-1.24800	-30161.18	-39792.78	-1.24800	67.830	0.00
0.00	-30161.12	-39792.94	-1.25008	-30161.12	-39792.94	-1.25008	76.946	0.00
0.00	-30161.01	-39793.29	-1.25205	-30161.01	-39793.29	-1.25205	80.925	0.00
0.00	-30160.94	-39793.52	-1.25383	-30160.94	-39793.52	-1.25383	72.663	0.00
0.00	-30160.86	-39793.77	-1.25518	-30160.86	-39793.77	-1.25518	68.970	0.00
0.00	-30160.81	-39793.93	-1.25633	-30160.81	-39793.93	-1.25633	78.725	0.00
0.00	-30160.68	-39794.32	-1.25728	-30160.68	-39794.32	-1.25728	78.859	0.00
0.00	-30160.60	-39794.59	-1.25795	-30160.60	-39794.59	-1.25795	69.612	0.00
0.00	-30160.54	-39794.76	-1.25868	-30160.54	-39794.76	-1.25868	74.822	0.00
0.00	-30160.48	-39794.97	-1.25949	-30160.48	-39794.97	-1.25949	73.086	0.00
0.00	-30160.36	-39795.32	-1.26021	-30160.36	-39795.32	-1.26021	77.473	0.00
0.00	-30160.29	-39795.56	-1.26087	-30160.29	-39795.56	-1.26087	76.469	0.00
0.00	-30160.22	-39795.78	-1.26136	-30160.22	-39795.78	-1.26136	76.374	0.00
0.00	-30160.16	-39795.98	-1.26181	-30160.16	-39795.98	-1.26181	68.954	0.00
0.00	-30160.04	-39796.34	-1.26231	-30160.04	-39796.34	-1.26231	69.474	0.00
0.00	-30159.98	-39796.54	-1.26294	-30159.98	-39796.54	-1.26294	77.235	0.00
0.00	-30159.89	-39796.82	-1.26365	-30159.89	-39796.82	-1.26365	70.954	0.00
0.00	-30159.83	-39796.99	-1.26441	-30159.83	-39796.99	-1.26441	71.546	0.00
0.00	-30159.73	-39797.33	-1.26508	-30159.73	-39797.33	-1.26508	79.375	0.00
0.00	-30159.62	-39797.68	-1.26560	-30159.62	-39797.68	-1.26560	70.630	0.00
0.00	-30159.55	-39797.91	-1.26584	-30159.55	-39797.91	-1.26584	69.672	0.00
0.00	-30159.48	-39798.12	-1.26611	-30159.48	-39798.12	-1.26611	69.390	0.00
0.00	-30159.38	-39798.43	-1.26645	-30159.38	-39798.43	-1.26645	71.866	0.00
0.00	-30159.31	-39798.66	-1.26684	-30159.31	-39798.66	-1.26684	79.622	0.00
0.00	-30159.25	-39798.87	-1.26714	-30159.25	-39798.87	-1.26714	75.267	0.00
0.00	-30159.13	-39799.24	-1.26759	-30159.13	-39799.24	-1.26759	71.133	0.00
0.00	-30159.06	-39799.47	-1.26831	-30159.06	-39799.47	-1.26831	70.823	0.00
0.00	-30158.98	-39799.72	-1.26907	-30158.98	-39799.72	-1.26907	79.765	0.00
0.00	-30158.91	-39799.96	-1.26962	-30158.91	-39799.96	-1.26962	70.974	0.00
0.00	-30158.78	-39800.37	-1.26991	-30158.78	-39800.37	-1.26991	83.470	0.00
0.00	-30158.68	-39800.71	-1.27031	-30158.68	-39800.71	-1.27031	77.628	0.00
0.00	-30158.60	-39800.96	-1.27085	-30158.60	-39800.96	-1.27085	69.153	0.00
0.00	-30158.58	-39801.04	-1.27122	-30158.58	-39801.04	-1.27122	77.456	0.00
0.00	-30158.47	-39801.39	-1.27133	-30158.47	-39801.39	-1.27133	70.425	0.00
0.00	-30158.47	-39801.39	-1.27133	-30158.47	-39801.39	-1.27133	70.232	0.00
