0.00	-30122.22	-39999.24	0.35000	-30122.22	-39999.24	0.35000	2.487	0.00
0.00	-30122.49	-39999.32	0.35000	-30122.49	-39999.32	0.35000	2.107	0.00
0.00	-30122.41	-39999.28	0.35027	-30122.41	-39999.28	0.35027	2.161	0.00
0.00	-30122.46	-39999.27	0.43029	-30122.46	-39999.27	0.43029	2.488	0.00
0.00	-30122.56	-39999.27	0.48432	-30122.56	-39999.27	0.48432	2.258	0.00
0.00	-30122.69	-39999.28	0.53563	-30122.69	-39999.28	0.53563	2.294	0.00
0.00	-30122.92	-39999.33	0.59631	-30122.92	-39999.33	0.59631	2.152	0.00
0.00	-30123.07	-39999.36	0.64149	-30123.07	-39999.36	0.64149	2.057	0.00
0.00	-30123.30	-39999.43	0.70149	-30123.30	-39999.43	0.70149	2.225	0.00
0.00	-30123.52	-39999.48	0.75628	-30123.52	-39999.48	0.75628	2.220	0.00
0.00	-30123.72	-39999.54	0.80978	-30123.72	-39999.54	0.80978	2.171	0.00
0.00	-30123.92	-39999.60	0.86264	-30123.92	-39999.60	0.86264	2.168	0.00
0.00	-30124.12	-39999.67	0.91517	-30124.12	-39999.67	0.91517	2.228	0.00
0.00	-30124.32	-39999.73	0.96745	-30124.32	-39999.73	0.96745	2.209	0.00
0.00	-30124.49	-39999.76	1.01965	-30124.49	-39999.76	1.01965	2.427	0.00
0.00	-30124.66	-39999.82	1.06511	-30124.66	-39999.82	1.06511	2.173	0.00
0.00	-30124.85	-39999.89	1.11230	-30124.85	-39999.89	1.11230	2.330	0.00
0.00	-30125.03	-39999.96	1.16018	-30125.03	-39999.96	1.16018	2.244	0.00
0.00	-30125.21	-40000.02	1.20803	-30125.21	-40000.02	1.20803	2.147	0.00
0.00	-30125.40	-40000.08	1.25542	-30125.40	-40000.08	1.25542	2.069	0.00
0.00	-30125.57	-40000.14	1.30107	-30125.57	-40000.14	1.30107	2.082	0.00
0.00	-30125.77	-40000.21	1.35080	-30125.77	-40000.21	1.35080	2.099	0.00
0.00	-30125.96	-40000.28	1.40103	-30125.96	-40000.28	1.40103	2.087	0.00
0.00	-30126.14	-40000.33	1.44775	-30126.14	-40000.33	1.44775	2.075	0.00
0.00	-30126.31	-40000.36	1.49148	-30126.31	-40000.36	1.49148	2.110	0.00
0.00	-30126.48	-40000.39	1.53408	-30126.48	-40000.39	1.53408	2.058	0.00
0.00	-30126.65	-40000.43	1.57621	-30126.65	-40000.43	1.57621	2.060	0.00
0.00	-30126.82	-40000.47	1.61779	-30126.82	-40000.47	1.61779	2.016	0.00
0.00	-30126.99	-40000.50	1.65860	-30126.99	-40000.50	1.65860	2.069	0.00
0.00	-30127.16	-40000.53	1.69883	-30127.16	-40000.53	1.69883	2.165	0.00
0.00	-30127.37	-40000.59	1.74788	-30127.37	-40000.59	1.74788	2.167	0.00
0.00	-30127.57	-40000.63	1.79384	-30127.57	-40000.63	1.79384	2.143	0.00
0.00	-30127.77	-40000.66	1.83745	-30127.77	-40000.66	1.83745	2.161	0.00
0.00	-30127.96	-40000.68	1.87924	-30127.96	-40000.68	1.87924	2.111	0.00
0.00	-30128.15	-40000.70	1.91969	-30128.15	-40000.70	1.91969	2.296	0.00
0.00	-30128.34	-40000.72	1.95909	-30128.34	-40000.72	1.95909	2.041	0.00
0.00	-30128.53	-40000.74	1.99763	-30128.53	-40000.74	1.99763	2.081	0.00
0.00	-30128.73	-40000.76	2.03552	-30128.73	-40000.76	2.03552	2.019	0.00
0.00	-30128.94	-40000.74	2.07289	-30128.94	-40000.74	2.07289	2.182	0.00
0.00	-30129.11	-40000.75	2.10400	-30129.11	-40000.75	2.10400	2.248	0.00
0.00	-30129.29	-40000.76	2.13616	-30129.29	-40000.76	2.13616	2.156	0.00
0.00	-30129.48	-40000.77	2.17033	-30129.48	-40000.77	2.17033	2.122	0.00
0.00	-30129.68	-40000.79	2.20540	-30129.68	-40000.79	2.20540	2.109	0.00
0.00	-30129.88	-40000.81	2.23948	-30129.88	-40000.81	2.23948	2.158	0.00
0.00	-30130.08	-40000.83	2.27304	-30130.08	-40000.83	2.27304	2.102	0.00
0.00	-30130.29	-40000.85	2.30648	-30130.29	-40000.85	2.30648	2.116	0.00
0.00	-30130.50	-40000.87	2.33996	-30130.50	-40000.87	2.33996	2.096	0.00
0.00	-30130.72	-40000.89	2.37340	-30130.72	-40000.89	2.37340	2.080	0.00
0.00	-30130.94	-40000.92	2.40676	-30130.94	-40000.92	2.40676	2.022	0.00
0.00	-30131.16	-40000.95	2.43987	-30131.16	-40000.95	2.43987	2.186	0.00
0.00	-30131.38	-40000.99	2.47263	-30131.38	-40000.99	2.47263	2.113	0.00
0.00	-30131.61	-40001.02	2.50508	-30131.61	-40001.02	2.50508	2.155	0.00
0.00	-30131.85	-40001.06	2.53721	-30131.85	-40001.06	2.53721	2.125	0.00
0.00	-30132.10	-40001.13	2.57630	-30132.10	-40001.13	2.57630	2.196	0.00
0.00	-30132.36	-40001.20	2.61330	-30132.36	-40001.20	2.61330	2.110	0.00
0.00	-30132.62	-40001.27	2.64860	-30132.62	-40001.27	2.64860	2.059	0.00
0.00	-30132.88	-40001.33	2.68241	-30132.88	-40001.33	2.68241	2.036	0.00
0.00	-30133.12	-40001.40	2.71505	-30133.12	-40001.40	2.71505	1.962	0.00
0.00	-30133.37	-40001.47	2.74663	-30133.37	-40001.47	2.74663	2.136	0.00
0.00	-30133.65	-40001.53	2.77699	-30133.65	-40001.53	2.77699	2.135	0.00
0.00	-30133.85	-40001.59	2.80218	-30133.85	-40001.59	2.80218	1.991	0.00
0.00	-30134.12	-40001.66	2.83302	-30134.12	-40001.66	2.83302	2.109	0.00
0.00	-30134.42	-40001.73	2.86308	-30134.42	-40001.73	2.86308	2.086	0.00
0.00	-30134.63	-40001.80	2.88666	-30134.63	-40001.80	2.88666	2.143	0.00
0.00	-30134.84	-40001.87	2.91006	-30134.84	-40001.87	2.91006	2.120	0.00
0.00	-30135.05	-40001.94	2.93344	-30135.05	-40001.94	2.93344	2.090	0.00
0.00	-30135.22	-40002.02	2.95682	-30135.22	-40002.02	2.95682	2.070	0.00
0.00	-30135.49	-40002.12	2.98464	-30135.49	-40002.12	2.98464	2.109	0.00
0.00	-30135.70	-40002.19	3.00666	-30135.70	-40002.19	3.00666	2.148	0.00
0.00	-30135.91	-40002.28	3.02841	-30135.91	-40002.28	3.02841	2.062	0.00
0.00	-30136.13	-40002.36	3.04994	-30136.13	-40002.36	3.04994	2.109	0.00
0.00	-30136.34	-40002.45	3.07115	-30136.34	-40002.45	3.07115	2.155	0.00
0.00	-30136.56	-40002.54	3.09186	-30136.56	-40002.54	3.09186	2.145	0.00
0.00	-30136.77	-40002.63	3.11197	-30136.77	-40002.63	3.11197	1.992	0.00
0.00	-30136.97	-40002.72	3.13152	-30136.97	-40002.72	3.13152	2.047	0.00
0.00	-30137.19	-40002.81	-3.13256	-30137.19	-40002.81	-3.13256	2.012	0.00
0.00	-30137.40	-40002.93	-3.10942	-30137.40	-40002.93	-3.10942	2.062	0.00
0.00	-30137.61	-40003.05	-3.08753	-30137.61	-40003.05	-3.08753	2.118	0.00
0.00	-30137.82	-40003.16	-3.06691	-30137.82	-40003.16	-3.06691	2.075	0.00
0.00	-30138.00	-40003.25	-3.05128	-30138.00	-40003.25	-3.05128	2.078	0.00
0.00	-30138.24	-40003.36	-3.03234	-30138.24	-40003.36	-3.03234	2.041	0.00
0.00	-30138.48	-40003.48	-3.01464	-30138.48	-40003.48	-3.01464	2.068	0.00
0.00	-30138.70	-40003.59	-2.99816	-30138.70	-40003.59	-2.99816	2.022	0.00
0.00	-30138.88	-40003.69	-2.98297	-30138.88	-40003.69	-2.98297	2.004	0.00
0.00	-30139.05	-40003.79	-2.96865	-30139.05	-40003.79	-2.96865	2.051	0.00
0.00	-30139.27	-40003.90	-2.95506	-30139.27	-40003.90	-2.95506	2.079	0.00
0.00	-30139.44	-40003.98	-2.94434	-30139.44	-40003.98	-2.94434	2.153	0.00
0.00	-30139.62	-40004.07	-2.93384	-30139.62	-40004.07	-2.93384	2.052	0.00
0.00	-30139.81	-40004.16	-2.92360	-30139.81	-40004.16	-2.92360	2.184	0.00
0.00	-30139.99	-40004.25	-2.91366	-30139.99	-40004.25	-2.91366	2.005	0.00
0.00	-30140.17	-40004.33	-2.90413	-30140.17	-40004.33	-2.90413	2.055	0.00
0.00	-30140.35	-40004.42	-2.89510	-30140.35	-40004.42	-2.89510	1.973	0.00
0.00	-30140.54	-40004.51	-2.88653	-30140.54	-40004.51	-2.88653	1.983	0.00
0.00	-30140.72	-40004.60	-2.87843	-30140.72	-40004.60	-2.87843	1.879	0.00
0.00	-30140.91	-40004.69	-2.87084	-30140.91	-40004.69	-2.87084	2.015	0.00
0.00	-30141.09	-40004.77	-2.86371	-30141.09	-40004.77	-2.86371	1.980	0.00
0.00	-30141.27	-40004.86	-2.85705	-30141.27	-40004.86	-2.85705	1.874	0.00
0.00	-30141.46	-40004.95	-2.85094	-30141.46	-40004.95	-2.85094	2.131	0.00
0.00	-30141.64	-40005.03	-2.84530	-30141.64	-40005.03	-2.84530	2.157	0.00
0.00	-30141.81	-40005.11	-2.84007	-30141.81	-40005.11	-2.84007	2.101	0.00
0.00	-30142.04	-40005.21	-2.83417	-30142.04	-40005.21	-2.83417	1.988	0.00
0.00	-30142.27	-40005.31	-2.82900	-30142.27	-40005.31	-2.82900	2.047	0.00
0.00	-30142.46	-40005.40	-2.82442	-30142.46	-40005.40	-2.82442	2.030	0.00
0.00	-30142.62	-40005.48	-2.82048	-30142.62	-40005.48	-2.82048	2.031	0.00
0.00	-30142.79	-40005.55	-2.81713	-30142.79	-40005.55	-2.81713	1.967	0.00
0.00	-30142.96	-40005.63	-2.81433	-30142.96	-40005.63	-2.81433	1.989	0.00
0.00	-30143.13	-40005.70	-2.81200	-30143.13	-40005.70	-2.81200	1.977	0.00
0.00	-30143.35	-40005.79	-2.81005	-30143.35	-40005.79	-2.81005	2.052	0.00
0.00	-30143.53	-40005.86	-2.80871	-30143.53	-40005.86	-2.80871	2.111	0.00
0.00	-30143.71	-40005.93	-2.80738	-30143.71	-40005.93	-2.80738	2.081	0.00
0.00	-30143.89	-40006.01	-2.80609	-30143.89	-40006.01	-2.80609	2.520	0.00
0.00	-30144.08	-40006.08	-2.80490	-30144.08	-40006.08	-2.80490	2.043	0.00
0.00	-30144.26	-40006.15	-2.80393	-30144.26	-40006.15	-2.80393	1.992	0.00
0.00	-30144.45	-40006.22	-2.80316	-30144.45	-40006.22	-2.80316	2.012	0.00
0.00	-30144.63	-40006.29	-2.80265	-30144.63	-40006.29	-2.80265	1.939	0.00
0.00	-30144.82	-40006.36	-2.80232	-30144.82	-40006.36	-2.80232	1.983	0.00
0.00	-30145.01	-40006.43	-2.80209	-30145.01	-40006.43	-2.80209	1.947	0.00
0.00	-30145.19	-40006.49	-2.80207	-30145.19	-40006.49	-2.80207	1.949	0.00
0.00	-30145.38	-40006.56	-2.80228	-30145.38	-40006.56	-2.80228	1.998	0.00
0.00	-30145.56	-40006.63	-2.80253	-30145.56	-40006.63	-2.80253	2.054	0.00
0.00	-30145.79	-40006.70	-2.80276	-30145.79	-40006.70	-2.80276	2.077	0.00
0.00	-30146.03	-40006.79	-2.80298	-30146.03	-40006.79	-2.80298	2.032	0.00
0.00	-30146.23	-40006.86	-2.80320	-30146.23	-40006.86	-2.80320	2.084	0.00
0.00	-30146.40	-40006.92	-2.80354	-30146.40	-40006.92	-2.80354	2.065	0.00
0.00	-30146.58	-40006.98	-2.80412	-30146.58	-40006.98	-2.80412	2.041	0.00
0.00	-30146.76	-40007.04	-2.80493	-30146.76	-40007.04	-2.80493	2.075	0.00
0.00	-30146.95	-40007.10	-2.80584	-30146.95	-40007.10	-2.80584	2.116	0.00
0.00	-30147.13	-40007.16	-2.80676	-30147.13	-40007.16	-2.80676	2.032	0.00
0.00	-30147.33	-40007.23	-2.80767	-30147.33	-40007.23	-2.80767	1.993	0.00
0.00	-30147.52	-40007.29	-2.80858	-30147.52	-40007.29	-2.80858	1.991	0.00
0.00	-30147.72	-40007.35	-2.80953	-30147.72	-40007.35	-2.80953	2.061	0.00
0.00	-30147.95	-40007.43	-2.81050	-30147.95	-40007.43	-2.81050	2.138	0.00
0.00	-30148.14	-40007.49	-2.81134	-30148.14	-40007.49	-2.81134	2.202	0.00
0.00	-30148.33	-40007.55	-2.81220	-30148.33	-40007.55	-2.81220	2.077	0.00
0.00	-30148.53	-40007.62	-2.81307	-30148.53	-40007.62	-2.81307	2.068	0.00
0.00	-30148.72	-40007.68	-2.81391	-30148.72	-40007.68	-2.81391	2.070	0.00
0.00	-30148.92	-40007.74	-2.81475	-30148.92	-40007.74	-2.81475	2.089	0.00
0.00	-30149.11	-40007.80	-2.81564	-30149.11	-40007.80	-2.81564	2.071	0.00
0.00	-30149.31	-40007.86	-2.81661	-30149.31	-40007.86	-2.81661	2.035	0.00
0.00	-30149.49	-40007.92	-2.81758	-30149.49	-40007.92	-2.81758	1.924	0.00
0.00	-30149.72	-40007.99	-2.81854	-30149.72	-40007.99	-2.81854	2.056	0.00
0.00	-30149.95	-40008.06	-2.81944	-30149.95	-40008.06	-2.81944	1.953	0.00
0.00	-30150.14	-40008.13	-2.82027	-30150.14	-40008.13	-2.82027	2.059	0.00
0.00	-30150.32	-40008.18	-2.82103	-30150.32	-40008.18	-2.82103	2.268	0.00
0.00	-30150.50	-40008.24	-2.82174	-30150.50	-40008.24	-2.82174	2.048	0.00
0.00	-30150.69	-40008.29	-2.82255	-30150.69	-40008.29	-2.82255	1.902	0.00
0.00	-30150.88	-40008.35	-2.82360	-30150.88	-40008.35	-2.82360	2.129	0.00
0.00	-30151.08	-40008.41	-2.82459	-30151.08	-40008.41	-2.82459	2.010	0.00
0.00	-30151.27	-40008.47	-2.82555	-30151.27	-40008.47	-2.82555	2.089	0.00
0.00	-30151.47	-40008.53	-2.82644	-30151.47	-40008.53	-2.82644	1.987	0.00
0.00	-30151.66	-40008.59	-2.82727	-30151.66	-40008.59	-2.82727	2.049	0.00
0.00	-30151.85	-40008.65	-2.82812	-30151.85	-40008.65	-2.82812	2.055	0.00
0.00	-30152.04	-40008.71	-2.82892	-30152.04	-40008.71	-2.82892	1.966	0.00
0.00	-30152.23	-40008.77	-2.82949	-30152.23	-40008.77	-2.82949	2.043	0.00
0.00	-30152.42	-40008.82	-2.82984	-30152.42	-40008.82	-2.82984	2.083	0.00
0.00	-30152.65	-40008.89	-2.83003	-30152.65	-40008.89	-2.83003	2.042	0.00
0.00	-30152.84	-40008.95	-2.83020	-30152.84	-40008.95	-2.83020	2.034	0.00
0.00	-30153.02	-40009.01	-2.83051	-30153.02	-40009.01	-2.83051	2.035	0.00
0.00	-30153.20	-40009.06	-2.83093	-30153.20	-40009.06	-2.83093	2.002	0.00
0.00	-30153.40	-40009.13	-2.83139	-30153.40	-40009.13	-2.83139	2.047	0.00
0.00	-30153.62	-40009.19	-2.83179	-30153.62	-40009.19	-2.83179	1.965	0.00
0.00	-30153.84	-40009.26	-2.83211	-30153.84	-40009.26	-2.83211	2.006	0.00
0.00	-30154.03	-40009.32	-2.83236	-30154.03	-40009.32	-2.83236	2.049	0.00
0.00	-30154.20	-40009.37	-2.83257	-30154.20	-40009.37	-2.83257	2.144	0.00
0.00	-30154.37	-40009.43	-2.83275	-30154.37	-40009.43	-2.83275	2.065	0.00
0.00	-30154.55	-40009.48	-2.83291	-30154.55	-40009.48	-2.83291	2.415	0.00
0.00	-30154.73	-40009.54	-2.83306	-30154.73	-40009.54	-2.83306	2.058	0.00
0.00	-30154.91	-40009.59	-2.83317	-30154.91	-40009.59	-2.83317	2.599	0.00
0.00	-30155.10	-40009.65	-2.83328	-30155.10	-40009.65	-2.83328	2.238	0.00
0.00	-30155.29	-40009.71	-2.83355	-30155.29	-40009.71	-2.83355	2.046	0.00
0.00	-30155.48	-40009.77	-2.83384	-30155.48	-40009.77	-2.83384	2.008	0.00
0.00	-30155.68	-40009.83	-2.83411	-30155.68	-40009.83	-2.83411	2.095	0.00
0.00	-30155.88	-40009.89	-2.83423	-30155.88	-40009.89	-2.83423	2.032	0.00
0.00	-30156.07	-40009.95	-2.83426	-30156.07	-40009.95	-2.83426	1.969	0.00
0.00	-30156.25	-40010.01	-2.83431	-30156.25	-40010.01	-2.83431	2.081	0.00
0.00	-30156.43	-40010.06	-2.83438	-30156.43	-40010.06	-2.83438	2.025	0.00
0.00	-30156.62	-40010.12	-2.83448	-30156.62	-40010.12	-2.83448	2.077	0.00
0.00	-30156.84	-40010.19	-2.83458	-30156.84	-40010.19	-2.83458	2.044	0.00
0.00	-30157.01	-40010.24	-2.83460	-30157.01	-40010.24	-2.83460	2.161	0.00
0.00	-30157.21	-40010.31	-2.83456	-30157.21	-40010.31	-2.83456	2.104	0.00
0.00	-30157.44	-40010.38	-2.83450	-30157.44	-40010.38	-2.83450	2.036	0.00
0.00	-30157.65	-40010.44	-2.83445	-30157.65	-40010.44	-2.83445	1.959	0.00
0.00	-30157.82	-40010.50	-2.83446	-30157.82	-40010.50	-2.83446	1.891	0.00
0.00	-30157.99	-40010.55	-2.83452	-30157.99	-40010.55	-2.83452	1.966	0.00
0.00	-30158.16	-40010.61	-2.83457	-30158.16	-40010.61	-2.83457	2.054	0.00
0.00	-30158.34	-40010.66	-2.83455	-30158.34	-40010.66	-2.83455	1.998	0.00
0.00	-30158.52	-40010.72	-2.83443	-30158.52	-40010.72	-2.83443	2.066	0.00
0.00	-30158.70	-40010.78	-2.83429	-30158.70	-40010.78	-2.83429	1.854	0.00
0.00	-30158.89	-40010.84	-2.83406	-30158.89	-40010.84	-2.83406	2.021	0.00
0.00	-30159.08	-40010.89	-2.83381	-30159.08	-40010.89	-2.83381	2.079	0.00
0.00	-30159.26	-40010.95	-2.83362	-30159.26	-40010.95	-2.83362	1.993	0.00
0.00	-30159.45	-40011.01	-2.83341	-30159.45	-40011.01	-2.83341	2.088	0.00
0.00	-30159.65	-40011.08	-2.83320	-30159.65	-40011.08	-2.83320	2.145	0.00
0.00	-30159.84	-40011.14	-2.83294	-30159.84	-40011.14	-2.83294	2.148	0.00
0.00	-30160.03	-40011.20	-2.83259	-30160.03	-40011.20	-2.83259	2.023	0.00
0.00	-30160.21	-40011.26	-2.83224	-30160.21	-40011.26	-2.83224	1.944	0.00
0.00	-30160.40	-40011.32	-2.83195	-30160.40	-40011.32	-2.83195	2.042	0.00
0.00	-30160.59	-40011.38	-2.83171	-30160.59	-40011.38	-2.83171	2.068	0.00
0.00	-30160.76	-40011.44	-2.83150	-30160.76	-40011.44	-2.83150	2.038	0.00
0.00	-30160.98	-40011.51	-2.83133	-30160.98	-40011.51	-2.83133	2.082	0.00
0.00	-30161.21	-40011.58	-2.83123	-30161.21	-40011.58	-2.83123	1.992	0.00
0.00	-30161.47	-40011.66	-2.83119	-30161.47	-40011.66	-2.83119	2.002	0.00
0.00	-30161.59	-40011.70	-2.83109	-30161.59	-40011.70	-2.83109	2.093	0.00
0.00	-30161.80	-40011.77	-2.83095	-30161.80	-40011.77	-2.83095	1.982	0.00
0.00	-30161.95	-40011.82	-2.83073	-30161.95	-40011.82	-2.83073	2.063	0.00
0.00	-30163.53	-40012.32	-2.82847	-30163.53	-40012.32	-2.82847	3.243	0.00
0.00	-30163.53	-40012.32	-2.82847	-30163.53	-40012.32	-2.82847	3.536	0.00
0.00	-30163.53	-40012.32	-2.82847	-30163.53	-40012.32	-2.82847	2.587	0.00
0.00	-30163.67	-40012.37	-2.82831	-30163.67	-40012.37	-2.82831	1.962	0.00
0.00	-30163.67	-40012.37	-2.82831	-30163.67	-40012.37	-2.82831	1.839	0.00
0.00	-30163.82	-40012.42	-2.82828	-30163.82	-40012.42	-2.82828	2.031	0.00
0.00	-30163.82	-40012.42	-2.82828	-30163.82	-40012.42	-2.82828	1.877	0.00
0.00	-30163.95	-40012.46	-2.82823	-30163.95	-40012.46	-2.82823	1.972	0.00
0.00	-30163.95	-40012.46	-2.82823	-30163.95	-40012.46	-2.82823	3.116	0.00
0.00	-30163.95	-40012.46	-2.82823	-30163.95	-40012.46	-2.82823	2.365	0.00
0.00	-30163.83	-40012.42	-2.82807	-30163.83	-40012.42	-2.82807	2.046	0.00
0.00	-30164.07	-40012.50	-2.82799	-30164.07	-40012.50	-2.82799	2.155	0.00
0.00	-30164.28	-40012.57	-2.82794	-30164.28	-40012.57	-2.82794	2.040	0.00
0.00	-30164.53	-40012.65	-2.82804	-30164.53	-40012.65	-2.82804	2.012	0.00
0.00	-30164.77	-40012.73	-2.82808	-30164.77	-40012.73	-2.82808	2.308	0.00
0.00	-30165.02	-40012.81	-2.82812	-30165.02	-40012.81	-2.82812	2.774	0.00
0.00	-30165.25	-40012.88	-2.82800	-30165.25	-40012.88	-2.82800	2.087	0.00
0.00	-30165.43	-40012.94	-2.82789	-30165.43	-40012.94	-2.82789	1.969	0.00
0.00	-30165.70	-40013.03	-2.82778	-30165.70	-40013.03	-2.82778	2.050	0.00
0.00	-30165.86	-40013.08	-2.82758	-30165.86	-40013.08	-2.82758	1.976	0.00
0.00	-30166.12	-40013.16	-2.82740	-30166.12	-40013.16	-2.82740	2.000	0.00
0.00	-30166.26	-40013.21	-2.82712	-30166.26	-40013.21	-2.82712	1.994	0.00
0.00	-30166.51	-40013.29	-2.82699	-30166.51	-40013.29	-2.82699	1.946	0.00
0.00	-30166.66	-40013.34	-2.82682	-30166.66	-40013.34	-2.82682	1.898	0.00
0.00	-30166.91	-40013.42	-2.82675	-30166.91	-40013.42	-2.82675	1.935	0.00
0.00	-30167.09	-40013.48	-2.82673	-30167.09	-40013.48	-2.82673	1.996	0.00
0.00	-30167.30	-40013.55	-2.82674	-30167.30	-40013.55	-2.82674	1.939	0.00
0.00	-30167.48	-40013.61	-2.82686	-30167.48	-40013.61	-2.82686	1.935	0.00
0.00	-30167.67	-40013.67	-2.82689	-30167.67	-40013.67	-2.82689	1.877	0.00
0.00	-30167.85	-40013.73	-2.82702	-30167.85	-40013.73	-2.82702	1.959	0.00
0.00	-30168.06	-40013.80	-2.82709	-30168.06	-40013.80	-2.82709	1.915	0.00
0.00	-30168.24	-40013.86	-2.82719	-30168.24	-40013.86	-2.82719	1.810	0.00
0.00	-30168.44	-40013.92	-2.82708	-30168.44	-40013.92	-2.82708	1.959	0.00
0.00	-30168.60	-40013.97	-2.82695	-30168.60	-40013.97	-2.82695	1.882	0.00
0.00	-30168.85	-40014.05	-2.82675	-30168.85	-40014.05	-2.82675	1.981	0.00
0.00	-30169.08	-40014.13	-2.82646	-30169.08	-40014.13	-2.82646	1.871	0.00
0.00	-30169.28	-40014.20	-2.82623	-30169.28	-40014.20	-2.82623	1.945	0.00
0.00	-30169.46	-40014.25	-2.82612	-30169.46	-40014.25	-2.82612	1.980	0.00
0.00	-30169.69	-40014.33	-2.82614	-30169.69	-40014.33	-2.82614	1.882	0.00
0.00	-30169.79	-40014.36	-2.82620	-30169.79	-40014.36	-2.82620	2.071	0.00
0.00	-30169.99	-40014.43	-2.82633	-30169.99	-40014.43	-2.82633	1.815	0.00
0.00	-30170.18	-40014.49	-2.82647	-30170.18	-40014.49	-2.82647	2.087	0.00
0.00	-30170.42	-40014.57	-2.82650	-30170.42	-40014.57	-2.82650	2.016	0.00
0.00	-30170.56	-40014.61	-2.82651	-30170.56	-40014.61	-2.82651	1.867	0.00
0.00	-30170.81	-40014.69	-2.82656	-30170.81	-40014.69	-2.82656	1.987	0.00
0.00	-30170.94	-40014.73	-2.82664	-30170.94	-40014.73	-2.82664	1.965	0.00
0.00	-30171.18	-40014.81	-2.82671	-30171.18	-40014.81	-2.82671	1.922	0.00
0.00	-30171.49	-40014.91	-2.82686	-30171.49	-40014.91	-2.82686	1.895	0.00
0.00	-30171.54	-40014.93	-2.82690	-30171.54	-40014.93	-2.82690	1.813	0.00
0.00	-30171.72	-40014.99	-2.82691	-30171.72	-40014.99	-2.82691	1.894	0.00
0.00	-30171.92	-40015.05	-2.82684	-30171.92	-40015.05	-2.82684	2.062	0.00
0.00	-30172.10	-40015.11	-2.82676	-30172.10	-40015.11	-2.82676	1.933	0.00
0.00	-30172.30	-40015.18	-2.82675	-30172.30	-40015.18	-2.82675	1.881	0.00
0.00	-30172.47	-40015.23	-2.82679	-30172.47	-40015.23	-2.82679	2.035	0.00
0.00	-30172.70	-40015.31	-2.82693	-30172.70	-40015.31	-2.82693	1.956	0.00
0.00	-30172.92	-40015.38	-2.82714	-30172.92	-40015.38	-2.82714	1.969	0.00
0.00	-30173.12	-40015.44	-2.82726	-30173.12	-40015.44	-2.82726	1.964	0.00
0.00	-30173.29	-40015.50	-2.82725	-30173.29	-40015.50	-2.82725	2.924	0.00
0.00	-30173.49	-40015.56	-2.82716	-30173.49	-40015.56	-2.82716	1.963	0.00
0.00	-30173.66	-40015.62	-2.82704	-30173.66	-40015.62	-2.82704	1.914	0.00
0.00	-30173.86	-40015.68	-2.82695	-30173.86	-40015.68	-2.82695	1.963	0.00
0.00	-30174.04	-40015.74	-2.82685	-30174.04	-40015.74	-2.82685	1.806	0.00
0.00	-30174.24	-40015.81	-2.82678	-30174.24	-40015.81	-2.82678	1.856	0.00
0.00	-30174.42	-40015.87	-2.82677	-30174.42	-40015.87	-2.82677	1.968	0.00
0.00	-30174.63	-40015.93	-2.82680	-30174.63	-40015.93	-2.82680	1.929	0.00
0.00	-30174.78	-40015.98	-2.82681	-30174.78	-40015.98	-2.82681	1.927	0.00
0.00	-30175.02	-40016.06	-2.82680	-30175.02	-40016.06	-2.82680	1.956	0.00
0.00	-30175.17	-40016.11	-2.82672	-30175.17	-40016.11	-2.82672	1.914	0.00
0.00	-30175.42	-40016.19	-2.82660	-30175.42	-40016.19	-2.82660	1.857	0.00
0.00	-30175.60	-40016.25	-2.82651	-30175.60	-40016.25	-2.82651	1.938	0.00
0.00	-30175.80	-40016.32	-2.82647	-30175.80	-40016.32	-2.82647	1.885	0.00
0.00	-30175.98	-40016.38	-2.82642	-30175.98	-40016.38	-2.82642	1.897	0.00
0.00	-30176.17	-40016.44	-2.82643	-30176.17	-40016.44	-2.82643	1.875	0.00
0.00	-30176.37	-40016.50	-2.82641	-30176.37	-40016.50	-2.82641	1.959	0.00
0.00	-30176.58	-40016.57	-2.82644	-30176.58	-40016.57	-2.82644	1.895	0.00
0.00	-30176.81	-40016.65	-2.82639	-30176.81	-40016.65	-2.82639	1.990	0.00
0.00	-30177.00	-40016.71	-2.82630	-30177.00	-40016.71	-2.82630	1.956	0.00
0.00	-30177.15	-40016.76	-2.82609	-30177.15	-40016.76	-2.82609	1.811	0.00
0.00	-30177.34	-40016.82	-2.82597	-30177.34	-40016.82	-2.82597	1.914	0.00
0.00	-30177.49	-40016.87	-2.82584	-30177.49	-40016.87	-2.82584	1.933	0.00
0.00	-30177.68	-40016.93	-2.82581	-30177.68	-40016.93	-2.82581	1.967	0.00
0.00	-30177.87	-40016.99	-2.82576	-30177.87	-40016.99	-2.82576	1.948	0.00
0.00	-30178.07	-40017.06	-2.82586	-30178.07	-40017.06	-2.82586	1.941	0.00
0.00	-30178.26	-40017.12	-2.82588	-30178.26	-40017.12	-2.82588	1.904	0.00
0.00	-30178.53	-40017.21	-2.82580	-30178.53	-40017.21	-2.82580	2.008	0.00
0.00	-30178.58	-40017.23	-2.82555	-30178.58	-40017.23	-2.82555	1.957	0.00
0.00	-30178.79	-40017.30	-2.82523	-30178.79	-40017.30	-2.82523	1.774	0.00
0.00	-30178.99	-40017.36	-2.82484	-30178.99	-40017.36	-2.82484	1.902	0.00
0.00	-30179.24	-40017.45	-2.82472	-30179.24	-40017.45	-2.82472	1.971	0.00
0.00	-30179.38	-40017.49	-2.82468	-30179.38	-40017.49	-2.82468	1.960	0.00
0.00	-30179.62	-40017.57	-2.82473	-30179.62	-40017.57	-2.82473	1.991	0.00
0.00	-30179.76	-40017.62	-2.82470	-30179.76	-40017.62	-2.82470	2.019	0.00
0.00	-30180.00	-40017.70	-2.82470	-30180.00	-40017.70	-2.82470	2.034	0.00
0.00	-30180.37	-40017.82	-2.82453	-30180.37	-40017.82	-2.82453	1.941	0.00
0.00	-30180.44	-40017.84	-2.82449	-30180.44	-40017.84	-2.82449	2.011	0.00
0.00	-30180.66	-40017.92	-2.82434	-30180.66	-40017.92	-2.82434	2.124	0.00
0.00	-30180.85	-40017.98	-2.82429	-30180.85	-40017.98	-2.82429	2.117	0.00
0.00	-30180.97	-40018.02	-2.82412	-30180.97	-40018.02	-2.82412	2.108	0.00
0.00	-30181.16	-40018.08	-2.82409	-30181.16	-40018.08	-2.82409	2.055	0.00
0.00	-30181.32	-40018.13	-2.82405	-30181.32	-40018.13	-2.82405	2.311	0.00
0.00	-30181.51	-40018.20	-2.82418	-30181.51	-40018.20	-2.82418	2.191	0.00
0.00	-30181.69	-40018.26	-2.82419	-30181.69	-40018.26	-2.82419	2.342	0.00
0.00	-30181.88	-40018.32	-2.82420	-30181.88	-40018.32	-2.82420	2.341	0.00
0.00	-30182.06	-40018.38	-2.82408	-30182.06	-40018.38	-2.82408	2.351	0.00
0.00	-30182.25	-40018.44	-2.82402	-30182.25	-40018.44	-2.82402	2.460	0.00
0.00	-30182.45	-40018.51	-2.82386	-30182.45	-40018.51	-2.82386	2.592	0.00
0.00	-30182.65	-40018.58	-2.82375	-30182.65	-40018.58	-2.82375	2.445	0.00
0.00	-30182.84	-40018.64	-2.82365	-30182.84	-40018.64	-2.82365	2.415	0.00
0.00	-30183.04	-40018.70	-2.82370	-30183.04	-40018.70	-2.82370	2.552	0.00
0.00	-30183.22	-40018.76	-2.82375	-30183.22	-40018.76	-2.82375	2.628	0.00
0.00	-30183.42	-40018.83	-2.82380	-30183.42	-40018.83	-2.82380	2.337	0.00
0.00	-30183.61	-40018.89	-2.82368	-30183.61	-40018.89	-2.82368	2.673	0.00
0.00	-30183.84	-40018.97	-2.82363	-30183.84	-40018.97	-2.82363	2.873	0.00
0.00	-30184.03	-40019.03	-2.82364	-30184.03	-40019.03	-2.82364	2.863	0.00
0.00	-30184.30	-40019.12	-2.82363	-30184.30	-40019.12	-2.82363	2.618	0.00
0.00	-30184.71	-40019.25	-2.82351	-30184.71	-40019.25	-2.82351	3.035	0.00
0.00	-30184.75	-40019.27	-2.82350	-30184.75	-40019.27	-2.82350	3.087	0.00
0.00	-30184.84	-40019.30	-2.82350	-30184.84	-40019.30	-2.82350	2.844	0.00
0.00	-30185.02	-40019.36	-2.82351	-30185.02	-40019.36	-2.82351	3.003	0.00
0.00	-30185.18	-40019.41	-2.82354	-30185.18	-40019.41	-2.82354	2.965	0.00
0.00	-30185.36	-40019.47	-2.82356	-30185.36	-40019.47	-2.82356	3.362	0.00
0.00	-30185.55	-40019.53	-2.82371	-30185.55	-40019.53	-2.82371	3.038	0.00
0.00	-30185.74	-40019.59	-2.82383	-30185.74	-40019.59	-2.82383	3.349	0.00
0.00	-30185.92	-40019.65	-2.82406	-30185.92	-40019.65	-2.82406	2.917	0.00
0.00	-30186.12	-40019.72	-2.82419	-30186.12	-40019.72	-2.82419	4.933	0.00
0.00	-30186.32	-40019.78	-2.82447	-30186.32	-40019.78	-2.82447	3.481	0.00
0.00	-30186.52	-40019.85	-2.82474	-30186.52	-40019.85	-2.82474	3.265	0.00
0.00	-30186.72	-40019.91	-2.82506	-30186.72	-40019.91	-2.82506	3.546	0.00
0.00	-30186.93	-40019.98	-2.82537	-30186.93	-40019.98	-2.82537	3.685	0.00
0.00	-30187.13	-40020.04	-2.82580	-30187.13	-40020.04	-2.82580	3.850	0.00
0.00	-30187.37	-40020.12	-2.82611	-30187.37	-40020.12	-2.82611	3.086	0.00
0.00	-30187.53	-40020.17	-2.82657	-30187.53	-40020.17	-2.82657	3.755	0.00
0.00	-30187.74	-40020.24	-2.82696	-30187.74	-40020.24	-2.82696	3.875	0.00
0.00	-30187.99	-40020.32	-2.82747	-30187.99	-40020.32	-2.82747	3.946	0.00
0.00	-30188.26	-40020.41	-2.82787	-30188.26	-40020.41	-2.82787	3.768	0.00
0.00	-30188.41	-40020.46	-2.82837	-30188.41	-40020.46	-2.82837	4.024	0.00
0.00	-30188.67	-40020.54	-2.82873	-30188.67	-40020.54	-2.82873	4.140	0.00
0.00	-30188.81	-40020.58	-2.82909	-30188.81	-40020.58	-2.82909	3.818	0.00
0.00	-30189.06	-40020.67	-2.82942	-30189.06	-40020.67	-2.82942	3.872	0.00
0.00	-30189.24	-40020.72	-2.82983	-30189.24	-40020.72	-2.82983	4.046	0.00
0.00	-30189.45	-40020.79	-2.83014	-30189.45	-40020.79	-2.83014	3.480	0.00
0.00	-30189.64	-40020.85	-2.83068	-30189.64	-40020.85	-2.83068	3.328	0.00
0.00	-30189.85	-40020.92	-2.83109	-30189.85	-40020.92	-2.83109	4.223	0.00
0.00	-30190.03	-40020.97	-2.83166	-30190.03	-40020.97	-2.83166	5.040	0.00
0.00	-30190.25	-40021.04	-2.83202	-30190.25	-40021.04	-2.83202	3.134	0.00
0.00	-30190.45	-40021.11	-2.83235	-30190.45	-40021.11	-2.83235	3.245	0.00
0.00	-30190.67	-40021.18	-2.83250	-30190.67	-40021.18	-2.83250	4.311	0.00
0.00	-30190.87	-40021.24	-2.83267	-30190.87	-40021.24	-2.83267	4.518	0.00
0.00	-30191.09	-40021.31	-2.83286	-30191.09	-40021.31	-2.83286	4.779	0.00
0.00	-30191.29	-40021.37	-2.83314	-30191.29	-40021.37	-2.83314	4.479	0.00
0.00	-30191.52	-40021.45	-2.83344	-30191.52	-40021.45	-2.83344	4.811	0.00
0.00	-30191.71	-40021.51	-2.83380	-30191.71	-40021.51	-2.83380	4.683	0.00
0.00	-30191.96	-40021.59	-2.83420	-30191.96	-40021.59	-2.83420	4.789	0.00
0.00	-30192.09	-40021.63	-2.83467	-30192.09	-40021.63	-2.83467	4.637	0.00
0.00	-30192.33	-40021.70	-2.83508	-30192.33	-40021.70	-2.83508	4.084	0.00
0.00	-30192.54	-40021.77	-2.83539	-30192.54	-40021.77	-2.83539	5.084	0.00
0.00	-30192.82	-40021.86	-2.83552	-30192.82	-40021.86	-2.83552	4.747	0.00
0.00	-30192.97	-40021.90	-2.83561	-30192.97	-40021.90	-2.83561	4.745	0.00
0.00	-30193.24	-40021.99	-2.83562	-30193.24	-40021.99	-2.83562	5.021	0.00
0.00	-30193.39	-40022.04	-2.83555	-30193.39	-40022.04	-2.83555	5.168	0.00
0.00	-30193.66	-40022.13	-2.83563	-30193.66	-40022.13	-2.83563	5.341	0.00
0.00	-30193.92	-40022.21	-2.83571	-30193.92	-40022.21	-2.83571	5.303	0.00
0.00	-30194.04	-40022.25	-2.83576	-30194.04	-40022.25	-2.83576	4.423	0.00
0.00	-30194.43	-40022.37	-2.83579	-30194.43	-40022.37	-2.83579	5.303	0.00
0.00	-30194.47	-40022.39	-2.83581	-30194.47	-40022.39	-2.83581	5.312	0.00
0.00	-30194.67	-40022.45	-2.83576	-30194.67	-40022.45	-2.83576	3.850	0.00
0.00	-30194.97	-40022.55	-2.83557	-30194.97	-40022.55	-2.83557	5.341	0.00
0.00	-30195.16	-40022.61	-2.83549	-30195.16	-40022.61	-2.83549	8.093	0.00
0.00	-30195.44	-40022.70	-2.83549	-30195.44	-40022.70	-2.83549	5.279	0.00
0.00	-30195.50	-40022.71	-2.83550	-30195.50	-40022.71	-2.83550	5.607	0.00
0.00	-30195.71	-40022.78	-2.83554	-30195.71	-40022.78	-2.83554	5.471	0.00
0.00	-30195.93	-40022.85	-2.83551	-30195.93	-40022.85	-2.83551	5.651	0.00
0.00	-30196.13	-40022.92	-2.83540	-30196.13	-40022.92	-2.83540	5.658	0.00
0.00	-30196.38	-40022.99	-2.83518	-30196.38	-40022.99	-2.83518	5.824	0.00
0.00	-30196.64	-40023.08	-2.83486	-30196.64	-40023.08	-2.83486	4.820	0.00
0.00	-30196.86	-40023.15	-2.83443	-30196.86	-40023.15	-2.83443	5.853	0.00
0.00	-30197.06	-40023.21	-2.83390	-30197.06	-40023.21	-2.83390	4.034	0.00
0.00	-30197.25	-40023.28	-2.83342	-30197.25	-40023.28	-2.83342	6.006	0.00
0.00	-30197.46	-40023.34	-2.83283	-30197.46	-40023.34	-2.83283	5.837	0.00
0.00	-30197.66	-40023.41	-2.83226	-30197.66	-40023.41	-2.83226	3.702	0.00
0.00	-30197.85	-40023.47	-2.83181	-30197.85	-40023.47	-2.83181	5.246	0.00
0.00	-30198.09	-40023.55	-2.83143	-30198.09	-40023.55	-2.83143	5.351	0.00
0.00	-30198.28	-40023.61	-2.83116	-30198.28	-40023.61	-2.83116	5.972	0.00
0.00	-30198.42	-40023.65	-2.83090	-30198.42	-40023.65	-2.83090	5.299	0.00
0.00	-30198.80	-40023.78	-2.83044	-30198.80	-40023.78	-2.83044	4.962	0.00
0.00	-30198.89	-40023.81	-2.83018	-30198.89	-40023.81	-2.83018	14.957	0.00
0.00	-30199.14	-40023.89	-2.82964	-30199.14	-40023.89	-2.82964	5.113	0.00
0.00	-30199.29	-40023.94	-2.82925	-30199.29	-40023.94	-2.82925	5.269	0.00
0.00	-30199.50	-40024.00	-2.82888	-30199.50	-40024.00	-2.82888	5.044	0.00
0.00	-30199.70	-40024.07	-2.82856	-30199.70	-40024.07	-2.82856	5.710	0.00
0.00	-30199.92	-40024.14	-2.82835	-30199.92	-40024.14	-2.82835	5.819	0.00
0.00	-30200.10	-40024.20	-2.82814	-30200.10	-40024.20	-2.82814	5.392	0.00
0.00	-30200.34	-40024.28	-2.82799	-30200.34	-40024.28	-2.82799	5.238	0.00
0.00	-30200.59	-40024.36	-2.82782	-30200.59	-40024.36	-2.82782	5.055	0.00
0.00	-30200.81	-40024.43	-2.82760	-30200.81	-40024.43	-2.82760	5.458	0.00
0.00	-30201.02	-40024.50	-2.82730	-30201.02	-40024.50	-2.82730	5.301	0.00
0.00	-30201.23	-40024.56	-2.82697	-30201.23	-40024.56	-2.82697	5.503	0.00
0.00	-30201.42	-40024.63	-2.82671	-30201.42	-40024.63	-2.82671	5.269	0.00
0.00	-30201.64	-40024.70	-2.82640	-30201.64	-40024.70	-2.82640	5.681	0.00
0.00	-30201.83	-40024.76	-2.82616	-30201.83	-40024.76	-2.82616	5.656	0.00
0.00	-30202.05	-40024.83	-2.82589	-30202.05	-40024.83	-2.82589	5.532	0.00
0.00	-30202.25	-40024.90	-2.82567	-30202.25	-40024.90	-2.82567	5.703	0.00
0.00	-30202.50	-40024.98	-2.82549	-30202.50	-40024.98	-2.82549	12.816	0.00
0.00	-30202.65	-40025.03	-2.82531	-30202.65	-40025.03	-2.82531	5.246	0.00
0.00	-30202.91	-40025.11	-2.82506	-30202.91	-40025.11	-2.82506	5.374	0.00
0.00	-30203.07	-40025.16	-2.82481	-30203.07	-40025.16	-2.82481	5.666	0.00
0.00	-30203.33	-40025.25	-2.82441	-30203.33	-40025.25	-2.82441	6.141	0.00
0.00	-30203.49	-40025.30	-2.82406	-30203.49	-40025.30	-2.82406	6.868	0.00
0.00	-30203.75	-40025.39	-2.82373	-30203.75	-40025.39	-2.82373	6.318	0.00
0.00	-30203.95	-40025.45	-2.82356	-30203.95	-40025.45	-2.82356	5.289	0.00
0.00	-30204.17	-40025.52	-2.82342	-30204.17	-40025.52	-2.82342	11.987	0.00
0.00	-30204.31	-40025.57	-2.82346	-30204.31	-40025.57	-2.82346	5.431	0.00
0.00	-30204.52	-40025.64	-2.82347	-30204.52	-40025.64	-2.82347	5.471	0.00
0.00	-30204.74	-40025.71	-2.82352	-30204.74	-40025.71	-2.82352	5.467	0.00
0.00	-30204.96	-40025.78	-2.82346	-30204.96	-40025.78	-2.82346	5.612	0.00
0.00	-30205.17	-40025.85	-2.82342	-30205.17	-40025.85	-2.82342	5.392	0.00
0.00	-30205.42	-40025.93	-2.82320	-30205.42	-40025.93	-2.82320	8.569	0.00
0.00	-30205.55	-40025.98	-2.82300	-30205.55	-40025.98	-2.82300	5.912	0.00
0.00	-30205.77	-40026.05	-2.82278	-30205.77	-40026.05	-2.82278	5.808	0.00
0.00	-30205.98	-40026.12	-2.82267	-30205.98	-40026.12	-2.82267	5.657	0.00
0.00	-30206.20	-40026.19	-2.82257	-30206.20	-40026.19	-2.82257	5.786	0.00
0.00	-30206.41	-40026.26	-2.82258	-30206.41	-40026.26	-2.82258	5.821	0.00
0.00	-30206.63	-40026.33	-2.82259	-30206.63	-40026.33	-2.82259	5.824	0.00
0.00	-30206.81	-40026.39	-2.82260	-30206.81	-40026.39	-2.82260	5.910	0.00
0.00	-30207.07	-40026.48	-2.82250	-30207.07	-40026.48	-2.82250	10.194	0.00
0.00	-30207.23	-40026.53	-2.82224	-30207.23	-40026.53	-2.82224	9.295	0.00
0.00	-30207.48	-40026.61	-2.82193	-30207.48	-40026.61	-2.82193	6.079	0.00
0.00	-30207.63	-40026.66	-2.82173	-30207.63	-40026.66	-2.82173	5.913	0.00
0.00	-30207.89	-40026.75	-2.82166	-30207.89	-40026.75	-2.82166	5.637	0.00
0.00	-30208.04	-40026.80	-2.82165	-30208.04	-40026.80	-2.82165	10.148	0.00
0.00	-30208.30	-40026.88	-2.82168	-30208.30	-40026.88	-2.82168	5.924	0.00
0.00	-30208.64	-40027.00	-2.82157	-30208.64	-40027.00	-2.82157	5.988	0.00
0.00	-30208.67	-40027.01	-2.82155	-30208.67	-40027.01	-2.82155	5.960	0.00
0.00	-30208.89	-40027.08	-2.82145	-30208.89	-40027.08	-2.82145	5.870	0.00
0.00	-30209.10	-40027.15	-2.82138	-30209.10	-40027.15	-2.82138	6.586	0.00
0.00	-30209.29	-40027.21	-2.82118	-30209.29	-40027.21	-2.82118	6.495	0.00
0.00	-30209.58	-40027.31	-2.82101	-30209.58	-40027.31	-2.82101	5.947	0.00
0.00	-30209.60	-40027.32	-2.82090	-30209.60	-40027.32	-2.82090	6.431	0.00
0.00	-30209.81	-40027.39	-2.82083	-30209.81	-40027.39	-2.82083	6.756	0.00
0.00	-30210.04	-40027.46	-2.82076	-30210.04	-40027.46	-2.82076	6.285	0.00
0.00	-30210.25	-40027.54	-2.82082	-30210.25	-40027.54	-2.82082	6.487	0.00
0.00	-30210.47	-40027.61	-2.82075	-30210.47	-40027.61	-2.82075	6.361	0.00
0.00	-30210.68	-40027.68	-2.82074	-30210.68	-40027.68	-2.82074	6.514	0.00
0.00	-30210.90	-40027.76	-2.82046	-30210.90	-40027.76	-2.82046	14.246	0.00
0.00	-30211.12	-40027.83	-2.82022	-30211.12	-40027.83	-2.82022	6.462	0.00
0.00	-30211.33	-40027.90	-2.81983	-30211.33	-40027.90	-2.81983	8.145	0.00
0.00	-30211.55	-40027.97	-2.81960	-30211.55	-40027.97	-2.81960	6.291	0.00
0.00	-30211.76	-40028.05	-2.81924	-30211.76	-40028.05	-2.81924	7.811	0.00
0.00	-30212.03	-40028.13	-2.81921	-30212.03	-40028.13	-2.81921	8.222	0.00
0.00	-30212.17	-40028.18	-2.81924	-30212.17	-40028.18	-2.81924	7.959	0.00
0.00	-30212.44	-40028.27	-2.81937	-30212.44	-40028.27	-2.81937	6.439	0.00
0.00	-30212.56	-40028.31	-2.81934	-30212.56	-40028.31	-2.81934	8.033	0.00
0.00	-30212.81	-40028.40	-2.81936	-30212.81	-40028.40	-2.81936	8.478	0.00
0.00	-30213.00	-40028.46	-2.81915	-30213.00	-40028.46	-2.81915	8.059	0.00
0.00	-30213.22	-40028.54	-2.81895	-30213.22	-40028.54	-2.81895	6.664	0.00
0.00	-30213.41	-40028.60	-2.81859	-30213.41	-40028.60	-2.81859	8.554	0.00
0.00	-30213.62	-40028.67	-2.81844	-30213.62	-40028.67	-2.81844	8.242	0.00
0.00	-30213.82	-40028.74	-2.81820	-30213.82	-40028.74	-2.81820	9.497	0.00
0.00	-30214.10	-40028.84	-2.81820	-30214.10	-40028.84	-2.81820	8.123	0.00
0.00	-30214.18	-40028.86	-2.81815	-30214.18	-40028.86	-2.81815	8.229	0.00
0.00	-30214.39	-40028.93	-2.81825	-30214.39	-40028.93	-2.81825	9.802	0.00
0.00	-30214.60	-40029.00	-2.81823	-30214.60	-40029.00	-2.81823	8.287	0.00
0.00	-30214.81	-40029.08	-2.81830	-30214.81	-40029.08	-2.81830	8.244	0.00
0.00	-30215.01	-40029.14	-2.81822	-30215.01	-40029.14	-2.81822	9.714	0.00
0.00	-30215.22	-40029.21	-2.81819	-30215.22	-40029.21	-2.81819	8.493	0.00
0.00	-30215.42	-40029.28	-2.81816	-30215.42	-40029.28	-2.81816	9.280	0.00
0.00	-30215.64	-40029.35	-2.81833	-30215.64	-40029.35	-2.81833	8.504	0.00
0.00	-30215.83	-40029.42	-2.81851	-30215.83	-40029.42	-2.81851	8.609	0.00
0.00	-30216.04	-40029.49	-2.81881	-30216.04	-40029.49	-2.81881	9.976	0.00
0.00	-30216.23	-40029.55	-2.81905	-30216.23	-40029.55	-2.81905	8.035	0.00
0.00	-30216.44	-40029.62	-2.81927	-30216.44	-40029.62	-2.81927	8.973	0.00
0.00	-30216.60	-40029.68	-2.81946	-30216.60	-40029.68	-2.81946	9.108	0.00
0.00	-30216.82	-40029.75	-2.81962	-30216.82	-40029.75	-2.81962	8.915	0.00
0.00	-30217.08	-40029.84	-2.81981	-30217.08	-40029.84	-2.81981	9.816	0.00
0.00	-30217.33	-40029.92	-2.82004	-30217.33	-40029.92	-2.82004	8.228	0.00
0.00	-30217.46	-40029.96	-2.82027	-30217.46	-40029.96	-2.82027	9.148	0.00
0.00	-30217.70	-40030.04	-2.82058	-30217.70	-40030.04	-2.82058	9.615	0.00
0.00	-30217.86	-40030.10	-2.82087	-30217.86	-40030.10	-2.82087	10.217	0.00
0.00	-30218.06	-40030.17	-2.82118	-30218.06	-40030.17	-2.82118	9.154	0.00
0.00	-30218.24	-40030.22	-2.82148	-30218.24	-40030.22	-2.82148	9.881	0.00
0.00	-30218.44	-40030.29	-2.82182	-30218.44	-40030.29	-2.82182	9.698	0.00
0.00	-30218.63	-40030.35	-2.82218	-30218.63	-40030.35	-2.82218	10.889	0.00
0.00	-30218.83	-40030.42	-2.82265	-30218.83	-40030.42	-2.82265	9.047	0.00
0.00	-30219.00	-40030.48	-2.82318	-30219.00	-40030.48	-2.82318	9.739	0.00
0.00	-30219.21	-40030.55	-2.82375	-30219.21	-40030.55	-2.82375	10.129	0.00
0.00	-30219.40	-40030.61	-2.82427	-30219.40	-40030.61	-2.82427	10.154	0.00
0.00	-30219.61	-40030.68	-2.82472	-30219.61	-40030.68	-2.82472	9.661	0.00
0.00	-30219.80	-40030.74	-2.82516	-30219.80	-40030.74	-2.82516	10.161	0.00
0.00	-30220.00	-40030.80	-2.82554	-30220.00	-40030.80	-2.82554	11.038	0.00
0.00	-30220.17	-40030.86	-2.82594	-30220.17	-40030.86	-2.82594	10.367	0.00
0.00	-30220.40	-40030.93	-2.82635	-30220.40	-40030.93	-2.82635	9.270	0.00
0.00	-30220.60	-40031.00	-2.82672	-30220.60	-40031.00	-2.82672	12.295	0.00
0.00	-30220.84	-40031.08	-2.82703	-30220.84	-40031.08	-2.82703	11.335	0.00
0.00	-30221.07	-40031.15	-2.82723	-30221.07	-40031.15	-2.82723	10.995	0.00
0.00	-30221.31	-40031.23	-2.82735	-30221.31	-40031.23	-2.82735	10.062	0.00
0.00	-30221.43	-40031.27	-2.82746	-30221.43	-40031.27	-2.82746	11.211	0.00
0.00	-30221.67	-40031.35	-2.82761	-30221.67	-40031.35	-2.82761	11.476	0.00
0.00	-30221.79	-40031.39	-2.82783	-30221.79	-40031.39	-2.82783	11.421	0.00
0.00	-30222.04	-40031.47	-2.82811	-30222.04	-40031.47	-2.82811	10.401	0.00
0.00	-30222.41	-40031.59	-2.82861	-30222.41	-40031.59	-2.82861	11.895	0.00
0.00	-30222.45	-40031.60	-2.82866	-30222.45	-40031.60	-2.82866	11.936	0.00
0.00	-30222.60	-40031.65	-2.82895	-30222.60	-40031.65	-2.82895	11.436	0.00
0.00	-30222.84	-40031.72	-2.82916	-30222.84	-40031.72	-2.82916	10.886	0.00
0.00	-30222.96	-40031.76	-2.82931	-30222.96	-40031.76	-2.82931	13.183	0.00
0.00	-30223.16	-40031.83	-2.82937	-30223.16	-40031.83	-2.82937	11.456	0.00
0.00	-30223.35	-40031.89	-2.82946	-30223.35	-40031.89	-2.82946	11.425	0.00
0.00	-30223.55	-40031.95	-2.82948	-30223.55	-40031.95	-2.82948	11.026	0.00
0.00	-30223.74	-40032.02	-2.82960	-30223.74	-40032.02	-2.82960	12.012	0.00
0.00	-30223.94	-40032.08	-2.82972	-30223.94	-40032.08	-2.82972	11.298	0.00
0.00	-30224.13	-40032.14	-2.83001	-30224.13	-40032.14	-2.83001	11.516	0.00
0.00	-30224.33	-40032.20	-2.83019	-30224.33	-40032.20	-2.83019	11.486	0.00
0.00	-30224.54	-40032.27	-2.83040	-30224.54	-40032.27	-2.83040	11.624	0.00
0.00	-30224.77	-40032.34	-2.83046	-30224.77	-40032.34	-2.83046	11.765	0.00
0.00	-30225.02	-40032.42	-2.83066	-30225.02	-40032.42	-2.83066	12.345	0.00
0.00	-30225.21	-40032.48	-2.83079	-30225.21	-40032.48	-2.83079	11.263	0.00
0.00	-30225.37	-40032.53	-2.83100	-30225.37	-40032.53	-2.83100	12.355	0.00
0.00	-30225.57	-40032.60	-2.83105	-30225.57	-40032.60	-2.83105	12.684	0.00
0.00	-30225.74	-40032.65	-2.83120	-30225.74	-40032.65	-2.83120	11.876	0.00
0.00	-30225.98	-40032.73	-2.83132	-30225.98	-40032.73	-2.83132	11.579	0.00
0.00	-30226.11	-40032.77	-2.83146	-30226.11	-40032.77	-2.83146	13.128	0.00
0.00	-30226.35	-40032.85	-2.83150	-30226.35	-40032.85	-2.83150	11.699	0.00
0.00	-30226.48	-40032.89	-2.83161	-30226.48	-40032.89	-2.83161	12.630	0.00
0.00	-30226.72	-40032.97	-2.83167	-30226.72	-40032.97	-2.83167	10.889	0.00
0.00	-30227.15	-40033.10	-2.83187	-30227.15	-40033.10	-2.83187	13.458	0.00
0.00	-30227.13	-40033.10	-2.83188	-30227.13	-40033.10	-2.83188	14.863	0.00
0.00	-30227.27	-40033.14	-2.83193	-30227.27	-40033.14	-2.83193	12.573	0.00
0.00	-30227.46	-40033.20	-2.83196	-30227.46	-40033.20	-2.83196	11.971	0.00
0.00	-30227.65	-40033.26	-2.83202	-30227.65	-40033.26	-2.83202	12.752	0.00
0.00	-30227.85	-40033.32	-2.83197	-30227.85	-40033.32	-2.83197	13.010	0.00
0.00	-30228.04	-40033.39	-2.83187	-30228.04	-40033.39	-2.83187	13.405	0.00
0.00	-30228.28	-40033.46	-2.83175	-30228.28	-40033.46	-2.83175	12.614	0.00
0.00	-30228.45	-40033.52	-2.83171	-30228.45	-40033.52	-2.83171	12.906	0.00
0.00	-30228.67	-40033.59	-2.83174	-30228.67	-40033.59	-2.83174	13.375	0.00
0.00	-30228.89	-40033.66	-2.83179	-30228.89	-40033.66	-2.83179	14.112	0.00
0.00	-30229.08	-40033.72	-2.83183	-30229.08	-40033.72	-2.83183	12.785	0.00
0.00	-30229.25	-40033.77	-2.83197	-30229.25	-40033.77	-2.83197	13.422	0.00
0.00	-30229.44	-40033.83	-2.83207	-30229.44	-40033.83	-2.83207	13.969	0.00
0.00	-30229.61	-40033.89	-2.83215	-30229.61	-40033.89	-2.83215	14.519	0.00
0.00	-30229.81	-40033.95	-2.83209	-30229.81	-40033.95	-2.83209	12.983	0.00
0.00	-30230.00	-40034.01	-2.83200	-30230.00	-40034.01	-2.83200	13.885	0.00
0.00	-30230.24	-40034.09	-2.83191	-30230.24	-40034.09	-2.83191	13.635	0.00
0.00	-30230.38	-40034.13	-2.83185	-30230.38	-40034.13	-2.83185	13.756	0.00
0.00	-30230.62	-40034.21	-2.83184	-30230.62	-40034.21	-2.83184	13.566	0.00
0.00	-30230.76	-40034.25	-2.83193	-30230.76	-40034.25	-2.83193	14.440	0.00
0.00	-30231.00	-40034.33	-2.83207	-30231.00	-40034.33	-2.83207	13.755	0.00
0.00	-30231.18	-40034.39	-2.83221	-30231.18	-40034.39	-2.83221	14.685	0.00
0.00	-30231.37	-40034.45	-2.83235	-30231.37	-40034.45	-2.83235	13.203	0.00
0.00	-30231.55	-40034.51	-2.83247	-30231.55	-40034.51	-2.83247	13.685	0.00
0.00	-30231.74	-40034.57	-2.83258	-30231.74	-40034.57	-2.83258	14.443	0.00
0.00	-30231.94	-40034.63	-2.83274	-30231.94	-40034.63	-2.83274	13.530	0.00
0.00	-30232.13	-40034.69	-2.83294	-30232.13	-40034.69	-2.83294	13.963	0.00
0.00	-30232.37	-40034.77	-2.83314	-30232.37	-40034.77	-2.83314	14.440	0.00
0.00	-30232.57	-40034.83	-2.83341	-30232.57	-40034.83	-2.83341	13.842	0.00
0.00	-30232.78	-40034.90	-2.83371	-30232.78	-40034.90	-2.83371	15.185	0.00
0.00	-30232.96	-40034.96	-2.83407	-30232.96	-40034.96	-2.83407	14.084	0.00
0.00	-30233.14	-40035.01	-2.83429	-30233.14	-40035.01	-2.83429	14.590	0.00
0.00	-30233.33	-40035.07	-2.83434	-30233.33	-40035.07	-2.83434	14.929	0.00
0.00	-30233.52	-40035.13	-2.83426	-30233.52	-40035.13	-2.83426	14.892	0.00
0.00	-30233.71	-40035.19	-2.83429	-30233.71	-40035.19	-2.83429	14.075	0.00
0.00	-30233.90	-40035.26	-2.83436	-30233.90	-40035.26	-2.83436	15.518	0.00
0.00	-30234.11	-40035.32	-2.83452	-30234.11	-40035.32	-2.83452	14.551	0.00
0.00	-30234.31	-40035.39	-2.83455	-30234.31	-40035.39	-2.83455	15.006	0.00
0.00	-30234.51	-40035.45	-2.83457	-30234.51	-40035.45	-2.83457	14.404	0.00
0.00	-30234.71	-40035.52	-2.83444	-30234.71	-40035.52	-2.83444	15.174	0.00
0.00	-30234.95	-40035.59	-2.83442	-30234.95	-40035.59	-2.83442	15.120	0.00
0.00	-30235.09	-40035.64	-2.83437	-30235.09	-40035.64	-2.83437	15.717	0.00
0.00	-30235.33	-40035.71	-2.83451	-30235.33	-40035.71	-2.83451	14.619	0.00
0.00	-30235.48	-40035.76	-2.83466	-30235.48	-40035.76	-2.83466	15.088	0.00
0.00	-30235.75	-40035.85	-2.83478	-30235.75	-40035.85	-2.83478	14.973	0.00
0.00	-30235.96	-40035.92	-2.83466	-30235.96	-40035.92	-2.83466	14.830	0.00
0.00	-30236.15	-40035.98	-2.83458	-30236.15	-40035.98	-2.83458	14.858	0.00
0.00	-30236.38	-40036.05	-2.83452	-30236.38	-40036.05	-2.83452	15.522	0.00
0.00	-30236.60	-40036.12	-2.83463	-30236.60	-40036.12	-2.83463	15.405	0.00
0.00	-30236.80	-40036.18	-2.83478	-30236.80	-40036.18	-2.83478	15.376	0.00
0.00	-30237.01	-40036.25	-2.83503	-30237.01	-40036.25	-2.83503	14.382	0.00
0.00	-30237.20	-40036.31	-2.83525	-30237.20	-40036.31	-2.83525	15.483	0.00
0.00	-30237.41	-40036.38	-2.83539	-30237.41	-40036.38	-2.83539	15.731	0.00
0.00	-30237.59	-40036.43	-2.83540	-30237.59	-40036.43	-2.83540	16.415	0.00
0.00	-30237.81	-40036.50	-2.83525	-30237.81	-40036.50	-2.83525	15.752	0.00
0.00	-30238.00	-40036.56	-2.83505	-30238.00	-40036.56	-2.83505	16.277	0.00
0.00	-30238.22	-40036.63	-2.83491	-30238.22	-40036.63	-2.83491	16.965	0.00
0.00	-30238.41	-40036.69	-2.83488	-30238.41	-40036.69	-2.83488	15.994	0.00
0.00	-30238.63	-40036.76	-2.83492	-30238.63	-40036.76	-2.83492	15.768	0.00
0.00	-30238.82	-40036.82	-2.83519	-30238.82	-40036.82	-2.83519	16.955	0.00
0.00	-30239.05	-40036.90	-2.83561	-30239.05	-40036.90	-2.83561	16.045	0.00
0.00	-30239.25	-40036.96	-2.83614	-30239.25	-40036.96	-2.83614	17.226	0.00
0.00	-30239.51	-40037.04	-2.83652	-30239.51	-40037.04	-2.83652	15.324	0.00
0.00	-30239.66	-40037.08	-2.83675	-30239.66	-40037.08	-2.83675	16.584	0.00
0.00	-30239.92	-40037.17	-2.83675	-30239.92	-40037.17	-2.83675	15.961	0.00
0.00	-30240.06	-40037.21	-2.83674	-30240.06	-40037.21	-2.83674	17.243	0.00
0.00	-30240.31	-40037.29	-2.83678	-30240.31	-40037.29	-2.83678	15.176	0.00
0.00	-30240.51	-40037.35	-2.83702	-30240.51	-40037.35	-2.83702	16.706	0.00
0.00	-30240.74	-40037.42	-2.83727	-30240.74	-40037.42	-2.83727	17.099	0.00
0.00	-30240.87	-40037.46	-2.83770	-30240.87	-40037.46	-2.83770	16.362	0.00
0.00	-30241.09	-40037.53	-2.83798	-30241.09	-40037.53	-2.83798	17.220	0.00
0.00	-30241.29	-40037.59	-2.83815	-30241.29	-40037.59	-2.83815	17.188	0.00
0.00	-30241.51	-40037.66	-2.83817	-30241.51	-40037.66	-2.83817	17.223	0.00
0.00	-30241.67	-40037.71	-2.83828	-30241.67	-40037.71	-2.83828	16.613	0.00
0.00	-30241.93	-40037.79	-2.83839	-30241.93	-40037.79	-2.83839	16.899	0.00
0.00	-30242.12	-40037.85	-2.83856	-30242.12	-40037.85	-2.83856	18.042	0.00
0.00	-30242.33	-40037.92	-2.83867	-30242.33	-40037.92	-2.83867	17.065	0.00
0.00	-30242.52	-40037.97	-2.83875	-30242.52	-40037.97	-2.83875	17.575	0.00
0.00	-30242.73	-40038.04	-2.83882	-30242.73	-40038.04	-2.83882	16.719	0.00
0.00	-30242.92	-40038.10	-2.83900	-30242.92	-40038.10	-2.83900	17.198	0.00
0.00	-30243.12	-40038.16	-2.83912	-30243.12	-40038.16	-2.83912	17.643	0.00
0.00	-30243.31	-40038.22	-2.83920	-30243.31	-40038.22	-2.83920	18.013	0.00
0.00	-30243.52	-40038.29	-2.83928	-30243.52	-40038.29	-2.83928	17.340	0.00
0.00	-30243.71	-40038.35	-2.83926	-30243.71	-40038.35	-2.83926	18.335	0.00
0.00	-30243.93	-40038.41	-2.83924	-30243.93	-40038.41	-2.83924	18.004	0.00
0.00	-30244.11	-40038.47	-2.83923	-30244.11	-40038.47	-2.83923	17.548	0.00
0.00	-30244.34	-40038.54	-2.83928	-30244.34	-40038.54	-2.83928	17.280	0.00
0.00	-30244.48	-40038.59	-2.83928	-30244.48	-40038.59	-2.83928	17.704	0.00
0.00	-30244.76	-40038.67	-2.83929	-30244.76	-40038.67	-2.83929	18.491	0.00
0.00	-30244.91	-40038.72	-2.83925	-30244.91	-40038.72	-2.83925	18.068	0.00
0.00	-30245.14	-40038.80	-2.83927	-30245.14	-40038.80	-2.83927	18.400	0.00
0.00	-30245.43	-40038.89	-2.83916	-30245.43	-40038.89	-2.83916	18.324	0.00
0.00	-30245.48	-40038.90	-2.83908	-30245.48	-40038.90	-2.83908	17.775	0.00
0.00	-30245.68	-40038.97	-2.83886	-30245.68	-40038.97	-2.83886	19.004	0.00
0.00	-30245.88	-40039.03	-2.83862	-30245.88	-40039.03	-2.83862	16.803	0.00
0.00	-30246.06	-40039.09	-2.83830	-30246.06	-40039.09	-2.83830	18.482	0.00
0.00	-30246.26	-40039.15	-2.83816	-30246.26	-40039.15	-2.83816	18.569	0.00
0.00	-30246.44	-40039.21	-2.83798	-30246.44	-40039.21	-2.83798	18.585	0.00
0.00	-30246.64	-40039.27	-2.83792	-30246.64	-40039.27	-2.83792	18.264	0.00
0.00	-30246.82	-40039.33	-2.83781	-30246.82	-40039.33	-2.83781	18.929	0.00
0.00	-30247.02	-40039.39	-2.83782	-30247.02	-40039.39	-2.83782	18.195	0.00
0.00	-30247.21	-40039.45	-2.83780	-30247.21	-40039.45	-2.83780	19.187	0.00
0.00	-30247.40	-40039.51	-2.83793	-30247.40	-40039.51	-2.83793	17.903	0.00
0.00	-30247.58	-40039.57	-2.83791	-30247.58	-40039.57	-2.83791	19.675	0.00
0.00	-30247.78	-40039.63	-2.83780	-30247.78	-40039.63	-2.83780	19.344	0.00
0.00	-30247.97	-40039.69	-2.83758	-30247.97	-40039.69	-2.83758	19.114	0.00
0.00	-30248.20	-40039.76	-2.83739	-30248.20	-40039.76	-2.83739	18.930	0.00
0.00	-30248.43	-40039.83	-2.83728	-30248.43	-40039.83	-2.83728	19.289	0.00
0.00	-30248.69	-40039.92	-2.83726	-30248.69	-40039.92	-2.83726	18.754	0.00
0.00	-30248.82	-40039.96	-2.83724	-30248.82	-40039.96	-2.83724	19.786	0.00
0.00	-30249.05	-40040.03	-2.83724	-30249.05	-40040.03	-2.83724	19.174	0.00
0.00	-30249.17	-40040.06	-2.83718	-30249.17	-40040.06	-2.83718	19.849	0.00
0.00	-30249.40	-40040.14	-2.83707	-30249.40	-40040.14	-2.83707	19.703	0.00
0.00	-30249.73	-40040.24	-2.83676	-30249.73	-40040.24	-2.83676	19.554	0.00
0.00	-30249.74	-40040.25	-2.83669	-30249.74	-40040.25	-2.83669	19.227	0.00
0.00	-30249.92	-40040.30	-2.83652	-30249.92	-40040.30	-2.83652	20.119	0.00
0.00	-30250.11	-40040.36	-2.83638	-30250.11	-40040.36	-2.83638	19.630	0.00
0.00	-30250.29	-40040.42	-2.83630	-30250.29	-40040.42	-2.83630	20.327	0.00
0.00	-30250.48	-40040.48	-2.83617	-30250.48	-40040.48	-2.83617	20.098	0.00
0.00	-30250.67	-40040.54	-2.83596	-30250.67	-40040.54	-2.83596	20.227	0.00
0.00	-30250.85	-40040.60	-2.83570	-30250.85	-40040.60	-2.83570	20.522	0.00
0.00	-30251.03	-40040.65	-2.83543	-30251.03	-40040.65	-2.83543	20.998	0.00
0.00	-30251.22	-40040.71	-2.83521	-30251.22	-40040.71	-2.83521	19.510	0.00
0.00	-30251.41	-40040.77	-2.83506	-30251.41	-40040.77	-2.83506	20.606	0.00
0.00	-30251.60	-40040.83	-2.83490	-30251.60	-40040.83	-2.83490	19.991	0.00
0.00	-30251.77	-40040.89	-2.83471	-30251.77	-40040.89	-2.83471	20.325	0.00
0.00	-30251.98	-40040.95	-2.83442	-30251.98	-40040.95	-2.83442	20.308	0.00
0.00	-30252.21	-40041.03	-2.83417	-30252.21	-40041.03	-2.83417	20.568	0.00
0.00	-30252.43	-40041.10	-2.83392	-30252.43	-40041.10	-2.83392	20.493	0.00
0.00	-30252.62	-40041.15	-2.83376	-30252.62	-40041.15	-2.83376	21.423	0.00
0.00	-30252.80	-40041.21	-2.83352	-30252.80	-40041.21	-2.83352	19.506	0.00
0.00	-30252.97	-40041.27	-2.83335	-30252.97	-40041.27	-2.83335	22.500	0.00
0.00	-30253.20	-40041.34	-2.83298	-30253.20	-40041.34	-2.83298	20.896	0.00
0.00	-30253.33	-40041.38	-2.83264	-30253.33	-40041.38	-2.83264	21.588	0.00
0.00	-30253.56	-40041.45	-2.83224	-30253.56	-40041.45	-2.83224	20.372	0.00
0.00	-30253.69	-40041.49	-2.83197	-30253.69	-40041.49	-2.83197	21.817	0.00
0.00	-30253.93	-40041.57	-2.83164	-30253.93	-40041.57	-2.83164	21.824	0.00
0.00	-30254.11	-40041.62	-2.83142	-30254.11	-40041.62	-2.83142	21.718	0.00
0.00	-30254.25	-40041.67	-2.83115	-30254.25	-40041.67	-2.83115	20.470	0.00
0.00	-30254.49	-40041.75	-2.83089	-30254.49	-40041.75	-2.83089	21.706	0.00
0.00	-30254.67	-40041.81	-2.83063	-30254.67	-40041.81	-2.83063	22.275	0.00
0.00	-30254.85	-40041.86	-2.83049	-30254.85	-40041.86	-2.83049	22.394	0.00
0.00	-30255.03	-40041.92	-2.83022	-30255.03	-40041.92	-2.83022	20.471	0.00
0.00	-30255.22	-40041.98	-2.82991	-30255.22	-40041.98	-2.82991	21.840	0.00
0.00	-30255.41	-40042.04	-2.82950	-30255.41	-40042.04	-2.82950	22.347	0.00
0.00	-30255.57	-40042.09	-2.82928	-30255.57	-40042.09	-2.82928	22.153	0.00
0.00	-30255.76	-40042.15	-2.82914	-30255.76	-40042.15	-2.82914	21.451	0.00
0.00	-30255.96	-40042.22	-2.82916	-30255.96	-40042.22	-2.82916	23.011	0.00
0.00	-30256.16	-40042.28	-2.82916	-30256.16	-40042.28	-2.82916	23.668	0.00
0.00	-30256.34	-40042.34	-2.82929	-30256.34	-40042.34	-2.82929	22.647	0.00
0.00	-30256.53	-40042.40	-2.82932	-30256.53	-40042.40	-2.82932	22.244	0.00
0.00	-30256.71	-40042.46	-2.82941	-30256.71	-40042.46	-2.82941	23.505	0.00
0.00	-30256.92	-40042.52	-2.82934	-30256.92	-40042.52	-2.82934	22.716	0.00
0.00	-30257.10	-40042.58	-2.82928	-30257.10	-40042.58	-2.82928	23.215	0.00
0.00	-30257.29	-40042.64	-2.82910	-30257.29	-40042.64	-2.82910	22.063	0.00
0.00	-30257.48	-40042.70	-2.82888	-30257.48	-40042.70	-2.82888	22.940	0.00
0.00	-30257.71	-40042.78	-2.82856	-30257.71	-40042.78	-2.82856	23.865	0.00
0.00	-30257.85	-40042.82	-2.82822	-30257.85	-40042.82	-2.82822	23.216	0.00
0.00	-30258.10	-40042.91	-2.82804	-30258.10	-40042.91	-2.82804	22.458	0.00
0.00	-30258.44	-40043.02	-2.82793	-30258.44	-40043.02	-2.82793	23.160	0.00
0.00	-30258.48	-40043.03	-2.82791	-30258.48	-40043.03	-2.82791	24.341	0.00
0.00	-30258.67	-40043.09	-2.82779	-30258.67	-40043.09	-2.82779	22.525	0.00
0.00	-30258.86	-40043.15	-2.82757	-30258.86	-40043.15	-2.82757	22.551	0.00
0.00	-30259.04	-40043.21	-2.82731	-30259.04	-40043.21	-2.82731	23.646	0.00
0.00	-30259.23	-40043.27	-2.82710	-30259.23	-40043.27	-2.82710	23.633	0.00
0.00	-30259.58	-40043.39	-2.82671	-30259.58	-40043.39	-2.82671	23.854	0.00
0.00	-30259.60	-40043.39	-2.82660	-30259.60	-40043.39	-2.82660	23.027	0.00
0.00	-30259.77	-40043.45	-2.82637	-30259.77	-40043.45	-2.82637	23.447	0.00
0.00	-30259.97	-40043.51	-2.82609	-30259.97	-40043.51	-2.82609	24.075	0.00
0.00	-30260.15	-40043.57	-2.82576	-30260.15	-40043.57	-2.82576	24.111	0.00
0.00	-30260.34	-40043.64	-2.82542	-30260.34	-40043.64	-2.82542	22.551	0.00
0.00	-30260.51	-40043.69	-2.82507	-30260.51	-40043.69	-2.82507	24.224	0.00
0.00	-30260.70	-40043.76	-2.82483	-30260.70	-40043.76	-2.82483	23.666	0.00
0.00	-30260.87	-40043.81	-2.82452	-30260.87	-40043.81	-2.82452	24.833	0.00
0.00	-30261.05	-40043.87	-2.82430	-30261.05	-40043.87	-2.82430	23.766	0.00
0.00	-30261.22	-40043.93	-2.82403	-30261.22	-40043.93	-2.82403	24.778	0.00
0.00	-30261.46	-40044.01	-2.82380	-30261.46	-40044.01	-2.82380	25.499	0.00
0.00	-30261.59	-40044.05	-2.82349	-30261.59	-40044.05	-2.82349	24.506	0.00
0.00	-30261.81	-40044.12	-2.82327	-30261.81	-40044.12	-2.82327	23.910	0.00
0.00	-30261.93	-40044.16	-2.82292	-30261.93	-40044.16	-2.82292	26.377	0.00
0.00	-30262.16	-40044.24	-2.82258	-30262.16	-40044.24	-2.82258	24.662	0.00
0.00	-30262.47	-40044.34	-2.82180	-30262.47	-40044.34	-2.82180	28.892	0.00
0.00	-30262.53	-40044.36	-2.82155	-30262.53	-40044.36	-2.82155	23.169	0.00
0.00	-30262.66	-40044.41	-2.82121	-30262.66	-40044.41	-2.82121	26.532	0.00
0.00	-30262.85	-40044.47	-2.82088	-30262.85	-40044.47	-2.82088	25.725	0.00
0.00	-30263.01	-40044.53	-2.82040	-30263.01	-40044.53	-2.82040	25.281	0.00
0.00	-30263.22	-40044.60	-2.82003	-30263.22	-40044.60	-2.82003	24.212	0.00
0.00	-30263.43	-40044.67	-2.81969	-30263.43	-40044.67	-2.81969	24.515	0.00
0.00	-30263.61	-40044.73	-2.81956	-30263.61	-40044.73	-2.81956	24.248	0.00
0.00	-30263.77	-40044.78	-2.81932	-30263.77	-40044.78	-2.81932	25.027	0.00
0.00	-30263.94	-40044.84	-2.81919	-30263.94	-40044.84	-2.81919	24.249	0.00
0.00	-30264.10	-40044.89	-2.81890	-30264.10	-40044.89	-2.81890	25.728	0.00
0.00	-30264.27	-40044.95	-2.81861	-30264.27	-40044.95	-2.81861	25.501	0.00
0.00	-30264.43	-40045.01	-2.81826	-30264.43	-40045.01	-2.81826	25.797	0.00
0.00	-30264.61	-40045.07	-2.81807	-30264.61	-40045.07	-2.81807	25.166	0.00
0.00	-30264.78	-40045.12	-2.81784	-30264.78	-40045.12	-2.81784	26.299	0.00
0.00	-30264.95	-40045.18	-2.81769	-30264.95	-40045.18	-2.81769	26.327	0.00
0.00	-30265.10	-40045.23	-2.81741	-30265.10	-40045.23	-2.81741	25.950	0.00
0.00	-30265.29	-40045.30	-2.81714	-30265.29	-40045.30	-2.81714	24.889	0.00
0.00	-30265.47	-40045.36	-2.81659	-30265.47	-40045.36	-2.81659	26.224	0.00
0.00	-30265.68	-40045.43	-2.81619	-30265.68	-40045.43	-2.81619	25.943	0.00
0.00	-30265.78	-40045.46	-2.81590	-30265.78	-40045.46	-2.81590	26.397	0.00
0.00	-30266.01	-40045.54	-2.81592	-30266.01	-40045.54	-2.81592	24.592	0.00
0.00	-30266.13	-40045.58	-2.81608	-30266.13	-40045.58	-2.81608	27.988	0.00
0.00	-30266.35	-40045.66	-2.81615	-30266.35	-40045.66	-2.81615	26.180	0.00
0.00	-30266.51	-40045.71	-2.81600	-30266.51	-40045.71	-2.81600	25.634	0.00
0.00	-30266.70	-40045.78	-2.81576	-30266.70	-40045.78	-2.81576	25.739	0.00
0.00	-30266.89	-40045.84	-2.81547	-30266.89	-40045.84	-2.81547	26.569	0.00
0.00	-30267.05	-40045.89	-2.81528	-30267.05	-40045.89	-2.81528	26.584	0.00
0.00	-30267.18	-40045.94	-2.81528	-30267.18	-40045.94	-2.81528	27.271	0.00
0.00	-30267.35	-40045.99	-2.81530	-30267.35	-40045.99	-2.81530	25.509	0.00
0.00	-30267.49	-40046.04	-2.81543	-30267.49	-40046.04	-2.81543	27.228	0.00
0.00	-30267.66	-40046.10	-2.81547	-30267.66	-40046.10	-2.81547	26.408	0.00
0.00	-30267.81	-40046.15	-2.81550	-30267.81	-40046.15	-2.81550	27.499	0.00
0.00	-30267.98	-40046.21	-2.81539	-30267.98	-40046.21	-2.81539	25.500	0.00
0.00	-30268.14	-40046.26	-2.81543	-30268.14	-40046.26	-2.81543	26.983	0.00
0.00	-30268.31	-40046.32	-2.81550	-30268.31	-40046.32	-2.81550	26.522	0.00
0.00	-30268.46	-40046.37	-2.81579	-30268.46	-40046.37	-2.81579	26.661	0.00
0.00	-30268.62	-40046.42	-2.81591	-30268.62	-40046.42	-2.81591	26.433	0.00
0.00	-30268.77	-40046.47	-2.81597	-30268.77	-40046.47	-2.81597	27.395	0.00
0.00	-30268.95	-40046.53	-2.81587	-30268.95	-40046.53	-2.81587	27.216	0.00
0.00	-30269.13	-40046.59	-2.81595	-30269.13	-40046.59	-2.81595	28.178	0.00
0.00	-30269.38	-40046.68	-2.81601	-30269.38	-40046.68	-2.81601	26.896	0.00
0.00	-30269.41	-40046.68	-2.81617	-30269.41	-40046.68	-2.81617	28.430	0.00
0.00	-30269.62	-40046.75	-2.81635	-30269.62	-40046.75	-2.81635	27.530	0.00
0.00	-30269.75	-40046.80	-2.81674	-30269.75	-40046.80	-2.81674	27.456	0.00
0.00	-30269.94	-40046.86	-2.81708	-30269.94	-40046.86	-2.81708	26.691	0.00
0.00	-30270.14	-40046.93	-2.81747	-30270.14	-40046.93	-2.81747	28.574	0.00
0.00	-30270.34	-40046.99	-2.81749	-30270.34	-40046.99	-2.81749	27.663	0.00
0.00	-30270.58	-40047.07	-2.81748	-30270.58	-40047.07	-2.81748	27.462	0.00
0.00	-30270.64	-40047.09	-2.81753	-30270.64	-40047.09	-2.81753	27.212	0.00
0.00	-30270.74	-40047.13	-2.81779	-30270.74	-40047.13	-2.81779	30.174	0.00
0.00	-30270.91	-40047.18	-2.81820	-30270.91	-40047.18	-2.81820	28.686	0.00
0.00	-30271.06	-40047.23	-2.81872	-30271.06	-40047.23	-2.81872	28.798	0.00
0.00	-30271.22	-40047.29	-2.81912	-30271.22	-40047.29	-2.81912	28.049	0.00
0.00	-30271.37	-40047.34	-2.81955	-30271.37	-40047.34	-2.81955	29.118	0.00
0.00	-30271.53	-40047.39	-2.81977	-30271.53	-40047.39	-2.81977	29.872	0.00
0.00	-30271.68	-40047.44	-2.82001	-30271.68	-40047.44	-2.82001	30.755	0.00
0.00	-30271.83	-40047.49	-2.82010	-30271.83	-40047.49	-2.82010	28.363	0.00
0.00	-30271.97	-40047.53	-2.82019	-30271.97	-40047.53	-2.82019	29.004	0.00
0.00	-30272.13	-40047.59	-2.82030	-30272.13	-40047.59	-2.82030	29.990	0.00
0.00	-30272.27	-40047.63	-2.82047	-30272.27	-40047.63	-2.82047	30.118	0.00
0.00	-30272.46	-40047.70	-2.82067	-30272.46	-40047.70	-2.82067	28.296	0.00
0.00	-30272.58	-40047.74	-2.82082	-30272.58	-40047.74	-2.82082	28.649	0.00
0.00	-30272.74	-40047.79	-2.82091	-30272.74	-40047.79	-2.82091	29.319	0.00
0.00	-30272.92	-40047.85	-2.82088	-30272.92	-40047.85	-2.82088	29.199	0.00
0.00	-30273.16	-40047.93	-2.82093	-30273.16	-40047.93	-2.82093	28.152	0.00
0.00	-30273.30	-40047.98	-2.82115	-30273.30	-40047.98	-2.82115	30.090	0.00
0.00	-30273.49	-40048.04	-2.82149	-30273.49	-40048.04	-2.82149	29.604	0.00
0.00	-30273.59	-40048.07	-2.82182	-30273.59	-40048.07	-2.82182	29.807	0.00
0.00	-30273.77	-40048.13	-2.82198	-30273.77	-40048.13	-2.82198	27.483	0.00
0.00	-30273.91	-40048.18	-2.82183	-30273.91	-40048.18	-2.82183	29.899	0.00
0.00	-30274.06	-40048.23	-2.82156	-30274.06	-40048.23	-2.82156	30.063	0.00
0.00	-30274.17	-40048.27	-2.82119	-30274.17	-40048.27	-2.82119	30.252	0.00
0.00	-30274.37	-40048.34	-2.82085	-30274.37	-40048.34	-2.82085	29.050	0.00
0.00	-30274.53	-40048.39	-2.82051	-30274.53	-40048.39	-2.82051	30.536	0.00
0.00	-30274.68	-40048.44	-2.82029	-30274.68	-40048.44	-2.82029	30.444	0.00
0.00	-30274.82	-40048.49	-2.81989	-30274.82	-40048.49	-2.81989	30.602	0.00
0.00	-30274.98	-40048.54	-2.81961	-30274.98	-40048.54	-2.81961	30.161	0.00
0.00	-30275.14	-40048.59	-2.81923	-30275.14	-40048.59	-2.81923	30.950	0.00
0.00	-30275.30	-40048.65	-2.81901	-30275.30	-40048.65	-2.81901	30.573	0.00
0.00	-30275.45	-40048.70	-2.81866	-30275.45	-40048.70	-2.81866	34.430	0.00
0.00	-30275.62	-40048.75	-2.81845	-30275.62	-40048.75	-2.81845	31.659	0.00
0.00	-30275.74	-40048.80	-2.81805	-30275.74	-40048.80	-2.81805	31.139	0.00
0.00	-30275.93	-40048.86	-2.81784	-30275.93	-40048.86	-2.81784	30.966	0.00
0.00	-30276.07	-40048.91	-2.81767	-30276.07	-40048.91	-2.81767	31.264	0.00
0.00	-30276.25	-40048.97	-2.81759	-30276.25	-40048.97	-2.81759	30.761	0.00
0.00	-30276.43	-40049.03	-2.81731	-30276.43	-40049.03	-2.81731	32.219	0.00
0.00	-30276.59	-40049.08	-2.81709	-30276.59	-40049.08	-2.81709	31.800	0.00
0.00	-30276.73	-40049.13	-2.81686	-30276.73	-40049.13	-2.81686	32.245	0.00
0.00	-30276.93	-40049.20	-2.81683	-30276.93	-40049.20	-2.81683	32.018	0.00
0.00	-30277.05	-40049.24	-2.81684	-30277.05	-40049.24	-2.81684	32.930	0.00
0.00	-30277.25	-40049.31	-2.81681	-30277.25	-40049.31	-2.81681	31.948	0.00
0.00	-30277.37	-40049.35	-2.81671	-30277.37	-40049.35	-2.81671	32.552	0.00
0.00	-30277.59	-40049.42	-2.81656	-30277.59	-40049.42	-2.81656	34.430	0.00
0.00	-30277.75	-40049.48	-2.81647	-30277.75	-40049.48	-2.81647	32.221	0.00
0.00	-30277.93	-40049.53	-2.81636	-30277.93	-40049.53	-2.81636	31.483	0.00
0.00	-30278.08	-40049.59	-2.81631	-30278.08	-40049.59	-2.81631	32.999	0.00
0.00	-30278.25	-40049.64	-2.81626	-30278.25	-40049.64	-2.81626	32.007	0.00
0.00	-30278.42	-40049.70	-2.81623	-30278.42	-40049.70	-2.81623	32.165	0.00
0.00	-30278.59	-40049.76	-2.81613	-30278.59	-40049.76	-2.81613	31.936	0.00
0.00	-30278.75	-40049.81	-2.81610	-30278.75	-40049.81	-2.81610	32.466	0.00
0.00	-30278.93	-40049.87	-2.81590	-30278.93	-40049.87	-2.81590	31.285	0.00
0.00	-30279.08	-40049.92	-2.81573	-30279.08	-40049.92	-2.81573	32.979	0.00
0.00	-30279.24	-40049.98	-2.81558	-30279.24	-40049.98	-2.81558	32.428	0.00
0.00	-30279.42	-40050.04	-2.81551	-30279.42	-40050.04	-2.81551	33.488	0.00
0.00	-30279.64	-40050.11	-2.81526	-30279.64	-40050.11	-2.81526	32.279	0.00
0.00	-30279.74	-40050.14	-2.81508	-30279.74	-40050.14	-2.81508	32.793	0.00
0.00	-30279.93	-40050.21	-2.81486	-30279.93	-40050.21	-2.81486	31.619	0.00
0.00	-30280.11	-40050.27	-2.81462	-30280.11	-40050.27	-2.81462	32.122	0.00
0.00	-30280.29	-40050.33	-2.81438	-30280.29	-40050.33	-2.81438	32.247	0.00
0.00	-30280.47	-40050.39	-2.81410	-30280.47	-40050.39	-2.81410	33.837	0.00
0.00	-30280.70	-40050.47	-2.81389	-30280.70	-40050.47	-2.81389	33.893	0.00
0.00	-30280.81	-40050.51	-2.81368	-30280.81	-40050.51	-2.81368	34.242	0.00
0.00	-30281.04	-40050.59	-2.81345	-30281.04	-40050.59	-2.81345	35.922	0.00
0.00	-30281.16	-40050.63	-2.81312	-30281.16	-40050.63	-2.81312	38.399	0.00
0.00	-30281.39	-40050.71	-2.81286	-30281.39	-40050.71	-2.81286	37.234	0.00
0.00	-30281.71	-40050.82	-2.81266	-30281.71	-40050.82	-2.81266	33.355	0.00
0.00	-30281.78	-40050.84	-2.81269	-30281.78	-40050.84	-2.81269	39.519	0.00
0.00	-30281.88	-40050.87	-2.81281	-30281.88	-40050.87	-2.81281	34.293	0.00
0.00	-30282.07	-40050.94	-2.81290	-30282.07	-40050.94	-2.81290	33.389	0.00
0.00	-30282.25	-40051.00	-2.81282	-30282.25	-40051.00	-2.81282	34.593	0.00
0.00	-30282.44	-40051.07	-2.81269	-30282.44	-40051.07	-2.81269	33.096	0.00
0.00	-30282.62	-40051.13	-2.81249	-30282.62	-40051.13	-2.81249	32.991	0.00
0.00	-30282.80	-40051.19	-2.81233	-30282.80	-40051.19	-2.81233	37.471	0.00
0.00	-30282.95	-40051.24	-2.81207	-30282.95	-40051.24	-2.81207	40.201	0.00
0.00	-30283.15	-40051.31	-2.81193	-30283.15	-40051.31	-2.81193	40.219	0.00
0.00	-30283.32	-40051.37	-2.81178	-30283.32	-40051.37	-2.81178	40.700	0.00
0.00	-30283.52	-40051.44	-2.81176	-30283.52	-40051.44	-2.81176	40.363	0.00
0.00	-30283.70	-40051.50	-2.81169	-30283.70	-40051.50	-2.81169	41.674	0.00
0.00	-30283.90	-40051.57	-2.81171	-30283.90	-40051.57	-2.81171	39.344	0.00
0.00	-30284.08	-40051.63	-2.81169	-30284.08	-40051.63	-2.81169	39.327	0.00
0.00	-30284.28	-40051.70	-2.81177	-30284.28	-40051.70	-2.81177	39.996	0.00
0.00	-30284.46	-40051.76	-2.81182	-30284.46	-40051.76	-2.81182	40.150	0.00
0.00	-30284.68	-40051.84	-2.81183	-30284.68	-40051.84	-2.81183	38.342	0.00
0.00	-30284.81	-40051.88	-2.81173	-30284.81	-40051.88	-2.81173	41.935	0.00
0.00	-30285.06	-40051.97	-2.81162	-30285.06	-40051.97	-2.81162	35.902	0.00
0.00	-30285.21	-40052.02	-2.81148	-30285.21	-40052.02	-2.81148	36.068	0.00
0.00	-30285.46	-40052.10	-2.81142	-30285.46	-40052.10	-2.81142	35.147	0.00
0.00	-30285.59	-40052.15	-2.81132	-30285.59	-40052.15	-2.81132	36.369	0.00
0.00	-30285.83	-40052.23	-2.81136	-30285.83	-40052.23	-2.81136	34.803	0.00
0.00	-30286.00	-40052.29	-2.81145	-30286.00	-40052.29	-2.81145	36.231	0.00
0.00	-30286.20	-40052.36	-2.81168	-30286.20	-40052.36	-2.81168	33.739	0.00
0.00	-30286.33	-40052.41	-2.81192	-30286.33	-40052.41	-2.81192	36.618	0.00
0.00	-30286.57	-40052.49	-2.81223	-30286.57	-40052.49	-2.81223	35.998	0.00
0.00	-30286.77	-40052.56	-2.81257	-30286.77	-40052.56	-2.81257	35.942	0.00
0.00	-30286.99	-40052.63	-2.81295	-30286.99	-40052.63	-2.81295	34.242	0.00
0.00	-30287.19	-40052.70	-2.81343	-30287.19	-40052.70	-2.81343	35.249	0.00
0.00	-30287.39	-40052.77	-2.81382	-30287.39	-40052.77	-2.81382	35.588	0.00
0.00	-30287.55	-40052.82	-2.81427	-30287.55	-40052.82	-2.81427	37.340	0.00
0.00	-30287.75	-40052.89	-2.81469	-30287.75	-40052.89	-2.81469	35.138	0.00
0.00	-30287.94	-40052.95	-2.81520	-30287.94	-40052.95	-2.81520	35.897	0.00
0.00	-30288.19	-40053.03	-2.81570	-30288.19	-40053.03	-2.81570	43.367	0.00
0.00	-30288.30	-40053.07	-2.81617	-30288.30	-40053.07	-2.81617	37.625	0.00
0.00	-30288.51	-40053.14	-2.81675	-30288.51	-40053.14	-2.81675	36.668	0.00
0.00	-30288.70	-40053.21	-2.81743	-30288.70	-40053.21	-2.81743	38.386	0.00
0.00	-30288.91	-40053.28	-2.81803	-30288.91	-40053.28	-2.81803	36.331	0.00
0.00	-30289.10	-40053.34	-2.81879	-30289.10	-40053.34	-2.81879	36.580	0.00
0.00	-30289.35	-40053.42	-2.81952	-30289.35	-40053.42	-2.81952	34.958	0.00
0.00	-30289.50	-40053.47	-2.82033	-30289.50	-40053.47	-2.82033	36.996	0.00
0.00	-30289.76	-40053.56	-2.82103	-30289.76	-40053.56	-2.82103	35.830	0.00
0.00	-30289.90	-40053.60	-2.82177	-30289.90	-40053.60	-2.82177	36.505	0.00
0.00	-30290.16	-40053.69	-2.82238	-30290.16	-40053.69	-2.82238	35.307	0.00
0.00	-30290.50	-40053.80	-2.82344	-30290.50	-40053.80	-2.82344	36.464	0.00
0.00	-30290.63	-40053.84	-2.82388	-30290.63	-40053.84	-2.82388	36.630	0.00
0.00	-30290.77	-40053.89	-2.82430	-30290.77	-40053.89	-2.82430	39.229	0.00
0.00	-30290.99	-40053.96	-2.82469	-30290.99	-40053.96	-2.82469	37.349	0.00
0.00	-30291.18	-40054.02	-2.82513	-30291.18	-40054.02	-2.82513	37.791	0.00
0.00	-30291.37	-40054.08	-2.82556	-30291.37	-40054.08	-2.82556	37.688	0.00
0.00	-30291.54	-40054.14	-2.82589	-30291.54	-40054.14	-2.82589	37.711	0.00
0.00	-30291.73	-40054.20	-2.82619	-30291.73	-40054.20	-2.82619	35.720	0.00
0.00	-30291.89	-40054.26	-2.82647	-30291.89	-40054.26	-2.82647	39.299	0.00
0.00	-30292.10	-40054.32	-2.82677	-30292.10	-40054.32	-2.82677	38.358	0.00
0.00	-30292.28	-40054.38	-2.82715	-30292.28	-40054.38	-2.82715	38.273	0.00
0.00	-30292.48	-40054.45	-2.82763	-30292.48	-40054.45	-2.82763	36.732	0.00
0.00	-30292.64	-40054.50	-2.82797	-30292.64	-40054.50	-2.82797	36.048	0.00
0.00	-30292.85	-40054.57	-2.82830	-30292.85	-40054.57	-2.82830	38.581	0.00
0.00	-30293.05	-40054.63	-2.82843	-30293.05	-40054.63	-2.82843	38.683	0.00
0.00	-30293.26	-40054.70	-2.82845	-30293.26	-40054.70	-2.82845	36.295	0.00
0.00	-30293.44	-40054.76	-2.82813	-30293.44	-40054.76	-2.82813	37.328	0.00
0.00	-30293.64	-40054.83	-2.82786	-30293.64	-40054.83	-2.82786	37.541	0.00
0.00	-30293.84	-40054.89	-2.82743	-30293.84	-40054.89	-2.82743	38.827	0.00
0.00	-30294.09	-40054.98	-2.82731	-30294.09	-40054.98	-2.82731	36.205	0.00
0.00	-30294.22	-40055.02	-2.82716	-30294.22	-40055.02	-2.82716	37.361	0.00
0.00	-30294.51	-40055.11	-2.82712	-30294.51	-40055.11	-2.82712	37.718	0.00
0.00	-30294.69	-40055.17	-2.82701	-30294.69	-40055.17	-2.82701	39.182	0.00
0.00	-30294.96	-40055.26	-2.82693	-30294.96	-40055.26	-2.82693	43.818	0.00
0.00	-30295.13	-40055.32	-2.82681	-30295.13	-40055.32	-2.82681	38.120	0.00
0.00	-30295.31	-40055.37	-2.82675	-30295.31	-40055.37	-2.82675	37.602	0.00
0.00	-30295.47	-40055.43	-2.82667	-30295.47	-40055.43	-2.82667	38.960	0.00
0.00	-30295.66	-40055.49	-2.82657	-30295.66	-40055.49	-2.82657	37.851	0.00
0.00	-30295.80	-40055.53	-2.82643	-30295.80	-40055.53	-2.82643	38.578	0.00
0.00	-30296.05	-40055.62	-2.82619	-30296.05	-40055.62	-2.82619	38.123	0.00
0.00	-30296.23	-40055.67	-2.82593	-30296.23	-40055.67	-2.82593	38.444	0.00
0.00	-30296.42	-40055.74	-2.82579	-30296.42	-40055.74	-2.82579	37.928	0.00
0.00	-30296.60	-40055.80	-2.82578	-30296.60	-40055.80	-2.82578	38.356	0.00
0.00	-30296.80	-40055.86	-2.82583	-30296.80	-40055.86	-2.82583	38.991	0.00
0.00	-30296.99	-40055.92	-2.82581	-30296.99	-40055.92	-2.82581	38.161	0.00
0.00	-30297.31	-40056.03	-2.82577	-30297.31	-40056.03	-2.82577	38.596	0.00
0.00	-30297.28	-40056.02	-2.82590	-30297.28	-40056.02	-2.82590	40.540	0.00
0.00	-30297.56	-40056.11	-2.82603	-30297.56	-40056.11	-2.82603	38.894	0.00
0.00	-30297.72	-40056.16	-2.82621	-30297.72	-40056.16	-2.82621	38.949	0.00
0.00	-30297.93	-40056.23	-2.82638	-30297.93	-40056.23	-2.82638	37.863	0.00
0.00	-30298.13	-40056.29	-2.82673	-30298.13	-40056.29	-2.82673	40.021	0.00
0.00	-30298.34	-40056.36	-2.82700	-30298.34	-40056.36	-2.82700	38.803	0.00
0.00	-30298.57	-40056.43	-2.82736	-30298.57	-40056.43	-2.82736	40.059	0.00
0.00	-30298.83	-40056.52	-2.82755	-30298.83	-40056.52	-2.82755	38.021	0.00
0.00	-30298.97	-40056.56	-2.82782	-30298.97	-40056.56	-2.82782	39.525	0.00
0.00	-30299.22	-40056.64	-2.82799	-30299.22	-40056.64	-2.82799	37.706	0.00
0.00	-30299.37	-40056.69	-2.82821	-30299.37	-40056.69	-2.82821	39.889	0.00
0.00	-30299.64	-40056.78	-2.82833	-30299.64	-40056.78	-2.82833	37.938	0.00
0.00	-30299.83	-40056.84	-2.82854	-30299.83	-40056.84	-2.82854	40.047	0.00
0.00	-30300.04	-40056.90	-2.82855	-30300.04	-40056.90	-2.82855	40.169	0.00
0.00	-30300.23	-40056.96	-2.82870	-30300.23	-40056.96	-2.82870	41.062	0.00
0.00	-30300.44	-40057.03	-2.82877	-30300.44	-40057.03	-2.82877	38.470	0.00
0.00	-30300.63	-40057.09	-2.82907	-30300.63	-40057.09	-2.82907	40.557	0.00
0.00	-30300.84	-40057.16	-2.82925	-30300.84	-40057.16	-2.82925	40.203	0.00
0.00	-30301.02	-40057.22	-2.82966	-30301.02	-40057.22	-2.82966	41.151	0.00
0.00	-30301.23	-40057.28	-2.82983	-30301.23	-40057.28	-2.82983	39.283	0.00
0.00	-30301.42	-40057.34	-2.83017	-30301.42	-40057.34	-2.83017	41.001	0.00
0.00	-30301.63	-40057.41	-2.83029	-30301.63	-40057.41	-2.83029	40.146	0.00
0.00	-30301.81	-40057.46	-2.83060	-30301.81	-40057.46	-2.83060	39.639	0.00
0.00	-30302.02	-40057.53	-2.83061	-30302.02	-40057.53	-2.83061	37.888	0.00
0.00	-30302.18	-40057.58	-2.83079	-30302.18	-40057.58	-2.83079	39.277	0.00
0.00	-30302.42	-40057.66	-2.83077	-30302.42	-40057.66	-2.83077	39.594	0.00
0.00	-30302.65	-40057.73	-2.83089	-30302.65	-40057.73	-2.83089	41.238	0.00
0.00	-30302.87	-40057.80	-2.83087	-30302.87	-40057.80	-2.83087	39.554	0.00
0.00	-30303.04	-40057.85	-2.83098	-30303.04	-40057.85	-2.83098	41.043	0.00
0.00	-30303.28	-40057.93	-2.83110	-30303.28	-40057.93	-2.83110	41.112	0.00
0.00	-30303.41	-40057.97	-2.83130	-30303.41	-40057.97	-2.83130	40.774	0.00
0.00	-30303.66	-40058.05	-2.83136	-30303.66	-40058.05	-2.83136	41.325	0.00
0.00	-30303.78	-40058.09	-2.83152	-30303.78	-40058.09	-2.83152	41.816	0.00
0.00	-30304.04	-40058.17	-2.83167	-30304.04	-40058.17	-2.83167	41.072	0.00
0.00	-30304.21	-40058.22	-2.83192	-30304.21	-40058.22	-2.83192	41.888	0.00
0.00	-30304.41	-40058.29	-2.83203	-30304.41	-40058.29	-2.83203	40.450	0.00
0.00	-30304.58	-40058.34	-2.83217	-30304.58	-40058.34	-2.83217	42.132	0.00
0.00	-30304.79	-40058.41	-2.83215	-30304.79	-40058.41	-2.83215	41.577	0.00
0.00	-30304.96	-40058.46	-2.83215	-30304.96	-40058.46	-2.83215	41.550	0.00
0.00	-30305.17	-40058.53	-2.83203	-30305.17	-40058.53	-2.83203	39.965	0.00
0.00	-30305.35	-40058.58	-2.83194	-30305.35	-40058.58	-2.83194	41.994	0.00
0.00	-30305.55	-40058.65	-2.83183	-30305.55	-40058.65	-2.83183	41.506	0.00
0.00	-30305.73	-40058.71	-2.83183	-30305.73	-40058.71	-2.83183	42.280	0.00
0.00	-30305.94	-40058.77	-2.83197	-30305.94	-40058.77	-2.83197	41.504	0.00
0.00	-30306.11	-40058.83	-2.83216	-30306.11	-40058.83	-2.83216	42.028	0.00
0.00	-30306.32	-40058.90	-2.83227	-30306.32	-40058.90	-2.83227	40.205	0.00
0.00	-30306.56	-40058.97	-2.83223	-30306.56	-40058.97	-2.83223	43.156	0.00
0.00	-30306.76	-40059.04	-2.83206	-30306.76	-40059.04	-2.83206	40.453	0.00
0.00	-30306.93	-40059.09	-2.83176	-30306.93	-40059.09	-2.83176	41.426	0.00
0.00	-30307.12	-40059.15	-2.83150	-30307.12	-40059.15	-2.83150	40.655	0.00
0.00	-30307.29	-40059.21	-2.83125	-30307.29	-40059.21	-2.83125	43.468	0.00
0.00	-30307.53	-40059.29	-2.83111	-30307.53	-40059.29	-2.83111	42.513	0.00
0.00	-30307.67	-40059.33	-2.83100	-30307.67	-40059.33	-2.83100	43.078	0.00
0.00	-30307.92	-40059.41	-2.83096	-30307.92	-40059.41	-2.83096	42.655	0.00
0.00	-30308.05	-40059.45	-2.83086	-30308.05	-40059.45	-2.83086	50.802	0.00
0.00	-30308.30	-40059.53	-2.83071	-30308.30	-40059.53	-2.83071	41.687	0.00
0.00	-30308.60	-40059.63	-2.83035	-30308.60	-40059.63	-2.83035	44.060	0.00
0.00	-30308.72	-40059.67	-2.83021	-30308.72	-40059.67	-2.83021	42.958	0.00
0.00	-30308.82	-40059.70	-2.83013	-30308.82	-40059.70	-2.83013	43.036	0.00
0.00	-30309.06	-40059.78	-2.83010	-30309.06	-40059.78	-2.83010	41.742	0.00
0.00	-30309.19	-40059.82	-2.83005	-30309.19	-40059.82	-2.83005	50.049	0.00
0.00	-30309.40	-40059.89	-2.83004	-30309.40	-40059.89	-2.83004	43.425	0.00
0.00	-30309.58	-40059.95	-2.82992	-30309.58	-40059.95	-2.82992	43.479	0.00
0.00	-30309.78	-40060.01	-2.82985	-30309.78	-40060.01	-2.82985	42.613	0.00
0.00	-30309.97	-40060.07	-2.82970	-30309.97	-40060.07	-2.82970	43.181	0.00
0.00	-30310.20	-40060.15	-2.82963	-30310.20	-40060.15	-2.82963	42.969	0.00
0.00	-30310.43	-40060.22	-2.82958	-30310.43	-40060.22	-2.82958	44.629	0.00
0.00	-30310.66	-40060.30	-2.82963	-30310.66	-40060.30	-2.82963	42.390	0.00
0.00	-30310.74	-40060.32	-2.82974	-30310.74	-40060.32	-2.82974	44.388	0.00
0.00	-30310.94	-40060.39	-2.82991	-30310.94	-40060.39	-2.82991	43.178	0.00
0.00	-30311.11	-40060.44	-2.83000	-30311.11	-40060.44	-2.83000	44.716	0.00
0.00	-30311.35	-40060.52	-2.83008	-30311.35	-40060.52	-2.83008	50.585	0.00
0.00	-30311.49	-40060.57	-2.83009	-30311.49	-40060.57	-2.83009	44.524	0.00
0.00	-30311.69	-40060.63	-2.83005	-30311.69	-40060.63	-2.83005	44.230	0.00
0.00	-30311.87	-40060.69	-2.82996	-30311.87	-40060.69	-2.82996	45.411	0.00
0.00	-30312.12	-40060.77	-2.82990	-30312.12	-40060.77	-2.82990	42.934	0.00
0.00	-30312.28	-40060.82	-2.82987	-30312.28	-40060.82	-2.82987	50.688	0.00
0.00	-30312.54	-40060.91	-2.82996	-30312.54	-40060.91	-2.82996	43.569	0.00
0.00	-30312.68	-40060.95	-2.82999	-30312.68	-40060.95	-2.82999	44.413	0.00
0.00	-30312.93	-40061.03	-2.83005	-30312.93	-40061.03	-2.83005	42.637	0.00
0.00	-30313.26	-40061.14	-2.83005	-30313.26	-40061.14	-2.83005	43.993	0.00
0.00	-30313.38	-40061.18	-2.83009	-30313.38	-40061.18	-2.83009	44.101	0.00
0.00	-30313.50	-40061.22	-2.83010	-30313.50	-40061.22	-2.83010	47.785	0.00
0.00	-30313.80	-40061.31	-2.83012	-30313.80	-40061.31	-2.83012	43.633	0.00
0.00	-30313.94	-40061.36	-2.83010	-30313.94	-40061.36	-2.83010	44.101	0.00
0.00	-30314.22	-40061.45	-2.83018	-30314.22	-40061.45	-2.83018	44.109	0.00
0.00	-30314.38	-40061.50	-2.83026	-30314.38	-40061.50	-2.83026	45.555	0.00
0.00	-30314.58	-40061.57	-2.83044	-30314.58	-40061.57	-2.83044	51.867	0.00
0.00	-30314.74	-40061.62	-2.83039	-30314.74	-40061.62	-2.83039	45.121	0.00
0.00	-30314.93	-40061.68	-2.83035	-30314.93	-40061.68	-2.83035	44.751	0.00
0.00	-30315.10	-40061.74	-2.83001	-30315.10	-40061.74	-2.83001	47.724	0.00
0.00	-30315.31	-40061.80	-2.82990	-30315.31	-40061.80	-2.82990	44.840	0.00
0.00	-30315.49	-40061.86	-2.82952	-30315.49	-40061.86	-2.82952	46.138	0.00
0.00	-30315.69	-40061.93	-2.82935	-30315.69	-40061.93	-2.82935	44.335	0.00
0.00	-30315.88	-40061.99	-2.82917	-30315.88	-40061.99	-2.82917	53.886	0.00
0.00	-30316.14	-40062.07	-2.82933	-30316.14	-40062.07	-2.82933	44.252	0.00
0.00	-30316.28	-40062.12	-2.82934	-30316.28	-40062.12	-2.82934	47.248	0.00
0.00	-30316.52	-40062.20	-2.82946	-30316.52	-40062.20	-2.82946	45.799	0.00
0.00	-30316.67	-40062.25	-2.82931	-30316.67	-40062.25	-2.82931	46.387	0.00
0.00	-30316.94	-40062.34	-2.82925	-30316.94	-40062.34	-2.82925	45.354	0.00
0.00	-30317.09	-40062.39	-2.82900	-30317.09	-40062.39	-2.82900	46.809	0.00
0.00	-30317.33	-40062.47	-2.82887	-30317.33	-40062.47	-2.82887	46.149	0.00
0.00	-30317.51	-40062.53	-2.82851	-30317.51	-40062.53	-2.82851	46.858	0.00
0.00	-30317.71	-40062.59	-2.82836	-30317.71	-40062.59	-2.82836	45.306	0.00
0.00	-30317.94	-40062.67	-2.82811	-30317.94	-40062.67	-2.82811	46.778	0.00
0.00	-30318.16	-40062.74	-2.82801	-30318.16	-40062.74	-2.82801	46.056	0.00
0.00	-30318.38	-40062.81	-2.82773	-30318.38	-40062.81	-2.82773	46.719	0.00
0.00	-30318.61	-40062.89	-2.82765	-30318.61	-40062.89	-2.82765	46.645	0.00
0.00	-30318.69	-40062.91	-2.82763	-30318.69	-40062.91	-2.82763	57.394	0.00
0.00	-30318.94	-40062.99	-2.82770	-30318.94	-40062.99	-2.82770	46.827	0.00
0.00	-30319.08	-40063.04	-2.82774	-30319.08	-40063.04	-2.82774	46.499	0.00
0.00	-30319.33	-40063.12	-2.82772	-30319.33	-40063.12	-2.82772	47.155	0.00
0.00	-30319.47	-40063.17	-2.82765	-30319.47	-40063.17	-2.82765	55.271	0.00
0.00	-30319.73	-40063.25	-2.82749	-30319.73	-40063.25	-2.82749	46.241	0.00
0.00	-30319.87	-40063.29	-2.82737	-30319.87	-40063.29	-2.82737	46.251	0.00
0.00	-30320.12	-40063.37	-2.82738	-30320.12	-40063.37	-2.82738	54.866	0.00
0.00	-30320.25	-40063.42	-2.82754	-30320.25	-40063.42	-2.82754	47.638	0.00
0.00	-30320.50	-40063.50	-2.82768	-30320.50	-40063.50	-2.82768	47.463	0.00
0.00	-30320.64	-40063.54	-2.82788	-30320.64	-40063.54	-2.82788	48.356	0.00
0.00	-30320.88	-40063.62	-2.82799	-30320.88	-40063.62	-2.82799	46.582	0.00
0.00	-30321.02	-40063.67	-2.82813	-30321.02	-40063.67	-2.82813	49.314	0.00
0.00	-30321.26	-40063.74	-2.82816	-30321.26	-40063.74	-2.82816	54.383	0.00
0.00	-30321.40	-40063.79	-2.82825	-30321.40	-40063.79	-2.82825	47.680	0.00
0.00	-30321.64	-40063.87	-2.82829	-30321.64	-40063.87	-2.82829	46.642	0.00
0.00	-30321.83	-40063.93	-2.82843	-30321.83	-40063.93	-2.82843	46.873	0.00
0.00	-30322.10	-40064.01	-2.82857	-30322.10	-40064.01	-2.82857	47.781	0.00
0.00	-30322.29	-40064.07	-2.82877	-30322.29	-40064.07	-2.82877	56.052	0.00
0.00	-30322.53	-40064.15	-2.82864	-30322.53	-40064.15	-2.82864	47.738	0.00
0.00	-30322.65	-40064.19	-2.82863	-30322.65	-40064.19	-2.82863	57.065	0.00
0.00	-30322.91	-40064.27	-2.82855	-30322.91	-40064.27	-2.82855	48.176	0.00
0.00	-30323.04	-40064.31	-2.82877	-30323.04	-40064.31	-2.82877	48.302	0.00
0.00	-30323.25	-40064.38	-2.82911	-30323.25	-40064.38	-2.82911	47.556	0.00
0.00	-30323.46	-40064.45	-2.82933	-30323.46	-40064.45	-2.82933	48.073	0.00
0.00	-30323.66	-40064.51	-2.82954	-30323.66	-40064.51	-2.82954	49.593	0.00
0.00	-30323.85	-40064.57	-2.82968	-30323.85	-40064.57	-2.82968	48.084	0.00
0.00	-30324.04	-40064.63	-2.82970	-30324.04	-40064.63	-2.82970	48.785	0.00
0.00	-30324.23	-40064.69	-2.82967	-30324.23	-40064.69	-2.82967	52.892	0.00
0.00	-30324.42	-40064.75	-2.82962	-30324.42	-40064.75	-2.82962	48.873	0.00
0.00	-30324.61	-40064.82	-2.82962	-30324.61	-40064.82	-2.82962	49.068	0.00
0.00	-30324.80	-40064.88	-2.82951	-30324.80	-40064.88	-2.82951	56.615	0.00
0.00	-30325.09	-40064.97	-2.82931	-30325.09	-40064.97	-2.82931	48.765	0.00
0.00	-30325.25	-40065.02	-2.82929	-30325.25	-40065.02	-2.82929	50.080	0.00
0.00	-30325.40	-40065.07	-2.82951	-30325.40	-40065.07	-2.82951	51.378	0.00
0.00	-30325.61	-40065.14	-2.82988	-30325.61	-40065.14	-2.82988	49.158	0.00
0.00	-30325.83	-40065.21	-2.83008	-30325.83	-40065.21	-2.83008	50.028	0.00
0.00	-30326.06	-40065.28	-2.83012	-30326.06	-40065.28	-2.83012	51.186	0.00
0.00	-30326.24	-40065.34	-2.83004	-30326.24	-40065.34	-2.83004	50.057	0.00
0.00	-30326.42	-40065.40	-2.83000	-30326.42	-40065.40	-2.83000	49.606	0.00
0.00	-30326.60	-40065.46	-2.83008	-30326.60	-40065.46	-2.83008	51.663	0.00
0.00	-30326.78	-40065.51	-2.83020	-30326.78	-40065.51	-2.83020	50.970	0.00
0.00	-30327.01	-40065.59	-2.83027	-30327.01	-40065.59	-2.83027	50.049	0.00
0.00	-30327.19	-40065.65	-2.83023	-30327.19	-40065.65	-2.83023	58.377	0.00
0.00	-30327.42	-40065.72	-2.83012	-30327.42	-40065.72	-2.83012	50.575	0.00
0.00	-30327.60	-40065.78	-2.82994	-30327.60	-40065.78	-2.82994	51.628	0.00
0.00	-30327.80	-40065.84	-2.82976	-30327.80	-40065.84	-2.82976	51.335	0.00
0.00	-30327.99	-40065.90	-2.82960	-30327.99	-40065.90	-2.82960	50.222	0.00
0.00	-30328.21	-40065.98	-2.82953	-30328.21	-40065.98	-2.82953	55.347	0.00
0.00	-30328.41	-40066.04	-2.82950	-30328.41	-40066.04	-2.82950	51.033	0.00
0.00	-30328.60	-40066.10	-2.82946	-30328.60	-40066.10	-2.82946	53.752	0.00
0.00	-30328.80	-40066.17	-2.82946	-30328.80	-40066.17	-2.82946	53.098	0.00
0.00	-30329.00	-40066.23	-2.82953	-30329.00	-40066.23	-2.82953	59.497	0.00
0.00	-30329.31	-40066.33	-2.82960	-30329.31	-40066.33	-2.82960	51.841	0.00
0.00	-30329.48	-40066.39	-2.82957	-30329.48	-40066.39	-2.82957	50.945	0.00
0.00	-30329.69	-40066.45	-2.82944	-30329.69	-40066.45	-2.82944	54.989	0.00
0.00	-30329.94	-40066.54	-2.82924	-30329.94	-40066.54	-2.82924	55.784	0.00
0.00	-30330.10	-40066.59	-2.82909	-30330.10	-40066.59	-2.82909	55.841	0.00
0.00	-30330.31	-40066.66	-2.82905	-30330.31	-40066.66	-2.82905	60.444	0.00
0.00	-30330.51	-40066.72	-2.82911	-30330.51	-40066.72	-2.82911	56.074	0.00
0.00	-30330.80	-40066.81	-2.82926	-30330.80	-40066.81	-2.82926	50.551	0.00
0.00	-30330.86	-40066.83	-2.82942	-30330.86	-40066.83	-2.82942	51.306	0.00
0.00	-30331.11	-40066.91	-2.82952	-30331.11	-40066.91	-2.82952	51.124	0.00
0.00	-30331.30	-40066.97	-2.82952	-30331.30	-40066.97	-2.82952	51.922	0.00
0.00	-30331.58	-40067.07	-2.82944	-30331.58	-40067.07	-2.82944	57.453	0.00
0.00	-30331.76	-40067.12	-2.82932	-30331.76	-40067.12	-2.82932	54.755	0.00
0.00	-30331.96	-40067.19	-2.82919	-30331.96	-40067.19	-2.82919	57.575	0.00
0.00	-30332.14	-40067.25	-2.82913	-30332.14	-40067.25	-2.82913	57.833	0.00
0.00	-30332.37	-40067.32	-2.82927	-30332.37	-40067.32	-2.82927	52.357	0.00
0.00	-30332.56	-40067.38	-2.82943	-30332.56	-40067.38	-2.82943	52.639	0.00
0.00	-30332.76	-40067.45	-2.82952	-30332.76	-40067.45	-2.82952	58.247	0.00
0.00	-30333.04	-40067.54	-2.82959	-30333.04	-40067.54	-2.82959	55.910	0.00
0.00	-30333.25	-40067.60	-2.82964	-30333.25	-40067.60	-2.82964	52.196	0.00
0.00	-30333.46	-40067.67	-2.82974	-30333.46	-40067.67	-2.82974	54.785	0.00
0.00	-30333.69	-40067.75	-2.82985	-30333.69	-40067.75	-2.82985	61.146	0.00
0.00	-30333.89	-40067.81	-2.82990	-30333.89	-40067.81	-2.82990	59.020	0.00
0.00	-30334.07	-40067.87	-2.82995	-30334.07	-40067.87	-2.82995	59.162	0.00
0.00	-30334.35	-40067.96	-2.83003	-30334.35	-40067.96	-2.83003	53.270	0.00
0.00	-30334.40	-40067.97	-2.83013	-30334.40	-40067.97	-2.83013	54.503	0.00
0.00	-30334.73	-40068.08	-2.83028	-30334.73	-40068.08	-2.83028	58.662	0.00
0.00	-30334.92	-40068.14	-2.83044	-30334.92	-40068.14	-2.83044	55.860	0.00
0.00	-30335.12	-40068.21	-2.83048	-30335.12	-40068.21	-2.83048	54.304	0.00
0.00	-30335.31	-40068.27	-2.83046	-30335.31	-40068.27	-2.83046	56.635	0.00
0.00	-30335.52	-40068.33	-2.83043	-30335.52	-40068.33	-2.83043	60.514	0.00
0.00	-30335.71	-40068.40	-2.83056	-30335.71	-40068.40	-2.83056	54.393	0.00
0.00	-30335.99	-40068.49	-2.83081	-30335.99	-40068.49	-2.83081	60.530	0.00
0.00	-30336.17	-40068.55	-2.83103	-30336.17	-40068.55	-2.83103	59.142	0.00
0.00	-30336.38	-40068.61	-2.83111	-30336.38	-40068.61	-2.83111	60.992	0.00
0.00	-30336.58	-40068.68	-2.83121	-30336.58	-40068.68	-2.83121	53.985	0.00
0.00	-30336.82	-40068.75	-2.83130	-30336.82	-40068.75	-2.83130	55.571	0.00
0.00	-30337.06	-40068.83	-2.83135	-30337.06	-40068.83	-2.83135	60.550	0.00
0.00	-30337.39	-40068.94	-2.83155	-30337.39	-40068.94	-2.83155	56.100	0.00
0.00	-30337.53	-40068.98	-2.83180	-30337.53	-40068.98	-2.83180	60.787	0.00
0.00	-30337.69	-40069.03	-2.83188	-30337.69	-40069.03	-2.83188	53.558	0.00
0.00	-30337.86	-40069.09	-2.83182	-30337.86	-40069.09	-2.83182	59.230	0.00
0.00	-30338.04	-40069.14	-2.83178	-30338.04	-40069.14	-2.83178	61.455	0.00
0.00	-30338.32	-40069.23	-2.83188	-30338.32	-40069.23	-2.83188	61.176	0.00
0.00	-30338.51	-40069.29	-2.83216	-30338.51	-40069.29	-2.83216	60.323	0.00
0.00	-30338.71	-40069.36	-2.83249	-30338.71	-40069.36	-2.83249	53.943	0.00
0.00	-30338.89	-40069.41	-2.83277	-30338.89	-40069.41	-2.83277	54.097	0.00
0.00	-30339.08	-40069.47	-2.83305	-30339.08	-40069.47	-2.83305	63.397	0.00
0.00	-30339.36	-40069.56	-2.83321	-30339.36	-40069.56	-2.83321	56.391	0.00
0.00	-30339.54	-40069.62	-2.83332	-30339.54	-40069.62	-2.83332	63.784	0.00
0.00	-30339.78	-40069.69	-2.83358	-30339.78	-40069.69	-2.83358	65.379	0.00
0.00	-30339.96	-40069.75	-2.83380	-30339.96	-40069.75	-2.83380	55.309	0.00
0.00	-30340.14	-40069.81	-2.83383	-30340.14	-40069.81	-2.83383	63.918	0.00
0.00	-30340.49	-40069.92	-2.83375	-30340.49	-40069.92	-2.83375	55.550	0.00
0.00	-30340.68	-40069.98	-2.83370	-30340.68	-40069.98	-2.83370	54.843	0.00
0.00	-30340.88	-40070.05	-2.83380	-30340.88	-40070.05	-2.83380	55.511	0.00
0.00	-30341.01	-40070.09	-2.83400	-30341.01	-40070.09	-2.83400	62.727	0.00
0.00	-30341.20	-40070.15	-2.83416	-30341.20	-40070.15	-2.83416	64.149	0.00
0.00	-30341.47	-40070.23	-2.83423	-30341.47	-40070.23	-2.83423	53.445	0.00
0.00	-30341.61	-40070.28	-2.83421	-30341.61	-40070.28	-2.83421	64.110	0.00
0.00	-30341.81	-40070.34	-2.83410	-30341.81	-40070.34	-2.83410	57.579	0.00
0.00	-30342.02	-40070.41	-2.83402	-30342.02	-40070.41	-2.83402	64.861	0.00
0.00	-30342.23	-40070.47	-2.83397	-30342.23	-40070.47	-2.83397	60.415	0.00
0.00	-30342.52	-40070.57	-2.83397	-30342.52	-40070.57	-2.83397	54.766	0.00
0.00	-30342.70	-40070.62	-2.83398	-30342.70	-40070.62	-2.83398	57.431	0.00
0.00	-30342.90	-40070.69	-2.83396	-30342.90	-40070.69	-2.83396	62.793	0.00
0.00	-30343.09	-40070.75	-2.83388	-30343.09	-40070.75	-2.83388	62.690	0.00
0.00	-30343.39	-40070.84	-2.83368	-30343.39	-40070.84	-2.83368	56.535	0.00
0.00	-30343.52	-40070.89	-2.83349	-30343.52	-40070.89	-2.83349	57.039	0.00
0.00	-30343.71	-40070.95	-2.83344	-30343.71	-40070.95	-2.83344	59.809	0.00
0.00	-30343.93	-40071.02	-2.83348	-30343.93	-40071.02	-2.83348	65.338	0.00
0.00	-30344.17	-40071.09	-2.83361	-30344.17	-40071.09	-2.83361	58.566	0.00
0.00	-30344.46	-40071.18	-2.83374	-30344.46	-40071.18	-2.83374	62.195	0.00
0.00	-30344.63	-40071.24	-2.83372	-30344.63	-40071.24	-2.83372	65.312	0.00
0.00	-30344.89	-40071.32	-2.83357	-30344.89	-40071.32	-2.83357	66.044	0.00
0.00	-30345.08	-40071.38	-2.83348	-30345.08	-40071.38	-2.83348	64.710	0.00
0.00	-30345.39	-40071.48	-2.83331	-30345.39	-40071.48	-2.83331	61.389	0.00
0.00	-30345.57	-40071.54	-2.83297	-30345.57	-40071.54	-2.83297	66.241	0.00
0.00	-30345.78	-40071.60	-2.83260	-30345.78	-40071.60	-2.83260	59.188	0.00
0.00	-30346.07	-40071.70	-2.83239	-30346.07	-40071.70	-2.83239	57.767	0.00
0.00	-30346.23	-40071.75	-2.83226	-30346.23	-40071.75	-2.83226	68.843	0.00
0.00	-30346.49	-40071.83	-2.83220	-30346.49	-40071.83	-2.83220	59.472	0.00
0.00	-30346.69	-40071.90	-2.83225	-30346.69	-40071.90	-2.83225	60.134	0.00
0.00	-30346.98	-40071.99	-2.83227	-30346.98	-40071.99	-2.83227	60.435	0.00
0.00	-30347.19	-40072.05	-2.83211	-30347.19	-40072.05	-2.83211	64.047	0.00
0.00	-30347.43	-40072.13	-2.83177	-30347.43	-40072.13	-2.83177	63.165	0.00
0.00	-30347.70	-40072.22	-2.83162	-30347.70	-40072.22	-2.83162	56.767	0.00
0.00	-30347.96	-40072.30	-2.83157	-30347.96	-40072.30	-2.83157	62.115	0.00
0.00	-30348.14	-40072.36	-2.83138	-30348.14	-40072.36	-2.83138	57.911	0.00
0.00	-30348.34	-40072.43	-2.83120	-30348.34	-40072.43	-2.83120	58.017	0.00
0.00	-30348.37	-40072.44	-2.83104	-30348.37	-40072.44	-2.83104	57.717	0.00
0.00	-30348.37	-40072.44	-2.83104	-30348.37	-40072.44	-2.83104	61.413	0.00
