0.00	-29365.34	-39832.01	0.00000	-29365.34	-39832.01	0.00000	35.447	0.00
0.00	-29364.91	-39832.17	0.00048	-29364.91	-39832.17	0.00048	2.211	0.00
0.00	-29364.99	-39833.04	-1.31220	-29364.99	-39833.04	-1.31220	2.433	0.00
0.00	-29364.93	-39833.53	-1.37142	-29364.93	-39833.53	-1.37142	2.119	0.00
0.00	-29364.83	-39833.81	-1.34000	-29364.83	-39833.81	-1.34000	2.225	0.00
0.00	-29364.70	-39834.28	-1.31860	-29364.70	-39834.28	-1.31860	2.198	0.00
0.00	-29364.58	-39834.66	-1.30729	-29364.58	-39834.66	-1.30729	2.482	0.00
0.00	-29364.50	-39834.93	-1.30237	-29364.50	-39834.93	-1.30237	2.099	0.00
0.00	-29364.38	-39835.32	-1.29940	-29364.38	-39835.32	-1.29940	2.152	0.00
0.00	-29364.28	-39835.66	-1.29712	-29364.28	-39835.66	-1.29712	2.194	0.00
0.00	-29364.19	-39836.00	-1.29556	-29364.19	-39836.00	-1.29556	2.116	0.00
0.00	-29364.09	-39836.33	-1.29376	-29364.09	-39836.33	-1.29376	2.058	0.00
0.00	-29363.99	-39836.68	-1.29190	-29363.99	-39836.68	-1.29190	2.193	0.00
0.00	-29363.88	-39837.03	-1.29006	-29363.88	-39837.03	-1.29006	2.130	0.00
0.00	-29363.77	-39837.39	-1.28821	-29363.77	-39837.39	-1.28821	2.182	0.00
0.00	-29363.66	-39837.76	-1.28675	-29363.66	-39837.76	-1.28675	2.226	0.00
0.00	-29363.51	-39838.26	-1.28534	-29363.51	-39838.26	-1.28534	2.227	0.00
0.00	-29363.47	-39838.42	-1.28439	-29363.47	-39838.42	-1.28439	2.172	0.00
0.00	-29363.34	-39838.86	-1.28351	-29363.34	-39838.86	-1.28351	2.073	0.00
0.00	-29363.23	-39839.21	-1.28264	-29363.23	-39839.21	-1.28264	2.141	0.00
0.00	-29363.13	-39839.55	-1.28178	-29363.13	-39839.55	-1.28178	2.157	0.00
0.00	-29363.02	-39839.93	-1.28109	-29363.02	-39839.93	-1.28109	2.093	0.00
0.00	-29362.93	-39840.21	-1.28054	-29362.93	-39840.21	-1.28054	2.149	0.00
0.00	-29362.82	-39840.58	-1.27991	-29362.82	-39840.58	-1.27991	2.216	0.00
0.00	-29362.73	-39840.89	-1.27937	-29362.73	-39840.89	-1.27937	2.282	0.00
0.00	-29362.64	-39841.20	-1.27890	-29362.64	-39841.20	-1.27890	2.148	0.00
0.00	-29362.54	-39841.52	-1.27828	-29362.54	-39841.52	-1.27828	2.156	0.00
0.00	-29362.43	-39841.91	-1.27774	-29362.43	-39841.91	-1.27774	2.396	0.00
0.00	-29362.32	-39842.28	-1.27723	-29362.32	-39842.28	-1.27723	2.210	0.00
0.00	-29362.19	-39842.69	-1.27655	-29362.19	-39842.69	-1.27655	2.175	0.00
0.00	-29362.12	-39842.94	-1.27585	-29362.12	-39842.94	-1.27585	2.194	0.00
0.00	-29362.03	-39843.25	-1.27510	-29362.03	-39843.25	-1.27510	2.294	0.00
0.00	-29361.91	-39843.63	-1.27417	-29361.91	-39843.63	-1.27417	2.256	0.00
0.00	-29361.83	-39843.90	-1.27366	-29361.83	-39843.90	-1.27366	2.216	0.00
0.00	-29361.74	-39844.22	-1.27328	-29361.74	-39844.22	-1.27328	2.180	0.00
0.00	-29361.64	-39844.54	-1.27294	-29361.64	-39844.54	-1.27294	2.383	0.00
0.00	-29361.55	-39844.85	-1.27260	-29361.55	-39844.85	-1.27260	2.186	0.00
0.00	-29361.42	-39845.27	-1.27223	-29361.42	-39845.27	-1.27223	2.539	0.00
0.00	-29361.32	-39845.62	-1.27187	-29361.32	-39845.62	-1.27187	2.450	0.00
0.00	-29361.21	-39845.98	-1.27153	-29361.21	-39845.98	-1.27153	2.159	0.00
0.00	-29361.10	-39846.36	-1.27123	-29361.10	-39846.36	-1.27123	2.104	0.00
0.00	-29361.02	-39846.63	-1.27075	-29361.02	-39846.63	-1.27075	2.190	0.00
0.00	-29360.90	-39847.02	-1.26993	-29360.90	-39847.02	-1.26993	2.185	0.00
0.00	-29360.81	-39847.32	-1.26892	-29360.81	-39847.32	-1.26892	2.087	0.00
0.00	-29360.71	-39847.64	-1.26790	-29360.71	-39847.64	-1.26790	2.170	0.00
0.00	-29360.59	-39848.04	-1.26712	-29360.59	-39848.04	-1.26712	2.108	0.00
0.00	-29360.47	-39848.45	-1.26656	-29360.47	-39848.45	-1.26656	2.079	0.00
0.00	-29360.35	-39848.84	-1.26606	-29360.35	-39848.84	-1.26606	2.166	0.00
0.00	-29360.27	-39849.12	-1.26517	-29360.27	-39849.12	-1.26517	2.710	0.00
0.00	-29360.14	-39849.53	-1.26448	-29360.14	-39849.53	-1.26448	2.422	0.00
0.00	-29360.03	-39849.91	-1.26298	-29360.03	-39849.91	-1.26298	2.430	0.00
0.00	-29359.93	-39850.23	-1.26197	-29359.93	-39850.23	-1.26197	2.450	0.00
0.00	-29359.84	-39850.54	-1.26138	-29359.84	-39850.54	-1.26138	2.228	0.00
0.00	-29359.73	-39850.89	-1.26082	-29359.73	-39850.89	-1.26082	2.300	0.00
0.00	-29359.62	-39851.25	-1.26045	-29359.62	-39851.25	-1.26045	2.456	0.00
0.00	-29359.51	-39851.60	-1.25982	-29359.51	-39851.60	-1.25982	2.440	0.00
0.00	-29359.39	-39851.98	-1.25890	-29359.39	-39851.98	-1.25890	2.417	0.00
0.00	-29359.25	-39852.44	-1.25747	-29359.25	-39852.44	-1.25747	2.507	0.00
0.00	-29359.16	-39852.72	-1.25588	-29359.16	-39852.72	-1.25588	2.713	0.00
0.00	-29359.06	-39853.05	-1.25443	-29359.06	-39853.05	-1.25443	2.780	0.00
0.00	-29358.95	-39853.38	-1.25347	-29358.95	-39853.38	-1.25347	2.828	0.00
0.00	-29358.81	-39853.85	-1.25233	-29358.81	-39853.85	-1.25233	2.862	0.00
0.00	-29358.73	-39854.08	-1.25120	-29358.73	-39854.08	-1.25120	2.954	0.00
0.00	-29358.61	-39854.47	-1.24901	-29358.61	-39854.47	-1.24901	3.081	0.00
0.00	-29358.49	-39854.83	-1.24729	-29358.49	-39854.83	-1.24729	2.759	0.00
0.00	-29358.38	-39855.17	-1.24602	-29358.38	-39855.17	-1.24602	3.186	0.00
0.00	-29358.26	-39855.53	-1.24469	-29358.26	-39855.53	-1.24469	3.286	0.00
0.00	-29358.14	-39855.91	-1.24307	-29358.14	-39855.91	-1.24307	2.753	0.00
0.00	-29358.03	-39856.24	-1.24134	-29358.03	-39856.24	-1.24134	3.433	0.00
0.00	-29357.91	-39856.58	-1.23973	-29357.91	-39856.58	-1.23973	3.785	0.00
0.00	-29357.81	-39856.90	-1.23859	-29357.81	-39856.90	-1.23859	3.518	0.00
0.00	-29357.69	-39857.23	-1.23740	-29357.69	-39857.23	-1.23740	4.339	0.00
0.00	-29357.58	-39857.57	-1.23600	-29357.58	-39857.57	-1.23600	3.723	0.00
0.00	-29357.42	-39858.05	-1.23417	-29357.42	-39858.05	-1.23417	3.293	0.00
0.00	-29357.35	-39858.24	-1.23329	-29357.35	-39858.24	-1.23329	4.008	0.00
0.00	-29357.23	-39858.59	-1.23214	-29357.23	-39858.59	-1.23214	3.877	0.00
0.00	-29357.11	-39858.96	-1.23106	-29357.11	-39858.96	-1.23106	4.537	0.00
0.00	-29356.98	-39859.32	-1.22981	-29356.98	-39859.32	-1.22981	4.030	0.00
0.00	-29356.88	-39859.63	-1.22867	-29356.88	-39859.63	-1.22867	3.893	0.00
0.00	-29356.76	-39859.96	-1.22760	-29356.76	-39859.96	-1.22760	4.464	0.00
0.00	-29356.64	-39860.31	-1.22668	-29356.64	-39860.31	-1.22668	4.018	0.00
0.00	-29356.48	-39860.77	-1.22627	-29356.48	-39860.77	-1.22627	3.702	0.00
0.00	-29356.41	-39860.96	-1.22653	-29356.41	-39860.96	-1.22653	4.370	0.00
0.00	-29356.28	-39861.36	-1.22675	-29356.28	-39861.36	-1.22675	4.364	0.00
0.00	-29356.14	-39861.73	-1.22667	-29356.14	-39861.73	-1.22667	4.760	0.00
0.00	-29356.00	-39862.14	-1.22620	-29356.00	-39862.14	-1.22620	4.349	0.00
0.00	-29355.90	-39862.41	-1.22562	-29355.90	-39862.41	-1.22562	4.482	0.00
0.00	-29355.78	-39862.78	-1.22553	-29355.78	-39862.78	-1.22553	4.597	0.00
0.00	-29355.64	-39863.17	-1.22565	-29355.64	-39863.17	-1.22565	4.727	0.00
0.00	-29355.51	-39863.54	-1.22610	-29355.51	-39863.54	-1.22610	4.391	0.00
0.00	-29355.38	-39863.91	-1.22652	-29355.38	-39863.91	-1.22652	4.630	0.00
0.00	-29355.26	-39864.26	-1.22685	-29355.26	-39864.26	-1.22685	4.847	0.00
0.00	-29355.13	-39864.65	-1.22698	-29355.13	-39864.65	-1.22698	4.889	0.00
0.00	-29355.00	-39865.02	-1.22679	-29355.00	-39865.02	-1.22679	5.148	0.00
0.00	-29354.86	-39865.41	-1.22629	-29354.86	-39865.41	-1.22629	5.075	0.00
0.00	-29354.73	-39865.76	-1.22594	-29354.73	-39865.76	-1.22594	4.776	0.00
0.00	-29354.59	-39866.17	-1.22585	-29354.59	-39866.17	-1.22585	5.231	0.00
0.00	-29354.44	-39866.58	-1.22573	-29354.44	-39866.58	-1.22573	5.075	0.00
0.00	-29354.32	-39866.94	-1.22557	-29354.32	-39866.94	-1.22557	5.279	0.00
0.00	-29354.20	-39867.26	-1.22531	-29354.20	-39867.26	-1.22531	4.411	0.00
0.00	-29354.08	-39867.62	-1.22515	-29354.08	-39867.62	-1.22515	5.338	0.00
0.00	-29353.95	-39867.99	-1.22510	-29353.95	-39867.99	-1.22510	14.660	0.00
0.00	-29353.82	-39868.36	-1.22515	-29353.82	-39868.36	-1.22515	5.241	0.00
0.00	-29353.69	-39868.71	-1.22534	-29353.69	-39868.71	-1.22534	5.305	0.00
0.00	-29353.56	-39869.09	-1.22538	-29353.56	-39869.09	-1.22538	5.394	0.00
0.00	-29353.43	-39869.46	-1.22537	-29353.43	-39869.46	-1.22537	5.321	0.00
0.00	-29353.29	-39869.87	-1.22544	-29353.29	-39869.87	-1.22544	4.807	0.00
0.00	-29353.15	-39870.27	-1.22575	-29353.15	-39870.27	-1.22575	5.707	0.00
0.00	-29353.04	-39870.57	-1.22608	-29353.04	-39870.57	-1.22608	5.684	0.00
0.00	-29352.88	-39871.05	-1.22642	-29352.88	-39871.05	-1.22642	5.607	0.00
0.00	-29352.80	-39871.27	-1.22708	-29352.80	-39871.27	-1.22708	12.941	0.00
0.00	-29352.66	-39871.68	-1.22754	-29352.66	-39871.68	-1.22754	13.583	0.00
0.00	-29352.53	-39872.05	-1.22812	-29352.53	-39872.05	-1.22812	28.497	0.00
0.00	-29352.40	-39872.42	-1.22853	-29352.40	-39872.42	-1.22853	12.699	0.00
0.00	-29352.28	-39872.80	-1.22884	-29352.28	-39872.80	-1.22884	26.947	0.00
0.00	-29352.15	-39873.17	-1.22940	-29352.15	-39873.17	-1.22940	13.974	0.00
0.00	-29351.99	-39873.64	-1.23013	-29351.99	-39873.64	-1.23013	23.744	0.00
0.00	-29351.86	-39874.02	-1.23067	-29351.86	-39874.02	-1.23067	21.929	0.00
0.00	-29351.75	-39874.35	-1.23098	-29351.75	-39874.35	-1.23098	18.095	0.00
0.00	-29351.63	-39874.70	-1.23152	-29351.63	-39874.70	-1.23152	22.929	0.00
0.00	-29351.50	-39875.09	-1.23197	-29351.50	-39875.09	-1.23197	25.504	0.00
0.00	-29351.35	-39875.52	-1.23246	-29351.35	-39875.52	-1.23246	19.151	0.00
0.00	-29351.20	-39875.94	-1.23249	-29351.20	-39875.94	-1.23249	23.241	0.00
0.00	-29351.10	-39876.26	-1.23284	-29351.10	-39876.26	-1.23284	22.137	0.00
0.00	-29350.97	-39876.65	-1.23323	-29350.97	-39876.65	-1.23323	14.352	0.00
0.00	-29350.84	-39877.01	-1.23402	-29350.84	-39877.01	-1.23402	21.897	0.00
0.00	-29350.70	-39877.44	-1.23517	-29350.70	-39877.44	-1.23517	22.724	0.00
0.00	-29350.57	-39877.81	-1.23603	-29350.57	-39877.81	-1.23603	22.499	0.00
0.00	-29350.46	-39878.16	-1.23695	-29350.46	-39878.16	-1.23695	22.016	0.00
0.00	-29350.35	-39878.50	-1.23816	-29350.35	-39878.50	-1.23816	7.437	0.00
0.00	-29350.22	-39878.89	-1.23906	-29350.22	-39878.89	-1.23906	7.648	0.00
0.00	-29350.06	-39879.37	-1.24016	-29350.06	-39879.37	-1.24016	9.286	0.00
0.00	-29349.98	-39879.61	-1.24123	-29349.98	-39879.61	-1.24123	7.637	0.00
0.00	-29349.85	-39880.00	-1.24227	-29349.85	-39880.00	-1.24227	8.727	0.00
0.00	-29349.73	-39880.37	-1.24314	-29349.73	-39880.37	-1.24314	10.843	0.00
0.00	-29349.61	-39880.74	-1.24390	-29349.61	-39880.74	-1.24390	22.482	0.00
0.00	-29349.46	-39881.19	-1.24485	-29349.46	-39881.19	-1.24485	27.769	0.00
0.00	-29349.35	-39881.54	-1.24589	-29349.35	-39881.54	-1.24589	19.114	0.00
0.00	-29349.24	-39881.88	-1.24681	-29349.24	-39881.88	-1.24681	27.944	0.00
0.00	-29349.14	-39882.21	-1.24762	-29349.14	-39882.21	-1.24762	26.261	0.00
0.00	-29349.02	-39882.57	-1.24805	-29349.02	-39882.57	-1.24805	31.174	0.00
0.00	-29348.89	-39882.95	-1.24809	-29348.89	-39882.95	-1.24809	22.416	0.00
0.00	-29348.77	-39883.32	-1.24856	-29348.77	-39883.32	-1.24856	32.064	0.00
0.00	-29348.66	-39883.66	-1.24902	-29348.66	-39883.66	-1.24902	23.151	0.00
0.00	-29348.54	-39884.05	-1.24946	-29348.54	-39884.05	-1.24946	32.530	0.00
0.00	-29348.43	-39884.38	-1.24964	-29348.43	-39884.38	-1.24964	23.190	0.00
0.00	-29348.29	-39884.82	-1.24974	-29348.29	-39884.82	-1.24974	31.795	0.00
0.00	-29348.19	-39885.14	-1.25006	-29348.19	-39885.14	-1.25006	33.095	0.00
0.00	-29348.08	-39885.47	-1.25036	-29348.08	-39885.47	-1.25036	27.595	0.00
0.00	-29347.97	-39885.80	-1.25051	-29347.97	-39885.80	-1.25051	32.568	0.00
0.00	-29347.85	-39886.16	-1.25027	-29347.85	-39886.16	-1.25027	28.089	0.00
0.00	-29347.74	-39886.50	-1.24988	-29347.74	-39886.50	-1.24988	28.309	0.00
0.00	-29347.63	-39886.84	-1.24970	-29347.63	-39886.84	-1.24970	21.246	0.00
0.00	-29347.52	-39887.17	-1.24976	-29347.52	-39887.17	-1.24976	32.432	0.00
0.00	-29347.40	-39887.54	-1.24968	-29347.40	-39887.54	-1.24968	37.783	0.00
0.00	-29347.29	-39887.86	-1.24943	-29347.29	-39887.86	-1.24943	32.020	0.00
0.00	-29347.16	-39888.25	-1.24916	-29347.16	-39888.25	-1.24916	35.189	0.00
0.00	-29347.06	-39888.56	-1.24885	-29347.06	-39888.56	-1.24885	34.029	0.00
0.00	-29346.96	-39888.87	-1.24875	-29346.96	-39888.87	-1.24875	25.693	0.00
0.00	-29346.86	-39889.17	-1.24917	-29346.86	-39889.17	-1.24917	28.600	0.00
0.00	-29346.75	-39889.50	-1.24973	-29346.75	-39889.50	-1.24973	38.413	0.00
0.00	-29346.63	-39889.86	-1.24987	-29346.63	-39889.86	-1.24987	33.567	0.00
0.00	-29346.51	-39890.24	-1.24952	-29346.51	-39890.24	-1.24952	33.532	0.00
0.00	-29346.39	-39890.59	-1.24905	-29346.39	-39890.59	-1.24905	39.289	0.00
0.00	-29346.30	-39890.86	-1.24875	-29346.30	-39890.86	-1.24875	32.742	0.00
0.00	-29346.21	-39891.14	-1.24843	-29346.21	-39891.14	-1.24843	37.517	0.00
0.00	-29346.06	-39891.61	-1.24827	-29346.06	-39891.61	-1.24827	37.908	0.00
0.00	-29346.01	-39891.74	-1.24811	-29346.01	-39891.74	-1.24811	33.004	0.00
0.00	-29345.91	-39892.06	-1.24737	-29345.91	-39892.06	-1.24737	40.354	0.00
0.00	-29345.80	-39892.38	-1.24643	-29345.80	-39892.38	-1.24643	38.629	0.00
0.00	-29345.69	-39892.71	-1.24566	-29345.69	-39892.71	-1.24566	40.032	0.00
0.00	-29345.60	-39893.00	-1.24524	-29345.60	-39893.00	-1.24524	39.760	0.00
0.00	-29345.48	-39893.35	-1.24472	-29345.48	-39893.35	-1.24472	40.229	0.00
0.00	-29345.36	-39893.71	-1.24384	-29345.36	-39893.71	-1.24384	45.305	0.00
0.00	-29345.28	-39893.96	-1.24315	-29345.28	-39893.96	-1.24315	44.521	0.00
0.00	-29345.18	-39894.27	-1.24265	-29345.18	-39894.27	-1.24265	46.059	0.00
0.00	-29345.02	-39894.75	-1.24217	-29345.02	-39894.75	-1.24217	43.537	0.00
0.00	-29344.93	-39895.03	-1.24220	-29344.93	-39895.03	-1.24220	43.251	0.00
0.00	-29344.84	-39895.30	-1.24232	-29344.84	-39895.30	-1.24232	43.266	0.00
0.00	-29344.73	-39895.64	-1.24199	-29344.73	-39895.64	-1.24199	43.877	0.00
0.00	-29344.63	-39895.94	-1.24219	-29344.63	-39895.94	-1.24219	45.190	0.00
0.00	-29344.53	-39896.28	-1.24257	-29344.53	-39896.28	-1.24257	28.934	0.00
0.00	-29344.44	-39896.54	-1.24285	-29344.44	-39896.54	-1.24285	47.571	0.00
0.00	-29344.34	-39896.86	-1.24322	-29344.34	-39896.86	-1.24322	45.573	0.00
0.00	-29344.24	-39897.18	-1.24358	-29344.24	-39897.18	-1.24358	49.094	0.00
0.00	-29344.14	-39897.49	-1.24379	-29344.14	-39897.49	-1.24379	44.161	0.00
0.00	-29344.02	-39897.85	-1.24381	-29344.02	-39897.85	-1.24381	50.169	0.00
0.00	-29343.92	-39898.17	-1.24384	-29343.92	-39898.17	-1.24384	42.023	0.00
0.00	-29343.79	-39898.58	-1.24403	-29343.79	-39898.58	-1.24403	49.875	0.00
0.00	-29343.73	-39898.76	-1.24429	-29343.73	-39898.76	-1.24429	49.683	0.00
0.00	-29343.59	-39899.21	-1.24454	-29343.59	-39899.21	-1.24454	50.283	0.00
0.00	-29343.46	-39899.58	-1.24462	-29343.46	-39899.58	-1.24462	43.901	0.00
0.00	-29343.37	-39899.89	-1.24512	-29343.37	-39899.89	-1.24512	41.144	0.00
0.00	-29343.26	-39900.21	-1.24514	-29343.26	-39900.21	-1.24514	47.794	0.00
0.00	-29343.16	-39900.53	-1.24498	-29343.16	-39900.53	-1.24498	55.890	0.00
0.00	-29343.05	-39900.85	-1.24447	-29343.05	-39900.85	-1.24447	49.428	0.00
0.00	-29342.93	-39901.21	-1.24362	-29342.93	-39901.21	-1.24362	56.661	0.00
0.00	-29342.81	-39901.56	-1.24264	-29342.81	-39901.56	-1.24264	54.902	0.00
0.00	-29342.69	-39901.91	-1.24209	-29342.69	-39901.91	-1.24209	51.035	0.00
0.00	-29342.58	-39902.25	-1.24189	-29342.58	-39902.25	-1.24189	48.704	0.00
0.00	-29342.40	-39902.77	-1.24179	-29342.40	-39902.77	-1.24179	54.829	0.00
0.00	-29342.34	-39902.97	-1.24176	-29342.34	-39902.97	-1.24176	48.083	0.00
0.00	-29342.20	-39903.39	-1.24173	-29342.20	-39903.39	-1.24173	63.806	0.00
0.00	-29342.08	-39903.73	-1.24150	-29342.08	-39903.73	-1.24150	53.144	0.00
0.00	-29341.92	-39904.20	-1.24123	-29341.92	-39904.20	-1.24123	56.350	0.00
0.00	-29341.88	-39904.35	-1.24124	-29341.88	-39904.35	-1.24124	60.359	0.00
0.00	-29341.73	-39904.77	-1.24099	-29341.73	-39904.77	-1.24099	59.853	0.00
0.00	-29341.61	-39905.14	-1.24067	-29341.61	-39905.14	-1.24067	56.595	0.00
0.00	-29341.49	-39905.50	-1.24074	-29341.49	-39905.50	-1.24074	57.792	0.00
0.00	-29341.36	-39905.89	-1.24116	-29341.36	-39905.89	-1.24116	59.270	0.00
0.00	-29341.24	-39906.26	-1.24212	-29341.24	-39906.26	-1.24212	63.390	0.00
0.00	-29341.13	-39906.61	-1.24286	-29341.13	-39906.61	-1.24286	60.591	0.00
0.00	-29340.96	-39907.15	-1.24421	-29340.96	-39907.15	-1.24421	59.827	0.00
0.00	-29340.90	-39907.36	-1.24538	-29340.90	-39907.36	-1.24538	66.716	0.00
0.00	-29340.77	-39907.76	-1.24615	-29340.77	-39907.76	-1.24615	61.377	0.00
0.00	-29340.65	-39908.13	-1.24670	-29340.65	-39908.13	-1.24670	65.644	0.00
0.00	-29340.53	-39908.51	-1.24725	-29340.53	-39908.51	-1.24725	55.027	0.00
0.00	-29340.41	-39908.89	-1.24753	-29340.41	-39908.89	-1.24753	65.325	0.00
0.00	-29340.30	-39909.23	-1.24769	-29340.30	-39909.23	-1.24769	65.725	0.00
0.00	-29340.16	-39909.64	-1.24745	-29340.16	-39909.64	-1.24745	62.502	0.00
0.00	-29340.05	-39909.97	-1.24702	-29340.05	-39909.97	-1.24702	66.060	0.00
0.00	-29339.94	-39910.31	-1.24613	-29339.94	-39910.31	-1.24613	81.762	0.00
0.00	-29339.82	-39910.67	-1.24528	-29339.82	-39910.67	-1.24528	69.219	0.00
0.00	-29339.69	-39911.06	-1.24479	-29339.69	-39911.06	-1.24479	70.247	0.00
0.00	-29339.57	-39911.41	-1.24474	-29339.57	-39911.41	-1.24474	63.451	0.00
0.00	-29339.46	-39911.74	-1.24499	-29339.46	-39911.74	-1.24499	61.632	0.00
0.00	-29339.32	-39912.17	-1.24529	-29339.32	-39912.17	-1.24529	70.267	0.00
0.00	-29339.20	-39912.54	-1.24552	-29339.20	-39912.54	-1.24552	59.990	0.00
0.00	-29339.09	-39912.88	-1.24592	-29339.09	-39912.88	-1.24592	32.325	0.00
0.00	-29338.97	-39913.23	-1.24631	-29338.97	-39913.23	-1.24631	17.669	0.00
0.00	-29338.86	-39913.56	-1.24638	-29338.86	-39913.56	-1.24638	73.259	0.00
0.00	-29338.74	-39913.94	-1.24636	-29338.74	-39913.94	-1.24636	60.731	0.00
0.00	-29338.62	-39914.30	-1.24634	-29338.62	-39914.30	-1.24634	71.100	0.00
0.00	-29338.51	-39914.61	-1.24605	-29338.51	-39914.61	-1.24605	54.140	0.00
0.00	-29338.37	-39915.02	-1.24565	-29338.37	-39915.02	-1.24565	76.184	0.00
0.00	-29338.25	-39915.38	-1.24533	-29338.25	-39915.38	-1.24533	57.217	0.00
0.00	-29338.12	-39915.77	-1.24500	-29338.12	-39915.77	-1.24500	69.961	0.00
0.00	-29338.01	-39916.10	-1.24450	-29338.01	-39916.10	-1.24450	71.282	0.00
0.00	-29337.89	-39916.46	-1.24408	-29337.89	-39916.46	-1.24408	80.642	0.00
0.00	-29337.77	-39916.82	-1.24385	-29337.77	-39916.82	-1.24385	73.089	0.00
0.00	-29337.64	-39917.18	-1.24368	-29337.64	-39917.18	-1.24368	76.196	0.00
0.00	-29337.53	-39917.53	-1.24366	-29337.53	-39917.53	-1.24366	76.846	0.00
0.00	-29337.41	-39917.87	-1.24379	-29337.41	-39917.87	-1.24379	62.663	0.00
0.00	-29337.30	-39918.23	-1.24385	-29337.30	-39918.23	-1.24385	78.173	0.00
0.00	-29337.19	-39918.55	-1.24380	-29337.19	-39918.55	-1.24380	75.121	0.00
0.00	-29337.07	-39918.90	-1.24351	-29337.07	-39918.90	-1.24351	60.524	0.00
0.00	-29336.92	-39919.37	-1.24396	-29336.92	-39919.37	-1.24396	57.706	0.00
0.00	-29336.85	-39919.57	-1.24479	-29336.85	-39919.57	-1.24479	63.159	0.00
0.00	-29336.73	-39919.95	-1.24574	-29336.73	-39919.95	-1.24574	88.686	0.00
0.00	-29336.62	-39920.31	-1.24592	-29336.62	-39920.31	-1.24592	96.746	0.00
0.00	-29336.51	-39920.64	-1.24621	-29336.51	-39920.64	-1.24621	105.166	0.00
0.00	-29336.39	-39921.01	-1.24676	-29336.39	-39921.01	-1.24676	87.754	0.00
0.00	-29336.29	-39921.33	-1.24741	-29336.29	-39921.33	-1.24741	81.823	0.00
0.00	-29336.18	-39921.68	-1.24760	-29336.18	-39921.68	-1.24760	87.328	0.00
0.00	-29336.08	-39921.99	-1.24802	-29336.08	-39921.99	-1.24802	85.756	0.00
0.00	-29335.96	-39922.35	-1.24878	-29335.96	-39922.35	-1.24878	83.279	0.00
0.00	-29335.86	-39922.67	-1.24949	-29335.86	-39922.67	-1.24949	81.844	0.00
0.00	-29335.74	-39923.07	-1.24993	-29335.74	-39923.07	-1.24993	62.104	0.00
0.00	-29335.64	-39923.38	-1.25061	-29335.64	-39923.38	-1.25061	86.719	0.00
0.00	-29335.53	-39923.72	-1.25139	-29335.53	-39923.72	-1.25139	92.144	0.00
0.00	-29335.42	-39924.07	-1.25180	-29335.42	-39924.07	-1.25180	87.305	0.00
0.00	-29335.31	-39924.42	-1.25216	-29335.31	-39924.42	-1.25216	92.382	0.00
0.00	-29335.20	-39924.77	-1.25285	-29335.20	-39924.77	-1.25285	90.477	0.00
0.00	-29335.11	-39925.05	-1.25394	-29335.11	-39925.05	-1.25394	93.512	0.00
0.00	-29335.01	-39925.38	-1.25516	-29335.01	-39925.38	-1.25516	101.118	0.00
0.00	-29334.90	-39925.73	-1.25603	-29334.90	-39925.73	-1.25603	92.958	0.00
0.00	-29334.79	-39926.10	-1.25671	-29334.79	-39926.10	-1.25671	92.223	0.00
0.00	-29334.68	-39926.45	-1.25786	-29334.68	-39926.45	-1.25786	76.236	0.00
0.00	-29334.58	-39926.76	-1.25869	-29334.58	-39926.76	-1.25869	90.711	0.00
0.00	-29334.42	-39927.29	-1.25957	-29334.42	-39927.29	-1.25957	97.122	0.00
0.00	-29334.37	-39927.46	-1.26046	-29334.37	-39927.46	-1.26046	91.271	0.00
0.00	-29334.26	-39927.81	-1.26135	-29334.26	-39927.81	-1.26135	103.311	0.00
0.00	-29334.16	-39928.16	-1.26243	-29334.16	-39928.16	-1.26243	104.013	0.00
0.00	-29334.03	-39928.59	-1.26315	-29334.03	-39928.59	-1.26315	101.389	0.00
0.00	-29333.95	-39928.83	-1.26357	-29333.95	-39928.83	-1.26357	60.513	0.00
0.00	-29333.89	-39929.04	-1.26389	-29333.89	-39929.04	-1.26389	99.131	0.00
0.00	-29333.77	-39929.44	-1.26407	-29333.77	-39929.44	-1.26407	94.330	0.00
0.00	-29333.66	-39929.78	-1.26456	-29333.66	-39929.78	-1.26456	118.637	0.00
0.00	-29333.56	-39930.13	-1.26531	-29333.56	-39930.13	-1.26531	74.299	0.00
0.00	-29333.46	-39930.43	-1.26552	-29333.46	-39930.43	-1.26552	106.561	0.00
0.00	-29333.36	-39930.76	-1.26565	-29333.36	-39930.76	-1.26565	105.132	0.00
0.00	-29333.23	-39931.20	-1.26583	-29333.23	-39931.20	-1.26583	106.308	0.00
0.00	-29333.16	-39931.43	-1.26618	-29333.16	-39931.43	-1.26618	109.536	0.00
0.00	-29333.02	-39931.89	-1.26617	-29333.02	-39931.89	-1.26617	110.236	0.00
0.00	-29332.91	-39932.23	-1.26595	-29332.91	-39932.23	-1.26595	75.262	0.00
0.00	-29332.86	-39932.40	-1.26575	-29332.86	-39932.40	-1.26575	110.228	0.00
0.00	-29332.70	-39932.92	-1.26537	-29332.70	-39932.92	-1.26537	82.418	0.00
0.00	-29332.66	-39933.07	-1.26525	-29332.66	-39933.07	-1.26525	108.301	0.00
0.00	-29332.50	-39933.56	-1.26523	-29332.50	-39933.56	-1.26523	113.377	0.00
0.00	-29332.40	-39933.90	-1.26493	-29332.40	-39933.90	-1.26493	106.305	0.00
0.00	-29332.30	-39934.22	-1.26446	-29332.30	-39934.22	-1.26446	111.121	0.00
0.00	-29332.19	-39934.58	-1.26435	-29332.19	-39934.58	-1.26435	115.382	0.00
0.00	-29332.08	-39934.95	-1.26433	-29332.08	-39934.95	-1.26433	119.034	0.00
0.00	-29331.97	-39935.31	-1.26381	-29331.97	-39935.31	-1.26381	112.651	0.00
0.00	-29331.85	-39935.68	-1.26291	-29331.85	-39935.68	-1.26291	124.716	0.00
0.00	-29331.71	-39936.14	-1.26220	-29331.71	-39936.14	-1.26220	119.085	0.00
0.00	-29331.60	-39936.50	-1.26204	-29331.60	-39936.50	-1.26204	118.260	0.00
0.00	-29331.45	-39936.99	-1.26213	-29331.45	-39936.99	-1.26213	131.304	0.00
0.00	-29331.33	-39937.41	-1.26230	-29331.33	-39937.41	-1.26230	117.526	0.00
0.00	-29331.20	-39937.83	-1.26261	-29331.20	-39937.83	-1.26261	123.917	0.00
0.00	-29331.09	-39938.20	-1.26354	-29331.09	-39938.20	-1.26354	118.243	0.00
0.00	-29331.00	-39938.53	-1.26432	-29331.00	-39938.53	-1.26432	120.381	0.00
0.00	-29330.88	-39938.91	-1.26486	-29330.88	-39938.91	-1.26486	118.789	0.00
0.00	-29330.78	-39939.25	-1.26506	-29330.78	-39939.25	-1.26506	118.730	0.00
0.00	-29330.67	-39939.61	-1.26488	-29330.67	-39939.61	-1.26488	123.421	0.00
0.00	-29330.52	-39940.12	-1.26480	-29330.52	-39940.12	-1.26480	111.553	0.00
0.00	-29330.44	-39940.37	-1.26505	-29330.44	-39940.37	-1.26505	114.979	0.00
0.00	-29330.34	-39940.72	-1.26494	-29330.34	-39940.72	-1.26494	121.781	0.00
0.00	-29330.23	-39941.05	-1.26389	-29330.23	-39941.05	-1.26389	120.197	0.00
0.00	-29330.10	-39941.49	-1.26239	-29330.10	-39941.49	-1.26239	120.860	0.00
0.00	-29329.99	-39941.83	-1.26118	-29329.99	-39941.83	-1.26118	128.754	0.00
0.00	-29329.86	-39942.22	-1.25967	-29329.86	-39942.22	-1.25967	127.018	0.00
0.00	-29329.75	-39942.58	-1.25805	-29329.75	-39942.58	-1.25805	130.336	0.00
0.00	-29329.60	-39943.03	-1.25682	-29329.60	-39943.03	-1.25682	104.134	0.00
0.00	-29329.52	-39943.27	-1.25561	-29329.52	-39943.27	-1.25561	132.683	0.00
0.00	-29329.37	-39943.72	-1.25392	-29329.37	-39943.72	-1.25392	132.314	0.00
0.00	-29329.26	-39944.08	-1.25278	-29329.26	-39944.08	-1.25278	126.600	0.00
0.00	-29329.11	-39944.52	-1.25154	-29329.11	-39944.52	-1.25154	127.158	0.00
0.00	-29329.00	-39944.86	-1.24986	-29329.00	-39944.86	-1.24986	134.213	0.00
0.00	-29328.85	-39945.30	-1.24823	-29328.85	-39945.30	-1.24823	132.291	0.00
0.00	-29328.70	-39945.74	-1.24682	-29328.70	-39945.74	-1.24682	126.627	0.00
0.00	-29328.64	-39945.93	-1.24559	-29328.64	-39945.93	-1.24559	124.600	0.00
0.00	-29328.40	-39946.63	-1.24446	-29328.40	-39946.63	-1.24446	146.775	0.00
0.00	-29328.28	-39947.00	-1.24341	-29328.28	-39947.00	-1.24341	135.226	0.00
0.00	-29328.12	-39947.48	-1.24272	-29328.12	-39947.48	-1.24272	134.125	0.00
0.00	-29328.00	-39947.84	-1.24254	-29328.00	-39947.84	-1.24254	134.588	0.00
0.00	-29327.83	-39948.34	-1.24246	-29327.83	-39948.34	-1.24246	134.889	0.00
0.00	-29327.69	-39948.77	-1.24237	-29327.69	-39948.77	-1.24237	96.437	0.00
0.00	-29327.61	-39949.03	-1.24212	-29327.61	-39949.03	-1.24212	129.960	0.00
0.00	-29327.44	-39949.53	-1.24151	-29327.44	-39949.53	-1.24151	99.425	0.00
0.00	-29327.33	-39949.88	-1.24122	-29327.33	-39949.88	-1.24122	143.996	0.00
0.00	-29327.14	-39950.43	-1.24049	-29327.14	-39950.43	-1.24049	134.290	0.00
0.00	-29327.00	-39950.87	-1.24019	-29327.00	-39950.87	-1.24019	126.397	0.00
0.00	-29326.86	-39951.28	-1.24053	-29326.86	-39951.28	-1.24053	125.787	0.00
0.00	-29326.72	-39951.71	-1.24095	-29326.72	-39951.71	-1.24095	134.239	0.00
0.00	-29326.50	-39952.37	-1.24113	-29326.50	-39952.37	-1.24113	125.653	0.00
0.00	-29326.41	-39952.67	-1.24119	-29326.41	-39952.67	-1.24119	120.862	0.00
0.00	-29326.28	-39953.05	-1.24043	-29326.28	-39953.05	-1.24043	154.022	0.00
0.00	-29326.05	-39953.72	-1.23981	-29326.05	-39953.72	-1.23981	138.156	0.00
0.00	-29325.92	-39954.13	-1.23933	-29325.92	-39954.13	-1.23933	103.144	0.00
0.00	-29325.80	-39954.49	-1.23886	-29325.80	-39954.49	-1.23886	108.923	0.00
0.00	-29325.69	-39954.83	-1.23910	-29325.69	-39954.83	-1.23910	139.170	0.00
0.00	-29325.50	-39955.39	-1.23982	-29325.50	-39955.39	-1.23982	140.049	0.00
0.00	-29325.35	-39955.86	-1.24008	-29325.35	-39955.86	-1.24008	110.757	0.00
0.00	-29325.25	-39956.17	-1.23998	-29325.25	-39956.17	-1.23998	146.135	0.00
0.00	-29325.04	-39956.78	-1.24007	-29325.04	-39956.78	-1.24007	143.703	0.00
0.00	-29324.91	-39957.19	-1.24055	-29324.91	-39957.19	-1.24055	142.153	0.00
0.00	-29324.71	-39957.80	-1.24090	-29324.71	-39957.80	-1.24090	140.984	0.00
0.00	-29324.57	-39958.24	-1.24118	-29324.57	-39958.24	-1.24118	143.242	0.00
0.00	-29324.40	-39958.76	-1.24156	-29324.40	-39958.76	-1.24156	148.720	0.00
0.00	-29324.24	-39959.25	-1.24212	-29324.24	-39959.25	-1.24212	128.856	0.00
0.00	-29324.12	-39959.61	-1.24239	-29324.12	-39959.61	-1.24239	148.062	0.00
0.00	-29323.89	-39960.30	-1.24241	-29323.89	-39960.30	-1.24241	139.962	0.00
0.00	-29323.74	-39960.77	-1.24206	-29323.74	-39960.77	-1.24206	141.341	0.00
0.00	-29323.58	-39961.24	-1.24149	-29323.58	-39961.24	-1.24149	167.070	0.00
0.00	-29323.39	-39961.82	-1.24091	-29323.39	-39961.82	-1.24091	160.583	0.00
0.00	-29323.19	-39962.41	-1.24003	-29323.19	-39962.41	-1.24003	143.088	0.00
0.00	-29323.04	-39962.84	-1.23912	-29323.04	-39962.84	-1.23912	160.173	0.00
0.00	-29322.81	-39963.50	-1.23789	-29322.81	-39963.50	-1.23789	141.174	0.00
0.00	-29322.69	-39963.87	-1.23706	-29322.69	-39963.87	-1.23706	167.045	0.00
0.00	-29322.44	-39964.58	-1.23635	-29322.44	-39964.58	-1.23635	150.673	0.00
0.00	-29322.33	-39964.91	-1.23572	-29322.33	-39964.91	-1.23572	164.147	0.00
0.00	-29322.04	-39965.75	-1.23487	-29322.04	-39965.75	-1.23487	145.215	0.00
0.00	-29321.91	-39966.16	-1.23470	-29321.91	-39966.16	-1.23470	149.486	0.00
0.00	-29321.73	-39966.69	-1.23456	-29321.73	-39966.69	-1.23456	158.138	0.00
0.00	-29321.52	-39967.29	-1.23514	-29321.52	-39967.29	-1.23514	114.971	0.00
0.00	-29321.44	-39967.56	-1.23613	-29321.44	-39967.56	-1.23613	123.410	0.00
0.00	-29321.30	-39967.98	-1.23786	-29321.30	-39967.98	-1.23786	151.583	0.00
0.00	-29321.10	-39968.59	-1.24071	-29321.10	-39968.59	-1.24071	164.298	0.00
0.00	-29320.88	-39969.24	-1.24349	-29320.88	-39969.24	-1.24349	162.830	0.00
0.00	-29320.68	-39969.85	-1.24654	-29320.68	-39969.85	-1.24654	156.225	0.00
0.00	-29320.54	-39970.29	-1.25038	-29320.54	-39970.29	-1.25038	157.683	0.00
0.00	-29320.31	-39971.03	-1.25340	-29320.31	-39971.03	-1.25340	146.297	0.00
0.00	-29320.19	-39971.40	-1.25596	-29320.19	-39971.40	-1.25596	159.736	0.00
0.00	-29320.02	-39971.96	-1.25856	-29320.02	-39971.96	-1.25856	149.145	0.00
0.00	-29319.86	-39972.47	-1.26112	-29319.86	-39972.47	-1.26112	160.695	0.00
0.00	-29319.69	-39973.01	-1.26352	-29319.69	-39973.01	-1.26352	164.829	0.00
0.00	-29319.49	-39973.64	-1.26552	-29319.49	-39973.64	-1.26552	162.431	0.00
0.00	-29319.32	-39974.19	-1.26741	-29319.32	-39974.19	-1.26741	159.303	0.00
0.00	-29319.16	-39974.73	-1.26979	-29319.16	-39974.73	-1.26979	155.357	0.00
0.00	-29318.98	-39975.31	-1.27232	-29318.98	-39975.31	-1.27232	143.352	0.00
0.00	-29318.85	-39975.74	-1.27509	-29318.85	-39975.74	-1.27509	154.746	0.00
0.00	-29318.70	-39976.27	-1.27889	-29318.70	-39976.27	-1.27889	147.487	0.00
0.00	-29318.54	-39976.81	-1.28343	-29318.54	-39976.81	-1.28343	178.913	0.00
0.00	-29318.37	-39977.45	-1.29029	-29318.37	-39977.45	-1.29029	178.719	0.00
0.00	-29318.21	-39978.04	-1.29894	-29318.21	-39978.04	-1.29894	164.718	0.00
0.00	-29318.06	-39978.58	-1.30780	-29318.06	-39978.58	-1.30780	175.414	0.00
0.00	-29317.91	-39979.19	-1.31854	-29317.91	-39979.19	-1.31854	121.026	0.00
0.00	-29317.85	-39979.45	-1.32814	-29317.85	-39979.45	-1.32814	182.703	0.00
0.00	-29317.67	-39980.22	-1.34556	-29317.67	-39980.22	-1.34556	166.197	0.00
0.00	-29317.56	-39980.73	-1.36438	-29317.56	-39980.73	-1.36438	171.613	0.00
0.00	-29317.45	-39981.29	-1.38710	-29317.45	-39981.29	-1.38710	182.680	0.00
0.00	-29317.35	-39981.88	-1.41313	-29317.35	-39981.88	-1.41313	159.886	0.00
0.00	-29317.26	-39982.52	-1.43643	-29317.26	-39982.52	-1.43643	138.631	0.00
0.00	-29317.23	-39982.79	-1.45750	-29317.23	-39982.79	-1.45750	167.526	0.00
0.00	-29317.16	-39983.49	-1.48621	-29317.16	-39983.49	-1.48621	181.800	0.00
0.00	-29317.12	-39984.08	-1.52159	-29317.12	-39984.08	-1.52159	185.254	0.00
0.00	-29317.11	-39984.65	-1.55899	-29317.11	-39984.65	-1.55899	173.690	0.00
0.00	-29317.12	-39985.21	-1.59421	-29317.12	-39985.21	-1.59421	188.401	0.00
0.00	-29317.15	-39985.80	-1.63389	-29317.15	-39985.80	-1.63389	167.450	0.00
0.00	-29317.20	-39986.39	-1.67113	-29317.20	-39986.39	-1.67113	172.026	0.00
0.00	-29317.27	-39986.88	-1.71191	-29317.27	-39986.88	-1.71191	181.824	0.00
0.00	-29317.37	-39987.48	-1.75702	-29317.37	-39987.48	-1.75702	182.039	0.00
0.00	-29317.48	-39987.96	-1.80432	-29317.48	-39987.96	-1.80432	162.365	0.00
0.00	-29317.64	-39988.53	-1.84799	-29317.64	-39988.53	-1.84799	184.799	0.00
0.00	-29317.83	-39989.15	-1.89849	-29317.83	-39989.15	-1.89849	123.706	0.00
0.00	-29317.91	-39989.34	-1.93338	-29317.91	-39989.34	-1.93338	184.423	0.00
0.00	-29318.19	-39990.03	-1.98660	-29318.19	-39990.03	-1.98660	180.876	0.00
0.00	-29318.41	-39990.47	-2.03826	-29318.41	-39990.47	-2.03826	125.839	0.00
0.00	-29318.54	-39990.70	-2.07447	-29318.54	-39990.70	-2.07447	190.690	0.00
0.00	-29318.89	-39991.30	-2.12885	-29318.89	-39991.30	-2.12885	185.140	0.00
0.00	-29319.21	-39991.78	-2.18130	-29319.21	-39991.78	-2.18130	180.639	0.00
0.00	-29319.56	-39992.24	-2.23408	-29319.56	-39992.24	-2.23408	198.778	0.00
0.00	-29320.01	-39992.78	-2.29127	-29320.01	-39992.78	-2.29127	182.356	0.00
0.00	-29320.36	-39993.14	-2.34481	-29320.36	-39993.14	-2.34481	127.921	0.00
0.00	-29320.58	-39993.33	-2.38197	-29320.58	-39993.33	-2.38197	198.181	0.00
0.00	-29321.15	-39993.84	-2.43769	-29321.15	-39993.84	-2.43769	200.106	0.00
0.00	-29321.63	-39994.22	-2.48895	-29321.63	-39994.22	-2.48895	179.441	0.00
0.00	-29322.02	-39994.49	-2.53068	-29322.02	-39994.49	-2.53068	189.237	0.00
0.00	-29322.62	-39994.89	-2.57125	-29322.62	-39994.89	-2.57125	192.447	0.00
0.00	-29323.17	-39995.22	-2.60799	-29323.17	-39995.22	-2.60799	191.001	0.00
0.00	-29323.77	-39995.55	-2.63930	-29323.77	-39995.55	-2.63930	204.396	0.00
0.00	-29324.34	-39995.85	-2.66956	-29324.34	-39995.85	-2.66956	205.553	0.00
0.00	-29325.00	-39996.17	-2.69633	-29325.00	-39996.17	-2.69633	193.813	0.00
0.00	-29325.53	-39996.41	-2.71942	-29325.53	-39996.41	-2.71942	140.206	0.00
0.00	-29325.88	-39996.55	-2.73427	-29325.88	-39996.55	-2.73427	210.657	0.00
0.00	-29326.58	-39996.84	-2.75366	-29326.58	-39996.84	-2.75366	188.400	0.00
0.00	-29327.12	-39997.05	-2.76781	-29327.12	-39997.05	-2.76781	188.011	0.00
0.00	-29327.67	-39997.26	-2.78097	-29327.67	-39997.26	-2.78097	200.755	0.00
0.00	-29328.32	-39997.49	-2.79512	-29328.32	-39997.49	-2.79512	203.370	0.00
0.00	-29328.89	-39997.69	-2.80650	-29328.89	-39997.69	-2.80650	138.323	0.00
0.00	-29329.41	-39997.87	-2.81262	-29329.41	-39997.87	-2.81262	205.746	0.00
0.00	-29330.19	-39998.13	-2.81960	-29330.19	-39998.13	-2.81960	186.652	0.00
0.00	-29330.75	-39998.31	-2.82514	-29330.75	-39998.31	-2.82514	143.696	0.00
0.00	-29331.15	-39998.43	-2.82993	-29331.15	-39998.43	-2.82993	204.084	0.00
0.00	-29331.95	-39998.68	-2.83555	-29331.95	-39998.68	-2.83555	200.977	0.00
0.00	-29332.71	-39998.91	-2.83833	-29332.71	-39998.91	-2.83833	191.041	0.00
0.00	-29333.45	-39999.13	-2.83977	-29333.45	-39999.13	-2.83977	201.943	0.00
0.00	-29334.11	-39999.33	-2.84105	-29334.11	-39999.33	-2.84105	196.083	0.00
0.00	-29334.78	-39999.53	-2.84180	-29334.78	-39999.53	-2.84180	196.903	0.00
0.00	-29335.52	-39999.76	-2.84116	-29335.52	-39999.76	-2.84116	130.628	0.00
0.00	-29335.84	-39999.86	-2.83954	-29335.84	-39999.86	-2.83954	191.367	0.00
0.00	-29336.65	-40000.11	-2.83701	-29336.65	-40000.11	-2.83701	215.356	0.00
0.00	-29337.35	-40000.33	-2.83527	-29337.35	-40000.33	-2.83527	179.380	0.00
0.00	-29337.98	-40000.53	-2.83426	-29337.98	-40000.53	-2.83426	210.865	0.00
0.00	-29338.71	-40000.75	-2.83262	-29338.71	-40000.75	-2.83262	208.547	0.00
0.00	-29339.52	-40001.01	-2.83098	-29339.52	-40001.01	-2.83098	149.671	0.00
0.00	-29339.93	-40001.14	-2.83017	-29339.93	-40001.14	-2.83017	201.089	0.00
0.00	-29340.81	-40001.41	-2.82918	-29340.81	-40001.41	-2.82918	203.848	0.00
0.00	-29341.48	-40001.62	-2.82884	-29341.48	-40001.62	-2.82884	208.853	0.00
0.00	-29342.26	-40001.87	-2.82891	-29342.26	-40001.87	-2.82891	219.597	0.00
0.00	-29343.04	-40002.11	-2.82866	-29343.04	-40002.11	-2.82866	206.814	0.00
0.00	-29343.91	-40002.39	-2.82808	-29343.91	-40002.39	-2.82808	209.303	0.00
0.00	-29344.66	-40002.62	-2.82841	-29344.66	-40002.62	-2.82841	217.897	0.00
0.00	-29345.49	-40002.88	-2.82909	-29345.49	-40002.88	-2.82909	215.368	0.00
0.00	-29346.33	-40003.14	-2.82897	-29346.33	-40003.14	-2.82897	211.066	0.00
0.00	-29347.11	-40003.38	-2.82912	-29347.11	-40003.38	-2.82912	212.186	0.00
0.00	-29347.98	-40003.65	-2.82975	-29347.98	-40003.65	-2.82975	209.155	0.00
0.00	-29348.79	-40003.90	-2.83018	-29348.79	-40003.90	-2.83018	208.518	0.00
0.00	-29349.54	-40004.13	-2.83008	-29349.54	-40004.13	-2.83008	208.929	0.00
0.00	-29350.34	-40004.38	-2.82965	-29350.34	-40004.38	-2.82965	218.471	0.00
0.00	-29351.26	-40004.67	-2.82927	-29351.26	-40004.67	-2.82927	215.399	0.00
0.00	-29352.07	-40004.93	-2.82821	-29352.07	-40004.93	-2.82821	222.165	0.00
0.00	-29352.87	-40005.18	-2.82661	-29352.87	-40005.18	-2.82661	149.288	0.00
0.00	-29353.22	-40005.30	-2.82591	-29353.22	-40005.30	-2.82591	222.996	0.00
0.00	-29354.23	-40005.62	-2.82456	-29354.23	-40005.62	-2.82456	216.122	0.00
0.00	-29355.00	-40005.87	-2.82311	-29355.00	-40005.87	-2.82311	232.470	0.00
0.00	-29355.97	-40006.19	-2.82172	-29355.97	-40006.19	-2.82172	217.978	0.00
0.00	-29356.66	-40006.41	-2.82076	-29356.66	-40006.41	-2.82076	221.852	0.00
0.00	-29357.53	-40006.70	-2.82004	-29357.53	-40006.70	-2.82004	166.619	0.00
0.00	-29357.97	-40006.84	-2.81939	-29357.97	-40006.84	-2.81939	230.906	0.00
0.00	-29358.88	-40007.14	-2.81858	-29358.88	-40007.14	-2.81858	218.091	0.00
0.00	-29359.84	-40007.46	-2.81858	-29359.84	-40007.46	-2.81858	233.629	0.00
0.00	-29360.62	-40007.71	-2.81947	-29360.62	-40007.71	-2.81947	225.799	0.00
0.00	-29361.51	-40007.99	-2.82008	-29361.51	-40007.99	-2.82008	225.452	0.00
0.00	-29362.30	-40008.25	-2.82032	-29362.30	-40008.25	-2.82032	215.831	0.00
0.00	-29363.29	-40008.56	-2.82081	-29363.29	-40008.56	-2.82081	219.967	0.00
0.00	-29364.05	-40008.81	-2.82137	-29364.05	-40008.81	-2.82137	213.371	0.00
0.00	-29364.88	-40009.08	-2.82137	-29364.88	-40009.08	-2.82137	214.629	0.00
0.00	-29365.75	-40009.36	-2.82081	-29365.75	-40009.36	-2.82081	218.766	0.00
0.00	-29366.64	-40009.65	-2.81997	-29366.64	-40009.65	-2.81997	180.063	0.00
0.00	-29367.25	-40009.85	-2.81905	-29367.25	-40009.85	-2.81905	214.638	0.00
0.00	-29368.11	-40010.13	-2.81748	-29368.11	-40010.13	-2.81748	222.154	0.00
0.00	-29368.93	-40010.41	-2.81607	-29368.93	-40010.41	-2.81607	225.862	0.00
0.00	-29369.93	-40010.74	-2.81487	-29369.93	-40010.74	-2.81487	227.663	0.00
0.00	-29370.76	-40011.02	-2.81303	-29370.76	-40011.02	-2.81303	220.284	0.00
0.00	-29371.60	-40011.30	-2.81172	-29371.60	-40011.30	-2.81172	235.900	0.00
0.00	-29372.50	-40011.60	-2.81084	-29372.50	-40011.60	-2.81084	226.861	0.00
0.00	-29373.28	-40011.86	-2.80976	-29373.28	-40011.86	-2.80976	230.734	0.00
0.00	-29374.27	-40012.20	-2.80919	-29374.27	-40012.20	-2.80919	244.084	0.00
0.00	-29375.19	-40012.50	-2.80893	-29375.19	-40012.50	-2.80893	223.157	0.00
0.00	-29376.06	-40012.79	-2.80859	-29376.06	-40012.79	-2.80859	224.688	0.00
0.00	-29376.91	-40013.08	-2.80782	-29376.91	-40013.08	-2.80782	165.704	0.00
0.00	-29377.49	-40013.27	-2.80743	-29377.49	-40013.27	-2.80743	232.875	0.00
0.00	-29378.61	-40013.65	-2.80658	-29378.61	-40013.65	-2.80658	230.928	0.00
0.00	-29379.47	-40013.95	-2.80520	-29379.47	-40013.95	-2.80520	232.252	0.00
0.00	-29380.44	-40014.28	-2.80370	-29380.44	-40014.28	-2.80370	234.418	0.00
0.00	-29381.33	-40014.59	-2.80219	-29381.33	-40014.59	-2.80219	175.864	0.00
0.00	-29381.91	-40014.79	-2.80165	-29381.91	-40014.79	-2.80165	220.750	0.00
0.00	-29382.93	-40015.14	-2.80143	-29382.93	-40015.14	-2.80143	236.978	0.00
0.00	-29383.82	-40015.45	-2.80130	-29383.82	-40015.45	-2.80130	231.935	0.00
0.00	-29384.77	-40015.78	-2.80150	-29384.77	-40015.78	-2.80150	242.647	0.00
0.00	-29385.65	-40016.08	-2.80216	-29385.65	-40016.08	-2.80216	241.523	0.00
0.00	-29386.56	-40016.39	-2.80267	-29386.56	-40016.39	-2.80267	229.925	0.00
0.00	-29387.47	-40016.70	-2.80378	-29387.47	-40016.70	-2.80378	249.478	0.00
0.00	-29388.38	-40017.01	-2.80548	-29388.38	-40017.01	-2.80548	184.798	0.00
0.00	-29388.96	-40017.20	-2.80646	-29388.96	-40017.20	-2.80646	241.477	0.00
0.00	-29389.86	-40017.51	-2.80666	-29389.86	-40017.51	-2.80666	175.541	0.00
0.00	-29390.52	-40017.73	-2.80641	-29390.52	-40017.73	-2.80641	229.859	0.00
0.00	-29391.38	-40018.02	-2.80602	-29391.38	-40018.02	-2.80602	256.090	0.00
0.00	-29392.30	-40018.33	-2.80502	-29392.30	-40018.33	-2.80502	174.681	0.00
0.00	-29392.82	-40018.52	-2.80412	-29392.82	-40018.52	-2.80412	236.428	0.00
0.00	-29393.86	-40018.87	-2.80339	-29393.86	-40018.87	-2.80339	236.531	0.00
0.00	-29394.59	-40019.13	-2.80332	-29394.59	-40019.13	-2.80332	236.612	0.00
0.00	-29395.67	-40019.50	-2.80243	-29395.67	-40019.50	-2.80243	231.807	0.00
0.00	-29396.44	-40019.77	-2.80168	-29396.44	-40019.77	-2.80168	249.881	0.00
0.00	-29397.45	-40020.12	-2.80124	-29397.45	-40020.12	-2.80124	237.494	0.00
0.00	-29398.28	-40020.41	-2.80203	-29398.28	-40020.41	-2.80203	165.756	0.00
0.00	-29398.76	-40020.58	-2.80315	-29398.76	-40020.58	-2.80315	256.015	0.00
0.00	-29399.82	-40020.94	-2.80474	-29399.82	-40020.94	-2.80474	227.533	0.00
0.00	-29400.71	-40021.25	-2.80635	-29400.71	-40021.25	-2.80635	239.573	0.00
0.00	-29401.59	-40021.55	-2.80835	-29401.59	-40021.55	-2.80835	246.199	0.00
0.00	-29402.44	-40021.83	-2.81207	-29402.44	-40021.83	-2.81207	240.254	0.00
0.00	-29403.41	-40022.14	-2.81602	-29403.41	-40022.14	-2.81602	239.423	0.00
0.00	-29404.27	-40022.42	-2.82018	-29404.27	-40022.42	-2.82018	253.772	0.00
0.00	-29405.31	-40022.75	-2.82409	-29405.31	-40022.75	-2.82409	248.950	0.00
0.00	-29406.20	-40023.03	-2.82823	-29406.20	-40023.03	-2.82823	267.966	0.00
0.00	-29407.23	-40023.35	-2.83257	-29407.23	-40023.35	-2.83257	272.721	0.00
0.00	-29408.25	-40023.67	-2.83604	-29408.25	-40023.67	-2.83604	175.621	0.00
0.00	-29408.70	-40023.80	-2.83854	-29408.70	-40023.80	-2.83854	267.360	0.00
0.00	-29409.89	-40024.16	-2.84209	-29409.89	-40024.16	-2.84209	256.368	0.00
0.00	-29410.77	-40024.43	-2.84499	-29410.77	-40024.43	-2.84499	266.146	0.00
0.00	-29411.77	-40024.73	-2.84733	-29411.77	-40024.73	-2.84733	253.801	0.00
0.00	-29412.73	-40025.01	-2.84926	-29412.73	-40025.01	-2.84926	268.840	0.00
0.00	-29413.66	-40025.28	-2.85119	-29413.66	-40025.28	-2.85119	249.869	0.00
0.00	-29414.69	-40025.58	-2.85253	-29414.69	-40025.58	-2.85253	262.038	0.00
0.00	-29415.67	-40025.86	-2.85326	-29415.67	-40025.86	-2.85326	248.492	0.00
0.00	-29416.51	-40026.11	-2.85431	-29416.51	-40026.11	-2.85431	266.064	0.00
0.00	-29417.57	-40026.41	-2.85531	-29417.57	-40026.41	-2.85531	258.680	0.00
0.00	-29418.49	-40026.67	-2.85671	-29418.49	-40026.67	-2.85671	214.810	0.00
0.00	-29419.24	-40026.88	-2.85824	-29419.24	-40026.88	-2.85824	212.345	0.00
0.00	-29419.94	-40027.07	-2.85916	-29419.94	-40027.07	-2.85916	268.381	0.00
0.00	-29421.14	-40027.41	-2.85959	-29421.14	-40027.41	-2.85959	273.678	0.00
0.00	-29422.09	-40027.68	-2.85968	-29422.09	-40027.68	-2.85968	268.626	0.00
0.00	-29423.15	-40027.98	-2.85863	-29423.15	-40027.98	-2.85863	265.624	0.00
0.00	-29424.07	-40028.24	-2.85698	-29424.07	-40028.24	-2.85698	272.224	0.00
0.00	-29425.14	-40028.55	-2.85611	-29425.14	-40028.55	-2.85611	275.092	0.00
0.00	-29426.17	-40028.84	-2.85527	-29426.17	-40028.84	-2.85527	270.097	0.00
0.00	-29427.27	-40029.16	-2.85357	-29427.27	-40029.16	-2.85357	280.352	0.00
0.00	-29428.38	-40029.49	-2.85173	-29428.38	-40029.49	-2.85173	258.162	0.00
0.00	-29429.27	-40029.75	-2.85021	-29429.27	-40029.75	-2.85021	263.516	0.00
0.00	-29430.20	-40030.02	-2.84886	-29430.20	-40030.02	-2.84886	264.869	0.00
0.00	-29431.30	-40030.35	-2.84755	-29431.30	-40030.35	-2.84755	262.057	0.00
0.00	-29432.17	-40030.60	-2.84606	-29432.17	-40030.60	-2.84606	275.302	0.00
0.00	-29433.18	-40030.90	-2.84457	-29433.18	-40030.90	-2.84457	281.187	0.00
0.00	-29434.28	-40031.23	-2.84308	-29434.28	-40031.23	-2.84308	273.489	0.00
0.00	-29435.21	-40031.51	-2.84085	-29435.21	-40031.51	-2.84085	278.291	0.00
0.00	-29436.17	-40031.81	-2.83813	-29436.17	-40031.81	-2.83813	264.701	0.00
0.00	-29437.04	-40032.07	-2.83632	-29437.04	-40032.07	-2.83632	282.688	0.00
0.00	-29438.15	-40032.41	-2.83421	-29438.15	-40032.41	-2.83421	259.642	0.00
0.00	-29438.95	-40032.66	-2.83277	-29438.95	-40032.66	-2.83277	291.979	0.00
0.00	-29440.01	-40032.99	-2.83200	-29440.01	-40032.99	-2.83200	197.332	0.00
0.00	-29440.51	-40033.14	-2.83137	-29440.51	-40033.14	-2.83137	277.584	0.00
0.00	-29441.62	-40033.49	-2.83014	-29441.62	-40033.49	-2.83014	269.298	0.00
0.00	-29442.58	-40033.79	-2.82954	-29442.58	-40033.79	-2.82954	286.389	0.00
0.00	-29443.62	-40034.11	-2.82906	-29443.62	-40034.11	-2.82906	281.952	0.00
0.00	-29444.65	-40034.44	-2.82819	-29444.65	-40034.44	-2.82819	277.367	0.00
0.00	-29445.66	-40034.76	-2.82667	-29445.66	-40034.76	-2.82667	212.671	0.00
0.00	-29446.30	-40034.96	-2.82571	-29446.30	-40034.96	-2.82571	277.756	0.00
0.00	-29447.42	-40035.32	-2.82451	-29447.42	-40035.32	-2.82451	218.391	0.00
0.00	-29448.23	-40035.59	-2.82336	-29448.23	-40035.59	-2.82336	271.623	0.00
0.00	-29449.31	-40035.94	-2.82224	-29449.31	-40035.94	-2.82224	184.141	0.00
0.00	-29449.81	-40036.09	-2.82165	-29449.81	-40036.09	-2.82165	285.716	0.00
0.00	-29451.05	-40036.50	-2.82008	-29451.05	-40036.50	-2.82008	274.859	0.00
0.00	-29451.87	-40036.78	-2.81735	-29451.87	-40036.78	-2.81735	281.931	0.00
0.00	-29453.22	-40037.23	-2.81467	-29453.22	-40037.23	-2.81467	280.774	0.00
0.00	-29454.09	-40037.51	-2.81439	-29454.09	-40037.51	-2.81439	231.853	0.00
0.00	-29454.79	-40037.74	-2.81486	-29454.79	-40037.74	-2.81486	288.813	0.00
0.00	-29456.23	-40038.21	-2.81492	-29456.23	-40038.21	-2.81492	291.636	0.00
0.00	-29457.09	-40038.49	-2.81526	-29457.09	-40038.49	-2.81526	289.004	0.00
0.00	-29458.28	-40038.87	-2.81557	-29458.28	-40038.87	-2.81557	289.296	0.00
0.00	-29459.29	-40039.20	-2.81648	-29459.29	-40039.20	-2.81648	286.194	0.00
0.00	-29460.33	-40039.54	-2.81651	-29460.33	-40039.54	-2.81651	299.329	0.00
0.00	-29461.41	-40039.90	-2.81583	-29461.41	-40039.90	-2.81583	310.143	0.00
0.00	-29462.52	-40040.27	-2.81474	-29462.52	-40040.27	-2.81474	293.796	0.00
0.00	-29463.61	-40040.64	-2.81341	-29463.61	-40040.64	-2.81341	280.269	0.00
