0.00	-30129.04	-39891.44	0.35000	-30129.04	-39891.44	0.35000	16.795	0.00
0.00	-30128.98	-39891.62	0.35000	-30128.98	-39891.62	0.35000	2.395	0.00
0.00	-30128.62	-39891.68	0.35027	-30128.62	-39891.68	0.35027	2.179	0.00
0.00	-30128.64	-39892.65	-1.44249	-30128.64	-39892.65	-1.44249	2.513	0.00
0.00	-30128.61	-39892.93	-1.44462	-30128.61	-39892.93	-1.44462	2.310	0.00
0.00	-30128.51	-39893.26	-1.38292	-30128.51	-39893.26	-1.38292	2.721	0.00
0.00	-30128.38	-39893.61	-1.32929	-30128.38	-39893.61	-1.32929	2.259	0.00
0.00	-30128.26	-39893.96	-1.30252	-30128.26	-39893.96	-1.30252	2.289	0.00
0.00	-30128.15	-39894.28	-1.28876	-30128.15	-39894.28	-1.28876	2.306	0.00
0.00	-30128.05	-39894.57	-1.28121	-30128.05	-39894.57	-1.28121	2.484	0.00
0.00	-30127.95	-39894.88	-1.27641	-30127.95	-39894.88	-1.27641	2.358	0.00
0.00	-30127.84	-39895.23	-1.27277	-30127.84	-39895.23	-1.27277	2.292	0.00
0.00	-30127.76	-39895.47	-1.27051	-30127.76	-39895.47	-1.27051	2.269	0.00
0.00	-30127.65	-39895.80	-1.26872	-30127.65	-39895.80	-1.26872	2.368	0.00
0.00	-30127.55	-39896.12	-1.26727	-30127.55	-39896.12	-1.26727	2.231	0.00
0.00	-30127.45	-39896.44	-1.26587	-30127.45	-39896.44	-1.26587	2.260	0.00
0.00	-30127.32	-39896.82	-1.26437	-30127.32	-39896.82	-1.26437	2.350	0.00
0.00	-30127.22	-39897.13	-1.26313	-30127.22	-39897.13	-1.26313	2.406	0.00
0.00	-30127.12	-39897.43	-1.26207	-30127.12	-39897.43	-1.26207	2.149	0.00
0.00	-30127.00	-39897.79	-1.26110	-30127.00	-39897.79	-1.26110	2.205	0.00
0.00	-30126.89	-39898.13	-1.26036	-30126.89	-39898.13	-1.26036	2.454	0.00
0.00	-30126.78	-39898.47	-1.25998	-30126.78	-39898.47	-1.25998	2.331	0.00
0.00	-30126.67	-39898.80	-1.25975	-30126.67	-39898.80	-1.25975	2.279	0.00
0.00	-30126.56	-39899.15	-1.25921	-30126.56	-39899.15	-1.25921	2.338	0.00
0.00	-30126.45	-39899.47	-1.25833	-30126.45	-39899.47	-1.25833	2.405	0.00
0.00	-30126.35	-39899.79	-1.25708	-30126.35	-39899.79	-1.25708	2.323	0.00
0.00	-30126.22	-39900.15	-1.25562	-30126.22	-39900.15	-1.25562	2.499	0.00
0.00	-30126.10	-39900.51	-1.25412	-30126.10	-39900.51	-1.25412	2.285	0.00
0.00	-30125.97	-39900.88	-1.25315	-30125.97	-39900.88	-1.25315	2.436	0.00
0.00	-30125.86	-39901.20	-1.25269	-30125.86	-39901.20	-1.25269	2.543	0.00
0.00	-30125.74	-39901.56	-1.25233	-30125.74	-39901.56	-1.25233	2.340	0.00
0.00	-30125.61	-39901.94	-1.25205	-30125.61	-39901.94	-1.25205	2.405	0.00
0.00	-30125.48	-39902.34	-1.25188	-30125.48	-39902.34	-1.25188	2.319	0.00
0.00	-30125.37	-39902.66	-1.25157	-30125.37	-39902.66	-1.25157	2.392	0.00
0.00	-30125.27	-39902.98	-1.25127	-30125.27	-39902.98	-1.25127	2.402	0.00
0.00	-30125.15	-39903.33	-1.25105	-30125.15	-39903.33	-1.25105	2.516	0.00
0.00	-30125.02	-39903.72	-1.25071	-30125.02	-39903.72	-1.25071	2.479	0.00
0.00	-30124.90	-39904.07	-1.25035	-30124.90	-39904.07	-1.25035	2.812	0.00
0.00	-30124.78	-39904.42	-1.25039	-30124.78	-39904.42	-1.25039	2.376	0.00
0.00	-30124.64	-39904.85	-1.25096	-30124.64	-39904.85	-1.25096	2.500	0.00
0.00	-30124.53	-39905.20	-1.25180	-30124.53	-39905.20	-1.25180	2.555	0.00
0.00	-30124.41	-39905.56	-1.25269	-30124.41	-39905.56	-1.25269	2.491	0.00
0.00	-30124.29	-39905.95	-1.25376	-30124.29	-39905.95	-1.25376	2.427	0.00
0.00	-30124.17	-39906.32	-1.25484	-30124.17	-39906.32	-1.25484	2.512	0.00
0.00	-30124.05	-39906.69	-1.25572	-30124.05	-39906.69	-1.25572	2.444	0.00
0.00	-30123.94	-39907.04	-1.25650	-30123.94	-39907.04	-1.25650	2.434	0.00
0.00	-30123.82	-39907.42	-1.25707	-30123.82	-39907.42	-1.25707	2.407	0.00
0.00	-30123.69	-39907.82	-1.25740	-30123.69	-39907.82	-1.25740	2.444	0.00
0.00	-30123.58	-39908.18	-1.25759	-30123.58	-39908.18	-1.25759	2.500	0.00
0.00	-30123.44	-39908.59	-1.25758	-30123.44	-39908.59	-1.25758	2.594	0.00
0.00	-30123.33	-39908.92	-1.25702	-30123.33	-39908.92	-1.25702	2.604	0.00
0.00	-30123.22	-39909.27	-1.25605	-30123.22	-39909.27	-1.25605	2.563	0.00
0.00	-30123.10	-39909.62	-1.25520	-30123.10	-39909.62	-1.25520	2.519	0.00
0.00	-30122.98	-39909.98	-1.25469	-30122.98	-39909.98	-1.25469	2.576	0.00
0.00	-30122.85	-39910.36	-1.25458	-30122.85	-39910.36	-1.25458	2.519	0.00
0.00	-30122.74	-39910.71	-1.25490	-30122.74	-39910.71	-1.25490	2.656	0.00
0.00	-30122.62	-39911.06	-1.25519	-30122.62	-39911.06	-1.25519	2.573	0.00
0.00	-30122.49	-39911.45	-1.25553	-30122.49	-39911.45	-1.25553	3.695	0.00
0.00	-30122.38	-39911.79	-1.25605	-30122.38	-39911.79	-1.25605	2.603	0.00
0.00	-30122.26	-39912.16	-1.25649	-30122.26	-39912.16	-1.25649	2.709	0.00
0.00	-30122.14	-39912.51	-1.25659	-30122.14	-39912.51	-1.25659	2.605	0.00
0.00	-30122.02	-39912.89	-1.25658	-30122.02	-39912.89	-1.25658	2.389	0.00
0.00	-30121.62	-39914.12	-1.25854	-30121.62	-39914.12	-1.25854	2.386	0.00
0.00	-30121.60	-39914.17	-1.25860	-30121.60	-39914.17	-1.25860	2.620	0.00
0.00	-30121.59	-39914.22	-1.25867	-30121.59	-39914.22	-1.25867	2.485	0.00
0.00	-30121.72	-39913.81	-1.25805	-30121.72	-39913.81	-1.25805	2.460	0.00
0.00	-30121.51	-39914.40	-1.25662	-30121.51	-39914.40	-1.25662	2.425	0.00
0.00	-30121.33	-39914.94	-1.25536	-30121.33	-39914.94	-1.25536	2.601	0.00
0.00	-30121.18	-39915.38	-1.25441	-30121.18	-39915.38	-1.25441	2.396	0.00
0.00	-30121.05	-39915.76	-1.25392	-30121.05	-39915.76	-1.25392	2.426	0.00
0.00	-30120.93	-39916.12	-1.25344	-30120.93	-39916.12	-1.25344	2.573	0.00
0.00	-30120.81	-39916.48	-1.25327	-30120.81	-39916.48	-1.25327	2.699	0.00
0.00	-30120.70	-39916.81	-1.25330	-30120.70	-39916.81	-1.25330	2.634	0.00
0.00	-30120.58	-39917.16	-1.25333	-30120.58	-39917.16	-1.25333	2.541	0.00
0.00	-30120.47	-39917.50	-1.25336	-30120.47	-39917.50	-1.25336	2.457	0.00
0.00	-30120.35	-39917.85	-1.25348	-30120.35	-39917.85	-1.25348	2.497	0.00
0.00	-30120.23	-39918.23	-1.25376	-30120.23	-39918.23	-1.25376	2.606	0.00
0.00	-30120.12	-39918.57	-1.25451	-30120.12	-39918.57	-1.25451	2.563	0.00
0.00	-30120.01	-39918.91	-1.25546	-30120.01	-39918.91	-1.25546	2.481	0.00
0.00	-30119.90	-39919.25	-1.25593	-30119.90	-39919.25	-1.25593	2.708	0.00
0.00	-30119.79	-39919.60	-1.25621	-30119.79	-39919.60	-1.25621	2.381	0.00
0.00	-30119.68	-39919.94	-1.25674	-30119.68	-39919.94	-1.25674	2.589	0.00
0.00	-30119.57	-39920.29	-1.25741	-30119.57	-39920.29	-1.25741	2.563	0.00
0.00	-30119.46	-39920.62	-1.25790	-30119.46	-39920.62	-1.25790	2.515	0.00
0.00	-30119.36	-39920.93	-1.25847	-30119.36	-39920.93	-1.25847	2.528	0.00
0.00	-30119.25	-39921.30	-1.25927	-30119.25	-39921.30	-1.25927	2.460	0.00
0.00	-30119.14	-39921.64	-1.25991	-30119.14	-39921.64	-1.25991	2.670	0.00
0.00	-30119.02	-39922.02	-1.26044	-30119.02	-39922.02	-1.26044	2.682	0.00
0.00	-30118.92	-39922.34	-1.26117	-30118.92	-39922.34	-1.26117	2.457	0.00
0.00	-30118.82	-39922.66	-1.26184	-30118.82	-39922.66	-1.26184	2.427	0.00
0.00	-30118.71	-39923.00	-1.26230	-30118.71	-39923.00	-1.26230	2.527	0.00
0.00	-30118.61	-39923.33	-1.26284	-30118.61	-39923.33	-1.26284	2.509	0.00
0.00	-30118.50	-39923.66	-1.26363	-30118.50	-39923.66	-1.26363	2.485	0.00
0.00	-30118.41	-39923.97	-1.26466	-30118.41	-39923.97	-1.26466	2.699	0.00
0.00	-30118.30	-39924.32	-1.26577	-30118.30	-39924.32	-1.26577	2.592	0.00
0.00	-30118.20	-39924.65	-1.26671	-30118.20	-39924.65	-1.26671	2.544	0.00
0.00	-30118.07	-39925.06	-1.26744	-30118.07	-39925.06	-1.26744	2.498	0.00
0.00	-30118.00	-39925.27	-1.26844	-30118.00	-39925.27	-1.26844	3.203	0.00
0.00	-30117.88	-39925.67	-1.26928	-30117.88	-39925.67	-1.26928	2.705	0.00
0.00	-30117.75	-39926.09	-1.26994	-30117.75	-39926.09	-1.26994	2.455	0.00
0.00	-30117.65	-39926.42	-1.27067	-30117.65	-39926.42	-1.27067	2.495	0.00
0.00	-30117.55	-39926.75	-1.27153	-30117.55	-39926.75	-1.27153	2.516	0.00
0.00	-30117.45	-39927.07	-1.27252	-30117.45	-39927.07	-1.27252	2.625	0.00
0.00	-30117.35	-39927.39	-1.27331	-30117.35	-39927.39	-1.27331	2.538	0.00
0.00	-30117.26	-39927.69	-1.27380	-30117.26	-39927.69	-1.27380	2.517	0.00
0.00	-30117.15	-39928.06	-1.27413	-30117.15	-39928.06	-1.27413	2.551	0.00
0.00	-30117.04	-39928.41	-1.27441	-30117.04	-39928.41	-1.27441	2.479	0.00
0.00	-30116.94	-39928.73	-1.27498	-30116.94	-39928.73	-1.27498	2.596	0.00
0.00	-30116.84	-39929.07	-1.27565	-30116.84	-39929.07	-1.27565	2.555	0.00
0.00	-30116.74	-39929.40	-1.27603	-30116.74	-39929.40	-1.27603	2.611	0.00
0.00	-30116.65	-39929.69	-1.27615	-30116.65	-39929.69	-1.27615	2.524	0.00
0.00	-30116.52	-39930.13	-1.27631	-30116.52	-39930.13	-1.27631	2.559	0.00
0.00	-30116.45	-39930.36	-1.27649	-30116.45	-39930.36	-1.27649	2.470	0.00
0.00	-30116.35	-39930.69	-1.27652	-30116.35	-39930.69	-1.27652	2.489	0.00
0.00	-30116.25	-39931.02	-1.27638	-30116.25	-39931.02	-1.27638	2.520	0.00
0.00	-30116.14	-39931.36	-1.27615	-30116.14	-39931.36	-1.27615	2.572	0.00
0.00	-30116.03	-39931.73	-1.27589	-30116.03	-39931.73	-1.27589	2.485	0.00
0.00	-30115.94	-39932.03	-1.27574	-30115.94	-39932.03	-1.27574	2.605	0.00
0.00	-30115.84	-39932.34	-1.27577	-30115.84	-39932.34	-1.27577	2.452	0.00
0.00	-30115.73	-39932.70	-1.27565	-30115.73	-39932.70	-1.27565	3.283	0.00
0.00	-30115.64	-39932.98	-1.27534	-30115.64	-39932.98	-1.27534	2.523	0.00
0.00	-30115.54	-39933.31	-1.27508	-30115.54	-39933.31	-1.27508	2.414	0.00
0.00	-30115.44	-39933.63	-1.27508	-30115.44	-39933.63	-1.27508	2.677	0.00
0.00	-30115.34	-39933.96	-1.27504	-30115.34	-39933.96	-1.27504	2.513	0.00
0.00	-30115.25	-39934.24	-1.27460	-30115.25	-39934.24	-1.27460	2.436	0.00
0.00	-30115.15	-39934.58	-1.27391	-30115.15	-39934.58	-1.27391	2.464	0.00
0.00	-30115.06	-39934.89	-1.27343	-30115.06	-39934.89	-1.27343	2.705	0.00
0.00	-30114.93	-39935.31	-1.27307	-30114.93	-39935.31	-1.27307	2.392	0.00
0.00	-30114.84	-39935.59	-1.27289	-30114.84	-39935.59	-1.27289	2.489	0.00
0.00	-30114.72	-39936.01	-1.27279	-30114.72	-39936.01	-1.27279	2.525	0.00
0.00	-30114.62	-39936.33	-1.27279	-30114.62	-39936.33	-1.27279	2.561	0.00
0.00	-30114.53	-39936.64	-1.27298	-30114.53	-39936.64	-1.27298	2.495	0.00
0.00	-30114.44	-39936.95	-1.27338	-30114.44	-39936.95	-1.27338	2.479	0.00
0.00	-30114.35	-39937.24	-1.27395	-30114.35	-39937.24	-1.27395	2.597	0.00
0.00	-30114.26	-39937.56	-1.27452	-30114.26	-39937.56	-1.27452	2.446	0.00
0.00	-30114.17	-39937.86	-1.27483	-30114.17	-39937.86	-1.27483	2.591	0.00
0.00	-30114.07	-39938.18	-1.27483	-30114.07	-39938.18	-1.27483	2.500	0.00
0.00	-30113.98	-39938.47	-1.27471	-30113.98	-39938.47	-1.27471	2.547	0.00
0.00	-30113.89	-39938.79	-1.27443	-30113.89	-39938.79	-1.27443	2.517	0.00
0.00	-30113.79	-39939.10	-1.27430	-30113.79	-39939.10	-1.27430	2.568	0.00
0.00	-30113.70	-39939.41	-1.27441	-30113.70	-39939.41	-1.27441	2.559	0.00
0.00	-30113.60	-39939.71	-1.27422	-30113.60	-39939.71	-1.27422	2.577	0.00
0.00	-30113.51	-39940.01	-1.27337	-30113.51	-39940.01	-1.27337	2.540	0.00
0.00	-30113.41	-39940.32	-1.27218	-30113.41	-39940.32	-1.27218	2.443	0.00
0.00	-30113.33	-39940.60	-1.27120	-30113.33	-39940.60	-1.27120	2.577	0.00
0.00	-30113.23	-39940.91	-1.27036	-30113.23	-39940.91	-1.27036	2.414	0.00
0.00	-30113.12	-39941.25	-1.26910	-30113.12	-39941.25	-1.26910	2.354	0.00
0.00	-30113.04	-39941.48	-1.26813	-30113.04	-39941.48	-1.26813	2.725	0.00
0.00	-30112.94	-39941.80	-1.26744	-30112.94	-39941.80	-1.26744	2.683	0.00
0.00	-30112.84	-39942.11	-1.26651	-30112.84	-39942.11	-1.26651	2.728	0.00
0.00	-30112.75	-39942.38	-1.26517	-30112.75	-39942.38	-1.26517	2.747	0.00
0.00	-30112.65	-39942.70	-1.26414	-30112.65	-39942.70	-1.26414	2.639	0.00
0.00	-30112.54	-39943.01	-1.26343	-30112.54	-39943.01	-1.26343	3.074	0.00
0.00	-30112.44	-39943.32	-1.26272	-30112.44	-39943.32	-1.26272	3.038	0.00
0.00	-30112.35	-39943.58	-1.26144	-30112.35	-39943.58	-1.26144	3.099	0.00
0.00	-30112.24	-39943.92	-1.26016	-30112.24	-39943.92	-1.26016	3.386	0.00
0.00	-30112.14	-39944.23	-1.25905	-30112.14	-39944.23	-1.25905	3.080	0.00
0.00	-30112.04	-39944.52	-1.25802	-30112.04	-39944.52	-1.25802	3.160	0.00
0.00	-30111.93	-39944.86	-1.25703	-30111.93	-39944.86	-1.25703	3.565	0.00
0.00	-30111.83	-39945.16	-1.25630	-30111.83	-39945.16	-1.25630	3.311	0.00
0.00	-30111.72	-39945.48	-1.25574	-30111.72	-39945.48	-1.25574	3.453	0.00
0.00	-30111.62	-39945.78	-1.25482	-30111.62	-39945.78	-1.25482	3.343	0.00
0.00	-30111.49	-39946.16	-1.25410	-30111.49	-39946.16	-1.25410	3.714	0.00
0.00	-30111.38	-39946.51	-1.25361	-30111.38	-39946.51	-1.25361	3.736	0.00
0.00	-30111.29	-39946.78	-1.25340	-30111.29	-39946.78	-1.25340	4.064	0.00
0.00	-30111.19	-39947.09	-1.25318	-30111.19	-39947.09	-1.25318	4.052	0.00
0.00	-30111.08	-39947.43	-1.25300	-30111.08	-39947.43	-1.25300	4.136	0.00
0.00	-30110.97	-39947.75	-1.25278	-30110.97	-39947.75	-1.25278	3.937	0.00
0.00	-30110.84	-39948.13	-1.25228	-30110.84	-39948.13	-1.25228	4.360	0.00
0.00	-30110.72	-39948.49	-1.25165	-30110.72	-39948.49	-1.25165	4.139	0.00
0.00	-30110.61	-39948.83	-1.25119	-30110.61	-39948.83	-1.25119	3.892	0.00
0.00	-30110.50	-39949.17	-1.25076	-30110.50	-39949.17	-1.25076	4.934	0.00
0.00	-30110.38	-39949.52	-1.25020	-30110.38	-39949.52	-1.25020	4.473	0.00
0.00	-30110.27	-39949.87	-1.25005	-30110.27	-39949.87	-1.25005	4.516	0.00
0.00	-30110.16	-39950.20	-1.25036	-30110.16	-39950.20	-1.25036	4.756	0.00
0.00	-30110.03	-39950.59	-1.25067	-30110.03	-39950.59	-1.25067	4.302	0.00
0.00	-30109.92	-39950.93	-1.25071	-30109.92	-39950.93	-1.25071	3.969	0.00
0.00	-30109.80	-39951.30	-1.25059	-30109.80	-39951.30	-1.25059	5.150	0.00
0.00	-30109.70	-39951.60	-1.25041	-30109.70	-39951.60	-1.25041	5.183	0.00
0.00	-30109.58	-39951.96	-1.24993	-30109.58	-39951.96	-1.24993	5.160	0.00
0.00	-30109.45	-39952.35	-1.24945	-30109.45	-39952.35	-1.24945	5.447	0.00
0.00	-30109.34	-39952.66	-1.24922	-30109.34	-39952.66	-1.24922	5.405	0.00
0.00	-30109.22	-39953.03	-1.24876	-30109.22	-39953.03	-1.24876	5.410	0.00
0.00	-30109.10	-39953.39	-1.24829	-30109.10	-39953.39	-1.24829	5.346	0.00
0.00	-30108.98	-39953.74	-1.24848	-30108.98	-39953.74	-1.24848	5.442	0.00
0.00	-30108.88	-39954.06	-1.24903	-30108.88	-39954.06	-1.24903	5.370	0.00
0.00	-30108.76	-39954.41	-1.24912	-30108.76	-39954.41	-1.24912	5.826	0.00
0.00	-30108.65	-39954.75	-1.24908	-30108.65	-39954.75	-1.24908	6.031	0.00
0.00	-30108.54	-39955.08	-1.24917	-30108.54	-39955.08	-1.24917	5.697	0.00
0.00	-30108.43	-39955.43	-1.24919	-30108.43	-39955.43	-1.24919	5.704	0.00
0.00	-30108.31	-39955.77	-1.24914	-30108.31	-39955.77	-1.24914	5.904	0.00
0.00	-30108.21	-39956.10	-1.24954	-30108.21	-39956.10	-1.24954	5.416	0.00
0.00	-30108.07	-39956.51	-1.25005	-30108.07	-39956.51	-1.25005	5.738	0.00
0.00	-30107.95	-39956.87	-1.24998	-30107.95	-39956.87	-1.24998	8.695	0.00
0.00	-30107.84	-39957.21	-1.25006	-30107.84	-39957.21	-1.25006	5.581	0.00
0.00	-30107.71	-39957.60	-1.25056	-30107.71	-39957.60	-1.25056	5.408	0.00
0.00	-30107.61	-39957.92	-1.25114	-30107.61	-39957.92	-1.25114	5.782	0.00
0.00	-30107.51	-39958.23	-1.25140	-30107.51	-39958.23	-1.25140	5.765	0.00
0.00	-30107.40	-39958.58	-1.25155	-30107.40	-39958.58	-1.25155	6.468	0.00
0.00	-30107.28	-39958.93	-1.25180	-30107.28	-39958.93	-1.25180	10.931	0.00
0.00	-30107.15	-39959.33	-1.25179	-30107.15	-39959.33	-1.25179	7.636	0.00
0.00	-30107.04	-39959.66	-1.25144	-30107.04	-39959.66	-1.25144	8.446	0.00
0.00	-30106.92	-39960.02	-1.25126	-30106.92	-39960.02	-1.25126	5.954	0.00
0.00	-30106.82	-39960.31	-1.25116	-30106.82	-39960.31	-1.25116	8.470	0.00
0.00	-30106.70	-39960.67	-1.25084	-30106.70	-39960.67	-1.25084	6.877	0.00
0.00	-30106.58	-39961.04	-1.25049	-30106.58	-39961.04	-1.25049	8.028	0.00
0.00	-30106.47	-39961.37	-1.25008	-30106.47	-39961.37	-1.25008	7.967	0.00
0.00	-30106.35	-39961.72	-1.24946	-30106.35	-39961.72	-1.24946	7.380	0.00
0.00	-30106.23	-39962.07	-1.24868	-30106.23	-39962.07	-1.24868	7.354	0.00
0.00	-30106.12	-39962.39	-1.24801	-30106.12	-39962.39	-1.24801	6.446	0.00
0.00	-30105.99	-39962.75	-1.24749	-30105.99	-39962.75	-1.24749	7.591	0.00
0.00	-30105.87	-39963.13	-1.24687	-30105.87	-39963.13	-1.24687	7.896	0.00
0.00	-30105.76	-39963.45	-1.24629	-30105.76	-39963.45	-1.24629	7.604	0.00
0.00	-30105.64	-39963.78	-1.24579	-30105.64	-39963.78	-1.24579	7.721	0.00
0.00	-30105.50	-39964.19	-1.24517	-30105.50	-39964.19	-1.24517	11.530	0.00
0.00	-30105.39	-39964.51	-1.24472	-30105.39	-39964.51	-1.24472	8.035	0.00
0.00	-30105.27	-39964.89	-1.24454	-30105.27	-39964.89	-1.24454	9.812	0.00
0.00	-30105.13	-39965.28	-1.24451	-30105.13	-39965.28	-1.24451	8.824	0.00
0.00	-30105.00	-39965.68	-1.24448	-30105.00	-39965.68	-1.24448	9.902	0.00
0.00	-30104.90	-39965.96	-1.24473	-30104.90	-39965.96	-1.24473	9.404	0.00
0.00	-30104.79	-39966.30	-1.24550	-30104.79	-39966.30	-1.24550	8.790	0.00
0.00	-30104.68	-39966.62	-1.24658	-30104.68	-39966.62	-1.24658	8.554	0.00
0.00	-30104.57	-39966.98	-1.24804	-30104.57	-39966.98	-1.24804	9.833	0.00
0.00	-30104.44	-39967.36	-1.24991	-30104.44	-39967.36	-1.24991	9.649	0.00
0.00	-30104.32	-39967.73	-1.25160	-30104.32	-39967.73	-1.25160	10.699	0.00
0.00	-30104.19	-39968.12	-1.25310	-30104.19	-39968.12	-1.25310	9.533	0.00
0.00	-30104.08	-39968.46	-1.25488	-30104.08	-39968.46	-1.25488	11.475	0.00
0.00	-30103.97	-39968.79	-1.25700	-30103.97	-39968.79	-1.25700	10.480	0.00
0.00	-30103.86	-39969.13	-1.25910	-30103.86	-39969.13	-1.25910	10.715	0.00
0.00	-30103.74	-39969.53	-1.26096	-30103.74	-39969.53	-1.26096	9.549	0.00
0.00	-30103.61	-39969.91	-1.26281	-30103.61	-39969.91	-1.26281	10.523	0.00
0.00	-30103.53	-39970.18	-1.26445	-30103.53	-39970.18	-1.26445	11.229	0.00
0.00	-30103.42	-39970.53	-1.26591	-30103.42	-39970.53	-1.26591	10.441	0.00
0.00	-30103.32	-39970.83	-1.26752	-30103.32	-39970.83	-1.26752	10.350	0.00
0.00	-30103.21	-39971.20	-1.26919	-30103.21	-39971.20	-1.26919	11.227	0.00
0.00	-30103.09	-39971.57	-1.27066	-30103.09	-39971.57	-1.27066	11.830	0.00
0.00	-30103.00	-39971.88	-1.27207	-30103.00	-39971.88	-1.27207	11.056	0.00
0.00	-30102.89	-39972.23	-1.27347	-30102.89	-39972.23	-1.27347	10.746	0.00
0.00	-30102.77	-39972.62	-1.27476	-30102.77	-39972.62	-1.27476	11.863	0.00
0.00	-30102.67	-39972.95	-1.27597	-30102.67	-39972.95	-1.27597	11.196	0.00
0.00	-30102.55	-39973.33	-1.27770	-30102.55	-39973.33	-1.27770	12.778	0.00
0.00	-30102.45	-39973.66	-1.27941	-30102.45	-39973.66	-1.27941	11.569	0.00
0.00	-30102.33	-39974.04	-1.28111	-30102.33	-39974.04	-1.28111	11.815	0.00
0.00	-30102.24	-39974.35	-1.28292	-30102.24	-39974.35	-1.28292	12.065	0.00
0.00	-30102.14	-39974.69	-1.28511	-30102.14	-39974.69	-1.28511	13.403	0.00
0.00	-30102.04	-39975.04	-1.28768	-30102.04	-39975.04	-1.28768	12.389	0.00
0.00	-30101.94	-39975.38	-1.29033	-30101.94	-39975.38	-1.29033	15.134	0.00
0.00	-30101.83	-39975.76	-1.29320	-30101.83	-39975.76	-1.29320	12.769	0.00
0.00	-30101.74	-39976.07	-1.29677	-30101.74	-39976.07	-1.29677	13.310	0.00
0.00	-30101.65	-39976.42	-1.30112	-30101.65	-39976.42	-1.30112	16.138	0.00
0.00	-30101.56	-39976.73	-1.30570	-30101.56	-39976.73	-1.30570	13.663	0.00
0.00	-30101.46	-39977.11	-1.31078	-30101.46	-39977.11	-1.31078	14.172	0.00
0.00	-30101.38	-39977.41	-1.31624	-30101.38	-39977.41	-1.31624	13.913	0.00
0.00	-30101.32	-39977.67	-1.32186	-30101.32	-39977.67	-1.32186	12.762	0.00
0.00	-30101.23	-39978.02	-1.32808	-30101.23	-39978.02	-1.32808	15.034	0.00
0.00	-30101.14	-39978.37	-1.33587	-30101.14	-39978.37	-1.33587	13.331	0.00
0.00	-30101.06	-39978.70	-1.34509	-30101.06	-39978.70	-1.34509	14.764	0.00
0.00	-30100.99	-39979.04	-1.35527	-30100.99	-39979.04	-1.35527	13.466	0.00
0.00	-30100.92	-39979.36	-1.36633	-30100.92	-39979.36	-1.36633	14.321	0.00
0.00	-30100.85	-39979.69	-1.37860	-30100.85	-39979.69	-1.37860	15.354	0.00
0.00	-30100.77	-39980.12	-1.39362	-30100.77	-39980.12	-1.39362	15.437	0.00
0.00	-30100.70	-39980.48	-1.40964	-30100.70	-39980.48	-1.40964	14.449	0.00
0.00	-30100.67	-39980.66	-1.41996	-30100.67	-39980.66	-1.41996	15.096	0.00
0.00	-30100.61	-39981.05	-1.43447	-30100.61	-39981.05	-1.43447	14.846	0.00
0.00	-30100.56	-39981.37	-1.44953	-30100.56	-39981.37	-1.44953	15.320	0.00
0.00	-30100.52	-39981.68	-1.46474	-30100.52	-39981.68	-1.46474	14.073	0.00
0.00	-30100.49	-39982.00	-1.48130	-30100.49	-39982.00	-1.48130	15.912	0.00
0.00	-30100.46	-39982.33	-1.49903	-30100.46	-39982.33	-1.49903	15.997	0.00
0.00	-30100.44	-39982.67	-1.51827	-30100.44	-39982.67	-1.51827	16.791	0.00
0.00	-30100.42	-39982.99	-1.53811	-30100.42	-39982.99	-1.53811	15.210	0.00
0.00	-30100.41	-39983.31	-1.55784	-30100.41	-39983.31	-1.55784	15.607	0.00
0.00	-30100.41	-39983.63	-1.57728	-30100.41	-39983.63	-1.57728	16.936	0.00
0.00	-30100.41	-39984.01	-1.59741	-30100.41	-39984.01	-1.59741	16.084	0.00
0.00	-30100.42	-39984.29	-1.61766	-30100.42	-39984.29	-1.61766	15.834	0.00
0.00	-30100.44	-39984.60	-1.63869	-30100.44	-39984.60	-1.63869	16.406	0.00
0.00	-30100.46	-39984.94	-1.66058	-30100.46	-39984.94	-1.66058	17.327	0.00
0.00	-30100.49	-39985.24	-1.68292	-30100.49	-39985.24	-1.68292	16.486	0.00
0.00	-30100.53	-39985.55	-1.70627	-30100.53	-39985.55	-1.70627	17.465	0.00
0.00	-30100.57	-39985.87	-1.73042	-30100.57	-39985.87	-1.73042	18.184	0.00
0.00	-30100.63	-39986.17	-1.75514	-30100.63	-39986.17	-1.75514	17.877	0.00
0.00	-30100.69	-39986.49	-1.78014	-30100.69	-39986.49	-1.78014	18.444	0.00
0.00	-30100.76	-39986.80	-1.80627	-30100.76	-39986.80	-1.80627	17.721	0.00
0.00	-30100.83	-39987.11	-1.83280	-30100.83	-39987.11	-1.83280	17.451	0.00
0.00	-30100.93	-39987.45	-1.85987	-30100.93	-39987.45	-1.85987	17.470	0.00
0.00	-30101.02	-39987.76	-1.88663	-30101.02	-39987.76	-1.88663	19.065	0.00
0.00	-30101.12	-39988.06	-1.91402	-30101.12	-39988.06	-1.91402	17.452	0.00
0.00	-30101.21	-39988.30	-1.94268	-30101.21	-39988.30	-1.94268	18.902	0.00
0.00	-30101.34	-39988.63	-1.97132	-30101.34	-39988.63	-1.97132	18.139	0.00
0.00	-30101.47	-39988.94	-1.99993	-30101.47	-39988.94	-1.99993	18.839	0.00
0.00	-30101.57	-39989.14	-2.02843	-30101.57	-39989.14	-2.02843	18.234	0.00
0.00	-30101.70	-39989.38	-2.05738	-30101.70	-39989.38	-2.05738	19.329	0.00
0.00	-30101.84	-39989.65	-2.08576	-30101.84	-39989.65	-2.08576	19.817	0.00
0.00	-30102.01	-39989.94	-2.11393	-30102.01	-39989.94	-2.11393	20.176	0.00
0.00	-30102.17	-39990.20	-2.14254	-30102.17	-39990.20	-2.14254	18.968	0.00
0.00	-30102.34	-39990.47	-2.17101	-30102.34	-39990.47	-2.17101	19.605	0.00
0.00	-30102.54	-39990.74	-2.19991	-30102.54	-39990.74	-2.19991	19.735	0.00
0.00	-30102.73	-39991.01	-2.22899	-30102.73	-39991.01	-2.22899	20.538	0.00
0.00	-30102.91	-39991.23	-2.25832	-30102.91	-39991.23	-2.25832	19.149	0.00
0.00	-30103.13	-39991.50	-2.28695	-30103.13	-39991.50	-2.28695	21.355	0.00
0.00	-30103.33	-39991.72	-2.31565	-30103.33	-39991.72	-2.31565	20.537	0.00
0.00	-30103.53	-39991.93	-2.34470	-30103.53	-39991.93	-2.34470	19.695	0.00
0.00	-30103.72	-39992.11	-2.37398	-30103.72	-39992.11	-2.37398	20.471	0.00
0.00	-30103.95	-39992.33	-2.40204	-30103.95	-39992.33	-2.40204	21.041	0.00
0.00	-30104.22	-39992.57	-2.43016	-30104.22	-39992.57	-2.43016	20.555	0.00
0.00	-30104.47	-39992.78	-2.45726	-30104.47	-39992.78	-2.45726	22.335	0.00
0.00	-30104.69	-39992.95	-2.48277	-30104.69	-39992.95	-2.48277	20.224	0.00
0.00	-30104.93	-39993.13	-2.50699	-30104.93	-39993.13	-2.50699	21.395	0.00
0.00	-30105.21	-39993.34	-2.52971	-30105.21	-39993.34	-2.52971	20.916	0.00
0.00	-30105.49	-39993.53	-2.55137	-30105.49	-39993.53	-2.55137	22.788	0.00
0.00	-30105.74	-39993.69	-2.57218	-30105.74	-39993.69	-2.57218	21.026	0.00
0.00	-30106.02	-39993.87	-2.59167	-30106.02	-39993.87	-2.59167	22.040	0.00
0.00	-30106.29	-39994.03	-2.60993	-30106.29	-39994.03	-2.60993	22.870	0.00
0.00	-30106.59	-39994.21	-2.62648	-30106.59	-39994.21	-2.62648	22.015	0.00
0.00	-30106.92	-39994.39	-2.64182	-30106.92	-39994.39	-2.64182	21.212	0.00
0.00	-30107.20	-39994.54	-2.65539	-30107.20	-39994.54	-2.65539	22.253	0.00
0.00	-30107.46	-39994.68	-2.66883	-30107.46	-39994.68	-2.66883	22.161	0.00
0.00	-30107.79	-39994.84	-2.68283	-30107.79	-39994.84	-2.68283	27.389	0.00
0.00	-30108.10	-39995.00	-2.69489	-30108.10	-39995.00	-2.69489	21.709	0.00
0.00	-30108.38	-39995.13	-2.70671	-30108.38	-39995.13	-2.70671	23.120	0.00
0.00	-30108.67	-39995.26	-2.71829	-30108.67	-39995.26	-2.71829	24.059	0.00
0.00	-30108.94	-39995.38	-2.72937	-30108.94	-39995.38	-2.72937	23.200	0.00
0.00	-30109.24	-39995.51	-2.73921	-30109.24	-39995.51	-2.73921	42.221	0.00
0.00	-30109.54	-39995.63	-2.74792	-30109.54	-39995.63	-2.74792	23.789	0.00
0.00	-30109.86	-39995.76	-2.75665	-30109.86	-39995.76	-2.75665	21.488	0.00
0.00	-30110.14	-39995.87	-2.76460	-30110.14	-39995.87	-2.76460	19.787	0.00
0.00	-30110.43	-39995.98	-2.77175	-30110.43	-39995.98	-2.77175	19.648	0.00
0.00	-30110.74	-39996.11	-2.77951	-30110.74	-39996.11	-2.77951	24.010	0.00
0.00	-30111.05	-39996.22	-2.78767	-30111.05	-39996.22	-2.78767	20.411	0.00
0.00	-30111.36	-39996.33	-2.79499	-30111.36	-39996.33	-2.79499	20.013	0.00
0.00	-30111.67	-39996.44	-2.80161	-30111.67	-39996.44	-2.80161	21.435	0.00
0.00	-30112.03	-39996.57	-2.80759	-30112.03	-39996.57	-2.80759	23.829	0.00
0.00	-30112.34	-39996.67	-2.81273	-30112.34	-39996.67	-2.81273	21.501	0.00
0.00	-30112.71	-39996.80	-2.81710	-30112.71	-39996.80	-2.81710	20.333	0.00
0.00	-30113.08	-39996.92	-2.82102	-30113.08	-39996.92	-2.82102	21.576	0.00
0.00	-30113.38	-39997.02	-2.82451	-30113.38	-39997.02	-2.82451	25.312	0.00
0.00	-30113.68	-39997.12	-2.82769	-30113.68	-39997.12	-2.82769	21.739	0.00
0.00	-30114.01	-39997.22	-2.83090	-30114.01	-39997.22	-2.83090	21.087	0.00
0.00	-30114.36	-39997.33	-2.83458	-30114.36	-39997.33	-2.83458	21.540	0.00
0.00	-30114.70	-39997.43	-2.83806	-30114.70	-39997.43	-2.83806	25.500	0.00
0.00	-30115.05	-39997.54	-2.84087	-30115.05	-39997.54	-2.84087	23.125	0.00
0.00	-30115.42	-39997.65	-2.84277	-30115.42	-39997.65	-2.84277	21.600	0.00
0.00	-30115.81	-39997.77	-2.84399	-30115.81	-39997.77	-2.84399	22.895	0.00
0.00	-30116.14	-39997.87	-2.84515	-30116.14	-39997.87	-2.84515	25.576	0.00
0.00	-30116.59	-39998.01	-2.84636	-30116.59	-39998.01	-2.84636	22.115	0.00
0.00	-30116.89	-39998.10	-2.84736	-30116.89	-39998.10	-2.84736	22.233	0.00
0.00	-30117.22	-39998.20	-2.84807	-30117.22	-39998.20	-2.84807	22.456	0.00
0.00	-30117.56	-39998.30	-2.84869	-30117.56	-39998.30	-2.84869	26.965	0.00
0.00	-30117.91	-39998.40	-2.84926	-30117.91	-39998.40	-2.84926	22.517	0.00
0.00	-30118.27	-39998.51	-2.84942	-30118.27	-39998.51	-2.84942	23.028	0.00
0.00	-30118.62	-39998.62	-2.84915	-30118.62	-39998.62	-2.84915	23.522	0.00
0.00	-30118.97	-39998.73	-2.84835	-30118.97	-39998.73	-2.84835	27.165	0.00
0.00	-30119.32	-39998.84	-2.84715	-30119.32	-39998.84	-2.84715	24.401	0.00
0.00	-30119.71	-39998.95	-2.84615	-30119.71	-39998.95	-2.84615	22.788	0.00
0.00	-30120.16	-39999.09	-2.84566	-30120.16	-39999.09	-2.84566	24.104	0.00
0.00	-30120.47	-39999.19	-2.84534	-30120.47	-39999.19	-2.84534	27.506	0.00
0.00	-30120.70	-39999.26	-2.84485	-30120.70	-39999.26	-2.84485	24.273	0.00
0.00	-30121.05	-39999.37	-2.84423	-30121.05	-39999.37	-2.84423	23.170	0.00
0.00	-30121.41	-39999.48	-2.84361	-30121.41	-39999.48	-2.84361	23.445	0.00
0.00	-30121.75	-39999.59	-2.84283	-30121.75	-39999.59	-2.84283	27.842	0.00
0.00	-30122.15	-39999.72	-2.84206	-30122.15	-39999.72	-2.84206	25.025	0.00
0.00	-30122.42	-39999.80	-2.84143	-30122.42	-39999.80	-2.84143	23.145	0.00
0.00	-30122.82	-39999.93	-2.84080	-30122.82	-39999.93	-2.84080	25.980	0.00
0.00	-30123.23	-40000.05	-2.84029	-30123.23	-40000.05	-2.84029	28.289	0.00
0.00	-30123.63	-40000.18	-2.83993	-30123.63	-40000.18	-2.83993	26.785	0.00
0.00	-30123.97	-40000.29	-2.83947	-30123.97	-40000.29	-2.83947	24.763	0.00
0.00	-30124.29	-40000.39	-2.83904	-30124.29	-40000.39	-2.83904	26.019	0.00
0.00	-30124.66	-40000.50	-2.83888	-30124.66	-40000.50	-2.83888	29.904	0.00
0.00	-30125.03	-40000.62	-2.83867	-30125.03	-40000.62	-2.83867	25.302	0.00
0.00	-30125.37	-40000.72	-2.83843	-30125.37	-40000.72	-2.83843	24.962	0.00
0.00	-30125.75	-40000.84	-2.83818	-30125.75	-40000.84	-2.83818	26.805	0.00
0.00	-30126.11	-40000.96	-2.83785	-30126.11	-40000.96	-2.83785	29.874	0.00
0.00	-30126.47	-40001.07	-2.83747	-30126.47	-40001.07	-2.83747	26.762	0.00
0.00	-30126.89	-40001.20	-2.83717	-30126.89	-40001.20	-2.83717	25.772	0.00
0.00	-30127.30	-40001.33	-2.83700	-30127.30	-40001.33	-2.83700	26.475	0.00
0.00	-30127.64	-40001.44	-2.83702	-30127.64	-40001.44	-2.83702	30.733	0.00
0.00	-30128.12	-40001.58	-2.83713	-30128.12	-40001.58	-2.83713	26.704	0.00
0.00	-30128.36	-40001.66	-2.83721	-30128.36	-40001.66	-2.83721	26.308	0.00
0.00	-30128.77	-40001.79	-2.83717	-30128.77	-40001.79	-2.83717	27.517	0.00
0.00	-30129.15	-40001.91	-2.83704	-30129.15	-40001.91	-2.83704	31.203	0.00
0.00	-30129.54	-40002.03	-2.83699	-30129.54	-40002.03	-2.83699	28.211	0.00
0.00	-30129.92	-40002.15	-2.83711	-30129.92	-40002.15	-2.83711	25.845	0.00
0.00	-30130.31	-40002.27	-2.83738	-30130.31	-40002.27	-2.83738	28.598	0.00
0.00	-30130.73	-40002.40	-2.83778	-30130.73	-40002.40	-2.83778	30.530	0.00
0.00	-30131.18	-40002.54	-2.83799	-30131.18	-40002.54	-2.83799	28.019	0.00
0.00	-30131.51	-40002.64	-2.83801	-30131.51	-40002.64	-2.83801	27.286	0.00
0.00	-30131.92	-40002.77	-2.83806	-30131.92	-40002.77	-2.83806	26.852	0.00
0.00	-30132.28	-40002.88	-2.83815	-30132.28	-40002.88	-2.83815	32.175	0.00
0.00	-30132.64	-40002.99	-2.83812	-30132.64	-40002.99	-2.83812	28.514	0.00
0.00	-30133.02	-40003.11	-2.83806	-30133.02	-40003.11	-2.83806	27.285	0.00
0.00	-30133.42	-40003.23	-2.83795	-30133.42	-40003.23	-2.83795	28.418	0.00
0.00	-30133.76	-40003.34	-2.83796	-30133.76	-40003.34	-2.83796	32.278	0.00
0.00	-30134.15	-40003.46	-2.83800	-30134.15	-40003.46	-2.83800	29.597	0.00
0.00	-30134.59	-40003.60	-2.83791	-30134.59	-40003.60	-2.83791	29.074	0.00
0.00	-30134.98	-40003.72	-2.83759	-30134.98	-40003.72	-2.83759	29.710	0.00
0.00	-30135.31	-40003.83	-2.83699	-30135.31	-40003.83	-2.83699	32.984	0.00
0.00	-30135.67	-40003.94	-2.83633	-30135.67	-40003.94	-2.83633	28.528	0.00
0.00	-30136.08	-40004.07	-2.83589	-30136.08	-40004.07	-2.83589	29.496	0.00
0.00	-30136.43	-40004.19	-2.83561	-30136.43	-40004.19	-2.83561	29.284	0.00
0.00	-30136.80	-40004.30	-2.83520	-30136.80	-40004.30	-2.83520	33.785	0.00
0.00	-30137.18	-40004.43	-2.83455	-30137.18	-40004.43	-2.83455	29.475	0.00
0.00	-30137.53	-40004.54	-2.83382	-30137.53	-40004.54	-2.83382	29.570	0.00
0.00	-30137.89	-40004.66	-2.83333	-30137.89	-40004.66	-2.83333	29.287	0.00
0.00	-30138.35	-40004.80	-2.83306	-30138.35	-40004.80	-2.83306	34.134	0.00
0.00	-30138.71	-40004.92	-2.83287	-30138.71	-40004.92	-2.83287	31.020	0.00
0.00	-30139.02	-40005.02	-2.83238	-30139.02	-40005.02	-2.83238	30.082	0.00
0.00	-30139.37	-40005.14	-2.83164	-30139.37	-40005.14	-2.83164	31.249	0.00
0.00	-30139.73	-40005.26	-2.83110	-30139.73	-40005.26	-2.83110	34.389	0.00
0.00	-30140.11	-40005.38	-2.83059	-30140.11	-40005.38	-2.83059	29.812	0.00
0.00	-30140.51	-40005.51	-2.83000	-30140.51	-40005.51	-2.83000	31.764	0.00
0.00	-30140.83	-40005.61	-2.82937	-30140.83	-40005.61	-2.82937	31.960	0.00
0.00	-30141.18	-40005.73	-2.82877	-30141.18	-40005.73	-2.82877	35.218	0.00
0.00	-30141.54	-40005.85	-2.82822	-30141.54	-40005.85	-2.82822	32.437	0.00
0.00	-30141.98	-40005.99	-2.82792	-30141.98	-40005.99	-2.82792	31.442	0.00
0.00	-30142.35	-40006.11	-2.82780	-30142.35	-40006.11	-2.82780	32.532	0.00
0.00	-30142.67	-40006.22	-2.82781	-30142.67	-40006.22	-2.82781	34.828	0.00
0.00	-30143.03	-40006.33	-2.82789	-30143.03	-40006.33	-2.82789	32.908	0.00
0.00	-30143.41	-40006.46	-2.82793	-30143.41	-40006.46	-2.82793	31.639	0.00
0.00	-30143.79	-40006.58	-2.82788	-30143.79	-40006.58	-2.82788	31.495	0.00
0.00	-30144.23	-40006.72	-2.82782	-30144.23	-40006.72	-2.82782	35.413	0.00
0.00	-30144.58	-40006.83	-2.82783	-30144.58	-40006.83	-2.82783	32.555	0.00
0.00	-30145.00	-40006.97	-2.82789	-30145.00	-40006.97	-2.82789	32.880	0.00
0.00	-30145.33	-40007.08	-2.82799	-30145.33	-40007.08	-2.82799	32.709	0.00
0.00	-30145.79	-40007.23	-2.82817	-30145.79	-40007.23	-2.82817	38.135	0.00
0.00	-30146.17	-40007.35	-2.82842	-30146.17	-40007.35	-2.82842	34.438	0.00
0.00	-30146.55	-40007.47	-2.82878	-30146.55	-40007.47	-2.82878	34.272	0.00
0.00	-30146.90	-40007.58	-2.82921	-30146.90	-40007.58	-2.82921	76.778	0.00
0.00	-30147.29	-40007.71	-2.82926	-30147.29	-40007.71	-2.82926	38.337	0.00
0.00	-30147.67	-40007.83	-2.82912	-30147.67	-40007.83	-2.82912	33.814	0.00
0.00	-30148.08	-40007.96	-2.82902	-30148.08	-40007.96	-2.82902	33.633	0.00
0.00	-30148.47	-40008.09	-2.82881	-30148.47	-40008.09	-2.82881	33.613	0.00
0.00	-30148.93	-40008.24	-2.82857	-30148.93	-40008.24	-2.82857	39.005	0.00
0.00	-30149.32	-40008.37	-2.82832	-30149.32	-40008.37	-2.82832	34.596	0.00
0.00	-30149.68	-40008.48	-2.82808	-30149.68	-40008.48	-2.82808	34.347	0.00
0.00	-30150.07	-40008.61	-2.82782	-30150.07	-40008.61	-2.82782	34.276	0.00
0.00	-30150.47	-40008.74	-2.82744	-30150.47	-40008.74	-2.82744	73.895	0.00
0.00	-30150.85	-40008.87	-2.82688	-30150.85	-40008.87	-2.82688	34.626	0.00
0.00	-30151.23	-40008.99	-2.82620	-30151.23	-40008.99	-2.82620	33.702	0.00
0.00	-30151.62	-40009.12	-2.82569	-30151.62	-40009.12	-2.82569	34.048	0.00
0.00	-30152.01	-40009.25	-2.82546	-30152.01	-40009.25	-2.82546	37.464	0.00
0.00	-30152.38	-40009.37	-2.82511	-30152.38	-40009.37	-2.82511	35.386	0.00
0.00	-30152.74	-40009.49	-2.82458	-30152.74	-40009.49	-2.82458	35.676	0.00
0.00	-30153.10	-40009.61	-2.82402	-30153.10	-40009.61	-2.82402	35.706	0.00
0.00	-30153.63	-40009.79	-2.82338	-30153.63	-40009.79	-2.82338	39.457	0.00
0.00	-30153.95	-40009.90	-2.82281	-30153.95	-40009.90	-2.82281	35.549	0.00
0.00	-30154.31	-40010.02	-2.82237	-30154.31	-40010.02	-2.82237	35.103	0.00
0.00	-30154.69	-40010.14	-2.82200	-30154.69	-40010.14	-2.82200	36.800	0.00
0.00	-30155.06	-40010.27	-2.82167	-30155.06	-40010.27	-2.82167	39.028	0.00
0.00	-30155.42	-40010.39	-2.82123	-30155.42	-40010.39	-2.82123	37.865	0.00
0.00	-30155.78	-40010.51	-2.82054	-30155.78	-40010.51	-2.82054	36.188	0.00
0.00	-30156.18	-40010.64	-2.81977	-30156.18	-40010.64	-2.81977	36.675	0.00
0.00	-30156.57	-40010.77	-2.81925	-30156.57	-40010.77	-2.81925	40.472	0.00
0.00	-30156.94	-40010.90	-2.81903	-30156.94	-40010.90	-2.81903	37.739	0.00
0.00	-30157.43	-40011.06	-2.81886	-30157.43	-40011.06	-2.81886	38.058	0.00
0.00	-30157.77	-40011.17	-2.81857	-30157.77	-40011.17	-2.81857	36.532	0.00
0.00	-30158.16	-40011.31	-2.81821	-30158.16	-40011.31	-2.81821	80.800	0.00
0.00	-30158.51	-40011.42	-2.81780	-30158.51	-40011.42	-2.81780	37.294	0.00
0.00	-30158.90	-40011.55	-2.81738	-30158.90	-40011.55	-2.81738	38.803	0.00
0.00	-30159.31	-40011.69	-2.81693	-30159.31	-40011.69	-2.81693	37.126	0.00
0.00	-30159.69	-40011.82	-2.81649	-30159.69	-40011.82	-2.81649	41.097	0.00
0.00	-30160.09	-40011.96	-2.81612	-30160.09	-40011.96	-2.81612	37.328	0.00
0.00	-30160.49	-40012.09	-2.81585	-30160.49	-40012.09	-2.81585	39.946	0.00
0.00	-30160.92	-40012.24	-2.81547	-30160.92	-40012.24	-2.81547	37.744	0.00
0.00	-30161.38	-40012.39	-2.81503	-30161.38	-40012.39	-2.81503	40.971	0.00
0.00	-30161.74	-40012.51	-2.81448	-30161.74	-40012.51	-2.81448	38.757	0.00
0.00	-30162.13	-40012.64	-2.81376	-30162.13	-40012.64	-2.81376	38.748	0.00
0.00	-30162.52	-40012.78	-2.81318	-30162.52	-40012.78	-2.81318	37.609	0.00
0.00	-30162.95	-40012.93	-2.81268	-30162.95	-40012.93	-2.81268	41.636	0.00
0.00	-30163.33	-40013.05	-2.81224	-30163.33	-40013.05	-2.81224	40.289	0.00
0.00	-30163.71	-40013.19	-2.81180	-30163.71	-40013.19	-2.81180	38.027	0.00
0.00	-30164.10	-40013.32	-2.81131	-30164.10	-40013.32	-2.81131	39.109	0.00
0.00	-30164.50	-40013.46	-2.81096	-30164.50	-40013.46	-2.81096	43.954	0.00
0.00	-30164.91	-40013.60	-2.81077	-30164.91	-40013.60	-2.81077	41.355	0.00
0.00	-30165.39	-40013.76	-2.81051	-30165.39	-40013.76	-2.81051	39.112	0.00
0.00	-30165.69	-40013.87	-2.81026	-30165.69	-40013.87	-2.81026	40.192	0.00
0.00	-30166.07	-40014.00	-2.81028	-30166.07	-40014.00	-2.81028	42.868	0.00
0.00	-30166.46	-40014.14	-2.81025	-30166.46	-40014.14	-2.81025	40.404	0.00
0.00	-30166.92	-40014.29	-2.81017	-30166.92	-40014.29	-2.81017	38.833	0.00
0.00	-30167.26	-40014.41	-2.81056	-30167.26	-40014.41	-2.81056	40.006	0.00
0.00	-30167.64	-40014.54	-2.81100	-30167.64	-40014.54	-2.81100	43.906	0.00
0.00	-30168.03	-40014.68	-2.81139	-30168.03	-40014.68	-2.81139	40.326	0.00
0.00	-30168.45	-40014.82	-2.81186	-30168.45	-40014.82	-2.81186	41.301	0.00
0.00	-30168.81	-40014.94	-2.81208	-30168.81	-40014.94	-2.81208	40.362	0.00
0.00	-30169.23	-40015.09	-2.81216	-30169.23	-40015.09	-2.81216	43.350	0.00
0.00	-30169.57	-40015.20	-2.81238	-30169.57	-40015.20	-2.81238	39.855	0.00
0.00	-30169.94	-40015.33	-2.81257	-30169.94	-40015.33	-2.81257	182.457	0.00
0.00	-30170.77	-40015.61	-2.81325	-30170.77	-40015.61	-2.81325	41.965	0.00
0.00	-30170.68	-40015.58	-2.81356	-30170.68	-40015.58	-2.81356	43.769	0.00
0.00	-30170.95	-40015.67	-2.81408	-30170.95	-40015.67	-2.81408	41.076	0.00
0.00	-30171.44	-40015.84	-2.81462	-30171.44	-40015.84	-2.81462	41.996	0.00
0.00	-30171.85	-40015.98	-2.81496	-30171.85	-40015.98	-2.81496	40.607	0.00
0.00	-30172.11	-40016.07	-2.81512	-30172.11	-40016.07	-2.81512	43.824	0.00
0.00	-30172.52	-40016.20	-2.81512	-30172.52	-40016.20	-2.81512	40.786	0.00
0.00	-30172.91	-40016.34	-2.81506	-30172.91	-40016.34	-2.81506	41.657	0.00
0.00	-30173.25	-40016.45	-2.81499	-30173.25	-40016.45	-2.81499	42.242	0.00
0.00	-30173.60	-40016.57	-2.81487	-30173.60	-40016.57	-2.81487	44.730	0.00
0.00	-30173.96	-40016.69	-2.81468	-30173.96	-40016.69	-2.81468	41.157	0.00
0.00	-30174.33	-40016.82	-2.81443	-30174.33	-40016.82	-2.81443	42.045	0.00
0.00	-30174.67	-40016.93	-2.81408	-30174.67	-40016.93	-2.81408	40.311	0.00
0.00	-30175.04	-40017.06	-2.81353	-30175.04	-40017.06	-2.81353	44.906	0.00
0.00	-30175.41	-40017.18	-2.81308	-30175.41	-40017.18	-2.81308	43.177	0.00
0.00	-30175.85	-40017.34	-2.81278	-30175.85	-40017.34	-2.81278	44.144	0.00
0.00	-30176.17	-40017.45	-2.81246	-30176.17	-40017.45	-2.81246	43.375	0.00
0.00	-30176.59	-40017.59	-2.81218	-30176.59	-40017.59	-2.81218	45.785	0.00
0.00	-30176.91	-40017.70	-2.81218	-30176.91	-40017.70	-2.81218	42.857	0.00
0.00	-30177.26	-40017.82	-2.81253	-30177.26	-40017.82	-2.81253	43.085	0.00
0.00	-30177.63	-40017.95	-2.81279	-30177.63	-40017.95	-2.81279	42.596	0.00
0.00	-30178.00	-40018.08	-2.81268	-30178.00	-40018.08	-2.81268	47.172	0.00
0.00	-30178.37	-40018.21	-2.81242	-30178.37	-40018.21	-2.81242	44.862	0.00
0.00	-30178.75	-40018.34	-2.81205	-30178.75	-40018.34	-2.81205	45.365	0.00
0.00	-30179.14	-40018.47	-2.81163	-30179.14	-40018.47	-2.81163	43.916	0.00
0.00	-30179.51	-40018.60	-2.81139	-30179.51	-40018.60	-2.81139	47.851	0.00
0.00	-30180.08	-40018.80	-2.81117	-30180.08	-40018.80	-2.81117	45.355	0.00
0.00	-30180.28	-40018.87	-2.81096	-30180.28	-40018.87	-2.81096	44.503	0.00
0.00	-30180.64	-40019.00	-2.81094	-30180.64	-40019.00	-2.81094	42.860	0.00
0.00	-30181.02	-40019.13	-2.81143	-30181.02	-40019.13	-2.81143	46.743	0.00
0.00	-30181.39	-40019.26	-2.81221	-30181.39	-40019.26	-2.81221	48.288	0.00
0.00	-30181.76	-40019.38	-2.81292	-30181.76	-40019.38	-2.81292	44.717	0.00
0.00	-30182.12	-40019.51	-2.81330	-30182.12	-40019.51	-2.81330	44.701	0.00
0.00	-30182.49	-40019.64	-2.81371	-30182.49	-40019.64	-2.81371	47.968	0.00
0.00	-30182.86	-40019.76	-2.81440	-30182.86	-40019.76	-2.81440	45.732	0.00
