0.00	-30153.41	-39815.24	0.35000	-30153.41	-39815.24	0.35000	14.582	0.00
0.00	-30152.87	-39815.32	0.35079	-30152.87	-39815.32	0.35079	4.081	0.00
0.00	-30152.85	-39816.06	-0.58057	-30152.85	-39816.06	-0.58057	3.112	0.00
0.00	-30152.77	-39816.43	-0.80473	-30152.77	-39816.43	-0.80473	2.397	0.00
0.00	-30152.72	-39816.81	-0.99107	-30152.72	-39816.81	-0.99107	2.516	0.00
0.00	-30152.63	-39817.28	-1.12240	-30152.63	-39817.28	-1.12240	4.467	0.00
0.00	-30152.49	-39817.70	-1.16064	-30152.49	-39817.70	-1.16064	2.343	0.00
0.00	-30152.45	-39818.01	-1.20302	-30152.45	-39818.01	-1.20302	2.419	0.00
0.00	-30152.35	-39818.38	-1.22266	-30152.35	-39818.38	-1.22266	2.514	0.00
0.00	-30152.24	-39818.75	-1.23320	-30152.24	-39818.75	-1.23320	2.428	0.00
0.00	-30152.15	-39819.08	-1.24121	-30152.15	-39819.08	-1.24121	2.499	0.00
0.00	-30152.01	-39819.53	-1.24658	-30152.01	-39819.53	-1.24658	2.511	0.00
0.00	-30151.90	-39819.91	-1.25092	-30151.90	-39819.91	-1.25092	2.407	0.00
0.00	-30151.79	-39820.27	-1.25389	-30151.79	-39820.27	-1.25389	2.574	0.00
0.00	-30151.68	-39820.63	-1.25553	-30151.68	-39820.63	-1.25553	2.352	0.00
0.00	-30151.59	-39820.93	-1.25671	-30151.59	-39820.93	-1.25671	2.527	0.00
0.00	-30151.47	-39821.31	-1.25737	-30151.47	-39821.31	-1.25737	2.476	0.00
0.00	-30151.36	-39821.68	-1.25822	-30151.36	-39821.68	-1.25822	2.317	0.00
0.00	-30151.24	-39822.05	-1.25910	-30151.24	-39822.05	-1.25910	2.494	0.00
0.00	-30151.13	-39822.40	-1.26016	-30151.13	-39822.40	-1.26016	2.511	0.00
0.00	-30151.03	-39822.75	-1.26085	-30151.03	-39822.75	-1.26085	2.611	0.00
0.00	-30150.90	-39823.18	-1.26131	-30150.90	-39823.18	-1.26131	2.429	0.00
0.00	-30150.80	-39823.48	-1.26202	-30150.80	-39823.48	-1.26202	2.369	0.00
0.00	-30150.70	-39823.83	-1.26305	-30150.70	-39823.83	-1.26305	2.994	0.00
0.00	-30150.58	-39824.21	-1.26396	-30150.58	-39824.21	-1.26396	2.555	0.00
0.00	-30150.46	-39824.61	-1.26485	-30150.46	-39824.61	-1.26485	2.418	0.00
0.00	-30150.36	-39824.95	-1.26569	-30150.36	-39824.95	-1.26569	2.585	0.00
0.00	-30150.25	-39825.31	-1.26582	-30150.25	-39825.31	-1.26582	2.489	0.00
0.00	-30150.13	-39825.70	-1.26688	-30150.13	-39825.70	-1.26688	2.365	0.00
0.00	-30150.02	-39826.09	-1.26780	-30150.02	-39826.09	-1.26780	2.516	0.00
0.00	-30149.90	-39826.48	-1.26871	-30149.90	-39826.48	-1.26871	2.799	0.00
0.00	-30149.78	-39826.88	-1.26959	-30149.78	-39826.88	-1.26959	2.299	0.00
0.00	-30149.65	-39827.32	-1.26999	-30149.65	-39827.32	-1.26999	2.498	0.00
0.00	-30149.56	-39827.60	-1.27015	-30149.56	-39827.60	-1.27015	2.870	0.00
0.00	-30149.46	-39827.94	-1.27037	-30149.46	-39827.94	-1.27037	2.310	0.00
0.00	-30149.36	-39828.29	-1.27115	-30149.36	-39828.29	-1.27115	2.650	0.00
0.00	-30149.25	-39828.66	-1.27202	-30149.25	-39828.66	-1.27202	2.468	0.00
0.00	-30149.11	-39829.11	-1.27267	-30149.11	-39829.11	-1.27267	2.433	0.00
0.00	-30148.99	-39829.51	-1.27322	-30148.99	-39829.51	-1.27322	2.457	0.00
0.00	-30148.87	-39829.91	-1.27315	-30148.87	-39829.91	-1.27315	2.356	0.00
0.00	-30148.79	-39830.19	-1.27276	-30148.79	-39830.19	-1.27276	2.482	0.00
0.00	-30148.69	-39830.53	-1.27238	-30148.69	-39830.53	-1.27238	2.348	0.00
0.00	-30148.59	-39830.86	-1.27259	-30148.59	-39830.86	-1.27259	2.431	0.00
0.00	-30148.48	-39831.24	-1.27305	-30148.48	-39831.24	-1.27305	2.311	0.00
0.00	-30148.37	-39831.61	-1.27369	-30148.37	-39831.61	-1.27369	2.464	0.00
0.00	-30148.26	-39831.98	-1.27393	-30148.26	-39831.98	-1.27393	2.480	0.00
0.00	-30148.12	-39832.44	-1.27403	-30148.12	-39832.44	-1.27403	2.419	0.00
0.00	-30148.04	-39832.74	-1.27425	-30148.04	-39832.74	-1.27425	2.696	0.00
0.00	-30147.90	-39833.19	-1.27460	-30147.90	-39833.19	-1.27460	2.515	0.00
0.00	-30147.79	-39833.58	-1.27496	-30147.79	-39833.58	-1.27496	2.574	0.00
0.00	-30147.71	-39833.86	-1.27560	-30147.71	-39833.86	-1.27560	2.374	0.00
0.00	-30147.60	-39834.24	-1.27628	-30147.60	-39834.24	-1.27628	2.467	0.00
0.00	-30147.50	-39834.57	-1.27708	-30147.50	-39834.57	-1.27708	2.337	0.00
0.00	-30147.41	-39834.89	-1.27789	-30147.41	-39834.89	-1.27789	2.520	0.00
0.00	-30147.31	-39835.24	-1.27857	-30147.31	-39835.24	-1.27857	2.423	0.00
0.00	-30147.19	-39835.64	-1.27845	-30147.19	-39835.64	-1.27845	2.390	0.00
0.00	-30147.10	-39835.96	-1.27872	-30147.10	-39835.96	-1.27872	2.567	0.00
0.00	-30147.00	-39836.30	-1.27886	-30147.00	-39836.30	-1.27886	2.438	0.00
0.00	-30146.89	-39836.68	-1.27890	-30146.89	-39836.68	-1.27890	2.663	0.00
0.00	-30146.74	-39837.19	-1.27895	-30146.74	-39837.19	-1.27895	2.406	0.00
0.00	-30146.69	-39837.36	-1.27906	-30146.69	-39837.36	-1.27906	2.300	0.00
0.00	-30146.57	-39837.78	-1.27909	-30146.57	-39837.78	-1.27909	2.432	0.00
0.00	-30146.47	-39838.13	-1.27901	-30146.47	-39838.13	-1.27901	2.415	0.00
0.00	-30146.37	-39838.47	-1.27885	-30146.37	-39838.47	-1.27885	2.478	0.00
0.00	-30146.26	-39838.84	-1.27884	-30146.26	-39838.84	-1.27884	2.508	0.00
0.00	-30146.17	-39839.14	-1.27888	-30146.17	-39839.14	-1.27888	2.432	0.00
0.00	-30146.06	-39839.50	-1.27868	-30146.06	-39839.50	-1.27868	2.389	0.00
0.00	-30145.97	-39839.83	-1.27859	-30145.97	-39839.83	-1.27859	2.535	0.00
0.00	-30145.86	-39840.18	-1.27845	-30145.86	-39840.18	-1.27845	2.543	0.00
0.00	-30145.79	-39840.43	-1.27818	-30145.79	-39840.43	-1.27818	2.612	0.00
0.00	-30145.67	-39840.84	-1.27785	-30145.67	-39840.84	-1.27785	2.515	0.00
0.00	-30145.55	-39841.24	-1.27741	-30145.55	-39841.24	-1.27741	2.422	0.00
0.00	-30145.44	-39841.61	-1.27701	-30145.44	-39841.61	-1.27701	2.402	0.00
0.00	-30145.36	-39841.89	-1.27638	-30145.36	-39841.89	-1.27638	2.524	0.00
0.00	-30145.28	-39842.16	-1.27581	-30145.28	-39842.16	-1.27581	2.493	0.00
0.00	-30145.16	-39842.54	-1.27504	-30145.16	-39842.54	-1.27504	2.447	0.00
0.00	-30145.08	-39842.82	-1.27456	-30145.08	-39842.82	-1.27456	2.535	0.00
0.00	-30144.98	-39843.15	-1.27426	-30144.98	-39843.15	-1.27426	2.764	0.00
0.00	-30144.89	-39843.48	-1.27397	-30144.89	-39843.48	-1.27397	2.762	0.00
0.00	-30144.79	-39843.80	-1.27361	-30144.79	-39843.80	-1.27361	2.755	0.00
0.00	-30144.67	-39844.19	-1.27326	-30144.67	-39844.19	-1.27326	2.645	0.00
0.00	-30144.58	-39844.52	-1.27288	-30144.58	-39844.52	-1.27288	2.449	0.00
0.00	-30144.46	-39844.90	-1.27244	-30144.46	-39844.90	-1.27244	2.550	0.00
0.00	-30144.35	-39845.28	-1.27208	-30144.35	-39845.28	-1.27208	2.441	0.00
0.00	-30144.27	-39845.56	-1.27155	-30144.27	-39845.56	-1.27155	2.467	0.00
0.00	-30144.15	-39845.95	-1.27068	-30144.15	-39845.95	-1.27068	2.608	0.00
0.00	-30144.06	-39846.25	-1.26964	-30144.06	-39846.25	-1.26964	2.528	0.00
0.00	-30143.96	-39846.58	-1.26857	-30143.96	-39846.58	-1.26857	2.376	0.00
0.00	-30143.84	-39846.97	-1.26776	-30143.84	-39846.97	-1.26776	2.408	0.00
0.00	-30143.72	-39847.40	-1.26728	-30143.72	-39847.40	-1.26728	2.674	0.00
0.00	-30143.60	-39847.80	-1.26672	-30143.60	-39847.80	-1.26672	2.512	0.00
0.00	-30143.52	-39848.07	-1.26598	-30143.52	-39848.07	-1.26598	2.609	0.00
0.00	-30143.39	-39848.47	-1.26514	-30143.39	-39848.47	-1.26514	2.584	0.00
0.00	-30143.28	-39848.84	-1.26413	-30143.28	-39848.84	-1.26413	2.590	0.00
0.00	-30143.18	-39849.16	-1.26317	-30143.18	-39849.16	-1.26317	2.416	0.00
0.00	-30143.08	-39849.48	-1.26211	-30143.08	-39849.48	-1.26211	2.698	0.00
0.00	-30142.98	-39849.82	-1.26134	-30142.98	-39849.82	-1.26134	2.571	0.00
0.00	-30142.87	-39850.18	-1.26082	-30142.87	-39850.18	-1.26082	2.612	0.00
0.00	-30142.76	-39850.54	-1.26033	-30142.76	-39850.54	-1.26033	2.581	0.00
0.00	-30142.64	-39850.93	-1.25928	-30142.64	-39850.93	-1.25928	2.674	0.00
0.00	-30142.50	-39851.39	-1.25776	-30142.50	-39851.39	-1.25776	2.640	0.00
0.00	-30142.41	-39851.67	-1.25604	-30142.41	-39851.67	-1.25604	3.615	0.00
0.00	-30142.31	-39851.99	-1.25477	-30142.31	-39851.99	-1.25477	2.767	0.00
0.00	-30142.19	-39852.36	-1.25384	-30142.19	-39852.36	-1.25384	4.041	0.00
0.00	-30142.03	-39852.87	-1.25228	-30142.03	-39852.87	-1.25228	2.505	0.00
0.00	-30141.99	-39853.00	-1.25121	-30141.99	-39853.00	-1.25121	2.518	0.00
0.00	-30141.86	-39853.39	-1.24900	-30141.86	-39853.39	-1.24900	2.449	0.00
0.00	-30141.74	-39853.75	-1.24726	-30141.74	-39853.75	-1.24726	2.502	0.00
0.00	-30141.63	-39854.09	-1.24606	-30141.63	-39854.09	-1.24606	2.378	0.00
0.00	-30141.51	-39854.46	-1.24472	-30141.51	-39854.46	-1.24472	2.466	0.00
0.00	-30141.38	-39854.85	-1.24332	-30141.38	-39854.85	-1.24332	2.652	0.00
0.00	-30141.27	-39855.19	-1.24144	-30141.27	-39855.19	-1.24144	2.405	0.00
0.00	-30141.15	-39855.55	-1.23953	-30141.15	-39855.55	-1.23953	2.402	0.00
0.00	-30141.06	-39855.82	-1.23861	-30141.06	-39855.82	-1.23861	3.626	0.00
0.00	-30140.95	-39856.15	-1.23760	-30140.95	-39856.15	-1.23760	2.479	0.00
0.00	-30140.83	-39856.50	-1.23621	-30140.83	-39856.50	-1.23621	2.557	0.00
0.00	-30140.68	-39856.95	-1.23444	-30140.68	-39856.95	-1.23444	2.333	0.00
0.00	-30140.61	-39857.17	-1.23338	-30140.61	-39857.17	-1.23338	2.758	0.00
0.00	-30140.49	-39857.51	-1.23227	-30140.49	-39857.51	-1.23227	2.417	0.00
0.00	-30140.36	-39857.88	-1.23123	-30140.36	-39857.88	-1.23123	2.486	0.00
0.00	-30140.24	-39858.23	-1.22959	-30140.24	-39858.23	-1.22959	2.587	0.00
0.00	-30140.14	-39858.52	-1.22852	-30140.14	-39858.52	-1.22852	2.627	0.00
0.00	-30140.01	-39858.89	-1.22746	-30140.01	-39858.89	-1.22746	2.674	0.00
0.00	-30139.89	-39859.22	-1.22667	-30139.89	-39859.22	-1.22667	2.566	0.00
0.00	-30139.72	-39859.71	-1.22613	-30139.72	-39859.71	-1.22613	2.563	0.00
0.00	-30139.65	-39859.92	-1.22649	-30139.65	-39859.92	-1.22649	2.460	0.00
0.00	-30139.52	-39860.30	-1.22687	-30139.52	-39860.30	-1.22687	2.645	0.00
0.00	-30139.40	-39860.66	-1.22679	-30139.40	-39860.66	-1.22679	2.789	0.00
0.00	-30139.26	-39861.05	-1.22638	-30139.26	-39861.05	-1.22638	2.371	0.00
0.00	-30139.13	-39861.41	-1.22588	-30139.13	-39861.41	-1.22588	2.446	0.00
0.00	-30139.00	-39861.79	-1.22574	-30139.00	-39861.79	-1.22574	2.658	0.00
0.00	-30138.89	-39862.11	-1.22587	-30138.89	-39862.11	-1.22587	2.336	0.00
0.00	-30138.77	-39862.46	-1.22634	-30138.77	-39862.46	-1.22634	2.530	0.00
0.00	-30138.64	-39862.82	-1.22678	-30138.64	-39862.82	-1.22678	2.458	0.00
0.00	-30138.51	-39863.20	-1.22655	-30138.51	-39863.20	-1.22655	2.468	0.00
0.00	-30138.38	-39863.56	-1.22680	-30138.38	-39863.56	-1.22680	2.476	0.00
0.00	-30138.24	-39863.95	-1.22677	-30138.24	-39863.95	-1.22677	2.436	0.00
0.00	-30138.11	-39864.33	-1.22641	-30138.11	-39864.33	-1.22641	2.558	0.00
0.00	-30137.99	-39864.68	-1.22615	-30137.99	-39864.68	-1.22615	2.355	0.00
0.00	-30137.84	-39865.09	-1.22601	-30137.84	-39865.09	-1.22601	2.702	0.00
0.00	-30137.70	-39865.51	-1.22587	-30137.70	-39865.51	-1.22587	2.304	0.00
0.00	-30137.56	-39865.88	-1.22564	-30137.56	-39865.88	-1.22564	2.414	0.00
0.00	-30137.45	-39866.21	-1.22534	-30137.45	-39866.21	-1.22534	2.424	0.00
0.00	-30137.33	-39866.55	-1.22518	-30137.33	-39866.55	-1.22518	3.603	0.00
0.00	-30137.20	-39866.92	-1.22516	-30137.20	-39866.92	-1.22516	2.259	0.00
0.00	-30137.07	-39867.28	-1.22522	-30137.07	-39867.28	-1.22522	2.324	0.00
0.00	-30136.94	-39867.65	-1.22536	-30136.94	-39867.65	-1.22536	2.429	0.00
0.00	-30136.81	-39868.03	-1.22551	-30136.81	-39868.03	-1.22551	2.566	0.00
0.00	-30136.68	-39868.40	-1.22556	-30136.68	-39868.40	-1.22556	2.768	0.00
0.00	-30136.53	-39868.82	-1.22569	-30136.53	-39868.82	-1.22569	2.933	0.00
0.00	-30136.40	-39869.20	-1.22592	-30136.40	-39869.20	-1.22592	4.019	0.00
0.00	-30136.29	-39869.51	-1.22630	-30136.29	-39869.51	-1.22630	2.913	0.00
0.00	-30136.13	-39869.96	-1.22655	-30136.13	-39869.96	-1.22655	3.045	0.00
0.00	-30136.05	-39870.20	-1.22707	-30136.05	-39870.20	-1.22707	3.175	0.00
0.00	-30135.92	-39870.60	-1.22753	-30135.92	-39870.60	-1.22753	3.121	0.00
0.00	-30135.79	-39870.97	-1.22812	-30135.79	-39870.97	-1.22812	3.040	0.00
0.00	-30135.66	-39871.35	-1.22855	-30135.66	-39871.35	-1.22855	3.774	0.00
0.00	-30135.53	-39871.72	-1.22888	-30135.53	-39871.72	-1.22888	3.238	0.00
0.00	-30135.40	-39872.10	-1.22946	-30135.40	-39872.10	-1.22946	3.616	0.00
0.00	-30135.24	-39872.56	-1.23020	-30135.24	-39872.56	-1.23020	3.633	0.00
0.00	-30135.10	-39872.97	-1.23086	-30135.10	-39872.97	-1.23086	3.376	0.00
0.00	-30135.00	-39873.29	-1.23136	-30135.00	-39873.29	-1.23136	5.831	0.00
0.00	-30134.87	-39873.65	-1.23169	-30134.87	-39873.65	-1.23169	4.021	0.00
0.00	-30134.75	-39874.02	-1.23211	-30134.75	-39874.02	-1.23211	3.985	0.00
0.00	-30134.60	-39874.44	-1.23257	-30134.60	-39874.44	-1.23257	4.021	0.00
0.00	-30134.47	-39874.84	-1.23278	-30134.47	-39874.84	-1.23278	3.649	0.00
0.00	-30134.34	-39875.20	-1.23293	-30134.34	-39875.20	-1.23293	4.366	0.00
0.00	-30134.22	-39875.57	-1.23329	-30134.22	-39875.57	-1.23329	4.610	0.00
0.00	-30134.10	-39875.93	-1.23408	-30134.10	-39875.93	-1.23408	4.275	0.00
0.00	-30133.95	-39876.37	-1.23512	-30133.95	-39876.37	-1.23512	4.932	0.00
0.00	-30133.82	-39876.76	-1.23613	-30133.82	-39876.76	-1.23613	5.929	0.00
0.00	-30133.71	-39877.09	-1.23704	-30133.71	-39877.09	-1.23704	4.743	0.00
0.00	-30133.59	-39877.46	-1.23827	-30133.59	-39877.46	-1.23827	5.076	0.00
0.00	-30133.47	-39877.83	-1.23940	-30133.47	-39877.83	-1.23940	4.972	0.00
0.00	-30133.31	-39878.31	-1.24039	-30133.31	-39878.31	-1.24039	5.956	0.00
0.00	-30133.21	-39878.61	-1.24140	-30133.21	-39878.61	-1.24140	5.630	0.00
0.00	-30133.11	-39878.91	-1.24232	-30133.11	-39878.91	-1.24232	5.622	0.00
0.00	-30132.98	-39879.31	-1.24308	-30132.98	-39879.31	-1.24308	5.624	0.00
0.00	-30132.86	-39879.67	-1.24387	-30132.86	-39879.67	-1.24387	5.299	0.00
0.00	-30132.72	-39880.12	-1.24485	-30132.72	-39880.12	-1.24485	5.893	0.00
0.00	-30132.61	-39880.46	-1.24598	-30132.61	-39880.46	-1.24598	5.560	0.00
0.00	-30132.50	-39880.78	-1.24708	-30132.50	-39880.78	-1.24708	10.240	0.00
0.00	-30132.39	-39881.14	-1.24769	-30132.39	-39881.14	-1.24769	9.213	0.00
0.00	-30132.27	-39881.52	-1.24819	-30132.27	-39881.52	-1.24819	7.938	0.00
0.00	-30132.14	-39881.91	-1.24840	-30132.14	-39881.91	-1.24840	7.934	0.00
0.00	-30132.02	-39882.26	-1.24870	-30132.02	-39882.26	-1.24870	8.155	0.00
0.00	-30131.91	-39882.62	-1.24912	-30131.91	-39882.62	-1.24912	9.413	0.00
0.00	-30131.79	-39882.98	-1.24952	-30131.79	-39882.98	-1.24952	8.748	0.00
0.00	-30131.68	-39883.31	-1.24967	-30131.68	-39883.31	-1.24967	8.167	0.00
0.00	-30131.54	-39883.75	-1.24976	-30131.54	-39883.75	-1.24976	12.653	0.00
0.00	-30131.43	-39884.08	-1.25002	-30131.43	-39884.08	-1.25002	13.248	0.00
0.00	-30131.33	-39884.41	-1.25034	-30131.33	-39884.41	-1.25034	12.151	0.00
0.00	-30131.22	-39884.74	-1.25047	-30131.22	-39884.74	-1.25047	10.167	0.00
0.00	-30131.10	-39885.10	-1.25028	-30131.10	-39885.10	-1.25028	10.239	0.00
0.00	-30130.99	-39885.45	-1.24993	-30130.99	-39885.45	-1.24993	9.195	0.00
0.00	-30130.87	-39885.79	-1.24976	-30130.87	-39885.79	-1.24976	9.685	0.00
0.00	-30130.76	-39886.12	-1.24983	-30130.76	-39886.12	-1.24983	10.222	0.00
0.00	-30130.64	-39886.48	-1.24973	-30130.64	-39886.48	-1.24973	11.418	0.00
0.00	-30130.54	-39886.79	-1.24949	-30130.54	-39886.79	-1.24949	10.078	0.00
0.00	-30130.41	-39887.20	-1.24922	-30130.41	-39887.20	-1.24922	10.436	0.00
0.00	-30130.31	-39887.49	-1.24889	-30130.31	-39887.49	-1.24889	12.055	0.00
0.00	-30130.21	-39887.80	-1.24879	-30130.21	-39887.80	-1.24879	10.773	0.00
0.00	-30130.10	-39888.12	-1.24916	-30130.10	-39888.12	-1.24916	11.828	0.00
0.00	-30130.00	-39888.43	-1.24974	-30130.00	-39888.43	-1.24974	10.888	0.00
0.00	-30129.89	-39888.78	-1.24985	-30129.89	-39888.78	-1.24985	11.483	0.00
0.00	-30129.76	-39889.17	-1.24951	-30129.76	-39889.17	-1.24951	12.069	0.00
0.00	-30129.65	-39889.50	-1.24911	-30129.65	-39889.50	-1.24911	11.965	0.00
0.00	-30129.56	-39889.77	-1.24879	-30129.56	-39889.77	-1.24879	13.114	0.00
0.00	-30129.47	-39890.06	-1.24852	-30129.47	-39890.06	-1.24852	13.089	0.00
0.00	-30129.30	-39890.56	-1.24834	-30129.30	-39890.56	-1.24834	12.180	0.00
0.00	-30129.26	-39890.68	-1.24810	-30129.26	-39890.68	-1.24810	13.190	0.00
0.00	-30129.16	-39890.99	-1.24740	-30129.16	-39890.99	-1.24740	13.234	0.00
0.00	-30129.06	-39891.31	-1.24645	-30129.06	-39891.31	-1.24645	12.512	0.00
0.00	-30128.95	-39891.62	-1.24567	-30128.95	-39891.62	-1.24567	15.393	0.00
0.00	-30128.85	-39891.93	-1.24519	-30128.85	-39891.93	-1.24519	13.975	0.00
0.00	-30128.74	-39892.27	-1.24469	-30128.74	-39892.27	-1.24469	14.203	0.00
0.00	-30128.62	-39892.64	-1.24383	-30128.62	-39892.64	-1.24383	14.074	0.00
0.00	-30128.53	-39892.89	-1.24316	-30128.53	-39892.89	-1.24316	14.503	0.00
0.00	-30128.42	-39893.24	-1.24260	-30128.42	-39893.24	-1.24260	14.558	0.00
0.00	-30128.28	-39893.67	-1.24220	-30128.28	-39893.67	-1.24220	15.965	0.00
0.00	-30128.18	-39893.97	-1.24218	-30128.18	-39893.97	-1.24218	15.144	0.00
0.00	-30128.10	-39894.23	-1.24233	-30128.10	-39894.23	-1.24233	16.886	0.00
0.00	-30127.99	-39894.56	-1.24189	-30127.99	-39894.56	-1.24189	18.803	0.00
0.00	-30127.89	-39894.87	-1.24217	-30127.89	-39894.87	-1.24217	14.933	0.00
0.00	-30127.78	-39895.21	-1.24245	-30127.78	-39895.21	-1.24245	16.177	0.00
0.00	-30127.69	-39895.47	-1.24278	-30127.69	-39895.47	-1.24278	17.688	0.00
0.00	-30127.60	-39895.78	-1.24338	-30127.60	-39895.78	-1.24338	16.769	0.00
0.00	-30127.49	-39896.11	-1.24371	-30127.49	-39896.11	-1.24371	16.635	0.00
0.00	-30127.39	-39896.43	-1.24389	-30127.39	-39896.43	-1.24389	16.202	0.00
0.00	-30127.27	-39896.80	-1.24405	-30127.27	-39896.80	-1.24405	18.156	0.00
0.00	-30127.17	-39897.11	-1.24415	-30127.17	-39897.11	-1.24415	16.308	0.00
0.00	-30127.04	-39897.51	-1.24423	-30127.04	-39897.51	-1.24423	21.866	0.00
0.00	-30126.95	-39897.81	-1.24445	-30126.95	-39897.81	-1.24445	17.708	0.00
0.00	-30126.86	-39898.09	-1.24477	-30126.86	-39898.09	-1.24477	17.131	0.00
0.00	-30126.73	-39898.48	-1.24504	-30126.73	-39898.48	-1.24504	17.807	0.00
0.00	-30126.63	-39898.81	-1.24534	-30126.63	-39898.81	-1.24534	25.861	0.00
0.00	-30126.52	-39899.14	-1.24533	-30126.52	-39899.14	-1.24533	18.437	0.00
0.00	-30126.41	-39899.46	-1.24510	-30126.41	-39899.46	-1.24510	18.761	0.00
0.00	-30126.31	-39899.77	-1.24456	-30126.31	-39899.77	-1.24456	18.114	0.00
0.00	-30126.18	-39900.15	-1.24370	-30126.18	-39900.15	-1.24370	18.587	0.00
0.00	-30126.07	-39900.49	-1.24271	-30126.07	-39900.49	-1.24271	19.100	0.00
0.00	-30125.94	-39900.86	-1.24214	-30125.94	-39900.86	-1.24214	26.275	0.00
0.00	-30125.83	-39901.19	-1.24196	-30125.83	-39901.19	-1.24196	18.923	0.00
0.00	-30125.66	-39901.71	-1.24180	-30125.66	-39901.71	-1.24180	18.449	0.00
0.00	-30125.59	-39901.90	-1.24182	-30125.59	-39901.90	-1.24182	19.670	0.00
0.00	-30125.45	-39902.32	-1.24176	-30125.45	-39902.32	-1.24176	20.970	0.00
0.00	-30125.33	-39902.67	-1.24151	-30125.33	-39902.67	-1.24151	20.310	0.00
0.00	-30125.19	-39903.09	-1.24122	-30125.19	-39903.09	-1.24122	20.745	0.00
0.00	-30125.13	-39903.29	-1.24121	-30125.13	-39903.29	-1.24121	20.052	0.00
0.00	-30124.99	-39903.71	-1.24097	-30124.99	-39903.71	-1.24097	21.402	0.00
0.00	-30124.86	-39904.08	-1.24074	-30124.86	-39904.08	-1.24074	23.577	0.00
0.00	-30124.74	-39904.44	-1.24095	-30124.74	-39904.44	-1.24095	21.094	0.00
0.00	-30124.62	-39904.82	-1.24159	-30124.62	-39904.82	-1.24159	23.122	0.00
0.00	-30124.50	-39905.20	-1.24255	-30124.50	-39905.20	-1.24255	23.460	0.00
0.00	-30124.38	-39905.57	-1.24318	-30124.38	-39905.57	-1.24318	20.818	0.00
0.00	-30124.22	-39906.06	-1.24445	-30124.22	-39906.06	-1.24445	27.258	0.00
0.00	-30124.15	-39906.29	-1.24569	-30124.15	-39906.29	-1.24569	33.431	0.00
0.00	-30124.02	-39906.69	-1.24638	-30124.02	-39906.69	-1.24638	21.924	0.00
0.00	-30123.90	-39907.06	-1.24689	-30123.90	-39907.06	-1.24689	22.164	0.00
0.00	-30123.78	-39907.44	-1.24741	-30123.78	-39907.44	-1.24741	22.085	0.00
0.00	-30123.66	-39907.83	-1.24766	-30123.66	-39907.83	-1.24766	29.668	0.00
0.00	-30123.55	-39908.15	-1.24783	-30123.55	-39908.15	-1.24783	23.657	0.00
0.00	-30123.42	-39908.57	-1.24783	-30123.42	-39908.57	-1.24783	23.976	0.00
0.00	-30123.30	-39908.91	-1.24737	-30123.30	-39908.91	-1.24737	32.517	0.00
0.00	-30123.19	-39909.26	-1.24642	-30123.19	-39909.26	-1.24642	25.860	0.00
0.00	-30123.07	-39909.62	-1.24553	-30123.07	-39909.62	-1.24553	25.227	0.00
0.00	-30122.94	-39910.00	-1.24500	-30122.94	-39910.00	-1.24500	32.523	0.00
0.00	-30122.82	-39910.36	-1.24488	-30122.82	-39910.36	-1.24488	26.580	0.00
0.00	-30122.70	-39910.71	-1.24514	-30122.70	-39910.71	-1.24514	29.696	0.00
0.00	-30122.59	-39911.05	-1.24538	-30122.59	-39911.05	-1.24538	31.474	0.00
0.00	-30122.46	-39911.44	-1.24567	-30122.46	-39911.44	-1.24567	24.906	0.00
0.00	-30122.34	-39911.80	-1.24611	-30122.34	-39911.80	-1.24611	30.580	0.00
0.00	-30122.23	-39912.15	-1.24652	-30122.23	-39912.15	-1.24652	27.675	0.00
0.00	-30122.12	-39912.49	-1.24660	-30122.12	-39912.49	-1.24660	26.345	0.00
0.00	-30121.99	-39912.89	-1.24662	-30121.99	-39912.89	-1.24662	29.931	0.00
0.00	-30121.87	-39913.25	-1.24661	-30121.87	-39913.25	-1.24661	29.556	0.00
0.00	-30121.77	-39913.55	-1.24630	-30121.77	-39913.55	-1.24630	27.171	0.00
0.00	-30121.65	-39913.89	-1.24591	-30121.65	-39913.89	-1.24591	33.917	0.00
0.00	-30121.50	-39914.35	-1.24557	-30121.50	-39914.35	-1.24557	27.287	0.00
0.00	-30121.40	-39914.64	-1.24521	-30121.40	-39914.64	-1.24521	27.783	0.00
0.00	-30121.22	-39915.16	-1.24461	-30121.22	-39915.16	-1.24461	31.333	0.00
0.00	-30121.18	-39915.29	-1.24427	-30121.18	-39915.29	-1.24427	33.252	0.00
0.00	-30121.03	-39915.73	-1.24394	-30121.03	-39915.73	-1.24394	29.080	0.00
0.00	-30120.90	-39916.12	-1.24375	-30120.90	-39916.12	-1.24375	38.485	0.00
0.00	-30120.78	-39916.48	-1.24372	-30120.78	-39916.48	-1.24372	31.467	0.00
0.00	-30120.67	-39916.81	-1.24383	-30120.67	-39916.81	-1.24383	39.656	0.00
0.00	-30120.55	-39917.18	-1.24394	-30120.55	-39917.18	-1.24394	33.354	0.00
0.00	-30120.44	-39917.50	-1.24393	-30120.44	-39917.50	-1.24393	37.188	0.00
0.00	-30120.32	-39917.86	-1.24387	-30120.32	-39917.86	-1.24387	39.491	0.00
0.00	-30120.19	-39918.25	-1.24406	-30120.19	-39918.25	-1.24406	34.940	0.00
0.00	-30120.06	-39918.65	-1.24503	-30120.06	-39918.65	-1.24503	35.040	0.00
0.00	-30120.00	-39918.85	-1.24586	-30120.00	-39918.85	-1.24586	31.371	0.00
0.00	-30119.88	-39919.23	-1.24601	-30119.88	-39919.23	-1.24601	38.634	0.00
0.00	-30119.76	-39919.58	-1.24618	-30119.76	-39919.58	-1.24618	31.761	0.00
0.00	-30119.65	-39919.93	-1.24667	-30119.65	-39919.93	-1.24667	42.860	0.00
0.00	-30119.54	-39920.26	-1.24724	-30119.54	-39920.26	-1.24724	34.553	0.00
0.00	-30119.43	-39920.60	-1.24764	-30119.43	-39920.60	-1.24764	34.348	0.00
0.00	-30119.33	-39920.92	-1.24796	-30119.33	-39920.92	-1.24796	32.728	0.00
0.00	-30119.21	-39921.29	-1.24892	-30119.21	-39921.29	-1.24892	32.693	0.00
0.00	-30119.11	-39921.64	-1.24966	-30119.11	-39921.64	-1.24966	41.115	0.00
0.00	-30118.98	-39922.04	-1.25011	-30118.98	-39922.04	-1.25011	54.032	0.00
0.00	-30118.89	-39922.33	-1.25090	-30118.89	-39922.33	-1.25090	60.962	0.00
0.00	-30118.79	-39922.66	-1.25163	-30118.79	-39922.66	-1.25163	46.692	0.00
0.00	-30118.68	-39923.00	-1.25201	-30118.68	-39923.00	-1.25201	45.385	0.00
0.00	-30118.56	-39923.36	-1.25244	-30118.56	-39923.36	-1.25244	49.952	0.00
0.00	-30118.47	-39923.66	-1.25280	-30118.47	-39923.66	-1.25280	50.514	0.00
0.00	-30118.35	-39924.03	-1.25394	-30118.35	-39924.03	-1.25394	47.066	0.00
0.00	-30118.25	-39924.36	-1.25498	-30118.25	-39924.36	-1.25498	48.452	0.00
0.00	-30118.16	-39924.67	-1.25591	-30118.16	-39924.67	-1.25591	52.480	0.00
0.00	-30118.04	-39925.05	-1.25677	-30118.04	-39925.05	-1.25677	48.114	0.00
0.00	-30117.94	-39925.36	-1.25791	-30117.94	-39925.36	-1.25791	55.636	0.00
0.00	-30117.84	-39925.68	-1.25874	-30117.84	-39925.68	-1.25874	48.185	0.00
0.00	-30117.68	-39926.21	-1.25962	-30117.68	-39926.21	-1.25962	72.781	0.00
0.00	-30117.63	-39926.37	-1.26034	-30117.63	-39926.37	-1.26034	53.067	0.00
0.00	-30117.52	-39926.72	-1.26115	-30117.52	-39926.72	-1.26115	75.589	0.00
0.00	-30117.42	-39927.06	-1.26209	-30117.42	-39927.06	-1.26209	61.533	0.00
0.00	-30117.32	-39927.39	-1.26283	-30117.32	-39927.39	-1.26283	60.260	0.00
0.00	-30117.23	-39927.70	-1.26322	-30117.23	-39927.70	-1.26322	60.912	0.00
0.00	-30117.12	-39928.05	-1.26358	-30117.12	-39928.05	-1.26358	51.597	0.00
0.00	-30117.01	-39928.41	-1.26400	-30117.01	-39928.41	-1.26400	54.402	0.00
0.00	-30116.91	-39928.72	-1.26454	-30116.91	-39928.72	-1.26454	72.009	0.00
0.00	-30116.82	-39929.04	-1.26513	-30116.82	-39929.04	-1.26513	74.080	0.00
0.00	-30116.72	-39929.36	-1.26543	-30116.72	-39929.36	-1.26543	50.642	0.00
0.00	-30116.60	-39929.75	-1.26556	-30116.60	-39929.75	-1.26556	72.743	0.00
0.00	-30116.47	-39930.19	-1.26577	-30116.47	-39930.19	-1.26577	64.431	0.00
0.00	-30116.42	-39930.34	-1.26606	-30116.42	-39930.34	-1.26606	54.784	0.00
0.00	-30116.32	-39930.68	-1.26603	-30116.32	-39930.68	-1.26603	49.967	0.00
0.00	-30116.21	-39931.02	-1.26582	-30116.21	-39931.02	-1.26582	54.315	0.00
0.00	-30116.11	-39931.36	-1.26556	-30116.11	-39931.36	-1.26556	62.194	0.00
0.00	-30116.00	-39931.70	-1.26517	-30116.00	-39931.70	-1.26517	57.221	0.00
0.00	-30115.89	-39932.06	-1.26500	-30115.89	-39932.06	-1.26500	53.676	0.00
0.00	-30115.79	-39932.39	-1.26505	-30115.79	-39932.39	-1.26505	74.093	0.00
0.00	-30115.70	-39932.69	-1.26505	-30115.70	-39932.69	-1.26505	54.721	0.00
0.00	-30115.61	-39932.99	-1.26476	-30115.61	-39932.99	-1.26476	64.180	0.00
0.00	-30115.50	-39933.35	-1.26451	-30115.50	-39933.35	-1.26451	53.618	0.00
0.00	-30115.41	-39933.62	-1.26456	-30115.41	-39933.62	-1.26456	56.561	0.00
0.00	-30115.27	-39934.07	-1.26424	-30115.27	-39934.07	-1.26424	58.648	0.00
0.00	-30115.23	-39934.22	-1.26389	-30115.23	-39934.22	-1.26389	58.115	0.00
0.00	-30115.11	-39934.59	-1.26311	-30115.11	-39934.59	-1.26311	57.644	0.00
0.00	-30115.01	-39934.91	-1.26244	-30115.01	-39934.91	-1.26244	57.237	0.00
0.00	-30114.90	-39935.30	-1.26202	-30114.90	-39935.30	-1.26202	59.239	0.00
0.00	-30114.82	-39935.56	-1.26199	-30114.82	-39935.56	-1.26199	51.875	0.00
0.00	-30114.69	-39935.98	-1.26174	-30114.69	-39935.98	-1.26174	51.137	0.00
0.00	-30114.58	-39936.33	-1.26140	-30114.58	-39936.33	-1.26140	54.519	0.00
0.00	-30114.49	-39936.64	-1.26184	-30114.49	-39936.64	-1.26184	57.253	0.00
0.00	-30114.39	-39936.97	-1.26231	-30114.39	-39936.97	-1.26231	59.598	0.00
0.00	-30114.31	-39937.24	-1.26310	-30114.31	-39937.24	-1.26310	62.492	0.00
0.00	-30114.22	-39937.57	-1.26358	-30114.22	-39937.57	-1.26358	63.571	0.00
0.00	-30114.13	-39937.88	-1.26378	-30114.13	-39937.88	-1.26378	60.422	0.00
0.00	-30114.03	-39938.18	-1.26398	-30114.03	-39938.18	-1.26398	48.397	0.00
0.00	-30113.94	-39938.49	-1.26395	-30113.94	-39938.49	-1.26395	43.742	0.00
0.00	-30113.85	-39938.80	-1.26347	-30113.85	-39938.80	-1.26347	44.765	0.00
0.00	-30113.76	-39939.09	-1.26347	-30113.76	-39939.09	-1.26347	53.663	0.00
0.00	-30113.67	-39939.39	-1.26365	-30113.67	-39939.39	-1.26365	45.424	0.00
0.00	-30113.57	-39939.70	-1.26352	-30113.57	-39939.70	-1.26352	44.718	0.00
0.00	-30113.48	-39939.99	-1.26272	-30113.48	-39939.99	-1.26272	45.178	0.00
0.00	-30113.39	-39940.30	-1.26155	-30113.39	-39940.30	-1.26155	46.574	0.00
0.00	-30113.30	-39940.58	-1.26062	-30113.30	-39940.58	-1.26062	45.239	0.00
0.00	-30113.20	-39940.90	-1.25978	-30113.20	-39940.90	-1.25978	50.891	0.00
0.00	-30113.07	-39941.30	-1.25846	-30113.07	-39941.30	-1.25846	59.237	0.00
0.00	-30113.02	-39941.46	-1.25760	-30113.02	-39941.46	-1.25760	52.981	0.00
0.00	-30112.91	-39941.79	-1.25682	-30112.91	-39941.79	-1.25682	54.339	0.00
0.00	-30112.81	-39942.10	-1.25581	-30112.81	-39942.10	-1.25581	64.299	0.00
0.00	-30112.72	-39942.38	-1.25448	-30112.72	-39942.38	-1.25448	60.342	0.00
0.00	-30112.61	-39942.69	-1.25337	-30112.61	-39942.69	-1.25337	60.289	0.00
0.00	-30112.52	-39942.99	-1.25269	-30112.52	-39942.99	-1.25269	68.756	0.00
0.00	-30112.42	-39943.29	-1.25191	-30112.42	-39943.29	-1.25191	56.127	0.00
0.00	-30112.32	-39943.59	-1.25072	-30112.32	-39943.59	-1.25072	61.820	0.00
0.00	-30112.21	-39943.93	-1.24951	-30112.21	-39943.93	-1.24951	49.470	0.00
0.00	-30112.10	-39944.24	-1.24841	-30112.10	-39944.24	-1.24841	65.749	0.00
0.00	-30112.01	-39944.50	-1.24729	-30112.01	-39944.50	-1.24729	58.569	0.00
0.00	-30111.89	-39944.87	-1.24624	-30111.89	-39944.87	-1.24624	63.358	0.00
0.00	-30111.79	-39945.16	-1.24544	-30111.79	-39945.16	-1.24544	65.994	0.00
0.00	-30111.69	-39945.46	-1.24473	-30111.69	-39945.46	-1.24473	49.902	0.00
0.00	-30111.58	-39945.80	-1.24391	-30111.58	-39945.80	-1.24391	58.555	0.00
0.00	-30111.46	-39946.16	-1.24322	-30111.46	-39946.16	-1.24322	54.025	0.00
0.00	-30111.35	-39946.49	-1.24267	-30111.35	-39946.49	-1.24267	62.074	0.00
0.00	-30111.26	-39946.77	-1.24251	-30111.26	-39946.77	-1.24251	59.064	0.00
0.00	-30111.15	-39947.09	-1.24242	-30111.15	-39947.09	-1.24242	52.265	0.00
0.00	-30111.00	-39947.55	-1.24213	-30111.00	-39947.55	-1.24213	102.623	0.00
0.00	-30110.91	-39947.83	-1.24217	-30110.91	-39947.83	-1.24217	69.570	0.00
0.00	-30110.85	-39948.03	-1.24188	-30110.85	-39948.03	-1.24188	77.722	0.00
0.00	-30110.70	-39948.47	-1.24132	-30110.70	-39948.47	-1.24132	68.628	0.00
0.00	-30110.58	-39948.83	-1.24084	-30110.58	-39948.83	-1.24084	62.488	0.00
0.00	-30110.46	-39949.18	-1.24035	-30110.46	-39949.18	-1.24035	59.682	0.00
0.00	-30110.35	-39949.52	-1.23983	-30110.35	-39949.52	-1.23983	58.670	0.00
0.00	-30110.23	-39949.87	-1.23975	-30110.23	-39949.87	-1.23975	51.727	0.00
0.00	-30110.13	-39950.19	-1.24007	-30110.13	-39950.19	-1.24007	50.055	0.00
0.00	-30109.99	-39950.60	-1.23999	-30109.99	-39950.60	-1.23999	49.294	0.00
0.00	-30109.87	-39950.95	-1.23987	-30109.87	-39950.95	-1.23987	47.669	0.00
0.00	-30109.77	-39951.27	-1.23995	-30109.77	-39951.27	-1.23995	49.884	0.00
0.00	-30109.67	-39951.59	-1.23989	-30109.67	-39951.59	-1.23989	52.428	0.00
0.00	-30109.54	-39951.97	-1.23960	-30109.54	-39951.97	-1.23960	68.056	0.00
0.00	-30109.42	-39952.32	-1.23919	-30109.42	-39952.32	-1.23919	54.328	0.00
0.00	-30109.30	-39952.69	-1.23905	-30109.30	-39952.69	-1.23905	53.561	0.00
0.00	-30109.19	-39953.03	-1.23872	-30109.19	-39953.03	-1.23872	53.530	0.00
0.00	-30109.06	-39953.40	-1.23820	-30109.06	-39953.40	-1.23820	50.178	0.00
0.00	-30108.95	-39953.74	-1.23833	-30108.95	-39953.74	-1.23833	50.664	0.00
0.00	-30108.85	-39954.04	-1.23896	-30108.85	-39954.04	-1.23896	51.834	0.00
0.00	-30108.74	-39954.38	-1.23909	-30108.74	-39954.38	-1.23909	52.396	0.00
0.00	-30108.62	-39954.74	-1.23891	-30108.62	-39954.74	-1.23891	52.152	0.00
0.00	-30108.50	-39955.09	-1.23876	-30108.50	-39955.09	-1.23876	51.165	0.00
0.00	-30108.40	-39955.41	-1.23881	-30108.40	-39955.41	-1.23881	52.467	0.00
0.00	-30108.29	-39955.76	-1.23893	-30108.29	-39955.76	-1.23893	55.014	0.00
0.00	-30108.18	-39956.09	-1.23939	-30108.18	-39956.09	-1.23939	52.713	0.00
0.00	-30108.04	-39956.50	-1.23994	-30108.04	-39956.50	-1.23994	53.262	0.00
0.00	-30107.92	-39956.87	-1.23971	-30107.92	-39956.87	-1.23971	52.176	0.00
0.00	-30107.81	-39957.20	-1.23983	-30107.81	-39957.20	-1.23983	53.401	0.00
0.00	-30107.68	-39957.60	-1.24025	-30107.68	-39957.60	-1.24025	52.904	0.00
0.00	-30107.58	-39957.91	-1.24069	-30107.58	-39957.91	-1.24069	55.412	0.00
0.00	-30107.48	-39958.21	-1.24087	-30107.48	-39958.21	-1.24087	53.882	0.00
0.00	-30107.38	-39958.54	-1.24102	-30107.38	-39958.54	-1.24102	56.410	0.00
0.00	-30107.24	-39958.95	-1.24132	-30107.24	-39958.95	-1.24132	56.662	0.00
0.00	-30107.11	-39959.33	-1.24139	-30107.11	-39959.33	-1.24139	53.854	0.00
0.00	-30107.01	-39959.65	-1.24109	-30107.01	-39959.65	-1.24109	57.227	0.00
0.00	-30106.89	-39960.02	-1.24096	-30106.89	-39960.02	-1.24096	56.257	0.00
0.00	-30106.79	-39960.30	-1.24087	-30106.79	-39960.30	-1.24087	57.385	0.00
0.00	-30106.67	-39960.67	-1.24051	-30106.67	-39960.67	-1.24051	56.707	0.00
0.00	-30106.55	-39961.03	-1.24011	-30106.55	-39961.03	-1.24011	55.660	0.00
0.00	-30106.43	-39961.38	-1.23975	-30106.43	-39961.38	-1.23975	64.551	0.00
0.00	-30106.31	-39961.74	-1.23915	-30106.31	-39961.74	-1.23915	74.094	0.00
0.00	-30106.19	-39962.09	-1.23844	-30106.19	-39962.09	-1.23844	60.914	0.00
0.00	-30106.08	-39962.41	-1.23777	-30106.08	-39962.41	-1.23777	58.534	0.00
0.00	-30105.96	-39962.76	-1.23722	-30105.96	-39962.76	-1.23722	59.133	0.00
0.00	-30105.84	-39963.12	-1.23662	-30105.84	-39963.12	-1.23662	77.428	0.00
0.00	-30105.72	-39963.47	-1.23616	-30105.72	-39963.47	-1.23616	66.486	0.00
0.00	-30105.61	-39963.79	-1.23572	-30105.61	-39963.79	-1.23572	56.001	0.00
0.00	-30105.44	-39964.27	-1.23505	-30105.44	-39964.27	-1.23505	57.530	0.00
0.00	-30105.37	-39964.49	-1.23476	-30105.37	-39964.49	-1.23476	73.299	0.00
0.00	-30105.23	-39964.89	-1.23452	-30105.23	-39964.89	-1.23452	57.451	0.00
0.00	-30105.10	-39965.28	-1.23444	-30105.10	-39965.28	-1.23444	60.248	0.00
0.00	-30104.97	-39965.66	-1.23433	-30104.97	-39965.66	-1.23433	63.188	0.00
0.00	-30104.87	-39965.96	-1.23454	-30104.87	-39965.96	-1.23454	58.196	0.00
0.00	-30104.76	-39966.29	-1.23528	-30104.76	-39966.29	-1.23528	60.277	0.00
0.00	-30104.65	-39966.61	-1.23633	-30104.65	-39966.61	-1.23633	63.160	0.00
0.00	-30104.53	-39966.97	-1.23765	-30104.53	-39966.97	-1.23765	66.209	0.00
0.00	-30104.41	-39967.34	-1.23950	-30104.41	-39967.34	-1.23950	61.876	0.00
0.00	-30104.29	-39967.71	-1.24120	-30104.29	-39967.71	-1.24120	60.095	0.00
0.00	-30104.15	-39968.13	-1.24280	-30104.15	-39968.13	-1.24280	59.196	0.00
0.00	-30104.05	-39968.46	-1.24465	-30104.05	-39968.46	-1.24465	57.621	0.00
0.00	-30103.94	-39968.79	-1.24686	-30103.94	-39968.79	-1.24686	62.037	0.00
0.00	-30103.82	-39969.17	-1.24865	-30103.82	-39969.17	-1.24865	65.133	0.00
0.00	-30103.71	-39969.52	-1.25069	-30103.71	-39969.52	-1.25069	63.402	0.00
0.00	-30103.58	-39969.91	-1.25249	-30103.58	-39969.91	-1.25249	61.748	0.00
0.00	-30103.49	-39970.19	-1.25409	-30103.49	-39970.19	-1.25409	60.506	0.00
0.00	-30103.38	-39970.54	-1.25543	-30103.38	-39970.54	-1.25543	60.676	0.00
0.00	-30103.29	-39970.84	-1.25708	-30103.29	-39970.84	-1.25708	60.856	0.00
0.00	-30103.17	-39971.20	-1.25875	-30103.17	-39971.20	-1.25875	61.158	0.00
0.00	-30103.06	-39971.57	-1.26033	-30103.06	-39971.57	-1.26033	63.590	0.00
0.00	-30102.97	-39971.87	-1.26173	-30102.97	-39971.87	-1.26173	64.088	0.00
0.00	-30102.85	-39972.24	-1.26321	-30102.85	-39972.24	-1.26321	65.900	0.00
0.00	-30102.71	-39972.69	-1.26472	-30102.71	-39972.69	-1.26472	76.041	0.00
0.00	-30102.65	-39972.91	-1.26586	-30102.65	-39972.91	-1.26586	62.329	0.00
0.00	-30102.53	-39973.28	-1.26736	-30102.53	-39973.28	-1.26736	63.572	0.00
0.00	-30102.41	-39973.67	-1.26909	-30102.41	-39973.67	-1.26909	61.893	0.00
0.00	-30102.29	-39974.05	-1.27077	-30102.29	-39974.05	-1.27077	65.485	0.00
0.00	-30102.20	-39974.35	-1.27247	-30102.20	-39974.35	-1.27247	61.950	0.00
0.00	-30102.10	-39974.70	-1.27463	-30102.10	-39974.70	-1.27463	63.497	0.00
0.00	-30102.01	-39975.01	-1.27708	-30102.01	-39975.01	-1.27708	63.343	0.00
0.00	-30101.91	-39975.36	-1.27972	-30101.91	-39975.36	-1.27972	67.996	0.00
0.00	-30101.79	-39975.78	-1.28259	-30101.79	-39975.78	-1.28259	65.109	0.00
0.00	-30101.71	-39976.06	-1.28621	-30101.71	-39976.06	-1.28621	69.464	0.00
0.00	-30101.61	-39976.41	-1.29059	-30101.61	-39976.41	-1.29059	64.295	0.00
0.00	-30101.53	-39976.73	-1.29529	-30101.53	-39976.73	-1.29529	65.519	0.00
0.00	-30101.43	-39977.11	-1.30027	-30101.43	-39977.11	-1.30027	63.642	0.00
0.00	-30101.35	-39977.40	-1.30562	-30101.35	-39977.40	-1.30562	63.673	0.00
0.00	-30101.28	-39977.68	-1.31120	-30101.28	-39977.68	-1.31120	66.221	0.00
0.00	-30101.19	-39978.02	-1.31739	-30101.19	-39978.02	-1.31739	65.094	0.00
0.00	-30101.11	-39978.37	-1.32513	-30101.11	-39978.37	-1.32513	65.923	0.00
0.00	-30101.03	-39978.69	-1.33431	-30101.03	-39978.69	-1.33431	66.985	0.00
0.00	-30100.96	-39979.02	-1.34443	-30100.96	-39979.02	-1.34443	66.215	0.00
0.00	-30100.88	-39979.36	-1.35551	-30100.88	-39979.36	-1.35551	69.595	0.00
0.00	-30100.82	-39979.68	-1.36770	-30100.82	-39979.68	-1.36770	67.419	0.00
0.00	-30100.73	-39980.14	-1.38341	-30100.73	-39980.14	-1.38341	67.318	0.00
0.00	-30100.67	-39980.48	-1.39970	-30100.67	-39980.48	-1.39970	66.737	0.00
0.00	-30100.63	-39980.71	-1.41123	-30100.63	-39980.71	-1.41123	66.042	0.00
0.00	-30100.58	-39981.03	-1.42353	-30100.58	-39981.03	-1.42353	68.893	0.00
0.00	-30100.53	-39981.37	-1.43825	-30100.53	-39981.37	-1.43825	67.666	0.00
0.00	-30100.49	-39981.69	-1.45334	-30100.49	-39981.69	-1.45334	65.056	0.00
0.00	-30100.46	-39982.01	-1.46966	-30100.46	-39982.01	-1.46966	68.018	0.00
0.00	-30100.43	-39982.35	-1.48736	-30100.43	-39982.35	-1.48736	67.297	0.00
0.00	-30100.40	-39982.68	-1.50649	-30100.40	-39982.68	-1.50649	67.373	0.00
0.00	-30100.39	-39982.99	-1.52635	-30100.39	-39982.99	-1.52635	68.734	0.00
0.00	-30100.38	-39983.32	-1.54611	-30100.38	-39983.32	-1.54611	67.340	0.00
0.00	-30100.37	-39983.64	-1.56550	-30100.37	-39983.64	-1.56550	67.378	0.00
0.00	-30100.38	-39984.01	-1.58552	-30100.38	-39984.01	-1.58552	68.720	0.00
