0.00	-49871.76	-62481.74	0.00000	-49871.76	-62481.74	0.00000	2.008	0.00
0.00	-49871.73	-62481.76	0.00108	-49871.73	-62481.76	0.00108	1.967	0.00
0.00	-49871.79	-62481.83	-0.58714	-49871.79	-62481.83	-0.58714	2.016	0.00
0.00	-49871.87	-62481.87	-1.02112	-49871.87	-62481.87	-1.02112	1.781	0.00
0.00	-49871.95	-62481.92	-1.40177	-49871.95	-62481.92	-1.40177	1.770	0.00
0.00	-49872.04	-62481.96	-1.73268	-49872.04	-62481.96	-1.73268	1.703	0.00
0.00	-49872.15	-62482.01	-2.01106	-49872.15	-62482.01	-2.01106	1.812	0.00
0.00	-49872.26	-62482.05	-2.20613	-49872.26	-62482.05	-2.20613	1.846	0.00
0.00	-49872.37	-62482.09	-2.34807	-49872.37	-62482.09	-2.34807	1.948	0.00
0.00	-49872.49	-62482.13	-2.45087	-49872.49	-62482.13	-2.45087	1.773	0.00
0.00	-49872.60	-62482.17	-2.52313	-49872.60	-62482.17	-2.52313	1.775	0.00
0.00	-49872.71	-62482.20	-2.57650	-49872.71	-62482.20	-2.57650	1.755	0.00
0.00	-49872.84	-62482.25	-2.61713	-49872.84	-62482.25	-2.61713	1.733	0.00
0.00	-49872.96	-62482.29	-2.64465	-49872.96	-62482.29	-2.64465	1.785	0.00
0.00	-49873.08	-62482.33	-2.66489	-49873.08	-62482.33	-2.66489	1.722	0.00
0.00	-49873.20	-62482.38	-2.67986	-49873.20	-62482.38	-2.67986	1.809	0.00
0.00	-49873.33	-62482.42	-2.69101	-49873.33	-62482.42	-2.69101	1.704	0.00
0.00	-49873.44	-62482.47	-2.69932	-49873.44	-62482.47	-2.69932	1.926	0.00
0.00	-49873.58	-62482.52	-2.70611	-49873.58	-62482.52	-2.70611	1.704	0.00
0.00	-49873.71	-62482.57	-2.71089	-49873.71	-62482.57	-2.71089	1.765	0.00
0.00	-49873.84	-62482.63	-2.71443	-49873.84	-62482.63	-2.71443	1.830	0.00
0.00	-49873.99	-62482.69	-2.71710	-49873.99	-62482.69	-2.71710	1.661	0.00
0.00	-49874.12	-62482.74	-2.71872	-49874.12	-62482.74	-2.71872	1.715	0.00
0.00	-49874.26	-62482.80	-2.71987	-49874.26	-62482.80	-2.71987	1.771	0.00
0.00	-49874.40	-62482.86	-2.72085	-49874.40	-62482.86	-2.72085	1.815	0.00
0.00	-49874.54	-62482.91	-2.72159	-49874.54	-62482.91	-2.72159	1.700	0.00
0.00	-49874.68	-62482.97	-2.72192	-49874.68	-62482.97	-2.72192	1.763	0.00
0.00	-49874.84	-62483.04	-2.72191	-49874.84	-62483.04	-2.72191	1.741	0.00
0.00	-49874.97	-62483.09	-2.72173	-49874.97	-62483.09	-2.72173	1.854	0.00
0.00	-49875.13	-62483.16	-2.72164	-49875.13	-62483.16	-2.72164	1.859	0.00
0.00	-49875.29	-62483.23	-2.72146	-49875.29	-62483.23	-2.72146	1.681	0.00
0.00	-49875.44	-62483.29	-2.72119	-49875.44	-62483.29	-2.72119	1.882	0.00
0.00	-49875.60	-62483.36	-2.72084	-49875.60	-62483.36	-2.72084	1.700	0.00
0.00	-49875.77	-62483.43	-2.72036	-49875.77	-62483.43	-2.72036	1.810	0.00
0.00	-49875.93	-62483.50	-2.71978	-49875.93	-62483.50	-2.71978	1.708	0.00
0.00	-49876.09	-62483.56	-2.71928	-49876.09	-62483.56	-2.71928	1.648	0.00
0.00	-49876.25	-62483.63	-2.71863	-49876.25	-62483.63	-2.71863	1.778	0.00
0.00	-49876.42	-62483.71	-2.71790	-49876.42	-62483.71	-2.71790	1.690	0.00
0.00	-49876.58	-62483.78	-2.71727	-49876.58	-62483.78	-2.71727	1.612	0.00
0.00	-49876.75	-62483.85	-2.71675	-49876.75	-62483.85	-2.71675	1.764	0.00
0.00	-49876.92	-62483.92	-2.71654	-49876.92	-62483.92	-2.71654	2.032	0.00
0.00	-49877.09	-62483.99	-2.71654	-49877.09	-62483.99	-2.71654	1.747	0.00
0.00	-49877.26	-62484.07	-2.71681	-49877.26	-62484.07	-2.71681	1.769	0.00
0.00	-49877.44	-62484.14	-2.71729	-49877.44	-62484.14	-2.71729	1.714	0.00
0.00	-49877.61	-62484.21	-2.71781	-49877.61	-62484.21	-2.71781	1.580	0.00
0.00	-49877.80	-62484.30	-2.71852	-49877.80	-62484.30	-2.71852	1.770	0.00
0.00	-49877.96	-62484.37	-2.71911	-49877.96	-62484.37	-2.71911	1.627	0.00
0.00	-49878.14	-62484.44	-2.71962	-49878.14	-62484.44	-2.71962	1.912	0.00
0.00	-49878.31	-62484.51	-2.72031	-49878.31	-62484.51	-2.72031	1.913	0.00
0.00	-49878.48	-62484.59	-2.72100	-49878.48	-62484.59	-2.72100	1.924	0.00
0.00	-49878.67	-62484.67	-2.72171	-49878.67	-62484.67	-2.72171	1.955	0.00
0.00	-49878.84	-62484.74	-2.72222	-49878.84	-62484.74	-2.72222	2.006	0.00
0.00	-49879.02	-62484.81	-2.72289	-49879.02	-62484.81	-2.72289	2.021	0.00
0.00	-49879.20	-62484.89	-2.72368	-49879.20	-62484.89	-2.72368	1.917	0.00
0.00	-49879.38	-62484.96	-2.72456	-49879.38	-62484.96	-2.72456	2.064	0.00
0.00	-49879.57	-62485.04	-2.72541	-49879.57	-62485.04	-2.72541	2.138	0.00
0.00	-49879.76	-62485.12	-2.72611	-49879.76	-62485.12	-2.72611	2.197	0.00
0.00	-49879.92	-62485.19	-2.72699	-49879.92	-62485.19	-2.72699	2.106	0.00
0.00	-49880.10	-62485.26	-2.72775	-49880.10	-62485.26	-2.72775	2.278	0.00
0.00	-49880.28	-62485.34	-2.72847	-49880.28	-62485.34	-2.72847	2.208	0.00
0.00	-49880.46	-62485.41	-2.72924	-49880.46	-62485.41	-2.72924	2.404	0.00
0.00	-49880.64	-62485.48	-2.73008	-49880.64	-62485.48	-2.73008	2.456	0.00
0.00	-49880.82	-62485.56	-2.73095	-49880.82	-62485.56	-2.73095	2.218	0.00
0.00	-49881.00	-62485.63	-2.73172	-49881.00	-62485.63	-2.73172	2.650	0.00
0.00	-49881.17	-62485.70	-2.73248	-49881.17	-62485.70	-2.73248	2.596	0.00
0.00	-49881.36	-62485.78	-2.73357	-49881.36	-62485.78	-2.73357	2.540	0.00
0.00	-49881.56	-62485.86	-2.73467	-49881.56	-62485.86	-2.73467	3.086	0.00
0.00	-49881.72	-62485.92	-2.73547	-49881.72	-62485.92	-2.73547	2.815	0.00
0.00	-49881.90	-62486.00	-2.73626	-49881.90	-62486.00	-2.73626	3.006	0.00
0.00	-49882.11	-62486.08	-2.73711	-49882.11	-62486.08	-2.73711	2.848	0.00
0.00	-49882.27	-62486.15	-2.73799	-49882.27	-62486.15	-2.73799	2.659	0.00
0.00	-49882.45	-62486.22	-2.73881	-49882.45	-62486.22	-2.73881	2.886	0.00
0.00	-49882.64	-62486.30	-2.73963	-49882.64	-62486.30	-2.73963	2.682	0.00
0.00	-49882.82	-62486.37	-2.74022	-49882.82	-62486.37	-2.74022	3.167	0.00
0.00	-49883.00	-62486.44	-2.74083	-49883.00	-62486.44	-2.74083	2.808	0.00
0.00	-49883.18	-62486.51	-2.74151	-49883.18	-62486.51	-2.74151	3.258	0.00
0.00	-49883.38	-62486.59	-2.74238	-49883.38	-62486.59	-2.74238	3.105	0.00
0.00	-49883.55	-62486.66	-2.74320	-49883.55	-62486.66	-2.74320	3.434	0.00
0.00	-49883.75	-62486.73	-2.74389	-49883.75	-62486.73	-2.74389	3.377	0.00
0.00	-49883.93	-62486.81	-2.74446	-49883.93	-62486.81	-2.74446	3.667	0.00
0.00	-49884.14	-62486.89	-2.74503	-49884.14	-62486.89	-2.74503	3.756	0.00
0.00	-49884.31	-62486.96	-2.74553	-49884.31	-62486.96	-2.74553	3.505	0.00
0.00	-49884.50	-62487.03	-2.74605	-49884.50	-62487.03	-2.74605	3.587	0.00
0.00	-49884.68	-62487.11	-2.74654	-49884.68	-62487.11	-2.74654	3.709	0.00
0.00	-49884.86	-62487.18	-2.74705	-49884.86	-62487.18	-2.74705	3.666	0.00
0.00	-49885.05	-62487.25	-2.74758	-49885.05	-62487.25	-2.74758	3.752	0.00
0.00	-49885.24	-62487.32	-2.74825	-49885.24	-62487.32	-2.74825	3.692	0.00
0.00	-49885.43	-62487.40	-2.74904	-49885.43	-62487.40	-2.74904	3.296	0.00
0.00	-49885.62	-62487.47	-2.74990	-49885.62	-62487.47	-2.74990	3.083	0.00
0.00	-49885.81	-62487.55	-2.75044	-49885.81	-62487.55	-2.75044	4.175	0.00
0.00	-49886.00	-62487.62	-2.75115	-49886.00	-62487.62	-2.75115	4.113	0.00
0.00	-49886.19	-62487.69	-2.75184	-49886.19	-62487.69	-2.75184	3.581	0.00
0.00	-49886.40	-62487.78	-2.75236	-49886.40	-62487.78	-2.75236	4.765	0.00
0.00	-49886.58	-62487.85	-2.75274	-49886.58	-62487.85	-2.75274	4.311	0.00
0.00	-49886.77	-62487.92	-2.75315	-49886.77	-62487.92	-2.75315	3.737	0.00
0.00	-49886.96	-62487.99	-2.75351	-49886.96	-62487.99	-2.75351	4.376	0.00
0.00	-49887.15	-62488.07	-2.75388	-49887.15	-62488.07	-2.75388	3.783	0.00
0.00	-49887.34	-62488.14	-2.75437	-49887.34	-62488.14	-2.75437	4.847	0.00
0.00	-49887.53	-62488.22	-2.75493	-49887.53	-62488.22	-2.75493	4.489	0.00
0.00	-49887.74	-62488.29	-2.75545	-49887.74	-62488.29	-2.75545	3.513	0.00
0.00	-49887.93	-62488.37	-2.75591	-49887.93	-62488.37	-2.75591	3.576	0.00
0.00	-49888.12	-62488.44	-2.75648	-49888.12	-62488.44	-2.75648	4.871	0.00
0.00	-49888.32	-62488.52	-2.75704	-49888.32	-62488.52	-2.75704	4.609	0.00
0.00	-49888.51	-62488.59	-2.75756	-49888.51	-62488.59	-2.75756	4.805	0.00
0.00	-49888.73	-62488.67	-2.75805	-49888.73	-62488.67	-2.75805	3.854	0.00
0.00	-49888.91	-62488.75	-2.75836	-49888.91	-62488.75	-2.75836	5.466	0.00
0.00	-49889.11	-62488.82	-2.75856	-49889.11	-62488.82	-2.75856	4.845	0.00
0.00	-49889.31	-62488.90	-2.75879	-49889.31	-62488.90	-2.75879	5.162	0.00
0.00	-49889.51	-62488.97	-2.75919	-49889.51	-62488.97	-2.75919	5.089	0.00
0.00	-49889.71	-62489.05	-2.75957	-49889.71	-62489.05	-2.75957	4.954	0.00
0.00	-49889.90	-62489.13	-2.75976	-49889.90	-62489.13	-2.75976	4.754	0.00
0.00	-49890.10	-62489.20	-2.75978	-49890.10	-62489.20	-2.75978	3.846	0.00
0.00	-49890.30	-62489.28	-2.76004	-49890.30	-62489.28	-2.76004	5.648	0.00
0.00	-49890.50	-62489.35	-2.76028	-49890.50	-62489.35	-2.76028	5.084	0.00
0.00	-49890.70	-62489.43	-2.76033	-49890.70	-62489.43	-2.76033	4.295	0.00
0.00	-49890.91	-62489.51	-2.76032	-49890.91	-62489.51	-2.76032	5.129	0.00
0.00	-49891.11	-62489.59	-2.76022	-49891.11	-62489.59	-2.76022	4.799	0.00
0.00	-49891.31	-62489.66	-2.76019	-49891.31	-62489.66	-2.76019	4.551	0.00
0.00	-49891.51	-62489.74	-2.76033	-49891.51	-62489.74	-2.76033	4.865	0.00
0.00	-49891.69	-62489.81	-2.76035	-49891.69	-62489.81	-2.76035	4.991	0.00
0.00	-49891.89	-62489.89	-2.76037	-49891.89	-62489.89	-2.76037	4.875	0.00
0.00	-49892.12	-62489.97	-2.76019	-49892.12	-62489.97	-2.76019	5.300	0.00
0.00	-49892.29	-62490.04	-2.76002	-49892.29	-62490.04	-2.76002	5.013	0.00
0.00	-49892.49	-62490.12	-2.76029	-49892.49	-62490.12	-2.76029	4.824	0.00
0.00	-49892.69	-62490.19	-2.76038	-49892.69	-62490.19	-2.76038	4.751	0.00
0.00	-49892.89	-62490.27	-2.76006	-49892.89	-62490.27	-2.76006	5.051	0.00
0.00	-49893.08	-62490.34	-2.75983	-49893.08	-62490.34	-2.75983	5.283	0.00
0.00	-49893.31	-62490.43	-2.75987	-49893.31	-62490.43	-2.75987	4.955	0.00
0.00	-49893.50	-62490.51	-2.75987	-49893.50	-62490.51	-2.75987	5.491	0.00
0.00	-49893.70	-62490.58	-2.75996	-49893.70	-62490.58	-2.75996	5.068	0.00
0.00	-49893.90	-62490.66	-2.76008	-49893.90	-62490.66	-2.76008	5.276	0.00
0.00	-49894.12	-62490.74	-2.76027	-49894.12	-62490.74	-2.76027	5.617	0.00
0.00	-49894.32	-62490.82	-2.76045	-49894.32	-62490.82	-2.76045	5.139	0.00
0.00	-49894.53	-62490.90	-2.76063	-49894.53	-62490.90	-2.76063	5.368	0.00
0.00	-49894.74	-62490.98	-2.76085	-49894.74	-62490.98	-2.76085	5.388	0.00
0.00	-49894.97	-62491.06	-2.76125	-49894.97	-62491.06	-2.76125	5.484	0.00
0.00	-49895.18	-62491.15	-2.76159	-49895.18	-62491.15	-2.76159	5.579	0.00
0.00	-49895.41	-62491.23	-2.76194	-49895.41	-62491.23	-2.76194	5.685	0.00
0.00	-49895.64	-62491.32	-2.76237	-49895.64	-62491.32	-2.76237	5.527	0.00
0.00	-49895.85	-62491.40	-2.76282	-49895.85	-62491.40	-2.76282	5.388	0.00
0.00	-49896.11	-62491.49	-2.76316	-49896.11	-62491.49	-2.76316	5.522	0.00
0.00	-49896.33	-62491.58	-2.76335	-49896.33	-62491.58	-2.76335	6.254	0.00
0.00	-49896.56	-62491.67	-2.76363	-49896.56	-62491.67	-2.76363	5.925	0.00
0.00	-49896.80	-62491.75	-2.76386	-49896.80	-62491.75	-2.76386	5.691	0.00
0.00	-49897.05	-62491.85	-2.76411	-49897.05	-62491.85	-2.76411	5.963	0.00
0.00	-49897.27	-62491.93	-2.76433	-49897.27	-62491.93	-2.76433	5.921	0.00
0.00	-49897.52	-62492.03	-2.76492	-49897.52	-62492.03	-2.76492	6.428	0.00
0.00	-49897.77	-62492.12	-2.76536	-49897.77	-62492.12	-2.76536	6.236	0.00
0.00	-49898.02	-62492.21	-2.76566	-49898.02	-62492.21	-2.76566	6.203	0.00
0.00	-49898.26	-62492.30	-2.76593	-49898.26	-62492.30	-2.76593	6.555	0.00
0.00	-49898.53	-62492.41	-2.76617	-49898.53	-62492.41	-2.76617	5.907	0.00
0.00	-49898.77	-62492.50	-2.76635	-49898.77	-62492.50	-2.76635	6.350	0.00
0.00	-49899.02	-62492.59	-2.76643	-49899.02	-62492.59	-2.76643	6.408	0.00
0.00	-49899.27	-62492.68	-2.76649	-49899.27	-62492.68	-2.76649	6.030	0.00
0.00	-49899.52	-62492.78	-2.76661	-49899.52	-62492.78	-2.76661	6.204	0.00
0.00	-49899.77	-62492.87	-2.76681	-49899.77	-62492.87	-2.76681	6.492	0.00
0.00	-49900.02	-62492.97	-2.76716	-49900.02	-62492.97	-2.76716	6.728	0.00
0.00	-49900.29	-62493.06	-2.76777	-49900.29	-62493.06	-2.76777	6.204	0.00
0.00	-49900.54	-62493.16	-2.76827	-49900.54	-62493.16	-2.76827	7.082	0.00
0.00	-49900.80	-62493.25	-2.76864	-49900.80	-62493.25	-2.76864	6.624	0.00
0.00	-49901.05	-62493.35	-2.76906	-49901.05	-62493.35	-2.76906	6.406	0.00
0.00	-49901.31	-62493.44	-2.76955	-49901.31	-62493.44	-2.76955	7.130	0.00
0.00	-49901.58	-62493.54	-2.77002	-49901.58	-62493.54	-2.77002	7.027	0.00
0.00	-49901.80	-62493.62	-2.77042	-49901.80	-62493.62	-2.77042	6.615	0.00
0.00	-49902.09	-62493.73	-2.77097	-49902.09	-62493.73	-2.77097	6.066	0.00
0.00	-49902.34	-62493.82	-2.77144	-49902.34	-62493.82	-2.77144	6.500	0.00
0.00	-49902.60	-62493.92	-2.77192	-49902.60	-62493.92	-2.77192	6.690	0.00
0.00	-49902.86	-62494.01	-2.77230	-49902.86	-62494.01	-2.77230	6.386	0.00
0.00	-49903.13	-62494.11	-2.77278	-49903.13	-62494.11	-2.77278	6.841	0.00
0.00	-49903.39	-62494.20	-2.77322	-49903.39	-62494.20	-2.77322	6.737	0.00
0.00	-49903.65	-62494.30	-2.77357	-49903.65	-62494.30	-2.77357	7.128	0.00
0.00	-49903.92	-62494.40	-2.77384	-49903.92	-62494.40	-2.77384	7.011	0.00
0.00	-49904.18	-62494.49	-2.77392	-49904.18	-62494.49	-2.77392	6.777	0.00
0.00	-49904.47	-62494.60	-2.77394	-49904.47	-62494.60	-2.77394	7.017	0.00
0.00	-49904.69	-62494.68	-2.77396	-49904.69	-62494.68	-2.77396	6.679	0.00
0.00	-49904.97	-62494.79	-2.77392	-49904.97	-62494.79	-2.77392	6.807	0.00
0.00	-49905.28	-62494.90	-2.77392	-49905.28	-62494.90	-2.77392	6.719	0.00
0.00	-49905.51	-62494.99	-2.77383	-49905.51	-62494.99	-2.77383	6.682	0.00
0.00	-49905.78	-62495.09	-2.77377	-49905.78	-62495.09	-2.77377	7.256	0.00
0.00	-49906.09	-62495.20	-2.77368	-49906.09	-62495.20	-2.77368	6.976	0.00
0.00	-49906.31	-62495.29	-2.77370	-49906.31	-62495.29	-2.77370	6.906	0.00
0.00	-49906.59	-62495.39	-2.77376	-49906.59	-62495.39	-2.77376	7.190	0.00
0.00	-49906.86	-62495.49	-2.77380	-49906.86	-62495.49	-2.77380	6.852	0.00
0.00	-49907.14	-62495.59	-2.77383	-49907.14	-62495.59	-2.77383	7.515	0.00
0.00	-49907.40	-62495.69	-2.77394	-49907.40	-62495.69	-2.77394	7.188	0.00
0.00	-49907.68	-62495.79	-2.77400	-49907.68	-62495.79	-2.77400	7.230	0.00
0.00	-49907.97	-62495.90	-2.77405	-49907.97	-62495.90	-2.77405	7.695	0.00
0.00	-49908.25	-62496.00	-2.77410	-49908.25	-62496.00	-2.77410	7.777	0.00
0.00	-49908.51	-62496.10	-2.77425	-49908.51	-62496.10	-2.77425	7.168	0.00
0.00	-49908.81	-62496.21	-2.77459	-49908.81	-62496.21	-2.77459	7.362	0.00
0.00	-49909.06	-62496.30	-2.77490	-49909.06	-62496.30	-2.77490	7.582	0.00
0.00	-49909.34	-62496.40	-2.77514	-49909.34	-62496.40	-2.77514	8.071	0.00
0.00	-49909.62	-62496.50	-2.77540	-49909.62	-62496.50	-2.77540	7.521	0.00
0.00	-49909.91	-62496.61	-2.77608	-49909.91	-62496.61	-2.77608	7.976	0.00
0.00	-49910.19	-62496.71	-2.77692	-49910.19	-62496.71	-2.77692	7.813	0.00
0.00	-49910.47	-62496.81	-2.77761	-49910.47	-62496.81	-2.77761	7.452	0.00
0.00	-49910.75	-62496.91	-2.77811	-49910.75	-62496.91	-2.77811	8.138	0.00
0.00	-49911.03	-62497.01	-2.77848	-49911.03	-62497.01	-2.77848	8.367	0.00
0.00	-49911.31	-62497.11	-2.77879	-49911.31	-62497.11	-2.77879	7.704	0.00
0.00	-49911.63	-62497.23	-2.77917	-49911.63	-62497.23	-2.77917	7.624	0.00
0.00	-49911.88	-62497.32	-2.77938	-49911.88	-62497.32	-2.77938	7.620	0.00
0.00	-49912.16	-62497.42	-2.77954	-49912.16	-62497.42	-2.77954	7.752	0.00
0.00	-49912.44	-62497.52	-2.77962	-49912.44	-62497.52	-2.77962	8.091	0.00
0.00	-49912.73	-62497.63	-2.77970	-49912.73	-62497.63	-2.77970	7.952	0.00
0.00	-49913.01	-62497.73	-2.77967	-49913.01	-62497.73	-2.77967	7.829	0.00
0.00	-49913.29	-62497.83	-2.77968	-49913.29	-62497.83	-2.77968	8.169	0.00
0.00	-49913.58	-62497.93	-2.77987	-49913.58	-62497.93	-2.77987	8.233	0.00
0.00	-49913.86	-62498.04	-2.77998	-49913.86	-62498.04	-2.77998	7.976	0.00
0.00	-49914.15	-62498.14	-2.77973	-49914.15	-62498.14	-2.77973	8.403	0.00
0.00	-49914.43	-62498.24	-2.77931	-49914.43	-62498.24	-2.77931	8.070	0.00
0.00	-49914.76	-62498.36	-2.77899	-49914.76	-62498.36	-2.77899	8.659	0.00
0.00	-49915.01	-62498.45	-2.77881	-49915.01	-62498.45	-2.77881	8.234	0.00
0.00	-49915.30	-62498.56	-2.77858	-49915.30	-62498.56	-2.77858	8.205	0.00
0.00	-49915.59	-62498.67	-2.77840	-49915.59	-62498.67	-2.77840	9.241	0.00
0.00	-49915.88	-62498.77	-2.77836	-49915.88	-62498.77	-2.77836	8.552	0.00
0.00	-49916.17	-62498.87	-2.77843	-49916.17	-62498.87	-2.77843	8.667	0.00
0.00	-49916.45	-62498.98	-2.77845	-49916.45	-62498.98	-2.77845	8.081	0.00
0.00	-49916.74	-62499.08	-2.77871	-49916.74	-62499.08	-2.77871	8.045	0.00
0.00	-49917.03	-62499.19	-2.77899	-49917.03	-62499.19	-2.77899	9.241	0.00
0.00	-49917.32	-62499.29	-2.77890	-49917.32	-62499.29	-2.77890	8.551	0.00
0.00	-49917.61	-62499.39	-2.77901	-49917.61	-62499.39	-2.77901	8.864	0.00
0.00	-49917.90	-62499.50	-2.77940	-49917.90	-62499.50	-2.77940	8.665	0.00
0.00	-49918.21	-62499.61	-2.77946	-49918.21	-62499.61	-2.77946	8.565	0.00
0.00	-49918.49	-62499.71	-2.77955	-49918.49	-62499.71	-2.77955	8.518	0.00
0.00	-49918.74	-62499.81	-2.78038	-49918.74	-62499.81	-2.78038	8.290	0.00
0.00	-49919.06	-62499.92	-2.78107	-49919.06	-62499.92	-2.78107	8.747	0.00
0.00	-49919.35	-62500.03	-2.78108	-49919.35	-62500.03	-2.78108	9.336	0.00
0.00	-49919.66	-62500.14	-2.78135	-49919.66	-62500.14	-2.78135	8.808	0.00
0.00	-49919.95	-62500.24	-2.78195	-49919.95	-62500.24	-2.78195	9.127	0.00
0.00	-49920.24	-62500.35	-2.78229	-49920.24	-62500.35	-2.78229	8.587	0.00
0.00	-49920.54	-62500.46	-2.78241	-49920.54	-62500.46	-2.78241	8.573	0.00
0.00	-49920.86	-62500.57	-2.78265	-49920.86	-62500.57	-2.78265	9.511	0.00
0.00	-49921.11	-62500.66	-2.78302	-49921.11	-62500.66	-2.78302	8.880	0.00
0.00	-49921.42	-62500.77	-2.78341	-49921.42	-62500.77	-2.78341	8.830	0.00
0.00	-49921.72	-62500.88	-2.78389	-49921.72	-62500.88	-2.78389	8.808	0.00
0.00	-49922.06	-62501.00	-2.78417	-49922.06	-62501.00	-2.78417	9.238	0.00
0.00	-49922.33	-62501.10	-2.78434	-49922.33	-62501.10	-2.78434	9.081	0.00
0.00	-49922.62	-62501.20	-2.78469	-49922.62	-62501.20	-2.78469	9.104	0.00
0.00	-49922.92	-62501.31	-2.78512	-49922.92	-62501.31	-2.78512	9.149	0.00
0.00	-49923.22	-62501.42	-2.78521	-49923.22	-62501.42	-2.78521	8.848	0.00
0.00	-49923.50	-62501.52	-2.78510	-49923.50	-62501.52	-2.78510	8.994	0.00
0.00	-49923.83	-62501.63	-2.78501	-49923.83	-62501.63	-2.78501	10.021	0.00
0.00	-49924.09	-62501.73	-2.78491	-49924.09	-62501.73	-2.78491	9.446	0.00
0.00	-49924.41	-62501.84	-2.78462	-49924.41	-62501.84	-2.78462	8.620	0.00
0.00	-49924.74	-62501.96	-2.78435	-49924.74	-62501.96	-2.78435	9.101	0.00
0.00	-49925.00	-62502.05	-2.78432	-49925.00	-62502.05	-2.78432	9.332	0.00
0.00	-49925.30	-62502.16	-2.78435	-49925.30	-62502.16	-2.78435	9.295	0.00
0.00	-49925.64	-62502.28	-2.78431	-49925.64	-62502.28	-2.78431	10.043	0.00
0.00	-49925.93	-62502.39	-2.78434	-49925.93	-62502.39	-2.78434	9.273	0.00
0.00	-49926.24	-62502.50	-2.78455	-49926.24	-62502.50	-2.78455	9.243	0.00
0.00	-49926.55	-62502.61	-2.78481	-49926.55	-62502.61	-2.78481	9.522	0.00
0.00	-49926.85	-62502.71	-2.78485	-49926.85	-62502.71	-2.78485	9.357	0.00
0.00	-49927.15	-62502.82	-2.78482	-49927.15	-62502.82	-2.78482	9.452	0.00
0.00	-49927.46	-62502.93	-2.78492	-49927.46	-62502.93	-2.78492	9.712	0.00
0.00	-49927.77	-62503.04	-2.78520	-49927.77	-62503.04	-2.78520	9.396	0.00
0.00	-49928.07	-62503.15	-2.78549	-49928.07	-62503.15	-2.78549	9.777	0.00
0.00	-49928.38	-62503.25	-2.78577	-49928.38	-62503.25	-2.78577	10.252	0.00
0.00	-49928.69	-62503.36	-2.78607	-49928.69	-62503.36	-2.78607	10.401	0.00
0.00	-49928.80	-62503.40	-2.78588	-49928.80	-62503.40	-2.78588	9.714	0.00
0.00	-49928.80	-62503.40	-2.78588	-49928.80	-62503.40	-2.78588	10.034	0.00
0.00	-49928.80	-62503.40	-2.78588	-49928.80	-62503.40	-2.78588	10.257	0.00
0.00	-49928.80	-62503.40	-2.78588	-49928.80	-62503.40	-2.78588	9.941	0.00
0.00	-49928.80	-62503.40	-2.78588	-49928.80	-62503.40	-2.78588	9.751	0.00
0.00	-49928.80	-62503.40	-2.78588	-49928.80	-62503.40	-2.78588	10.204	0.00
0.00	-49928.80	-62503.40	-2.78588	-49928.80	-62503.40	-2.78588	10.893	0.00
0.00	-49931.71	-62504.49	-2.77630	-49931.71	-62504.49	-2.77630	9.902	0.00
0.00	-49930.91	-62504.17	-2.77808	-49930.91	-62504.17	-2.77808	10.128	0.00
0.00	-49931.75	-62504.47	-2.78014	-49931.75	-62504.47	-2.78014	10.832	0.00
0.00	-49932.10	-62504.60	-2.78118	-49932.10	-62504.60	-2.78118	9.998	0.00
0.00	-49932.44	-62504.72	-2.78213	-49932.44	-62504.72	-2.78213	10.126	0.00
0.00	-49932.81	-62504.85	-2.78293	-49932.81	-62504.85	-2.78293	11.017	0.00
0.00	-49933.12	-62504.96	-2.78337	-49933.12	-62504.96	-2.78337	10.037	0.00
0.00	-49933.44	-62505.07	-2.78377	-49933.44	-62505.07	-2.78377	10.251	0.00
0.00	-49933.76	-62505.18	-2.78406	-49933.76	-62505.18	-2.78406	10.188	0.00
0.00	-49934.09	-62505.30	-2.78416	-49934.09	-62505.30	-2.78416	10.324	0.00
0.00	-49934.42	-62505.42	-2.78391	-49934.42	-62505.42	-2.78391	10.634	0.00
0.00	-49934.74	-62505.53	-2.78329	-49934.74	-62505.53	-2.78329	9.870	0.00
0.00	-49935.06	-62505.65	-2.78245	-49935.06	-62505.65	-2.78245	10.753	0.00
0.00	-49935.39	-62505.77	-2.78147	-49935.39	-62505.77	-2.78147	10.580	0.00
0.00	-49935.71	-62505.89	-2.78038	-49935.71	-62505.89	-2.78038	10.741	0.00
0.00	-49936.04	-62506.01	-2.77925	-49936.04	-62506.01	-2.77925	10.722	0.00
0.00	-49936.37	-62506.13	-2.77815	-49936.37	-62506.13	-2.77815	10.352	0.00
0.00	-49936.73	-62506.26	-2.77712	-49936.73	-62506.26	-2.77712	10.236	0.00
0.00	-49937.04	-62506.38	-2.77614	-49937.04	-62506.38	-2.77614	10.772	0.00
0.00	-49937.37	-62506.50	-2.77532	-49937.37	-62506.50	-2.77532	10.713	0.00
0.00	-49937.69	-62506.62	-2.77469	-49937.69	-62506.62	-2.77469	11.264	0.00
0.00	-49938.04	-62506.75	-2.77421	-49938.04	-62506.75	-2.77421	10.265	0.00
0.00	-49938.38	-62506.88	-2.77334	-49938.38	-62506.88	-2.77334	10.365	0.00
0.00	-49938.70	-62507.00	-2.77257	-49938.70	-62507.00	-2.77257	11.053	0.00
0.00	-49939.03	-62507.12	-2.77177	-49939.03	-62507.12	-2.77177	10.477	0.00
0.00	-49939.39	-62507.26	-2.77097	-49939.39	-62507.26	-2.77097	11.118	0.00
0.00	-49939.69	-62507.37	-2.77049	-49939.69	-62507.37	-2.77049	11.390	0.00
0.00	-49940.03	-62507.50	-2.76988	-49940.03	-62507.50	-2.76988	11.452	0.00
0.00	-49940.37	-62507.63	-2.76899	-49940.37	-62507.63	-2.76899	11.546	0.00
0.00	-49940.75	-62507.78	-2.76805	-49940.75	-62507.78	-2.76805	11.261	0.00
0.00	-49941.06	-62507.90	-2.76731	-49941.06	-62507.90	-2.76731	11.393	0.00
0.00	-49941.39	-62508.02	-2.76659	-49941.39	-62508.02	-2.76659	10.968	0.00
0.00	-49941.73	-62508.16	-2.76601	-49941.73	-62508.16	-2.76601	10.944	0.00
0.00	-49942.08	-62508.29	-2.76546	-49942.08	-62508.29	-2.76546	10.916	0.00
0.00	-49942.41	-62508.42	-2.76476	-49942.41	-62508.42	-2.76476	11.280	0.00
0.00	-49942.77	-62508.55	-2.76422	-49942.77	-62508.55	-2.76422	10.979	0.00
0.00	-49943.08	-62508.67	-2.76396	-49943.08	-62508.67	-2.76396	11.264	0.00
0.00	-49943.43	-62508.81	-2.76361	-49943.43	-62508.81	-2.76361	11.247	0.00
0.00	-49943.81	-62508.95	-2.76333	-49943.81	-62508.95	-2.76333	11.168	0.00
0.00	-49944.10	-62509.07	-2.76337	-49944.10	-62509.07	-2.76337	11.665	0.00
0.00	-49944.46	-62509.20	-2.76370	-49944.46	-62509.20	-2.76370	11.628	0.00
0.00	-49944.85	-62509.35	-2.76378	-49944.85	-62509.35	-2.76378	11.509	0.00
0.00	-49945.18	-62509.48	-2.76357	-49945.18	-62509.48	-2.76357	11.160	0.00
0.00	-49945.53	-62509.61	-2.76364	-49945.53	-62509.61	-2.76364	11.420	0.00
0.00	-49945.90	-62509.75	-2.76429	-49945.90	-62509.75	-2.76429	11.707	0.00
0.00	-49946.25	-62509.88	-2.76512	-49946.25	-62509.88	-2.76512	11.190	0.00
0.00	-49946.60	-62510.01	-2.76568	-49946.60	-62510.01	-2.76568	11.977	0.00
0.00	-49946.97	-62510.15	-2.76610	-49946.97	-62510.15	-2.76610	11.345	0.00
0.00	-49947.33	-62510.28	-2.76667	-49947.33	-62510.28	-2.76667	12.503	0.00
0.00	-49947.68	-62510.42	-2.76730	-49947.68	-62510.42	-2.76730	12.892	0.00
0.00	-49948.04	-62510.55	-2.76787	-49948.04	-62510.55	-2.76787	11.033	0.00
0.00	-49948.40	-62510.68	-2.76833	-49948.40	-62510.68	-2.76833	12.385	0.00
0.00	-49948.80	-62510.83	-2.76883	-49948.80	-62510.83	-2.76883	11.117	0.00
0.00	-49949.15	-62510.96	-2.76927	-49949.15	-62510.96	-2.76927	12.258	0.00
0.00	-49949.52	-62511.10	-2.76988	-49949.52	-62511.10	-2.76988	12.029	0.00
0.00	-49949.89	-62511.23	-2.77075	-49949.89	-62511.23	-2.77075	11.632	0.00
0.00	-49950.27	-62511.37	-2.77186	-49950.27	-62511.37	-2.77186	12.508	0.00
0.00	-49950.64	-62511.51	-2.77281	-49950.64	-62511.51	-2.77281	11.808	0.00
0.00	-49951.01	-62511.65	-2.77355	-49951.01	-62511.65	-2.77355	11.670	0.00
0.00	-49951.39	-62511.78	-2.77382	-49951.39	-62511.78	-2.77382	12.346	0.00
0.00	-49951.76	-62511.92	-2.77352	-49951.76	-62511.92	-2.77352	11.968	0.00
0.00	-49952.13	-62512.06	-2.77305	-49952.13	-62512.06	-2.77305	12.512	0.00
0.00	-49952.51	-62512.20	-2.77296	-49952.51	-62512.20	-2.77296	11.336	0.00
0.00	-49952.88	-62512.34	-2.77289	-49952.88	-62512.34	-2.77289	12.090	0.00
0.00	-49953.29	-62512.49	-2.77249	-49953.29	-62512.49	-2.77249	12.651	0.00
0.00	-49953.65	-62512.62	-2.77222	-49953.65	-62512.62	-2.77222	12.681	0.00
0.00	-49954.02	-62512.77	-2.77194	-49954.02	-62512.77	-2.77194	13.115	0.00
0.00	-49954.42	-62512.91	-2.77129	-49954.42	-62512.91	-2.77129	12.191	0.00
0.00	-49954.78	-62513.05	-2.77041	-49954.78	-62513.05	-2.77041	12.916	0.00
0.00	-49955.17	-62513.20	-2.76932	-49955.17	-62513.20	-2.76932	13.128	0.00
0.00	-49955.54	-62513.34	-2.76822	-49955.54	-62513.34	-2.76822	13.038	0.00
0.00	-49955.94	-62513.50	-2.76721	-49955.94	-62513.50	-2.76721	13.372	0.00
0.00	-49956.30	-62513.64	-2.76627	-49956.30	-62513.64	-2.76627	12.163	0.00
0.00	-49956.68	-62513.79	-2.76506	-49956.68	-62513.79	-2.76506	13.436	0.00
0.00	-49957.06	-62513.94	-2.76359	-49957.06	-62513.94	-2.76359	12.262	0.00
0.00	-49957.43	-62514.08	-2.76212	-49957.43	-62514.08	-2.76212	12.474	0.00
0.00	-49957.82	-62514.24	-2.76070	-49957.82	-62514.24	-2.76070	14.038	0.00
0.00	-49958.24	-62514.40	-2.75935	-49958.24	-62514.40	-2.75935	12.422	0.00
0.00	-49958.62	-62514.55	-2.75804	-49958.62	-62514.55	-2.75804	12.560	0.00
0.00	-49959.00	-62514.71	-2.75685	-49959.00	-62514.71	-2.75685	13.036	0.00
0.00	-49959.38	-62514.86	-2.75573	-49959.38	-62514.86	-2.75573	12.952	0.00
0.00	-49959.78	-62515.01	-2.75458	-49959.78	-62515.01	-2.75458	12.524	0.00
0.00	-49960.15	-62515.16	-2.75359	-49960.15	-62515.16	-2.75359	12.939	0.00
0.00	-49960.53	-62515.31	-2.75284	-49960.53	-62515.31	-2.75284	13.121	0.00
0.00	-49960.93	-62515.47	-2.75222	-49960.93	-62515.47	-2.75222	13.468	0.00
0.00	-49961.30	-62515.62	-2.75181	-49961.30	-62515.62	-2.75181	12.656	0.00
0.00	-49961.68	-62515.77	-2.75167	-49961.68	-62515.77	-2.75167	12.848	0.00
0.00	-49962.12	-62515.94	-2.75180	-49962.12	-62515.94	-2.75180	12.334	0.00
0.00	-49962.48	-62516.08	-2.75210	-49962.48	-62516.08	-2.75210	12.788	0.00
0.00	-49962.86	-62516.23	-2.75226	-49962.86	-62516.23	-2.75226	12.474	0.00
0.00	-49963.28	-62516.39	-2.75255	-49963.28	-62516.39	-2.75255	13.124	0.00
0.00	-49963.65	-62516.53	-2.75317	-49963.65	-62516.53	-2.75317	13.258	0.00
0.00	-49964.05	-62516.69	-2.75393	-49964.05	-62516.69	-2.75393	13.037	0.00
0.00	-49964.44	-62516.84	-2.75473	-49964.44	-62516.84	-2.75473	13.285	0.00
0.00	-49964.83	-62516.99	-2.75557	-49964.83	-62516.99	-2.75557	12.889	0.00
0.00	-49965.22	-62517.13	-2.75633	-49965.22	-62517.13	-2.75633	12.226	0.00
0.00	-49965.61	-62517.28	-2.75685	-49965.61	-62517.28	-2.75685	13.198	0.00
0.00	-49966.01	-62517.44	-2.75734	-49966.01	-62517.44	-2.75734	13.083	0.00
0.00	-49966.40	-62517.59	-2.75801	-49966.40	-62517.59	-2.75801	13.163	0.00
0.00	-49966.80	-62517.74	-2.75877	-49966.80	-62517.74	-2.75877	13.221	0.00
0.00	-49967.20	-62517.89	-2.75932	-49967.20	-62517.89	-2.75932	13.453	0.00
0.00	-49967.64	-62518.06	-2.75979	-49967.64	-62518.06	-2.75979	14.167	0.00
0.00	-49968.04	-62518.21	-2.76033	-49968.04	-62518.21	-2.76033	13.462	0.00
0.00	-49968.45	-62518.37	-2.76059	-49968.45	-62518.37	-2.76059	13.628	0.00
0.00	-49968.84	-62518.52	-2.76085	-49968.84	-62518.52	-2.76085	13.867	0.00
0.00	-49969.23	-62518.67	-2.76103	-49969.23	-62518.67	-2.76103	13.526	0.00
0.00	-49969.65	-62518.83	-2.76098	-49969.65	-62518.83	-2.76098	13.283	0.00
0.00	-49970.06	-62518.99	-2.76094	-49970.06	-62518.99	-2.76094	12.880	0.00
0.00	-49970.43	-62519.13	-2.76113	-49970.43	-62519.13	-2.76113	13.414	0.00
0.00	-49970.83	-62519.28	-2.76100	-49970.83	-62519.28	-2.76100	13.924	0.00
0.00	-49971.23	-62519.44	-2.76070	-49971.23	-62519.44	-2.76070	12.814	0.00
0.00	-49971.63	-62519.59	-2.76048	-49971.63	-62519.59	-2.76048	14.122	0.00
0.00	-49972.03	-62519.75	-2.76048	-49972.03	-62519.75	-2.76048	13.072	0.00
0.00	-49972.47	-62519.92	-2.76047	-49972.47	-62519.92	-2.76047	14.121	0.00
0.00	-49972.87	-62520.07	-2.76056	-49972.87	-62520.07	-2.76056	13.082	0.00
0.00	-49973.27	-62520.23	-2.76080	-49973.27	-62520.23	-2.76080	13.959	0.00
0.00	-49973.66	-62520.38	-2.76106	-49973.66	-62520.38	-2.76106	13.721	0.00
0.00	-49974.07	-62520.54	-2.76125	-49974.07	-62520.54	-2.76125	13.228	0.00
0.00	-49974.46	-62520.69	-2.76160	-49974.46	-62520.69	-2.76160	13.124	0.00
0.00	-49974.85	-62520.85	-2.76201	-49974.85	-62520.85	-2.76201	13.594	0.00
0.00	-49975.24	-62521.00	-2.76247	-49975.24	-62521.00	-2.76247	13.423	0.00
0.00	-49975.64	-62521.15	-2.76299	-49975.64	-62521.15	-2.76299	14.614	0.00
0.00	-49976.03	-62521.30	-2.76361	-49976.03	-62521.30	-2.76361	14.562	0.00
0.00	-49976.47	-62521.47	-2.76428	-49976.47	-62521.47	-2.76428	13.474	0.00
0.00	-49976.84	-62521.62	-2.76465	-49976.84	-62521.62	-2.76465	14.007	0.00
0.00	-49977.23	-62521.76	-2.76483	-49977.23	-62521.76	-2.76483	14.125	0.00
0.00	-49977.60	-62521.91	-2.76526	-49977.60	-62521.91	-2.76526	14.685	0.00
0.00	-49978.06	-62522.08	-2.76586	-49978.06	-62522.08	-2.76586	13.340	0.00
0.00	-49978.42	-62522.22	-2.76649	-49978.42	-62522.22	-2.76649	14.096	0.00
0.00	-49978.82	-62522.37	-2.76698	-49978.82	-62522.37	-2.76698	14.461	0.00
0.00	-49979.21	-62522.52	-2.76752	-49979.21	-62522.52	-2.76752	13.717	0.00
0.00	-49979.59	-62522.66	-2.76824	-49979.59	-62522.66	-2.76824	14.255	0.00
0.00	-49979.97	-62522.80	-2.76894	-49979.97	-62522.80	-2.76894	14.246	0.00
0.00	-49980.37	-62522.95	-2.76956	-49980.37	-62522.95	-2.76956	13.885	0.00
0.00	-49980.73	-62523.08	-2.77034	-49980.73	-62523.08	-2.77034	13.836	0.00
0.00	-49981.11	-62523.22	-2.77094	-49981.11	-62523.22	-2.77094	14.393	0.00
0.00	-49981.55	-62523.39	-2.77132	-49981.55	-62523.39	-2.77132	15.861	0.00
0.00	-49981.92	-62523.52	-2.77212	-49981.92	-62523.52	-2.77212	14.493	0.00
0.00	-49982.29	-62523.66	-2.77295	-49982.29	-62523.66	-2.77295	14.688	0.00
0.00	-49982.70	-62523.81	-2.77351	-49982.70	-62523.81	-2.77351	14.148	0.00
0.00	-49983.04	-62523.93	-2.77436	-49983.04	-62523.93	-2.77436	15.127	0.00
0.00	-49983.43	-62524.07	-2.77520	-49983.43	-62524.07	-2.77520	14.647	0.00
0.00	-49983.86	-62524.23	-2.77588	-49983.86	-62524.23	-2.77588	14.383	0.00
0.00	-49984.17	-62524.35	-2.77611	-49984.17	-62524.35	-2.77611	14.774	0.00
0.00	-49984.56	-62524.49	-2.77635	-49984.56	-62524.49	-2.77635	14.677	0.00
0.00	-49985.00	-62524.65	-2.77668	-49985.00	-62524.65	-2.77668	15.179	0.00
0.00	-49985.30	-62524.76	-2.77712	-49985.30	-62524.76	-2.77712	497.557	0.00
0.00	-49987.85	-62525.70	-2.77684	-49987.85	-62525.70	-2.77684	1.963	0.00
0.00	-49987.11	-62525.42	-2.77688	-49987.11	-62525.42	-2.77688	1.869	0.00
0.00	-49987.11	-62525.41	-2.77696	-49987.11	-62525.41	-2.77696	2.103	0.00
0.00	-49987.54	-62525.57	-2.77713	-49987.54	-62525.57	-2.77713	2.004	0.00
0.00	-49987.92	-62525.71	-2.77724	-49987.92	-62525.71	-2.77724	2.185	0.00
0.00	-49988.30	-62525.84	-2.77795	-49988.30	-62525.84	-2.77795	2.070	0.00
0.00	-49988.69	-62525.99	-2.77966	-49988.69	-62525.99	-2.77966	2.288	0.00
0.00	-49989.01	-62526.10	-2.78160	-49989.01	-62526.10	-2.78160	2.256	0.00
0.00	-49989.39	-62526.23	-2.78260	-49989.39	-62526.23	-2.78260	2.049	0.00
0.00	-49989.81	-62526.38	-2.78321	-49989.81	-62526.38	-2.78321	2.368	0.00
0.00	-49990.14	-62526.50	-2.78347	-49990.14	-62526.50	-2.78347	2.490	0.00
0.00	-49990.50	-62526.63	-2.78314	-49990.50	-62526.63	-2.78314	2.610	0.00
0.00	-49990.88	-62526.77	-2.78260	-49990.88	-62526.77	-2.78260	2.537	0.00
0.00	-49991.25	-62526.90	-2.78238	-49991.25	-62526.90	-2.78238	3.250	0.00
0.00	-49991.60	-62527.03	-2.78250	-49991.60	-62527.03	-2.78250	2.677	0.00
0.00	-49991.97	-62527.17	-2.78264	-49991.97	-62527.17	-2.78264	2.744	0.00
0.00	-49992.33	-62527.30	-2.78251	-49992.33	-62527.30	-2.78251	3.128	0.00
0.00	-49992.68	-62527.42	-2.78238	-49992.68	-62527.42	-2.78238	3.052	0.00
0.00	-49993.03	-62527.55	-2.78234	-49993.03	-62527.55	-2.78234	2.977	0.00
0.00	-49993.39	-62527.68	-2.78213	-49993.39	-62527.68	-2.78213	2.607	0.00
0.00	-49993.74	-62527.81	-2.78192	-49993.74	-62527.81	-2.78192	2.751	0.00
0.00	-49994.10	-62527.94	-2.78179	-49994.10	-62527.94	-2.78179	2.818	0.00
0.00	-49994.50	-62528.09	-2.78164	-49994.50	-62528.09	-2.78164	3.610	0.00
0.00	-49994.84	-62528.21	-2.78135	-49994.84	-62528.21	-2.78135	3.588	0.00
0.00	-49995.21	-62528.34	-2.78099	-49995.21	-62528.34	-2.78099	3.502	0.00
0.00	-49995.55	-62528.47	-2.78084	-49995.55	-62528.47	-2.78084	3.507	0.00
0.00	-49995.89	-62528.59	-2.78080	-49995.89	-62528.59	-2.78080	3.524	0.00
0.00	-49996.26	-62528.73	-2.78063	-49996.26	-62528.73	-2.78063	3.533	0.00
0.00	-49996.60	-62528.85	-2.78062	-49996.60	-62528.85	-2.78062	3.791	0.00
0.00	-49996.96	-62528.98	-2.78074	-49996.96	-62528.98	-2.78074	4.598	0.00
0.00	-49997.33	-62529.12	-2.78065	-49997.33	-62529.12	-2.78065	3.690	0.00
0.00	-49997.67	-62529.24	-2.78051	-49997.67	-62529.24	-2.78051	3.983	0.00
0.00	-49998.02	-62529.37	-2.78041	-49998.02	-62529.37	-2.78041	4.188	0.00
0.00	-49998.38	-62529.50	-2.78046	-49998.38	-62529.50	-2.78046	4.033	0.00
0.00	-49998.79	-62529.65	-2.78070	-49998.79	-62529.65	-2.78070	3.846	0.00
0.00	-49999.14	-62529.78	-2.78075	-49999.14	-62529.78	-2.78075	3.393	0.00
0.00	-49999.46	-62529.90	-2.78078	-49999.46	-62529.90	-2.78078	3.203	0.00
0.00	-49999.88	-62530.06	-2.78099	-49999.88	-62530.06	-2.78099	4.791	0.00
0.00	-50000.23	-62530.18	-2.78115	-50000.23	-62530.18	-2.78115	4.671	0.00
0.00	-50000.58	-62530.31	-2.78142	-50000.58	-62530.31	-2.78142	4.400	0.00
0.00	-50000.96	-62530.45	-2.78169	-50000.96	-62530.45	-2.78169	4.443	0.00
0.00	-50001.32	-62530.58	-2.78207	-50001.32	-62530.58	-2.78207	4.775	0.00
0.00	-50001.69	-62530.71	-2.78232	-50001.69	-62530.71	-2.78232	4.048	0.00
0.00	-50002.06	-62530.85	-2.78248	-50002.06	-62530.85	-2.78248	3.604	0.00
0.00	-50002.42	-62530.98	-2.78272	-50002.42	-62530.98	-2.78272	5.080	0.00
0.00	-50002.82	-62531.12	-2.78290	-50002.82	-62531.12	-2.78290	4.862	0.00
0.00	-50003.21	-62531.26	-2.78299	-50003.21	-62531.26	-2.78299	4.881	0.00
0.00	-50003.60	-62531.40	-2.78312	-50003.60	-62531.40	-2.78312	5.012	0.00
0.00	-50003.97	-62531.54	-2.78334	-50003.97	-62531.54	-2.78334	5.316	0.00
0.00	-50004.33	-62531.67	-2.78387	-50004.33	-62531.67	-2.78387	5.171	0.00
0.00	-50004.71	-62531.81	-2.78431	-50004.71	-62531.81	-2.78431	3.900	0.00
0.00	-50005.09	-62531.94	-2.78433	-50005.09	-62531.94	-2.78433	5.742	0.00
0.00	-50005.46	-62532.07	-2.78451	-50005.46	-62532.07	-2.78451	5.143	0.00
0.00	-50005.84	-62532.21	-2.78471	-50005.84	-62532.21	-2.78471	5.434	0.00
0.00	-50006.23	-62532.35	-2.78506	-50006.23	-62532.35	-2.78506	5.544	0.00
0.00	-50006.63	-62532.49	-2.78545	-50006.63	-62532.49	-2.78545	5.407	0.00
0.00	-50006.99	-62532.62	-2.78580	-50006.99	-62532.62	-2.78580	5.551	0.00
0.00	-50007.39	-62532.76	-2.78634	-50007.39	-62532.76	-2.78634	5.417	0.00
0.00	-50007.82	-62532.91	-2.78664	-50007.82	-62532.91	-2.78664	6.320	0.00
0.00	-50008.20	-62533.05	-2.78689	-50008.20	-62533.05	-2.78689	4.571	0.00
0.00	-50008.59	-62533.19	-2.78716	-50008.59	-62533.19	-2.78716	6.005	0.00
0.00	-50008.97	-62533.32	-2.78733	-50008.97	-62533.32	-2.78733	5.902	0.00
0.00	-50009.36	-62533.46	-2.78760	-50009.36	-62533.46	-2.78760	5.738	0.00
0.00	-50009.76	-62533.60	-2.78788	-50009.76	-62533.60	-2.78788	5.858	0.00
0.00	-50010.14	-62533.74	-2.78818	-50010.14	-62533.74	-2.78818	6.326	0.00
0.00	-50010.54	-62533.88	-2.78838	-50010.54	-62533.88	-2.78838	4.872	0.00
0.00	-50010.94	-62534.02	-2.78851	-50010.94	-62534.02	-2.78851	5.926	0.00
0.00	-50011.33	-62534.16	-2.78845	-50011.33	-62534.16	-2.78845	5.992	0.00
0.00	-50011.73	-62534.30	-2.78830	-50011.73	-62534.30	-2.78830	6.131	0.00
0.00	-50012.14	-62534.44	-2.78839	-50012.14	-62534.44	-2.78839	6.614	0.00
0.00	-50012.59	-62534.60	-2.78853	-50012.59	-62534.60	-2.78853	4.856	0.00
0.00	-50012.97	-62534.73	-2.78858	-50012.97	-62534.73	-2.78858	6.681	0.00
0.00	-50013.37	-62534.88	-2.78857	-50013.37	-62534.88	-2.78857	6.243	0.00
0.00	-50013.77	-62535.02	-2.78860	-50013.77	-62535.02	-2.78860	4.735	0.00
0.00	-50014.17	-62535.16	-2.78873	-50014.17	-62535.16	-2.78873	7.058	0.00
0.00	-50014.58	-62535.30	-2.78865	-50014.58	-62535.30	-2.78865	6.974	0.00
0.00	-50014.98	-62535.44	-2.78824	-50014.98	-62535.44	-2.78824	5.770	0.00
0.00	-50015.39	-62535.59	-2.78743	-50015.39	-62535.59	-2.78743	5.005	0.00
0.00	-50015.79	-62535.73	-2.78618	-50015.79	-62535.73	-2.78618	4.624	0.00
0.00	-50016.19	-62535.87	-2.78470	-50016.19	-62535.87	-2.78470	6.800	0.00
0.00	-50016.60	-62536.02	-2.78323	-50016.60	-62536.02	-2.78323	7.086	0.00
0.00	-50017.03	-62536.17	-2.78175	-50017.03	-62536.17	-2.78175	7.018	0.00
0.00	-50017.45	-62536.33	-2.77975	-50017.45	-62536.33	-2.77975	5.496	0.00
0.00	-50017.90	-62536.49	-2.77750	-50017.90	-62536.49	-2.77750	4.952	0.00
0.00	-50018.29	-62536.64	-2.77506	-50018.29	-62536.64	-2.77506	7.854	0.00
0.00	-50018.70	-62536.79	-2.77263	-50018.70	-62536.79	-2.77263	4.739	0.00
0.00	-50019.11	-62536.94	-2.77022	-50019.11	-62536.94	-2.77022	7.735	0.00
0.00	-50019.52	-62537.09	-2.76770	-50019.52	-62537.09	-2.76770	5.557	0.00
0.00	-50019.94	-62537.25	-2.76519	-50019.94	-62537.25	-2.76519	4.795	0.00
0.00	-50020.35	-62537.41	-2.76289	-50020.35	-62537.41	-2.76289	7.834	0.00
0.00	-50020.76	-62537.57	-2.76104	-50020.76	-62537.57	-2.76104	7.504	0.00
0.00	-50021.17	-62537.72	-2.75969	-50021.17	-62537.72	-2.75969	7.960	0.00
0.00	-50021.58	-62537.88	-2.75872	-50021.58	-62537.88	-2.75872	7.513	0.00
0.00	-50021.99	-62538.04	-2.75810	-50021.99	-62538.04	-2.75810	8.163	0.00
0.00	-50022.46	-62538.22	-2.75793	-50022.46	-62538.22	-2.75793	5.777	0.00
0.00	-50022.84	-62538.37	-2.75780	-50022.84	-62538.37	-2.75780	7.795	0.00
0.00	-50023.23	-62538.52	-2.75770	-50023.23	-62538.52	-2.75770	7.655	0.00
0.00	-50023.62	-62538.68	-2.75749	-50023.62	-62538.68	-2.75749	5.827	0.00
0.00	-50024.03	-62538.84	-2.75727	-50024.03	-62538.84	-2.75727	8.081	0.00
0.00	-50024.43	-62538.99	-2.75720	-50024.43	-62538.99	-2.75720	5.983	0.00
0.00	-50024.85	-62539.16	-2.75702	-50024.85	-62539.16	-2.75702	8.309	0.00
0.00	-50025.21	-62539.30	-2.75687	-50025.21	-62539.30	-2.75687	5.871	0.00
0.00	-50025.61	-62539.45	-2.75690	-50025.61	-62539.45	-2.75690	8.171	0.00
0.00	-50026.05	-62539.63	-2.75694	-50026.05	-62539.63	-2.75694	8.442	0.00
0.00	-50026.42	-62539.77	-2.75688	-50026.42	-62539.77	-2.75688	8.555	0.00
0.00	-50026.80	-62539.92	-2.75709	-50026.80	-62539.92	-2.75709	8.055	0.00
0.00	-50027.20	-62540.07	-2.75730	-50027.20	-62540.07	-2.75730	7.106	0.00
0.00	-50027.55	-62540.21	-2.75741	-50027.55	-62540.21	-2.75741	6.353	0.00
0.00	-50027.94	-62540.36	-2.75738	-50027.94	-62540.36	-2.75738	8.733	0.00
0.00	-50028.32	-62540.51	-2.75744	-50028.32	-62540.51	-2.75744	8.903	0.00
0.00	-50028.70	-62540.66	-2.75754	-50028.70	-62540.66	-2.75754	9.381	0.00
0.00	-50029.07	-62540.80	-2.75745	-50029.07	-62540.80	-2.75745	5.728	0.00
0.00	-50029.44	-62540.95	-2.75733	-50029.44	-62540.95	-2.75733	8.993	0.00
0.00	-50029.83	-62541.10	-2.75749	-50029.83	-62541.10	-2.75749	6.392	0.00
0.00	-50030.17	-62541.23	-2.75787	-50030.17	-62541.23	-2.75787	6.497	0.00
0.00	-50030.56	-62541.39	-2.75824	-50030.56	-62541.39	-2.75824	4.982	0.00
0.00	-50030.97	-62541.55	-2.75828	-50030.97	-62541.55	-2.75828	8.996	0.00
0.00	-50031.29	-62541.67	-2.75830	-50031.29	-62541.67	-2.75830	6.187	0.00
0.00	-50031.69	-62541.83	-2.75860	-50031.69	-62541.83	-2.75860	5.887	0.00
0.00	-50032.06	-62541.97	-2.75889	-50032.06	-62541.97	-2.75889	9.657	0.00
0.00	-50032.38	-62542.09	-2.75962	-50032.38	-62542.09	-2.75962	6.859	0.00
0.00	-50032.75	-62542.23	-2.76100	-50032.75	-62542.23	-2.76100	9.323	0.00
0.00	-50033.11	-62542.37	-2.76341	-50033.11	-62542.37	-2.76341	9.749	0.00
0.00	-50033.47	-62542.51	-2.76674	-50033.47	-62542.51	-2.76674	6.663	0.00
0.00	-50033.81	-62542.64	-2.77058	-50033.81	-62542.64	-2.77058	9.959	0.00
0.00	-50034.17	-62542.77	-2.77464	-50034.17	-62542.77	-2.77464	10.025	0.00
0.00	-50034.55	-62542.91	-2.77949	-50034.55	-62542.91	-2.77949	10.531	0.00
0.00	-50034.86	-62543.02	-2.78526	-50034.86	-62543.02	-2.78526	9.555	0.00
0.00	-50035.25	-62543.15	-2.79327	-50035.25	-62543.15	-2.79327	9.413	0.00
0.00	-50035.58	-62543.27	-2.80324	-50035.58	-62543.27	-2.80324	10.966	0.00
0.00	-50035.95	-62543.39	-2.81426	-50035.95	-62543.39	-2.81426	6.858	0.00
0.00	-50036.27	-62543.49	-2.82617	-50036.27	-62543.49	-2.82617	10.032	0.00
0.00	-50036.61	-62543.60	-2.83926	-50036.61	-62543.60	-2.83926	10.179	0.00
0.00	-50036.95	-62543.70	-2.85356	-50036.95	-62543.70	-2.85356	6.775	0.00
0.00	-50037.28	-62543.79	-2.86835	-50037.28	-62543.79	-2.86835	10.770	0.00
0.00	-50037.58	-62543.87	-2.88333	-50037.58	-62543.87	-2.88333	7.569	0.00
0.00	-50037.90	-62543.95	-2.89955	-50037.90	-62543.95	-2.89955	10.773	0.00
0.00	-50038.21	-62544.02	-2.91627	-50038.21	-62544.02	-2.91627	9.940	0.00
0.00	-50038.53	-62544.09	-2.93258	-50038.53	-62544.09	-2.93258	10.947	0.00
0.00	-50038.87	-62544.15	-2.94978	-50038.87	-62544.15	-2.94978	10.290	0.00
0.00	-50039.18	-62544.21	-2.96721	-50039.18	-62544.21	-2.96721	10.020	0.00
0.00	-50039.48	-62544.25	-2.98371	-50039.48	-62544.25	-2.98371	7.546	0.00
0.00	-50039.83	-62544.30	-3.00026	-50039.83	-62544.30	-3.00026	11.143	0.00
0.00	-50040.14	-62544.34	-3.01806	-50040.14	-62544.34	-3.01806	10.040	0.00
0.00	-50040.45	-62544.38	-3.03727	-50040.45	-62544.38	-3.03727	10.268	0.00
0.00	-50040.77	-62544.40	-3.05727	-50040.77	-62544.40	-3.05727	10.539	0.00
0.00	-50041.08	-62544.42	-3.07771	-50041.08	-62544.42	-3.07771	11.404	0.00
0.00	-50041.37	-62544.43	-3.09904	-50041.37	-62544.43	-3.09904	10.459	0.00
0.00	-50041.68	-62544.44	-3.12152	-50041.68	-62544.44	-3.12152	10.587	0.00
0.00	-50041.98	-62544.44	3.13807	-50041.98	-62544.44	3.13807	10.875	0.00
0.00	-50042.28	-62544.43	3.11301	-50042.28	-62544.43	3.11301	10.741	0.00
0.00	-50042.59	-62544.41	3.08637	-50042.59	-62544.41	3.08637	11.233	0.00
0.00	-50042.89	-62544.39	3.05862	-50042.89	-62544.39	3.05862	10.849	0.00
0.00	-50043.18	-62544.36	3.02970	-50043.18	-62544.36	3.02970	11.839	0.00
0.00	-50043.50	-62544.31	3.00035	-50043.50	-62544.31	3.00035	11.148	0.00
0.00	-50043.78	-62544.26	2.97171	-50043.78	-62544.26	2.97171	7.304	0.00
0.00	-50044.05	-62544.21	2.94449	-50044.05	-62544.21	2.94449	11.460	0.00
0.00	-50044.32	-62544.15	2.91831	-50044.32	-62544.15	2.91831	6.678	0.00
0.00	-50044.60	-62544.08	2.89181	-50044.60	-62544.08	2.89181	10.739	0.00
0.00	-50044.88	-62544.00	2.86402	-50044.88	-62544.00	2.86402	11.390	0.00
0.00	-50045.15	-62543.91	2.83559	-50045.15	-62543.91	2.83559	11.682	0.00
0.00	-50045.41	-62543.82	2.80671	-50045.41	-62543.82	2.80671	11.311	0.00
0.00	-50045.69	-62543.71	2.77807	-50045.69	-62543.71	2.77807	10.770	0.00
0.00	-50045.96	-62543.60	2.74991	-50045.96	-62543.60	2.74991	11.556	0.00
0.00	-50046.22	-62543.48	2.72098	-50046.22	-62543.48	2.72098	11.057	0.00
0.00	-50046.50	-62543.35	2.69091	-50046.50	-62543.35	2.69091	11.610	0.00
0.00	-50046.70	-62543.24	2.66269	-50046.70	-62543.24	2.66269	11.378	0.00
0.00	-50046.98	-62543.08	2.63386	-50046.98	-62543.08	2.63386	8.450	0.00
0.00	-50047.21	-62542.95	2.60551	-50047.21	-62542.95	2.60551	12.349	0.00
0.00	-50047.44	-62542.80	2.57709	-50047.44	-62542.80	2.57709	11.642	0.00
0.00	-50047.66	-62542.65	2.54809	-50047.66	-62542.65	2.54809	11.817	0.00
0.00	-50047.88	-62542.49	2.51861	-50047.88	-62542.49	2.51861	11.562	0.00
0.00	-50048.10	-62542.32	2.48970	-50048.10	-62542.32	2.48970	8.435	0.00
0.00	-50048.31	-62542.15	2.46110	-50048.31	-62542.15	2.46110	11.843	0.00
0.00	-50048.52	-62541.97	2.43264	-50048.52	-62541.97	2.43264	12.173	0.00
0.00	-50048.73	-62541.78	2.40441	-50048.73	-62541.78	2.40441	12.611	0.00
0.00	-50048.93	-62541.59	2.37805	-50048.93	-62541.59	2.37805	12.487	0.00
0.00	-50049.14	-62541.37	2.35372	-50049.14	-62541.37	2.35372	7.624	0.00
0.00	-50049.32	-62541.17	2.33042	-50049.32	-62541.17	2.33042	7.649	0.00
0.00	-50049.50	-62540.98	2.30870	-50049.50	-62540.98	2.30870	12.674	0.00
0.00	-50049.68	-62540.76	2.28649	-50049.68	-62540.76	2.28649	13.198	0.00
0.00	-50049.88	-62540.52	2.26354	-50049.88	-62540.52	2.26354	7.912	0.00
0.00	-50050.02	-62540.34	2.24359	-50050.02	-62540.34	2.24359	12.202	0.00
0.00	-50050.20	-62540.11	2.22346	-50050.20	-62540.11	2.22346	12.369	0.00
0.00	-50050.36	-62539.88	2.20456	-50050.36	-62539.88	2.20456	13.750	0.00
0.00	-50050.53	-62539.63	2.18725	-50050.53	-62539.63	2.18725	13.744	0.00
0.00	-50050.68	-62539.41	2.17125	-50050.68	-62539.41	2.17125	12.491	0.00
0.00	-50050.83	-62539.18	2.15570	-50050.83	-62539.18	2.15570	12.999	0.00
0.00	-50050.99	-62538.93	2.14100	-50050.99	-62538.93	2.14100	13.796	0.00
0.00	-50051.11	-62538.73	2.12806	-50051.11	-62538.73	2.12806	14.148	0.00
0.00	-50051.27	-62538.47	2.11606	-50051.27	-62538.47	2.11606	8.828	0.00
0.00	-50051.41	-62538.22	2.10405	-50051.41	-62538.22	2.10405	13.999	0.00
0.00	-50051.55	-62537.97	2.09155	-50051.55	-62537.97	2.09155	7.708	0.00
0.00	-50051.68	-62537.72	2.08064	-50051.68	-62537.72	2.08064	13.790	0.00
0.00	-50051.81	-62537.48	2.07164	-50051.81	-62537.48	2.07164	14.030	0.00
0.00	-50051.94	-62537.23	2.06312	-50051.94	-62537.23	2.06312	13.692	0.00
0.00	-50052.06	-62536.99	2.05506	-50052.06	-62536.99	2.05506	13.901	0.00
0.00	-50052.18	-62536.75	2.04905	-50052.18	-62536.75	2.04905	13.594	0.00
0.00	-50052.31	-62536.49	2.04409	-50052.31	-62536.49	2.04409	14.480	0.00
0.00	-50052.44	-62536.22	2.03833	-50052.44	-62536.22	2.03833	14.393	0.00
0.00	-50052.57	-62535.94	2.03269	-50052.57	-62535.94	2.03269	13.584	0.00
0.00	-50052.69	-62535.70	2.02956	-50052.69	-62535.70	2.02956	11.185	0.00
0.00	-50052.80	-62535.46	2.02796	-50052.80	-62535.46	2.02796	13.717	0.00
0.00	-50052.91	-62535.22	2.02575	-50052.91	-62535.22	2.02575	13.991	0.00
0.00	-50053.04	-62534.96	2.02281	-50053.04	-62534.96	2.02281	14.708	0.00
0.00	-50053.15	-62534.72	2.02034	-50053.15	-62534.72	2.02034	13.772	0.00
0.00	-50053.27	-62534.46	2.01865	-50053.27	-62534.46	2.01865	12.207	0.00
0.00	-50053.39	-62534.19	2.01684	-50053.39	-62534.19	2.01684	8.689	0.00
0.00	-50053.51	-62533.93	2.01443	-50053.51	-62533.93	2.01443	6.933	0.00
0.00	-50053.62	-62533.67	2.01230	-50053.62	-62533.67	2.01230	13.183	0.00
0.00	-50053.73	-62533.42	2.01061	-50053.73	-62533.42	2.01061	14.314	0.00
0.00	-50053.85	-62533.16	2.00902	-50053.85	-62533.16	2.00902	13.993	0.00
0.00	-50053.98	-62532.87	2.00737	-50053.98	-62532.87	2.00737	14.802	0.00
0.00	-50054.09	-62532.61	2.00589	-50054.09	-62532.61	2.00589	15.571	0.00
0.00	-50054.21	-62532.34	2.00454	-50054.21	-62532.34	2.00454	16.023	0.00
0.00	-50054.33	-62532.06	2.00309	-50054.33	-62532.06	2.00309	14.475	0.00
0.00	-50054.46	-62531.77	2.00159	-50054.46	-62531.77	2.00159	15.664	0.00
0.00	-50054.58	-62531.48	2.00019	-50054.58	-62531.48	2.00019	16.111	0.00
0.00	-50054.70	-62531.21	1.99866	-50054.70	-62531.21	1.99866	8.666	0.00
0.00	-50054.83	-62530.91	1.99706	-50054.83	-62530.91	1.99706	12.202	0.00
0.00	-50054.96	-62530.60	1.99539	-50054.96	-62530.60	1.99539	17.678	0.00
0.00	-50055.08	-62530.30	1.99371	-50055.08	-62530.30	1.99371	10.760	0.00
0.00	-50055.21	-62529.99	1.99182	-50055.21	-62529.99	1.99182	15.359	0.00
0.00	-50055.36	-62529.65	1.99008	-50055.36	-62529.65	1.99008	15.175	0.00
0.00	-50055.48	-62529.37	1.98889	-50055.48	-62529.37	1.98889	15.945	0.00
0.00	-50055.60	-62529.06	1.98792	-50055.60	-62529.06	1.98792	11.310	0.00
0.00	-50055.71	-62528.80	1.98685	-50055.71	-62528.80	1.98685	16.945	0.00
0.00	-50055.86	-62528.45	1.98593	-50055.86	-62528.45	1.98593	16.410	0.00
0.00	-50055.98	-62528.16	1.98548	-50055.98	-62528.16	1.98548	15.671	0.00
0.00	-50056.10	-62527.88	1.98504	-50056.10	-62527.88	1.98504	15.163	0.00
0.00	-50056.23	-62527.57	1.98468	-50056.23	-62527.57	1.98468	15.586	0.00
0.00	-50056.35	-62527.28	1.98433	-50056.35	-62527.28	1.98433	15.748	0.00
0.00	-50056.49	-62526.97	1.98388	-50056.49	-62526.97	1.98388	15.704	0.00
0.00	-50056.61	-62526.68	1.98350	-50056.61	-62526.68	1.98350	17.797	0.00
0.00	-50056.74	-62526.37	1.98315	-50056.74	-62526.37	1.98315	16.273	0.00
0.00	-50056.86	-62526.07	1.98275	-50056.86	-62526.07	1.98275	8.884	0.00
0.00	-50057.01	-62525.73	1.98236	-50057.01	-62525.73	1.98236	9.052	0.00
0.00	-50057.11	-62525.48	1.98240	-50057.11	-62525.48	1.98240	15.111	0.00
0.00	-50057.25	-62525.14	1.98259	-50057.25	-62525.14	1.98259	16.930	0.00
0.00	-50057.40	-62524.79	1.98267	-50057.40	-62524.79	1.98267	7.974	0.00
0.00	-50057.52	-62524.52	1.98292	-50057.52	-62524.52	1.98292	7.454	0.00
0.00	-50057.66	-62524.19	1.98339	-50057.66	-62524.19	1.98339	25.469	0.00
0.00	-50057.80	-62523.86	1.98344	-50057.80	-62523.86	1.98344	8.466	0.00
0.00	-50057.94	-62523.51	1.98310	-50057.94	-62523.51	1.98310	20.499	0.00
0.00	-50058.07	-62523.20	1.98255	-50058.07	-62523.20	1.98255	14.761	0.00
0.00	-50058.22	-62522.86	1.98209	-50058.22	-62522.86	1.98209	20.405	0.00
0.00	-50058.36	-62522.51	1.98194	-50058.36	-62522.51	1.98194	9.054	0.00
0.00	-50058.50	-62522.17	1.98184	-50058.50	-62522.17	1.98184	8.599	0.00
0.00	-50058.64	-62521.84	1.98166	-50058.64	-62521.84	1.98166	7.894	0.00
0.00	-50058.80	-62521.46	1.98145	-50058.80	-62521.46	1.98145	8.237	0.00
0.00	-50058.93	-62521.14	1.98122	-50058.93	-62521.14	1.98122	7.611	0.00
0.00	-50059.07	-62520.81	1.98081	-50059.07	-62520.81	1.98081	13.382	0.00
0.00	-50059.21	-62520.47	1.98043	-50059.21	-62520.47	1.98043	8.325	0.00
0.00	-50059.35	-62520.13	1.98030	-50059.35	-62520.13	1.98030	8.169	0.00
0.00	-50059.49	-62519.80	1.98032	-50059.49	-62519.80	1.98032	8.431	0.00
0.00	-50059.64	-62519.45	1.98031	-50059.64	-62519.45	1.98031	7.770	0.00
0.00	-50059.78	-62519.12	1.98030	-50059.78	-62519.12	1.98030	7.821	0.00
0.00	-50059.92	-62518.78	1.98022	-50059.92	-62518.78	1.98022	7.792	0.00
0.00	-50060.07	-62518.43	1.98011	-50060.07	-62518.43	1.98011	7.758	0.00
0.00	-50060.21	-62518.11	1.98002	-50060.21	-62518.11	1.98002	8.278	0.00
0.00	-50060.35	-62517.76	1.97998	-50060.35	-62517.76	1.97998	17.201	0.00
0.00	-50060.50	-62517.40	1.97993	-50060.50	-62517.40	1.97993	9.381	0.00
0.00	-50060.64	-62517.07	1.97987	-50060.64	-62517.07	1.97987	17.673	0.00
0.00	-50060.78	-62516.73	1.97984	-50060.78	-62516.73	1.97984	9.394	0.00
0.00	-50060.93	-62516.38	1.97983	-50060.93	-62516.38	1.97983	17.956	0.00
0.00	-50061.07	-62516.04	1.97978	-50061.07	-62516.04	1.97978	9.664	0.00
0.00	-50061.21	-62515.71	1.97956	-50061.21	-62515.71	1.97956	13.698	0.00
0.00	-50061.36	-62515.36	1.97909	-50061.36	-62515.36	1.97909	18.371	0.00
0.00	-50061.50	-62515.01	1.97864	-50061.50	-62515.01	1.97864	16.350	0.00
0.00	-50061.64	-62514.67	1.97837	-50061.64	-62514.67	1.97837	17.838	0.00
0.00	-50061.79	-62514.32	1.97819	-50061.79	-62514.32	1.97819	9.105	0.00
0.00	-50061.93	-62513.98	1.97801	-50061.93	-62513.98	1.97801	7.987	0.00
0.00	-50062.09	-62513.61	1.97785	-50062.09	-62513.61	1.97785	8.462	0.00
0.00	-50062.22	-62513.29	1.97760	-50062.22	-62513.29	1.97760	18.685	0.00
0.00	-50062.36	-62512.95	1.97723	-50062.36	-62512.95	1.97723	8.946	0.00
0.00	-50062.50	-62512.62	1.97687	-50062.50	-62512.62	1.97687	8.409	0.00
0.00	-50062.64	-62512.27	1.97664	-50062.64	-62512.27	1.97664	8.122	0.00
0.00	-50062.77	-62511.95	1.97624	-50062.77	-62511.95	1.97624	8.744	0.00
0.00	-50062.91	-62511.61	1.97551	-50062.91	-62511.61	1.97551	8.275	0.00
0.00	-50063.06	-62511.25	1.97408	-50063.06	-62511.25	1.97408	8.603	0.00
0.00	-50063.20	-62510.91	1.97233	-50063.20	-62510.91	1.97233	8.227	0.00
0.00	-50063.34	-62510.57	1.97070	-50063.34	-62510.57	1.97070	8.449	0.00
0.00	-50063.48	-62510.20	1.96909	-50063.48	-62510.20	1.96909	8.492	0.00
0.00	-50063.61	-62509.87	1.96732	-50063.61	-62509.87	1.96732	9.365	0.00
0.00	-50063.75	-62509.54	1.96539	-50063.75	-62509.54	1.96539	8.447	0.00
0.00	-50063.86	-62509.23	1.96359	-50063.86	-62509.23	1.96359	19.505	0.00
0.00	-50064.02	-62508.85	1.96188	-50064.02	-62508.85	1.96188	9.270	0.00
0.00	-50064.15	-62508.52	1.96056	-50064.15	-62508.52	1.96056	8.671	0.00
0.00	-50064.30	-62508.14	1.95922	-50064.30	-62508.14	1.95922	8.550	0.00
0.00	-50064.40	-62507.86	1.95802	-50064.40	-62507.86	1.95802	11.775	0.00
0.00	-50064.54	-62507.50	1.95650	-50064.54	-62507.50	1.95650	16.485	0.00
0.00	-50064.68	-62507.15	1.95514	-50064.68	-62507.15	1.95514	18.191	0.00
0.00	-50064.81	-62506.81	1.95389	-50064.81	-62506.81	1.95389	10.201	0.00
0.00	-50064.94	-62506.48	1.95280	-50064.94	-62506.48	1.95280	9.040	0.00
0.00	-50065.07	-62506.14	1.95190	-50065.07	-62506.14	1.95190	8.878	0.00
0.00	-50065.22	-62505.76	1.95118	-50065.22	-62505.76	1.95118	12.084	0.00
0.00	-50065.33	-62505.48	1.95057	-50065.33	-62505.48	1.95057	25.517	0.00
0.00	-50065.47	-62505.11	1.94981	-50065.47	-62505.11	1.94981	14.406	0.00
0.00	-50065.60	-62504.78	1.94909	-50065.60	-62504.78	1.94909	10.366	0.00
0.00	-50065.73	-62504.45	1.94839	-50065.73	-62504.45	1.94839	10.916	0.00
0.00	-50065.85	-62504.11	1.94779	-50065.85	-62504.11	1.94779	26.785	0.00
0.00	-50065.99	-62503.76	1.94728	-50065.99	-62503.76	1.94728	14.735	0.00
0.00	-50066.12	-62503.41	1.94719	-50066.12	-62503.41	1.94719	9.915	0.00
0.00	-50066.25	-62503.08	1.94749	-50066.25	-62503.08	1.94749	10.520	0.00
0.00	-50066.39	-62502.73	1.94807	-50066.39	-62502.73	1.94807	9.687	0.00
0.00	-50066.52	-62502.40	1.94866	-50066.52	-62502.40	1.94866	20.038	0.00
0.00	-50066.65	-62502.06	1.94904	-50066.65	-62502.06	1.94904	11.909	0.00
0.00	-50066.77	-62501.73	1.94916	-50066.77	-62501.73	1.94916	9.357	0.00
0.00	-50066.91	-62501.39	1.94900	-50066.91	-62501.39	1.94900	11.070	0.00
0.00	-50067.05	-62501.02	1.94871	-50067.05	-62501.02	1.94871	28.423	0.00
0.00	-50067.17	-62500.69	1.94844	-50067.17	-62500.69	1.94844	14.786	0.00
0.00	-50067.30	-62500.35	1.94811	-50067.30	-62500.35	1.94811	13.098	0.00
0.00	-50067.43	-62500.01	1.94764	-50067.43	-62500.01	1.94764	21.664	0.00
0.00	-50067.57	-62499.64	1.94694	-50067.57	-62499.64	1.94694	19.674	0.00
0.00	-50067.69	-62499.31	1.94646	-50067.69	-62499.31	1.94646	20.564	0.00
0.00	-50067.82	-62498.95	1.94616	-50067.82	-62498.95	1.94616	19.467	0.00
0.00	-50067.94	-62498.64	1.94587	-50067.94	-62498.64	1.94587	12.370	0.00
0.00	-50068.07	-62498.28	1.94553	-50068.07	-62498.28	1.94553	13.202	0.00
0.00	-50068.21	-62497.90	1.94514	-50068.21	-62497.90	1.94514	20.614	0.00
0.00	-50068.32	-62497.61	1.94486	-50068.32	-62497.61	1.94486	10.107	0.00
0.00	-50068.46	-62497.22	1.94446	-50068.46	-62497.22	1.94446	10.902	0.00
0.00	-50068.60	-62496.86	1.94401	-50068.60	-62496.86	1.94401	16.466	0.00
0.00	-50068.71	-62496.56	1.94392	-50068.71	-62496.56	1.94392	18.302	0.00
0.00	-50068.84	-62496.20	1.94424	-50068.84	-62496.20	1.94424	11.635	0.00
0.00	-50068.98	-62495.84	1.94438	-50068.98	-62495.84	1.94438	17.729	0.00
0.00	-50069.12	-62495.48	1.94462	-50069.12	-62495.48	1.94462	11.656	0.00
0.00	-50069.24	-62495.14	1.94461	-50069.24	-62495.14	1.94461	16.859	0.00
0.00	-50069.37	-62494.79	1.94453	-50069.37	-62494.79	1.94453	10.894	0.00
0.00	-50069.50	-62494.44	1.94488	-50069.50	-62494.44	1.94488	11.144	0.00
0.00	-50069.64	-62494.09	1.94566	-50069.64	-62494.09	1.94566	16.633	0.00
0.00	-50069.78	-62493.70	1.94618	-50069.78	-62493.70	1.94618	472.439	0.00
0.00	-50070.65	-62491.46	1.94890	-50070.65	-62491.46	1.94890	2.670	0.00
0.00	-50070.41	-62492.07	1.94901	-50070.41	-62492.07	1.94901	2.316	0.00
0.00	-50070.41	-62492.07	1.94908	-50070.41	-62492.07	1.94908	3.082	0.00
0.00	-50070.57	-62491.64	1.94932	-50070.57	-62491.64	1.94932	2.410	0.00
0.00	-50070.72	-62491.27	1.94951	-50070.72	-62491.27	1.94951	2.497	0.00
0.00	-50070.86	-62490.90	1.94963	-50070.86	-62490.90	1.94963	2.435	0.00
0.00	-50070.99	-62490.56	1.94957	-50070.99	-62490.56	1.94957	2.357	0.00
0.00	-50071.13	-62490.20	1.94950	-50071.13	-62490.20	1.94950	2.610	0.00
0.00	-50071.29	-62489.79	1.94976	-50071.29	-62489.79	1.94976	2.866	0.00
0.00	-50071.41	-62489.46	1.95012	-50071.41	-62489.46	1.95012	3.530	0.00
0.00	-50071.55	-62489.11	1.95042	-50071.55	-62489.11	1.95042	2.806	0.00
0.00	-50071.70	-62488.73	1.95072	-50071.70	-62488.73	1.95072	2.886	0.00
0.00	-50071.82	-62488.41	1.95127	-50071.82	-62488.41	1.95127	2.755	0.00
0.00	-50071.96	-62488.05	1.95203	-50071.96	-62488.05	1.95203	2.931	0.00
0.00	-50072.10	-62487.69	1.95258	-50072.10	-62487.69	1.95258	2.562	0.00
0.00	-50072.25	-62487.32	1.95270	-50072.25	-62487.32	1.95270	2.913	0.00
0.00	-50072.38	-62486.97	1.95283	-50072.38	-62486.97	1.95283	3.076	0.00
0.00	-50072.52	-62486.61	1.95324	-50072.52	-62486.61	1.95324	2.838	0.00
0.00	-50072.66	-62486.25	1.95401	-50072.66	-62486.25	1.95401	2.773	0.00
0.00	-50072.80	-62485.91	1.95491	-50072.80	-62485.91	1.95491	2.912	0.00
0.00	-50072.95	-62485.54	1.95591	-50072.95	-62485.54	1.95591	2.824	0.00
0.00	-50073.10	-62485.16	1.95722	-50073.10	-62485.16	1.95722	3.151	0.00
0.00	-50073.25	-62484.78	1.95887	-50073.25	-62484.78	1.95887	2.981	0.00
0.00	-50073.38	-62484.48	1.96091	-50073.38	-62484.48	1.96091	2.914	0.00
0.00	-50073.55	-62484.04	1.96317	-50073.55	-62484.04	1.96317	3.104	0.00
0.00	-50073.68	-62483.73	1.96518	-50073.68	-62483.73	1.96518	3.033	0.00
0.00	-50073.84	-62483.35	1.96690	-50073.84	-62483.35	1.96690	3.460	0.00
