0.00	-29562.94	-40077.47	0.00000	-29562.94	-40077.47	0.00000	2.604	0.00
0.00	-29562.91	-40077.46	0.00131	-29562.91	-40077.46	0.00131	2.994	0.00
0.00	-29562.87	-40077.44	0.43350	-29562.87	-40077.44	0.43350	2.597	0.00
0.00	-29562.83	-40077.43	0.33383	-29562.83	-40077.43	0.33383	2.257	0.00
0.00	-29562.79	-40077.42	0.28508	-29562.79	-40077.42	0.28508	2.608	0.00
0.00	-29562.75	-40077.41	0.27111	-29562.75	-40077.41	0.27111	2.342	0.00
0.00	-29562.71	-40077.40	0.26476	-29562.71	-40077.40	0.26476	2.419	0.00
0.00	-29562.66	-40077.39	0.26337	-29562.66	-40077.39	0.26337	2.426	0.00
0.00	-29562.61	-40077.38	0.26703	-29562.61	-40077.38	0.26703	2.410	0.00
0.00	-29562.57	-40077.36	0.27255	-29562.57	-40077.36	0.27255	2.312	0.00
0.00	-29562.53	-40077.35	0.28020	-29562.53	-40077.35	0.28020	2.282	0.00
0.00	-29562.48	-40077.34	0.28912	-29562.48	-40077.34	0.28912	2.326	0.00
0.00	-29562.43	-40077.32	0.29846	-29562.43	-40077.32	0.29846	2.367	0.00
0.00	-29562.37	-40077.30	0.30830	-29562.37	-40077.30	0.30830	2.405	0.00
0.00	-29562.32	-40077.28	0.31679	-29562.32	-40077.28	0.31679	2.415	0.00
0.00	-29562.25	-40077.26	0.32460	-29562.25	-40077.26	0.32460	3.175	0.00
0.00	-29562.19	-40077.23	0.33207	-29562.19	-40077.23	0.33207	2.365	0.00
0.00	-29562.11	-40077.20	0.33990	-29562.11	-40077.20	0.33990	3.011	0.00
0.00	-29562.01	-40077.17	0.34767	-29562.01	-40077.17	0.34767	2.373	0.00
0.00	-29561.92	-40077.13	0.35473	-29561.92	-40077.13	0.35473	2.621	0.00
0.00	-29561.85	-40077.10	0.36135	-29561.85	-40077.10	0.36135	2.288	0.00
0.00	-29561.76	-40077.07	0.36761	-29561.76	-40077.07	0.36761	2.395	0.00
0.00	-29561.65	-40077.03	0.37306	-29561.65	-40077.03	0.37306	2.353	0.00
0.00	-29561.54	-40076.99	0.37778	-29561.54	-40076.99	0.37778	2.495	0.00
0.00	-29561.42	-40076.94	0.38216	-29561.42	-40076.94	0.38216	2.255	0.00
0.00	-29561.31	-40076.90	0.38656	-29561.31	-40076.90	0.38656	2.319	0.00
0.00	-29561.19	-40076.85	0.39075	-29561.19	-40076.85	0.39075	2.531	0.00
0.00	-29561.06	-40076.80	0.39464	-29561.06	-40076.80	0.39464	2.284	0.00
0.00	-29560.88	-40076.73	0.39831	-29560.88	-40076.73	0.39831	2.523	0.00
0.00	-29560.75	-40076.68	0.40204	-29560.75	-40076.68	0.40204	2.311	0.00
0.00	-29560.63	-40076.63	0.40528	-29560.63	-40076.63	0.40528	2.255	0.00
0.00	-29560.50	-40076.58	0.40787	-29560.50	-40076.58	0.40787	2.419	0.00
0.00	-29560.36	-40076.52	0.41031	-29560.36	-40076.52	0.41031	2.349	0.00
0.00	-29560.22	-40076.46	0.41284	-29560.22	-40076.46	0.41284	2.303	0.00
0.00	-29560.07	-40076.40	0.41511	-29560.07	-40076.40	0.41511	2.343	0.00
0.00	-29559.93	-40076.34	0.41711	-29559.93	-40076.34	0.41711	2.310	0.00
0.00	-29559.77	-40076.27	0.41909	-29559.77	-40076.27	0.41909	2.188	0.00
0.00	-29559.62	-40076.20	0.42091	-29559.62	-40076.20	0.42091	2.555	0.00
0.00	-29559.44	-40076.13	0.42249	-29559.44	-40076.13	0.42249	2.338	0.00
0.00	-29559.30	-40076.07	0.42396	-29559.30	-40076.07	0.42396	2.347	0.00
0.00	-29559.14	-40076.00	0.42538	-29559.14	-40076.00	0.42538	2.370	0.00
0.00	-29559.00	-40075.93	0.42686	-29559.00	-40075.93	0.42686	2.547	0.00
0.00	-29558.84	-40075.86	0.42857	-29558.84	-40075.86	0.42857	2.339	0.00
0.00	-29558.69	-40075.79	0.43030	-29558.69	-40075.79	0.43030	2.292	0.00
0.00	-29558.53	-40075.72	0.43175	-29558.53	-40075.72	0.43175	2.942	0.00
0.00	-29558.38	-40075.65	0.43275	-29558.38	-40075.65	0.43275	2.232	0.00
0.00	-29558.23	-40075.58	0.43458	-29558.23	-40075.58	0.43458	2.348	0.00
0.00	-29558.07	-40075.51	0.43647	-29558.07	-40075.51	0.43647	2.627	0.00
0.00	-29557.89	-40075.42	0.43612	-29557.89	-40075.42	0.43612	2.472	0.00
0.00	-29557.77	-40075.36	0.43598	-29557.77	-40075.36	0.43598	2.394	0.00
0.00	-29557.64	-40075.30	0.43801	-29557.64	-40075.30	0.43801	2.701	0.00
0.00	-29557.46	-40075.22	0.43911	-29557.46	-40075.22	0.43911	3.024	0.00
0.00	-29557.30	-40075.14	0.43723	-29557.30	-40075.14	0.43723	2.828	0.00
0.00	-29557.13	-40075.06	0.43530	-29557.13	-40075.06	0.43530	2.893	0.00
0.00	-29556.97	-40074.99	0.43517	-29556.97	-40074.99	0.43517	3.125	0.00
0.00	-29556.82	-40074.92	0.43463	-29556.82	-40074.92	0.43463	2.864	0.00
0.00	-29556.67	-40074.85	0.43275	-29556.67	-40074.85	0.43275	3.086	0.00
0.00	-29556.51	-40074.77	0.43107	-29556.51	-40074.77	0.43107	3.206	0.00
0.00	-29556.31	-40074.68	0.43022	-29556.31	-40074.68	0.43022	3.451	0.00
0.00	-29556.16	-40074.61	0.42902	-29556.16	-40074.61	0.42902	3.358	0.00
0.00	-29556.00	-40074.55	0.42683	-29556.00	-40074.55	0.42683	3.502	0.00
0.00	-29555.83	-40074.47	0.42468	-29555.83	-40074.47	0.42468	3.453	0.00
0.00	-29555.64	-40074.39	0.42251	-29555.64	-40074.39	0.42251	4.145	0.00
0.00	-29555.50	-40074.32	0.42004	-29555.50	-40074.32	0.42004	4.123	0.00
0.00	-29555.30	-40074.24	0.41875	-29555.30	-40074.24	0.41875	4.317	0.00
0.00	-29555.15	-40074.17	0.41788	-29555.15	-40074.17	0.41788	3.996	0.00
0.00	-29554.94	-40074.08	0.41383	-29554.94	-40074.08	0.41383	3.992	0.00
0.00	-29554.73	-40073.99	0.40888	-29554.73	-40073.99	0.40888	3.795	0.00
0.00	-29554.52	-40073.90	0.40617	-29554.52	-40073.90	0.40617	4.378	0.00
0.00	-29554.35	-40073.84	0.40328	-29554.35	-40073.84	0.40328	4.315	0.00
0.00	-29554.19	-40073.77	0.39858	-29554.19	-40073.77	0.39858	4.295	0.00
0.00	-29553.99	-40073.69	0.39360	-29553.99	-40073.69	0.39360	4.141	0.00
0.00	-29553.79	-40073.61	0.38956	-29553.79	-40073.61	0.38956	4.811	0.00
0.00	-29553.56	-40073.52	0.38565	-29553.56	-40073.52	0.38565	4.988	0.00
0.00	-29553.39	-40073.46	0.38125	-29553.39	-40073.46	0.38125	5.167	0.00
0.00	-29553.16	-40073.37	0.37647	-29553.16	-40073.37	0.37647	5.050	0.00
0.00	-29552.97	-40073.30	0.37225	-29552.97	-40073.30	0.37225	5.290	0.00
0.00	-29552.77	-40073.22	0.36831	-29552.77	-40073.22	0.36831	4.988	0.00
0.00	-29552.53	-40073.13	0.36448	-29552.53	-40073.13	0.36448	4.874	0.00
0.00	-29552.35	-40073.07	0.36085	-29552.35	-40073.07	0.36085	5.192	0.00
0.00	-29552.15	-40073.00	0.35730	-29552.15	-40073.00	0.35730	5.487	0.00
0.00	-29551.95	-40072.92	0.35402	-29551.95	-40072.92	0.35402	5.169	0.00
0.00	-29551.74	-40072.85	0.35104	-29551.74	-40072.85	0.35104	4.467	0.00
0.00	-29551.52	-40072.77	0.34805	-29551.52	-40072.77	0.34805	5.855	0.00
0.00	-29551.30	-40072.69	0.34527	-29551.30	-40072.69	0.34527	4.782	0.00
0.00	-29551.06	-40072.61	0.34309	-29551.06	-40072.61	0.34309	6.122	0.00
0.00	-29550.86	-40072.54	0.34160	-29550.86	-40072.54	0.34160	5.996	0.00
0.00	-29550.63	-40072.46	0.34053	-29550.63	-40072.46	0.34053	5.273	0.00
0.00	-29550.39	-40072.38	0.33979	-29550.39	-40072.38	0.33979	5.748	0.00
0.00	-29550.20	-40072.31	0.33935	-29550.20	-40072.31	0.33935	5.733	0.00
0.00	-29550.01	-40072.25	0.33911	-29550.01	-40072.25	0.33911	5.503	0.00
0.00	-29549.80	-40072.18	0.33895	-29549.80	-40072.18	0.33895	5.677	0.00
0.00	-29549.59	-40072.10	0.33868	-29549.59	-40072.10	0.33868	5.769	0.00
0.00	-29549.38	-40072.03	0.33842	-29549.38	-40072.03	0.33842	5.452	0.00
0.00	-29549.17	-40071.96	0.33843	-29549.17	-40071.96	0.33843	6.067	0.00
0.00	-29548.97	-40071.89	0.33846	-29548.97	-40071.89	0.33846	5.962	0.00
0.00	-29548.75	-40071.81	0.33824	-29548.75	-40071.81	0.33824	6.038	0.00
0.00	-29548.51	-40071.74	0.33799	-29548.51	-40071.74	0.33799	6.085	0.00
0.00	-29548.25	-40071.64	0.33777	-29548.25	-40071.64	0.33777	6.173	0.00
0.00	-29548.07	-40071.58	0.33765	-29548.07	-40071.58	0.33765	5.817	0.00
0.00	-29547.86	-40071.51	0.33741	-29547.86	-40071.51	0.33741	5.831	0.00
0.00	-29547.65	-40071.44	0.33700	-29547.65	-40071.44	0.33700	6.395	0.00
0.00	-29547.43	-40071.37	0.33665	-29547.43	-40071.37	0.33665	6.169	0.00
0.00	-29547.21	-40071.29	0.33632	-29547.21	-40071.29	0.33632	5.950	0.00
0.00	-29546.99	-40071.22	0.33584	-29546.99	-40071.22	0.33584	6.751	0.00
0.00	-29546.77	-40071.15	0.33513	-29546.77	-40071.15	0.33513	6.499	0.00
0.00	-29546.56	-40071.08	0.33456	-29546.56	-40071.08	0.33456	6.615	0.00
0.00	-29546.32	-40071.00	0.33406	-29546.32	-40071.00	0.33406	6.892	0.00
0.00	-29546.09	-40070.92	0.33332	-29546.09	-40070.92	0.33332	7.007	0.00
0.00	-29545.90	-40070.86	0.33252	-29545.90	-40070.86	0.33252	6.898	0.00
0.00	-29545.67	-40070.79	0.33202	-29545.67	-40070.79	0.33202	6.636	0.00
0.00	-29545.48	-40070.72	0.33173	-29545.48	-40070.72	0.33173	6.758	0.00
0.00	-29545.27	-40070.65	0.33142	-29545.27	-40070.65	0.33142	6.695	0.00
0.00	-29545.05	-40070.58	0.33112	-29545.05	-40070.58	0.33112	7.281	0.00
0.00	-29544.83	-40070.51	0.33096	-29544.83	-40070.51	0.33096	7.193	0.00
0.00	-29544.61	-40070.43	0.33100	-29544.61	-40070.43	0.33100	6.647	0.00
0.00	-29544.39	-40070.36	0.33098	-29544.39	-40070.36	0.33098	7.023	0.00
0.00	-29544.12	-40070.27	0.33065	-29544.12	-40070.27	0.33065	7.100	0.00
0.00	-29543.89	-40070.19	0.33039	-29543.89	-40070.19	0.33039	7.373	0.00
0.00	-29543.70	-40070.13	0.33037	-29543.70	-40070.13	0.33037	7.070	0.00
0.00	-29543.46	-40070.05	0.33022	-29543.46	-40070.05	0.33022	7.393	0.00
0.00	-29543.24	-40069.98	0.32987	-29543.24	-40069.98	0.32987	7.411	0.00
0.00	-29543.01	-40069.90	0.32957	-29543.01	-40069.90	0.32957	7.302	0.00
0.00	-29542.78	-40069.83	0.32932	-29542.78	-40069.83	0.32932	7.072	0.00
0.00	-29542.55	-40069.75	0.32887	-29542.55	-40069.75	0.32887	7.641	0.00
0.00	-29542.31	-40069.67	0.32841	-29542.31	-40069.67	0.32841	7.497	0.00
0.00	-29542.09	-40069.60	0.32793	-29542.09	-40069.60	0.32793	7.634	0.00
0.00	-29541.81	-40069.51	0.32738	-29541.81	-40069.51	0.32738	7.772	0.00
0.00	-29541.56	-40069.43	0.32702	-29541.56	-40069.43	0.32702	7.575	0.00
0.00	-29541.35	-40069.36	0.32676	-29541.35	-40069.36	0.32676	7.943	0.00
0.00	-29541.12	-40069.28	0.32650	-29541.12	-40069.28	0.32650	7.271	0.00
0.00	-29540.89	-40069.21	0.32627	-29540.89	-40069.21	0.32627	7.567	0.00
0.00	-29540.63	-40069.13	0.32613	-29540.63	-40069.13	0.32613	8.015	0.00
0.00	-29540.41	-40069.05	0.32606	-29540.41	-40069.05	0.32606	7.380	0.00
0.00	-29540.18	-40068.98	0.32597	-29540.18	-40068.98	0.32597	8.080	0.00
0.00	-29539.95	-40068.90	0.32569	-29539.95	-40068.90	0.32569	7.244	0.00
0.00	-29539.73	-40068.83	0.32536	-29539.73	-40068.83	0.32536	7.681	0.00
0.00	-29539.44	-40068.74	0.32515	-29539.44	-40068.74	0.32515	8.059	0.00
0.00	-29539.20	-40068.66	0.32495	-29539.20	-40068.66	0.32495	8.246	0.00
0.00	-29538.98	-40068.59	0.32479	-29538.98	-40068.59	0.32479	7.905	0.00
0.00	-29538.75	-40068.51	0.32459	-29538.75	-40068.51	0.32459	8.020	0.00
0.00	-29538.49	-40068.43	0.32414	-29538.49	-40068.43	0.32414	8.793	0.00
0.00	-29538.24	-40068.35	0.32375	-29538.24	-40068.35	0.32375	8.433	0.00
0.00	-29537.98	-40068.26	0.32345	-29537.98	-40068.26	0.32345	8.090	0.00
0.00	-29537.71	-40068.17	0.32305	-29537.71	-40068.17	0.32305	8.361	0.00
0.00	-29537.46	-40068.09	0.32292	-29537.46	-40068.09	0.32292	8.538	0.00
0.00	-29537.21	-40068.01	0.32294	-29537.21	-40068.01	0.32294	8.351	0.00
0.00	-29536.91	-40067.91	0.32261	-29536.91	-40067.91	0.32261	8.503	0.00
0.00	-29536.66	-40067.83	0.32219	-29536.66	-40067.83	0.32219	8.228	0.00
0.00	-29536.44	-40067.76	0.32195	-29536.44	-40067.76	0.32195	7.945	0.00
0.00	-29536.20	-40067.69	0.32170	-29536.20	-40067.69	0.32170	8.477	0.00
0.00	-29535.96	-40067.61	0.32140	-29535.96	-40067.61	0.32140	8.182	0.00
0.00	-29535.70	-40067.53	0.32114	-29535.70	-40067.53	0.32114	8.667	0.00
0.00	-29535.45	-40067.45	0.32085	-29535.45	-40067.45	0.32085	8.856	0.00
0.00	-29535.20	-40067.37	0.32039	-29535.20	-40067.37	0.32039	8.474	0.00
0.00	-29534.95	-40067.29	0.31999	-29534.95	-40067.29	0.31999	8.472	0.00
0.00	-29534.68	-40067.20	0.31963	-29534.68	-40067.20	0.31963	8.707	0.00
0.00	-29534.39	-40067.11	0.31921	-29534.39	-40067.11	0.31921	8.902	0.00
0.00	-29534.16	-40067.03	0.31893	-29534.16	-40067.03	0.31893	8.698	0.00
0.00	-29533.93	-40066.96	0.31854	-29533.93	-40066.96	0.31854	9.080	0.00
0.00	-29533.68	-40066.88	0.31789	-29533.68	-40066.88	0.31789	9.252	0.00
0.00	-29533.42	-40066.80	0.31756	-29533.42	-40066.80	0.31756	9.082	0.00
0.00	-29533.16	-40066.72	0.31748	-29533.16	-40066.72	0.31748	9.377	0.00
0.00	-29532.89	-40066.63	0.31707	-29532.89	-40066.63	0.31707	8.868	0.00
0.00	-29532.62	-40066.55	0.31660	-29532.62	-40066.55	0.31660	8.835	0.00
0.00	-29532.35	-40066.46	0.31627	-29532.35	-40066.46	0.31627	9.015	0.00
0.00	-29532.08	-40066.38	0.31604	-29532.08	-40066.38	0.31604	8.945	0.00
0.00	-29531.75	-40066.28	0.31568	-29531.75	-40066.28	0.31568	9.113	0.00
0.00	-29531.48	-40066.19	0.31496	-29531.48	-40066.19	0.31496	9.199	0.00
0.00	-29531.25	-40066.12	0.31409	-29531.25	-40066.12	0.31409	9.390	0.00
0.00	-29530.99	-40066.04	0.31342	-29530.99	-40066.04	0.31342	9.335	0.00
0.00	-29530.72	-40065.96	0.31293	-29530.72	-40065.96	0.31293	9.940	0.00
0.00	-29530.45	-40065.88	0.31231	-29530.45	-40065.88	0.31231	9.844	0.00
0.00	-29530.18	-40065.79	0.31179	-29530.18	-40065.79	0.31179	9.168	0.00
0.00	-29529.92	-40065.71	0.31151	-29529.92	-40065.71	0.31151	9.656	0.00
0.00	-29529.64	-40065.62	0.31129	-29529.64	-40065.62	0.31129	9.164	0.00
0.00	-29529.36	-40065.54	0.31123	-29529.36	-40065.54	0.31123	9.073	0.00
0.00	-29529.04	-40065.44	0.31116	-29529.04	-40065.44	0.31116	9.510	0.00
0.00	-29528.77	-40065.35	0.31082	-29528.77	-40065.35	0.31082	9.141	0.00
0.00	-29528.53	-40065.28	0.31052	-29528.53	-40065.28	0.31052	9.263	0.00
0.00	-29528.27	-40065.20	0.31034	-29528.27	-40065.20	0.31034	10.037	0.00
0.00	-29528.01	-40065.12	0.31018	-29528.01	-40065.12	0.31018	9.529	0.00
0.00	-29527.74	-40065.03	0.31006	-29527.74	-40065.03	0.31006	10.045	0.00
0.00	-29527.47	-40064.95	0.31012	-29527.47	-40064.95	0.31012	9.857	0.00
0.00	-29527.20	-40064.86	0.31034	-29527.20	-40064.86	0.31034	9.649	0.00
0.00	-29526.92	-40064.78	0.31061	-29526.92	-40064.78	0.31061	10.333	0.00
0.00	-29526.63	-40064.69	0.31096	-29526.63	-40064.69	0.31096	9.688	0.00
0.00	-29526.32	-40064.59	0.31140	-29526.32	-40064.59	0.31140	10.345	0.00
0.00	-29526.08	-40064.51	0.31215	-29526.08	-40064.51	0.31215	10.194	0.00
0.00	-29525.80	-40064.42	0.31332	-29525.80	-40064.42	0.31332	10.150	0.00
0.00	-29525.54	-40064.34	0.31444	-29525.54	-40064.34	0.31444	10.137	0.00
0.00	-29525.27	-40064.25	0.31538	-29525.27	-40064.25	0.31538	9.938	0.00
0.00	-29525.00	-40064.16	0.31634	-29525.00	-40064.16	0.31634	10.254	0.00
0.00	-29524.73	-40064.07	0.31718	-29524.73	-40064.07	0.31718	9.847	0.00
0.00	-29524.45	-40063.99	0.31770	-29524.45	-40063.99	0.31770	9.941	0.00
0.00	-29524.18	-40063.90	0.31797	-29524.18	-40063.90	0.31797	10.667	0.00
0.00	-29523.90	-40063.81	0.31815	-29523.90	-40063.81	0.31815	10.426	0.00
0.00	-29523.57	-40063.70	0.31834	-29523.57	-40063.70	0.31834	10.224	0.00
0.00	-29523.33	-40063.63	0.31864	-29523.33	-40063.63	0.31864	10.300	0.00
0.00	-29523.06	-40063.54	0.31904	-29523.06	-40063.54	0.31904	10.773	0.00
0.00	-29522.78	-40063.45	0.31969	-29522.78	-40063.45	0.31969	11.429	0.00
0.00	-29522.49	-40063.36	0.32040	-29522.49	-40063.36	0.32040	10.344	0.00
0.00	-29522.19	-40063.25	0.32096	-29522.19	-40063.25	0.32096	10.513	0.00
0.00	-29521.92	-40063.17	0.32131	-29521.92	-40063.17	0.32131	10.206	0.00
0.00	-29521.64	-40063.08	0.32153	-29521.64	-40063.08	0.32153	10.112	0.00
0.00	-29521.36	-40062.99	0.32168	-29521.36	-40062.99	0.32168	10.499	0.00
0.00	-29521.05	-40062.89	0.32167	-29521.05	-40062.89	0.32167	10.616	0.00
0.00	-29520.73	-40062.78	0.32148	-29520.73	-40062.78	0.32148	10.643	0.00
0.00	-29520.48	-40062.70	0.32146	-29520.48	-40062.70	0.32146	10.499	0.00
0.00	-29520.21	-40062.62	0.32162	-29520.21	-40062.62	0.32162	10.853	0.00
0.00	-29519.94	-40062.53	0.32175	-29519.94	-40062.53	0.32175	10.694	0.00
0.00	-29519.65	-40062.44	0.32172	-29519.65	-40062.44	0.32172	11.230	0.00
0.00	-29519.37	-40062.35	0.32170	-29519.37	-40062.35	0.32170	10.480	0.00
0.00	-29519.09	-40062.26	0.32165	-29519.09	-40062.26	0.32165	10.679	0.00
0.00	-29518.79	-40062.16	0.32142	-29518.79	-40062.16	0.32142	10.907	0.00
0.00	-29518.53	-40062.08	0.32127	-29518.53	-40062.08	0.32127	11.619	0.00
0.00	-29518.23	-40061.98	0.32120	-29518.23	-40061.98	0.32120	11.013	0.00
0.00	-29517.91	-40061.88	0.32109	-29517.91	-40061.88	0.32109	11.148	0.00
0.00	-29517.67	-40061.80	0.32103	-29517.67	-40061.80	0.32103	11.124	0.00
0.00	-29517.42	-40061.72	0.32123	-29517.42	-40061.72	0.32123	11.829	0.00
0.00	-29517.15	-40061.63	0.32165	-29517.15	-40061.63	0.32165	11.573	0.00
0.00	-29516.86	-40061.54	0.32191	-29516.86	-40061.54	0.32191	11.241	0.00
0.00	-29516.57	-40061.45	0.32201	-29516.57	-40061.45	0.32201	11.496	0.00
0.00	-29516.29	-40061.35	0.32228	-29516.29	-40061.35	0.32228	11.724	0.00
0.00	-29516.01	-40061.26	0.32253	-29516.01	-40061.26	0.32253	11.509	0.00
0.00	-29515.73	-40061.17	0.32236	-29515.73	-40061.17	0.32236	11.376	0.00
0.00	-29515.39	-40061.06	0.32208	-29515.39	-40061.06	0.32208	11.750	0.00
0.00	-29515.09	-40060.97	0.32210	-29515.09	-40060.97	0.32210	11.756	0.00
0.00	-29514.84	-40060.89	0.32222	-29514.84	-40060.89	0.32222	11.620	0.00
0.00	-29514.58	-40060.80	0.32229	-29514.58	-40060.80	0.32229	11.755	0.00
0.00	-29514.30	-40060.71	0.32250	-29514.30	-40060.71	0.32250	11.529	0.00
0.00	-29514.02	-40060.62	0.32282	-29514.02	-40060.62	0.32282	12.016	0.00
0.00	-29513.75	-40060.53	0.32290	-29513.75	-40060.53	0.32290	11.749	0.00
0.00	-29513.48	-40060.45	0.32275	-29513.48	-40060.45	0.32275	11.693	0.00
0.00	-29513.20	-40060.36	0.32267	-29513.20	-40060.36	0.32267	11.896	0.00
0.00	-29512.92	-40060.27	0.32263	-29512.92	-40060.27	0.32263	11.919	0.00
0.00	-29512.60	-40060.17	0.32234	-29512.60	-40060.17	0.32234	11.527	0.00
0.00	-29512.28	-40060.06	0.32195	-29512.28	-40060.06	0.32195	11.805	0.00
0.00	-29512.06	-40059.99	0.32192	-29512.06	-40059.99	0.32192	11.469	0.00
0.00	-29511.80	-40059.91	0.32187	-29511.80	-40059.91	0.32187	12.536	0.00
0.00	-29511.53	-40059.83	0.32157	-29511.53	-40059.83	0.32157	12.217	0.00
0.00	-29511.26	-40059.74	0.32122	-29511.26	-40059.74	0.32122	12.177	0.00
0.00	-29510.98	-40059.65	0.32094	-29510.98	-40059.65	0.32094	11.460	0.00
0.00	-29510.70	-40059.56	0.32073	-29510.70	-40059.56	0.32073	12.020	0.00
0.00	-29510.41	-40059.47	0.32038	-29510.41	-40059.47	0.32038	11.913	0.00
0.00	-29510.14	-40059.38	0.31998	-29510.14	-40059.38	0.31998	12.118	0.00
0.00	-29509.79	-40059.27	0.31961	-29509.79	-40059.27	0.31961	12.936	0.00
0.00	-29509.50	-40059.18	0.31932	-29509.50	-40059.18	0.31932	12.393	0.00
0.00	-29509.24	-40059.10	0.31914	-29509.24	-40059.10	0.31914	11.843	0.00
0.00	-29508.96	-40059.01	0.31903	-29508.96	-40059.01	0.31903	11.753	0.00
0.00	-29508.66	-40058.91	0.31888	-29508.66	-40058.91	0.31888	14.897	0.00
0.00	-29508.37	-40058.82	0.31887	-29508.37	-40058.82	0.31887	12.268	0.00
0.00	-29508.08	-40058.73	0.31888	-29508.08	-40058.73	0.31888	12.359	0.00
0.00	-29507.78	-40058.63	0.31890	-29507.78	-40058.63	0.31890	12.435	0.00
0.00	-29507.49	-40058.54	0.31906	-29507.49	-40058.54	0.31906	12.658	0.00
0.00	-29507.20	-40058.45	0.31916	-29507.20	-40058.45	0.31916	12.516	0.00
0.00	-29506.84	-40058.33	0.31917	-29506.84	-40058.33	0.31917	12.332	0.00
0.00	-29506.53	-40058.23	0.31924	-29506.53	-40058.23	0.31924	12.596	0.00
0.00	-29506.27	-40058.15	0.31939	-29506.27	-40058.15	0.31939	12.860	0.00
0.00	-29505.98	-40058.06	0.31949	-29505.98	-40058.06	0.31949	12.402	0.00
0.00	-29505.66	-40057.95	0.31957	-29505.66	-40057.95	0.31957	12.836	0.00
0.00	-29505.38	-40057.86	0.31992	-29505.38	-40057.86	0.31992	13.002	0.00
0.00	-29505.09	-40057.76	0.32061	-29505.09	-40057.76	0.32061	12.712	0.00
0.00	-29504.80	-40057.67	0.32122	-29504.80	-40057.67	0.32122	12.364	0.00
0.00	-29504.50	-40057.57	0.32167	-29504.50	-40057.57	0.32167	12.733	0.00
0.00	-29504.21	-40057.48	0.32221	-29504.21	-40057.48	0.32221	13.317	0.00
0.00	-29503.86	-40057.36	0.32285	-29503.86	-40057.36	0.32285	13.280	0.00
0.00	-29503.57	-40057.26	0.32315	-29503.57	-40057.26	0.32315	13.363	0.00
0.00	-29503.30	-40057.17	0.32321	-29503.30	-40057.17	0.32321	13.858	0.00
0.00	-29503.00	-40057.08	0.32353	-29503.00	-40057.08	0.32353	13.412	0.00
0.00	-29502.69	-40056.97	0.32402	-29502.69	-40056.97	0.32402	13.906	0.00
0.00	-29502.38	-40056.87	0.32440	-29502.38	-40056.87	0.32440	13.834	0.00
0.00	-29502.04	-40056.76	0.32466	-29502.04	-40056.76	0.32466	13.792	0.00
0.00	-29501.74	-40056.66	0.32497	-29501.74	-40056.66	0.32497	14.247	0.00
0.00	-29501.44	-40056.56	0.32524	-29501.44	-40056.56	0.32524	14.588	0.00
0.00	-29501.13	-40056.46	0.32541	-29501.13	-40056.46	0.32541	14.797	0.00
0.00	-29500.75	-40056.33	0.32558	-29500.75	-40056.33	0.32558	14.383	0.00
0.00	-29500.46	-40056.23	0.32589	-29500.46	-40056.23	0.32589	14.518	0.00
0.00	-29500.17	-40056.14	0.32623	-29500.17	-40056.14	0.32623	15.061	0.00
0.00	-29499.87	-40056.04	0.32651	-29499.87	-40056.04	0.32651	15.296	0.00
0.00	-29499.56	-40055.94	0.32667	-29499.56	-40055.94	0.32667	14.483	0.00
0.00	-29499.24	-40055.83	0.32671	-29499.24	-40055.83	0.32671	15.298	0.00
0.00	-29498.89	-40055.72	0.32673	-29498.89	-40055.72	0.32673	15.981	0.00
0.00	-29498.59	-40055.62	0.32678	-29498.59	-40055.62	0.32678	15.128	0.00
0.00	-29498.28	-40055.52	0.32675	-29498.28	-40055.52	0.32675	15.387	0.00
0.00	-29497.96	-40055.41	0.32672	-29497.96	-40055.41	0.32672	15.471	0.00
0.00	-29497.59	-40055.29	0.32679	-29497.59	-40055.29	0.32679	17.061	0.00
0.00	-29497.31	-40055.20	0.32680	-29497.31	-40055.20	0.32680	15.816	0.00
0.00	-29497.02	-40055.10	0.32672	-29497.02	-40055.10	0.32672	15.960	0.00
0.00	-29496.72	-40055.00	0.32661	-29496.72	-40055.00	0.32661	15.968	0.00
0.00	-29496.41	-40054.90	0.32651	-29496.41	-40054.90	0.32651	16.570	0.00
0.00	-29496.10	-40054.80	0.32629	-29496.10	-40054.80	0.32629	16.963	0.00
0.00	-29495.78	-40054.70	0.32599	-29495.78	-40054.70	0.32599	16.186	0.00
0.00	-29495.46	-40054.59	0.32590	-29495.46	-40054.59	0.32590	17.199	0.00
0.00	-29495.12	-40054.48	0.32582	-29495.12	-40054.48	0.32582	17.694	0.00
0.00	-29494.81	-40054.38	0.32559	-29494.81	-40054.38	0.32559	17.081	0.00
0.00	-29494.45	-40054.26	0.32506	-29494.45	-40054.26	0.32506	17.115	0.00
0.00	-29494.17	-40054.17	0.32468	-29494.17	-40054.17	0.32468	17.305	0.00
0.00	-29493.87	-40054.08	0.32453	-29493.87	-40054.08	0.32453	18.177	0.00
0.00	-29493.57	-40053.98	0.32430	-29493.57	-40053.98	0.32430	16.896	0.00
0.00	-29493.26	-40053.88	0.32391	-29493.26	-40053.88	0.32391	18.842	0.00
0.00	-29492.95	-40053.78	0.32363	-29492.95	-40053.78	0.32363	18.179	0.00
0.00	-29492.63	-40053.68	0.32336	-29492.63	-40053.68	0.32336	18.363	0.00
0.00	-29492.33	-40053.58	0.32272	-29492.33	-40053.58	0.32272	18.607	0.00
0.00	-29492.02	-40053.48	0.32202	-29492.02	-40053.48	0.32202	18.707	0.00
0.00	-29491.65	-40053.36	0.32169	-29491.65	-40053.36	0.32169	19.366	0.00
0.00	-29491.30	-40053.25	0.32168	-29491.30	-40053.25	0.32168	596.910	0.00
0.00	-29488.78	-40052.43	0.32230	-29488.78	-40052.43	0.32230	2.386	0.00
0.00	-29488.78	-40052.43	0.32230	-29488.78	-40052.43	0.32230	2.646	0.00
0.00	-29488.78	-40052.43	0.32230	-29488.78	-40052.43	0.32230	2.435	0.00
0.00	-29489.21	-40052.58	0.32198	-29489.21	-40052.58	0.32198	3.053	0.00
0.00	-29488.91	-40052.48	0.32132	-29488.91	-40052.48	0.32132	2.451	0.00
0.00	-29488.60	-40052.38	0.32050	-29488.60	-40052.38	0.32050	2.912	0.00
0.00	-29488.23	-40052.26	0.31952	-29488.23	-40052.26	0.31952	2.841	0.00
0.00	-29487.93	-40052.17	0.31868	-29487.93	-40052.17	0.31868	3.012	0.00
0.00	-29487.65	-40052.08	0.31820	-29487.65	-40052.08	0.31820	2.883	0.00
0.00	-29487.37	-40051.99	0.31795	-29487.37	-40051.99	0.31795	3.055	0.00
0.00	-29487.08	-40051.90	0.31774	-29487.08	-40051.90	0.31774	3.166	0.00
0.00	-29486.76	-40051.79	0.31761	-29486.76	-40051.79	0.31761	3.144	0.00
0.00	-29486.46	-40051.70	0.31769	-29486.46	-40051.70	0.31769	3.574	0.00
0.00	-29486.18	-40051.61	0.31792	-29486.18	-40051.61	0.31792	3.418	0.00
0.00	-29485.88	-40051.51	0.31796	-29485.88	-40051.51	0.31796	3.306	0.00
0.00	-29485.56	-40051.41	0.31796	-29485.56	-40051.41	0.31796	3.636	0.00
0.00	-29485.21	-40051.30	0.31806	-29485.21	-40051.30	0.31806	3.288	0.00
0.00	-29484.96	-40051.21	0.31841	-29484.96	-40051.21	0.31841	3.923	0.00
0.00	-29484.67	-40051.12	0.31890	-29484.67	-40051.12	0.31890	3.620	0.00
0.00	-29484.35	-40051.01	0.31925	-29484.35	-40051.01	0.31925	3.424	0.00
0.00	-29484.07	-40050.92	0.31978	-29484.07	-40050.92	0.31978	3.351	0.00
0.00	-29483.79	-40050.83	0.32052	-29483.79	-40050.83	0.32052	3.881	0.00
0.00	-29483.48	-40050.73	0.32090	-29483.48	-40050.73	0.32090	4.120	0.00
0.00	-29483.16	-40050.62	0.32100	-29483.16	-40050.62	0.32100	4.222	0.00
0.00	-29482.85	-40050.52	0.32097	-29482.85	-40050.52	0.32097	4.561	0.00
0.00	-29482.52	-40050.41	0.32099	-29482.52	-40050.41	0.32099	4.174	0.00
0.00	-29482.18	-40050.30	0.32116	-29482.18	-40050.30	0.32116	4.814	0.00
0.00	-29481.90	-40050.21	0.32137	-29481.90	-40050.21	0.32137	4.090	0.00
0.00	-29481.59	-40050.11	0.32148	-29481.59	-40050.11	0.32148	4.210	0.00
0.00	-29481.26	-40050.01	0.32153	-29481.26	-40050.01	0.32153	3.666	0.00
0.00	-29480.87	-40049.88	0.32141	-29480.87	-40049.88	0.32141	4.361	0.00
0.00	-29480.55	-40049.78	0.32112	-29480.55	-40049.78	0.32112	5.305	0.00
0.00	-29480.21	-40049.67	0.32060	-29480.21	-40049.67	0.32060	5.063	0.00
0.00	-29479.88	-40049.56	0.32026	-29479.88	-40049.56	0.32026	5.009	0.00
0.00	-29479.54	-40049.45	0.32013	-29479.54	-40049.45	0.32013	5.069	0.00
0.00	-29479.13	-40049.32	0.31993	-29479.13	-40049.32	0.31993	5.220	0.00
0.00	-29478.75	-40049.20	0.31966	-29478.75	-40049.20	0.31966	5.059	0.00
0.00	-29478.44	-40049.10	0.31950	-29478.44	-40049.10	0.31950	4.335	0.00
0.00	-29478.10	-40048.99	0.31923	-29478.10	-40048.99	0.31923	5.857	0.00
0.00	-29477.75	-40048.88	0.31875	-29477.75	-40048.88	0.31875	4.914	0.00
0.00	-29477.33	-40048.75	0.31820	-29477.33	-40048.75	0.31820	4.692	0.00
0.00	-29476.99	-40048.64	0.31784	-29476.99	-40048.64	0.31784	4.267	0.00
0.00	-29476.62	-40048.52	0.31762	-29476.62	-40048.52	0.31762	4.403	0.00
0.00	-29476.25	-40048.41	0.31747	-29476.25	-40048.41	0.31747	5.454	0.00
0.00	-29475.89	-40048.29	0.31725	-29475.89	-40048.29	0.31725	6.047	0.00
0.00	-29475.45	-40048.15	0.31703	-29475.45	-40048.15	0.31703	6.209	0.00
0.00	-29475.09	-40048.04	0.31690	-29475.09	-40048.04	0.31690	6.550	0.00
0.00	-29474.75	-40047.93	0.31670	-29474.75	-40047.93	0.31670	5.535	0.00
0.00	-29474.39	-40047.82	0.31631	-29474.39	-40047.82	0.31631	5.258	0.00
0.00	-29474.02	-40047.70	0.31604	-29474.02	-40047.70	0.31604	4.692	0.00
0.00	-29473.66	-40047.58	0.31582	-29473.66	-40047.58	0.31582	6.186	0.00
0.00	-29473.29	-40047.47	0.31545	-29473.29	-40047.47	0.31545	4.773	0.00
0.00	-29472.90	-40047.35	0.31497	-29472.90	-40047.35	0.31497	5.087	0.00
0.00	-29472.49	-40047.22	0.31473	-29472.49	-40047.22	0.31473	5.310	0.00
0.00	-29472.14	-40047.11	0.31464	-29472.14	-40047.11	0.31464	5.191	0.00
0.00	-29471.70	-40046.97	0.31446	-29471.70	-40046.97	0.31446	5.427	0.00
0.00	-29471.34	-40046.86	0.31431	-29471.34	-40046.86	0.31431	7.736	0.00
0.00	-29470.99	-40046.75	0.31417	-29470.99	-40046.75	0.31417	7.657	0.00
0.00	-29470.64	-40046.64	0.31396	-29470.64	-40046.64	0.31396	7.950	0.00
0.00	-29470.27	-40046.52	0.31371	-29470.27	-40046.52	0.31371	5.752	0.00
0.00	-29469.91	-40046.41	0.31363	-29469.91	-40046.41	0.31363	8.282	0.00
0.00	-29469.55	-40046.30	0.31370	-29469.55	-40046.30	0.31370	5.995	0.00
0.00	-29469.19	-40046.18	0.31379	-29469.19	-40046.18	0.31379	8.028	0.00
0.00	-29468.81	-40046.06	0.31394	-29468.81	-40046.06	0.31394	8.408	0.00
0.00	-29468.42	-40045.94	0.31408	-29468.42	-40045.94	0.31408	6.571	0.00
0.00	-29468.02	-40045.81	0.31418	-29468.02	-40045.81	0.31418	8.592	0.00
0.00	-29467.66	-40045.69	0.31435	-29467.66	-40045.69	0.31435	7.819	0.00
0.00	-29467.35	-40045.60	0.31459	-29467.35	-40045.60	0.31459	8.503	0.00
0.00	-29466.99	-40045.48	0.31512	-29466.99	-40045.48	0.31512	6.537	0.00
0.00	-29466.64	-40045.37	0.31590	-29466.64	-40045.37	0.31590	9.009	0.00
0.00	-29466.28	-40045.25	0.31688	-29466.28	-40045.25	0.31688	6.282	0.00
0.00	-29465.93	-40045.14	0.31768	-29465.93	-40045.14	0.31768	9.620	0.00
0.00	-29465.59	-40045.03	0.31815	-29465.59	-40045.03	0.31815	7.505	0.00
0.00	-29465.22	-40044.91	0.31869	-29465.22	-40044.91	0.31869	8.903	0.00
0.00	-29464.87	-40044.80	0.31925	-29464.87	-40044.80	0.31925	6.242	0.00
0.00	-29464.43	-40044.65	0.31955	-29464.43	-40044.65	0.31955	7.124	0.00
0.00	-29464.05	-40044.53	0.31979	-29464.05	-40044.53	0.31979	5.931	0.00
0.00	-29463.73	-40044.43	0.32017	-29463.73	-40044.43	0.32017	6.007	0.00
0.00	-29463.42	-40044.33	0.32055	-29463.42	-40044.33	0.32055	10.619	0.00
0.00	-29463.07	-40044.21	0.32083	-29463.07	-40044.21	0.32083	10.386	0.00
0.00	-29462.72	-40044.10	0.32127	-29462.72	-40044.10	0.32127	6.561	0.00
0.00	-29462.37	-40043.99	0.32172	-29462.37	-40043.99	0.32172	9.481	0.00
0.00	-29462.03	-40043.88	0.32187	-29462.03	-40043.88	0.32187	9.075	0.00
0.00	-29461.67	-40043.76	0.32194	-29461.67	-40043.76	0.32194	9.390	0.00
0.00	-29461.31	-40043.64	0.32198	-29461.31	-40043.64	0.32198	10.853	0.00
0.00	-29460.91	-40043.51	0.32170	-29460.91	-40043.51	0.32170	10.055	0.00
0.00	-29460.57	-40043.40	0.32134	-29460.57	-40043.40	0.32134	6.868	0.00
0.00	-29460.22	-40043.29	0.32118	-29460.22	-40043.29	0.32118	6.929	0.00
0.00	-29459.84	-40043.17	0.32116	-29459.84	-40043.17	0.32116	5.387	0.00
0.00	-29459.51	-40043.06	0.32104	-29459.51	-40043.06	0.32104	9.176	0.00
0.00	-29459.16	-40042.95	0.32089	-29459.16	-40042.95	0.32089	9.717	0.00
0.00	-29458.78	-40042.83	0.32084	-29458.78	-40042.83	0.32084	10.272	0.00
0.00	-29458.43	-40042.71	0.32061	-29458.43	-40042.71	0.32061	10.618	0.00
0.00	-29458.06	-40042.60	0.32033	-29458.06	-40042.60	0.32033	11.831	0.00
0.00	-29457.69	-40042.48	0.31998	-29457.69	-40042.48	0.31998	7.762	0.00
0.00	-29457.23	-40042.33	0.31953	-29457.23	-40042.33	0.31953	5.850	0.00
0.00	-29456.90	-40042.22	0.31903	-29456.90	-40042.22	0.31903	8.260	0.00
0.00	-29456.56	-40042.12	0.31866	-29456.56	-40042.12	0.31866	7.521	0.00
0.00	-29456.18	-40041.99	0.31835	-29456.18	-40041.99	0.31835	7.314	0.00
0.00	-29455.75	-40041.85	0.31777	-29455.75	-40041.85	0.31777	7.572	0.00
0.00	-29455.38	-40041.74	0.31721	-29455.38	-40041.74	0.31721	7.184	0.00
0.00	-29455.04	-40041.63	0.31662	-29455.04	-40041.63	0.31662	10.617	0.00
0.00	-29454.66	-40041.51	0.31621	-29454.66	-40041.51	0.31621	10.711	0.00
0.00	-29454.27	-40041.38	0.31591	-29454.27	-40041.38	0.31591	9.241	0.00
0.00	-29453.88	-40041.26	0.31559	-29453.88	-40041.26	0.31559	7.555	0.00
0.00	-29453.44	-40041.12	0.31525	-29453.44	-40041.12	0.31525	12.614	0.00
0.00	-29453.13	-40041.02	0.31487	-29453.13	-40041.02	0.31487	8.733	0.00
0.00	-29452.79	-40040.91	0.31454	-29452.79	-40040.91	0.31454	7.506	0.00
0.00	-29452.42	-40040.80	0.31426	-29452.42	-40040.80	0.31426	5.756	0.00
0.00	-29452.00	-40040.66	0.31389	-29452.00	-40040.66	0.31389	8.193	0.00
0.00	-29451.67	-40040.56	0.31350	-29451.67	-40040.56	0.31350	11.607	0.00
0.00	-29451.31	-40040.44	0.31297	-29451.31	-40040.44	0.31297	11.938	0.00
0.00	-29450.93	-40040.32	0.31244	-29450.93	-40040.32	0.31244	8.164	0.00
0.00	-29450.57	-40040.21	0.31189	-29450.57	-40040.21	0.31189	7.926	0.00
0.00	-29450.18	-40040.09	0.31158	-29450.18	-40040.09	0.31158	12.024	0.00
0.00	-29449.75	-40039.95	0.31130	-29449.75	-40039.95	0.31130	9.097	0.00
0.00	-29449.44	-40039.86	0.31118	-29449.44	-40039.86	0.31118	7.667	0.00
0.00	-29449.11	-40039.75	0.31129	-29449.11	-40039.75	0.31129	12.163	0.00
0.00	-29448.77	-40039.65	0.31133	-29448.77	-40039.65	0.31133	11.831	0.00
0.00	-29448.42	-40039.54	0.31146	-29448.42	-40039.54	0.31146	12.945	0.00
0.00	-29448.02	-40039.41	0.31171	-29448.02	-40039.41	0.31171	12.130	0.00
0.00	-29447.66	-40039.30	0.31201	-29447.66	-40039.30	0.31201	12.338	0.00
0.00	-29447.31	-40039.19	0.31190	-29447.31	-40039.19	0.31190	12.442	0.00
0.00	-29446.94	-40039.08	0.31166	-29446.94	-40039.08	0.31166	12.415	0.00
0.00	-29446.56	-40038.96	0.31159	-29446.56	-40038.96	0.31159	8.847	0.00
0.00	-29446.14	-40038.83	0.31173	-29446.14	-40038.83	0.31173	13.379	0.00
0.00	-29445.82	-40038.73	0.31225	-29445.82	-40038.73	0.31225	10.045	0.00
0.00	-29445.47	-40038.61	0.31317	-29445.47	-40038.61	0.31317	8.464	0.00
0.00	-29445.10	-40038.50	0.31428	-29445.10	-40038.50	0.31428	7.447	0.00
0.00	-29444.72	-40038.38	0.31544	-29444.72	-40038.38	0.31544	10.042	0.00
0.00	-29444.36	-40038.26	0.31651	-29444.36	-40038.26	0.31651	15.258	0.00
0.00	-29443.99	-40038.14	0.31747	-29443.99	-40038.14	0.31747	13.196	0.00
0.00	-29443.57	-40038.00	0.31828	-29443.57	-40038.00	0.31828	12.997	0.00
0.00	-29443.20	-40037.89	0.31914	-29443.20	-40037.89	0.31914	13.952	0.00
0.00	-29442.78	-40037.75	0.31984	-29442.78	-40037.75	0.31984	11.858	0.00
0.00	-29442.34	-40037.61	0.32032	-29442.34	-40037.61	0.32032	13.820	0.00
0.00	-29442.01	-40037.50	0.32089	-29442.01	-40037.50	0.32089	14.018	0.00
0.00	-29441.65	-40037.38	0.32162	-29441.65	-40037.38	0.32162	13.184	0.00
0.00	-29441.25	-40037.25	0.32236	-29441.25	-40037.25	0.32236	13.570	0.00
0.00	-29440.88	-40037.13	0.32299	-29440.88	-40037.13	0.32299	10.580	0.00
0.00	-29440.48	-40037.00	0.32377	-29440.48	-40037.00	0.32377	8.496	0.00
0.00	-29440.08	-40036.86	0.32473	-29440.08	-40036.86	0.32473	14.157	0.00
0.00	-29439.66	-40036.73	0.32569	-29439.66	-40036.73	0.32569	10.654	0.00
0.00	-29439.21	-40036.58	0.32633	-29439.21	-40036.58	0.32633	8.977	0.00
0.00	-29438.80	-40036.44	0.32650	-29438.80	-40036.44	0.32650	8.077	0.00
0.00	-29438.37	-40036.30	0.32652	-29438.37	-40036.30	0.32652	14.618	0.00
0.00	-29438.01	-40036.18	0.32677	-29438.01	-40036.18	0.32677	17.682	0.00
0.00	-29437.61	-40036.05	0.32737	-29437.61	-40036.05	0.32737	14.365	0.00
0.00	-29437.22	-40035.92	0.32801	-29437.22	-40035.92	0.32801	10.072	0.00
0.00	-29436.81	-40035.79	0.32845	-29436.81	-40035.79	0.32845	9.077	0.00
0.00	-29436.41	-40035.65	0.32870	-29436.41	-40035.65	0.32870	9.614	0.00
0.00	-29436.01	-40035.52	0.32891	-29436.01	-40035.52	0.32891	15.305	0.00
0.00	-29435.62	-40035.39	0.32901	-29435.62	-40035.39	0.32901	14.373	0.00
0.00	-29435.22	-40035.26	0.32896	-29435.22	-40035.26	0.32896	12.981	0.00
0.00	-29434.69	-40035.09	0.32866	-29434.69	-40035.09	0.32866	9.695	0.00
0.00	-29434.27	-40034.95	0.32853	-29434.27	-40034.95	0.32853	15.484	0.00
0.00	-29433.92	-40034.84	0.32877	-29433.92	-40034.84	0.32877	15.310	0.00
0.00	-29433.54	-40034.71	0.32901	-29433.54	-40034.71	0.32901	14.868	0.00
0.00	-29433.17	-40034.59	0.32911	-29433.17	-40034.59	0.32911	15.302	0.00
0.00	-29432.77	-40034.46	0.32917	-29432.77	-40034.46	0.32917	15.186	0.00
0.00	-29432.37	-40034.33	0.32943	-29432.37	-40034.33	0.32943	10.069	0.00
0.00	-29431.96	-40034.19	0.33002	-29431.96	-40034.19	0.33002	9.552	0.00
0.00	-29431.55	-40034.05	0.33064	-29431.55	-40034.05	0.33064	16.330	0.00
0.00	-29431.15	-40033.92	0.33117	-29431.15	-40033.92	0.33117	15.682	0.00
0.00	-29430.68	-40033.76	0.33167	-29430.68	-40033.76	0.33167	15.382	0.00
0.00	-29430.19	-40033.59	0.33209	-29430.19	-40033.59	0.33209	16.358	0.00
0.00	-29429.84	-40033.47	0.33260	-29429.84	-40033.47	0.33260	10.220	0.00
0.00	-29429.44	-40033.34	0.33307	-29429.44	-40033.34	0.33307	17.585	0.00
0.00	-29429.03	-40033.20	0.33350	-29429.03	-40033.20	0.33350	13.020	0.00
0.00	-29428.61	-40033.06	0.33423	-29428.61	-40033.06	0.33423	15.872	0.00
0.00	-29428.19	-40032.91	0.33507	-29428.19	-40032.91	0.33507	15.602	0.00
0.00	-29427.77	-40032.77	0.33590	-29427.77	-40032.77	0.33590	15.335	0.00
0.00	-29427.35	-40032.62	0.33682	-29427.35	-40032.62	0.33682	8.387	0.00
0.00	-29426.94	-40032.48	0.33756	-29426.94	-40032.48	0.33756	18.541	0.00
0.00	-29426.43	-40032.31	0.33808	-29426.43	-40032.31	0.33808	17.126	0.00
0.00	-29426.00	-40032.16	0.33860	-29426.00	-40032.16	0.33860	9.143	0.00
0.00	-29425.62	-40032.03	0.33923	-29425.62	-40032.03	0.33923	18.820	0.00
0.00	-29425.16	-40031.87	0.33974	-29425.16	-40031.87	0.33974	16.478	0.00
0.00	-29424.76	-40031.74	0.34008	-29424.76	-40031.74	0.34008	16.154	0.00
0.00	-29424.34	-40031.59	0.34028	-29424.34	-40031.59	0.34028	17.648	0.00
0.00	-29423.92	-40031.44	0.34065	-29423.92	-40031.44	0.34065	13.998	0.00
0.00	-29423.49	-40031.30	0.34093	-29423.49	-40031.30	0.34093	8.718	0.00
0.00	-29423.06	-40031.15	0.34117	-29423.06	-40031.15	0.34117	16.448	0.00
0.00	-29422.64	-40031.00	0.34137	-29422.64	-40031.00	0.34137	16.079	0.00
0.00	-29422.13	-40030.83	0.34141	-29422.13	-40030.83	0.34141	7.971	0.00
0.00	-29421.71	-40030.69	0.34158	-29421.71	-40030.69	0.34158	19.405	0.00
0.00	-29421.34	-40030.56	0.34177	-29421.34	-40030.56	0.34177	9.203	0.00
0.00	-29420.92	-40030.41	0.34206	-29420.92	-40030.41	0.34206	19.892	0.00
0.00	-29420.46	-40030.25	0.34246	-29420.46	-40030.25	0.34246	17.516	0.00
0.00	-29420.03	-40030.10	0.34270	-29420.03	-40030.10	0.34270	18.000	0.00
0.00	-29419.60	-40029.95	0.34304	-29419.60	-40029.95	0.34304	16.287	0.00
0.00	-29419.18	-40029.81	0.34344	-29419.18	-40029.81	0.34344	8.891	0.00
0.00	-29418.76	-40029.66	0.34381	-29418.76	-40029.66	0.34381	18.016	0.00
0.00	-29418.33	-40029.51	0.34408	-29418.33	-40029.51	0.34408	8.284	0.00
0.00	-29417.83	-40029.34	0.34429	-29417.83	-40029.34	0.34429	20.164	0.00
0.00	-29417.43	-40029.19	0.34461	-29417.43	-40029.19	0.34461	9.182	0.00
0.00	-29417.04	-40029.06	0.34496	-29417.04	-40029.06	0.34496	20.479	0.00
0.00	-29416.63	-40028.91	0.34532	-29416.63	-40028.91	0.34532	18.377	0.00
0.00	-29416.21	-40028.77	0.34588	-29416.21	-40028.77	0.34588	9.949	0.00
0.00	-29415.78	-40028.61	0.34661	-29415.78	-40028.61	0.34661	20.823	0.00
0.00	-29415.31	-40028.45	0.34744	-29415.31	-40028.45	0.34744	18.177	0.00
0.00	-29414.88	-40028.29	0.34841	-29414.88	-40028.29	0.34841	8.114	0.00
0.00	-29414.45	-40028.14	0.34965	-29414.45	-40028.14	0.34965	22.088	0.00
0.00	-29414.02	-40027.98	0.35087	-29414.02	-40027.98	0.35087	18.126	0.00
0.00	-29413.50	-40027.80	0.35178	-29413.50	-40027.80	0.35178	9.630	0.00
0.00	-29413.10	-40027.65	0.35290	-29413.10	-40027.65	0.35290	22.070	0.00
0.00	-29412.70	-40027.51	0.35430	-29412.70	-40027.51	0.35430	18.468	0.00
0.00	-29412.29	-40027.36	0.35579	-29412.29	-40027.36	0.35579	18.273	0.00
0.00	-29411.85	-40027.20	0.35700	-29411.85	-40027.20	0.35700	9.951	0.00
0.00	-29411.42	-40027.04	0.35820	-29411.42	-40027.04	0.35820	21.597	0.00
0.00	-29410.98	-40026.88	0.35970	-29410.98	-40026.88	0.35970	16.354	0.00
0.00	-29410.49	-40026.70	0.36102	-29410.49	-40026.70	0.36102	18.561	0.00
0.00	-29410.08	-40026.55	0.36201	-29410.08	-40026.55	0.36201	8.684	0.00
0.00	-29409.66	-40026.39	0.36291	-29409.66	-40026.39	0.36291	18.475	0.00
0.00	-29409.13	-40026.20	0.36391	-29409.13	-40026.20	0.36391	19.709	0.00
0.00	-29408.75	-40026.05	0.36495	-29408.75	-40026.05	0.36495	8.888	0.00
0.00	-29408.35	-40025.91	0.36583	-29408.35	-40025.91	0.36583	16.096	0.00
0.00	-29407.93	-40025.75	0.36669	-29407.93	-40025.75	0.36669	23.324	0.00
0.00	-29407.51	-40025.59	0.36788	-29407.51	-40025.59	0.36788	9.784	0.00
0.00	-29407.07	-40025.43	0.36934	-29407.07	-40025.43	0.36934	23.418	0.00
0.00	-29406.68	-40025.28	0.37053	-29406.68	-40025.28	0.37053	23.333	0.00
0.00	-29406.26	-40025.12	0.37135	-29406.26	-40025.12	0.37135	16.543	0.00
0.00	-29405.84	-40024.96	0.37222	-29405.84	-40024.96	0.37222	19.472	0.00
0.00	-29405.37	-40024.78	0.37315	-29405.37	-40024.78	0.37315	18.475	0.00
0.00	-29404.86	-40024.59	0.37393	-29404.86	-40024.59	0.37393	10.501	0.00
0.00	-29404.49	-40024.44	0.37451	-29404.49	-40024.44	0.37451	19.298	0.00
0.00	-29404.09	-40024.29	0.37494	-29404.09	-40024.29	0.37494	22.566	0.00
0.00	-29403.67	-40024.13	0.37555	-29403.67	-40024.13	0.37555	20.362	0.00
0.00	-29403.25	-40023.96	0.37619	-29403.25	-40023.96	0.37619	9.568	0.00
0.00	-29402.82	-40023.80	0.37644	-29402.82	-40023.80	0.37644	24.193	0.00
0.00	-29402.39	-40023.63	0.37619	-29402.39	-40023.63	0.37619	17.758	0.00
0.00	-29401.96	-40023.47	0.37563	-29401.96	-40023.47	0.37563	17.853	0.00
0.00	-29401.53	-40023.30	0.37516	-29401.53	-40023.30	0.37516	20.567	0.00
0.00	-29401.04	-40023.11	0.37492	-29401.04	-40023.11	0.37492	21.214	0.00
0.00	-29400.59	-40022.94	0.37478	-29400.59	-40022.94	0.37478	18.432	0.00
0.00	-29400.16	-40022.77	0.37492	-29400.16	-40022.77	0.37492	20.085	0.00
0.00	-29399.76	-40022.62	0.37527	-29399.76	-40022.62	0.37527	26.046	0.00
0.00	-29399.34	-40022.45	0.37520	-29399.34	-40022.45	0.37520	23.753	0.00
0.00	-29398.91	-40022.29	0.37479	-29398.91	-40022.29	0.37479	18.422	0.00
0.00	-29398.48	-40022.12	0.37441	-29398.48	-40022.12	0.37441	20.817	0.00
0.00	-29398.06	-40021.96	0.37400	-29398.06	-40021.96	0.37400	10.976	0.00
0.00	-29397.64	-40021.81	0.37371	-29397.64	-40021.81	0.37371	24.924	0.00
0.00	-29397.23	-40021.65	0.37339	-29397.23	-40021.65	0.37339	21.287	0.00
0.00	-29396.77	-40021.47	0.37285	-29396.77	-40021.47	0.37285	10.851	0.00
0.00	-29396.28	-40021.28	0.37212	-29396.28	-40021.28	0.37212	25.198	0.00
0.00	-29395.90	-40021.14	0.37165	-29395.90	-40021.14	0.37165	18.178	0.00
0.00	-29395.46	-40020.97	0.37125	-29395.46	-40020.97	0.37125	21.230	0.00
0.00	-29395.07	-40020.82	0.37028	-29395.07	-40020.82	0.37028	22.074	0.00
0.00	-29394.65	-40020.66	0.36855	-29394.65	-40020.66	0.36855	18.880	0.00
0.00	-29394.23	-40020.50	0.36670	-29394.23	-40020.50	0.36670	21.196	0.00
0.00	-29393.82	-40020.35	0.36509	-29393.82	-40020.35	0.36509	19.673	0.00
0.00	-29393.40	-40020.20	0.36371	-29393.40	-40020.20	0.36371	20.709	0.00
0.00	-29392.98	-40020.04	0.36228	-29392.98	-40020.04	0.36228	19.595	0.00
0.00	-29392.52	-40019.87	0.36069	-29392.52	-40019.87	0.36069	24.598	0.00
0.00	-29392.04	-40019.69	0.35919	-29392.04	-40019.69	0.35919	23.100	0.00
0.00	-29391.62	-40019.53	0.35779	-29391.62	-40019.53	0.35779	22.758	0.00
0.00	-29391.23	-40019.39	0.35641	-29391.23	-40019.39	0.35641	22.891	0.00
0.00	-29390.80	-40019.24	0.35520	-29390.80	-40019.24	0.35520	22.956	0.00
0.00	-29390.37	-40019.08	0.35424	-29390.37	-40019.08	0.35424	18.014	0.00
0.00	-29389.92	-40018.91	0.35293	-29389.92	-40018.91	0.35293	22.205	0.00
0.00	-29389.48	-40018.75	0.35126	-29389.48	-40018.75	0.35126	529.683	0.00
0.00	-29386.22	-40017.58	0.34108	-29386.22	-40017.58	0.34108	2.551	0.00
0.00	-29386.22	-40017.58	0.34108	-29386.22	-40017.58	0.34108	2.114	0.00
0.00	-29386.88	-40017.83	0.33913	-29386.88	-40017.83	0.33913	2.205	0.00
0.00	-29386.39	-40017.66	0.33623	-29386.39	-40017.66	0.33623	2.143	0.00
0.00	-29385.92	-40017.50	0.33279	-29385.92	-40017.50	0.33279	2.174	0.00
0.00	-29385.40	-40017.33	0.32887	-29385.40	-40017.33	0.32887	2.611	0.00
0.00	-29384.96	-40017.19	0.32508	-29384.96	-40017.19	0.32508	2.325	0.00
0.00	-29384.51	-40017.04	0.32134	-29384.51	-40017.04	0.32134	2.865	0.00
0.00	-29384.06	-40016.90	0.31805	-29384.06	-40016.90	0.31805	2.689	0.00
0.00	-29383.52	-40016.73	0.31508	-29383.52	-40016.73	0.31508	3.067	0.00
0.00	-29383.03	-40016.57	0.31204	-29383.03	-40016.57	0.31204	2.890	0.00
0.00	-29382.62	-40016.44	0.30901	-29382.62	-40016.44	0.30901	2.761	0.00
0.00	-29382.17	-40016.30	0.30596	-29382.17	-40016.30	0.30596	3.141	0.00
0.00	-29381.71	-40016.16	0.30283	-29381.71	-40016.16	0.30283	2.705	0.00
0.00	-29381.25	-40016.02	0.29989	-29381.25	-40016.02	0.29989	3.236	0.00
0.00	-29380.78	-40015.88	0.29713	-29380.78	-40015.88	0.29713	2.990	0.00
0.00	-29380.26	-40015.72	0.29451	-29380.26	-40015.72	0.29451	4.284	0.00
0.00	-29379.79	-40015.58	0.29194	-29379.79	-40015.58	0.29194	4.807	0.00
0.00	-29379.33	-40015.44	0.28934	-29379.33	-40015.44	0.28934	4.696	0.00
0.00	-29378.76	-40015.27	0.28687	-29378.76	-40015.27	0.28687	3.351	0.00
0.00	-29378.29	-40015.14	0.28439	-29378.29	-40015.14	0.28439	2.956	0.00
0.00	-29377.89	-40015.02	0.28189	-29377.89	-40015.02	0.28189	3.756	0.00
0.00	-29377.42	-40014.89	0.27946	-29377.42	-40014.89	0.27946	3.932	0.00
0.00	-29376.95	-40014.76	0.27705	-29376.95	-40014.76	0.27705	3.242	0.00
0.00	-29376.49	-40014.63	0.27464	-29376.49	-40014.63	0.27464	2.984	0.00
0.00	-29376.01	-40014.50	0.27221	-29376.01	-40014.50	0.27221	4.137	0.00
0.00	-29375.54	-40014.38	0.26987	-29375.54	-40014.38	0.26987	3.204	0.00
0.00	-29375.05	-40014.25	0.26768	-29375.05	-40014.25	0.26768	4.277	0.00
0.00	-29374.57	-40014.12	0.26550	-29374.57	-40014.12	0.26550	3.965	0.00
0.00	-29374.03	-40013.98	0.26362	-29374.03	-40013.98	0.26362	3.844	0.00
0.00	-29373.56	-40013.85	0.26224	-29373.56	-40013.85	0.26224	3.659	0.00
0.00	-29373.14	-40013.75	0.26158	-29373.14	-40013.75	0.26158	3.544	0.00
0.00	-29372.69	-40013.63	0.26141	-29372.69	-40013.63	0.26141	4.417	0.00
0.00	-29372.22	-40013.51	0.26131	-29372.22	-40013.51	0.26131	3.578	0.00
0.00	-29371.75	-40013.39	0.26116	-29371.75	-40013.39	0.26116	4.935	0.00
0.00	-29371.28	-40013.27	0.26124	-29371.28	-40013.27	0.26124	3.361	0.00
0.00	-29370.80	-40013.15	0.26164	-29370.80	-40013.15	0.26164	5.286	0.00
0.00	-29370.33	-40013.03	0.26201	-29370.33	-40013.03	0.26201	4.455	0.00
0.00	-29369.86	-40012.91	0.26234	-29369.86	-40012.91	0.26234	4.369	0.00
0.00	-29369.24	-40012.75	0.26317	-29369.24	-40012.75	0.26317	4.136	0.00
0.00	-29368.79	-40012.63	0.26475	-29368.79	-40012.63	0.26475	4.648	0.00
0.00	-29368.37	-40012.52	0.26639	-29368.37	-40012.52	0.26639	3.827	0.00
0.00	-29367.89	-40012.39	0.26763	-29367.89	-40012.39	0.26763	4.002	0.00
0.00	-29367.42	-40012.27	0.26890	-29367.42	-40012.27	0.26890	3.829	0.00
0.00	-29366.94	-40012.14	0.27045	-29366.94	-40012.14	0.27045	5.266	0.00
0.00	-29366.45	-40012.01	0.27191	-29366.45	-40012.01	0.27191	5.913	0.00
0.00	-29365.97	-40011.88	0.27310	-29365.97	-40011.88	0.27310	3.843	0.00
0.00	-29365.49	-40011.75	0.27431	-29365.49	-40011.75	0.27431	5.703	0.00
0.00	-29365.01	-40011.62	0.27567	-29365.01	-40011.62	0.27567	5.183	0.00
0.00	-29364.44	-40011.46	0.27701	-29364.44	-40011.46	0.27701	4.718	0.00
0.00	-29363.98	-40011.33	0.27822	-29363.98	-40011.33	0.27822	4.392	0.00
0.00	-29363.49	-40011.19	0.27931	-29363.49	-40011.19	0.27931	5.030	0.00
0.00	-29363.05	-40011.07	0.28011	-29363.05	-40011.07	0.28011	4.673	0.00
0.00	-29362.59	-40010.94	0.28080	-29362.59	-40010.94	0.28080	4.132	0.00
0.00	-29362.09	-40010.80	0.28159	-29362.09	-40010.80	0.28159	6.338	0.00
0.00	-29361.60	-40010.66	0.28265	-29361.60	-40010.66	0.28265	6.698	0.00
0.00	-29361.14	-40010.53	0.28363	-29361.14	-40010.53	0.28363	5.838	0.00
0.00	-29360.66	-40010.39	0.28422	-29360.66	-40010.39	0.28422	4.795	0.00
0.00	-29360.20	-40010.26	0.28458	-29360.20	-40010.26	0.28458	4.078	0.00
0.00	-29359.64	-40010.09	0.28473	-29359.64	-40010.09	0.28473	8.247	0.00
0.00	-29359.21	-40009.97	0.28496	-29359.21	-40009.97	0.28496	5.135	0.00
0.00	-29358.79	-40009.85	0.28554	-29358.79	-40009.85	0.28554	6.338	0.00
0.00	-29358.30	-40009.70	0.28610	-29358.30	-40009.70	0.28610	4.850	0.00
0.00	-29357.86	-40009.57	0.28636	-29357.86	-40009.57	0.28636	6.084	0.00
0.00	-29357.38	-40009.44	0.28639	-29357.38	-40009.44	0.28639	5.697	0.00
0.00	-29356.92	-40009.30	0.28645	-29356.92	-40009.30	0.28645	5.091	0.00
0.00	-29356.46	-40009.17	0.28690	-29356.46	-40009.17	0.28690	6.944	0.00
0.00	-29356.01	-40009.04	0.28786	-29356.01	-40009.04	0.28786	4.604	0.00
0.00	-29355.53	-40008.90	0.28841	-29355.53	-40008.90	0.28841	7.535	0.00
0.00	-29354.99	-40008.75	0.28808	-29354.99	-40008.75	0.28808	6.471	0.00
0.00	-29354.57	-40008.63	0.28770	-29354.57	-40008.63	0.28770	8.147	0.00
0.00	-29354.15	-40008.51	0.28766	-29354.15	-40008.51	0.28766	5.681	0.00
0.00	-29353.71	-40008.39	0.28765	-29353.71	-40008.39	0.28765	6.751	0.00
0.00	-29353.22	-40008.25	0.28706	-29353.22	-40008.25	0.28706	5.306	0.00
0.00	-29352.80	-40008.13	0.28624	-29352.80	-40008.13	0.28624	6.985	0.00
0.00	-29352.33	-40007.99	0.28585	-29352.33	-40007.99	0.28585	6.032	0.00
0.00	-29351.88	-40007.87	0.28569	-29351.88	-40007.87	0.28569	5.443	0.00
0.00	-29351.43	-40007.74	0.28541	-29351.43	-40007.74	0.28541	4.780	0.00
0.00	-29350.96	-40007.61	0.28534	-29350.96	-40007.61	0.28534	8.351	0.00
0.00	-29350.43	-40007.46	0.28547	-29350.43	-40007.46	0.28547	8.756	0.00
0.00	-29350.04	-40007.35	0.28568	-29350.04	-40007.35	0.28568	7.474	0.00
0.00	-29349.63	-40007.23	0.28577	-29349.63	-40007.23	0.28577	6.437	0.00
0.00	-29349.18	-40007.11	0.28566	-29349.18	-40007.11	0.28566	5.003	0.00
0.00	-29348.75	-40006.98	0.28566	-29348.75	-40006.98	0.28566	7.142	0.00
0.00	-29348.30	-40006.85	0.28591	-29348.30	-40006.85	0.28591	6.786	0.00
0.00	-29347.86	-40006.72	0.28631	-29347.86	-40006.72	0.28631	6.143	0.00
0.00	-29347.40	-40006.59	0.28692	-29347.40	-40006.59	0.28692	6.572	0.00
0.00	-29346.95	-40006.46	0.28737	-29346.95	-40006.46	0.28737	7.023	0.00
0.00	-29346.47	-40006.32	0.28753	-29346.47	-40006.32	0.28753	5.915	0.00
0.00	-29345.96	-40006.17	0.28768	-29345.96	-40006.17	0.28768	5.175	0.00
0.00	-29345.58	-40006.06	0.28785	-29345.58	-40006.06	0.28785	9.110	0.00
0.00	-29345.17	-40005.94	0.28804	-29345.17	-40005.94	0.28804	6.342	0.00
0.00	-29344.75	-40005.82	0.28841	-29344.75	-40005.82	0.28841	7.859	0.00
0.00	-29344.32	-40005.70	0.28897	-29344.32	-40005.70	0.28897	5.787	0.00
0.00	-29343.89	-40005.57	0.28948	-29343.89	-40005.57	0.28948	7.886	0.00
0.00	-29343.46	-40005.45	0.28964	-29343.46	-40005.45	0.28964	7.050	0.00
0.00	-29343.03	-40005.32	0.28954	-29343.03	-40005.32	0.28954	5.627	0.00
0.00	-29342.55	-40005.18	0.28958	-29342.55	-40005.18	0.28958	6.918	0.00
0.00	-29342.12	-40005.06	0.28984	-29342.12	-40005.06	0.28984	8.127	0.00
0.00	-29341.63	-40004.92	0.28990	-29341.63	-40004.92	0.28990	6.461	0.00
0.00	-29341.24	-40004.81	0.28966	-29341.24	-40004.81	0.28966	9.875	0.00
0.00	-29340.84	-40004.69	0.28943	-29340.84	-40004.69	0.28943	10.377	0.00
0.00	-29340.43	-40004.57	0.28929	-29340.43	-40004.57	0.28929	10.244	0.00
0.00	-29340.01	-40004.45	0.28917	-29340.01	-40004.45	0.28917	6.901	0.00
0.00	-29339.59	-40004.33	0.28903	-29339.59	-40004.33	0.28903	10.411	0.00
0.00	-29339.17	-40004.21	0.28883	-29339.17	-40004.21	0.28883	8.619	0.00
0.00	-29338.75	-40004.09	0.28885	-29338.75	-40004.09	0.28885	8.205	0.00
0.00	-29338.29	-40003.96	0.28905	-29338.29	-40003.96	0.28905	7.319	0.00
0.00	-29337.85	-40003.83	0.28929	-29337.85	-40003.83	0.28929	7.424	0.00
0.00	-29337.39	-40003.70	0.28927	-29337.39	-40003.70	0.28927	6.643	0.00
0.00	-29337.02	-40003.60	0.28903	-29337.02	-40003.60	0.28903	5.619	0.00
0.00	-29336.64	-40003.49	0.28892	-29336.64	-40003.49	0.28892	10.881	0.00
0.00	-29336.24	-40003.37	0.28891	-29336.24	-40003.37	0.28891	11.321	0.00
0.00	-29335.83	-40003.25	0.28910	-29335.83	-40003.25	0.28910	7.647	0.00
0.00	-29335.42	-40003.14	0.28934	-29335.42	-40003.14	0.28934	11.199	0.00
0.00	-29335.02	-40003.02	0.28942	-29335.02	-40003.02	0.28942	9.442	0.00
0.00	-29334.62	-40002.90	0.28952	-29334.62	-40002.90	0.28952	8.128	0.00
0.00	-29334.22	-40002.79	0.28992	-29334.22	-40002.79	0.28992	7.657	0.00
0.00	-29333.78	-40002.66	0.29047	-29333.78	-40002.66	0.29047	10.297	0.00
0.00	-29333.31	-40002.52	0.29088	-29333.31	-40002.52	0.29088	6.366	0.00
0.00	-29332.99	-40002.42	0.29116	-29332.99	-40002.42	0.29116	9.479	0.00
0.00	-29332.62	-40002.32	0.29139	-29332.62	-40002.32	0.29139	7.407	0.00
0.00	-29332.25	-40002.21	0.29172	-29332.25	-40002.21	0.29172	11.494	0.00
0.00	-29331.87	-40002.10	0.29218	-29331.87	-40002.10	0.29218	12.182	0.00
0.00	-29331.49	-40001.98	0.29283	-29331.49	-40001.98	0.29283	12.335	0.00
0.00	-29331.13	-40001.88	0.29344	-29331.13	-40001.88	0.29344	9.957	0.00
0.00	-29330.79	-40001.77	0.29403	-29330.79	-40001.77	0.29403	9.035	0.00
0.00	-29330.46	-40001.68	0.29461	-29330.46	-40001.68	0.29461	8.684	0.00
0.00	-29330.10	-40001.57	0.29494	-29330.10	-40001.57	0.29494	10.871	0.00
0.00	-29329.77	-40001.47	0.29502	-29329.77	-40001.47	0.29502	7.378	0.00
0.00	-29329.50	-40001.40	0.29502	-29329.50	-40001.40	0.29502	10.355	0.00
0.00	-29329.22	-40001.32	0.29510	-29329.22	-40001.32	0.29510	8.852	0.00
0.00	-29328.92	-40001.23	0.29524	-29328.92	-40001.23	0.29524	8.419	0.00
0.00	-29328.64	-40001.15	0.29541	-29328.64	-40001.15	0.29541	11.579	0.00
0.00	-29328.38	-40001.07	0.29550	-29328.38	-40001.07	0.29550	7.144	0.00
0.00	-29328.09	-40000.98	0.29575	-29328.09	-40000.98	0.29575	7.291	0.00
0.00	-29327.80	-40000.90	0.29560	-29327.80	-40000.90	0.29560	6.650	0.00
0.00	-29327.55	-40000.83	0.29509	-29327.55	-40000.83	0.29509	13.096	0.00
0.00	-29327.22	-40000.73	0.29472	-29327.22	-40000.73	0.29472	11.632	0.00
0.00	-29326.94	-40000.65	0.29456	-29326.94	-40000.65	0.29456	10.654	0.00
0.00	-29326.69	-40000.58	0.29432	-29326.69	-40000.58	0.29432	9.184	0.00
0.00	-29326.39	-40000.49	0.29395	-29326.39	-40000.49	0.29395	14.592	0.00
0.00	-29326.13	-40000.42	0.29395	-29326.13	-40000.42	0.29395	11.227	0.00
0.00	-29325.89	-40000.35	0.29449	-29325.89	-40000.35	0.29449	6.596	0.00
0.00	-29325.61	-40000.26	0.29583	-29325.61	-40000.26	0.29583	14.243	0.00
0.00	-29325.33	-40000.18	0.29741	-29325.33	-40000.18	0.29741	14.652	0.00
0.00	-29325.06	-40000.10	0.29954	-29325.06	-40000.10	0.29954	7.204	0.00
0.00	-29324.81	-40000.02	0.30328	-29324.81	-40000.02	0.30328	6.831	0.00
0.00	-29324.47	-39999.92	0.30804	-29324.47	-39999.92	0.30804	13.916	0.00
0.00	-29324.20	-39999.84	0.31293	-29324.20	-39999.84	0.31293	9.529	0.00
0.00	-29323.98	-39999.77	0.31884	-29323.98	-39999.77	0.31884	9.235	0.00
0.00	-29323.73	-39999.69	0.32641	-29323.73	-39999.69	0.32641	10.023	0.00
0.00	-29323.44	-39999.59	0.33512	-29323.44	-39999.59	0.33512	9.313	0.00
0.00	-29323.22	-39999.51	0.34430	-29323.22	-39999.51	0.34430	9.835	0.00
0.00	-29322.91	-39999.40	0.35428	-29322.91	-39999.40	0.35428	7.422	0.00
0.00	-29322.65	-39999.31	0.36474	-29322.65	-39999.31	0.36474	9.109	0.00
0.00	-29322.38	-39999.20	0.37592	-29322.38	-39999.20	0.37592	10.045	0.00
0.00	-29322.10	-39999.10	0.38787	-29322.10	-39999.10	0.38787	9.484	0.00
0.00	-29321.77	-39998.96	0.40109	-29321.77	-39998.96	0.40109	15.641	0.00
0.00	-29321.50	-39998.85	0.41557	-29321.50	-39998.85	0.41557	9.246	0.00
0.00	-29321.25	-39998.74	0.43125	-29321.25	-39998.74	0.43125	13.156	0.00
0.00	-29320.97	-39998.61	0.44712	-29320.97	-39998.61	0.44712	13.130	0.00
0.00	-29320.69	-39998.48	0.46472	-29320.69	-39998.48	0.46472	8.084	0.00
0.00	-29320.40	-39998.34	0.48242	-29320.40	-39998.34	0.48242	17.675	0.00
0.00	-29320.08	-39998.17	0.50078	-29320.08	-39998.17	0.50078	9.492	0.00
0.00	-29319.84	-39998.04	0.51994	-29319.84	-39998.04	0.51994	13.104	0.00
0.00	-29319.54	-39997.87	0.54053	-29319.54	-39997.87	0.54053	15.285	0.00
0.00	-29319.23	-39997.69	0.56183	-29319.23	-39997.69	0.56183	15.909	0.00
0.00	-29318.90	-39997.48	0.58356	-29318.90	-39997.48	0.58356	7.589	0.00
0.00	-29318.64	-39997.31	0.60572	-29318.64	-39997.31	0.60572	15.577	0.00
0.00	-29318.39	-39997.14	0.62882	-29318.39	-39997.14	0.62882	16.434	0.00
0.00	-29318.13	-39996.96	0.65298	-29318.13	-39996.96	0.65298	15.302	0.00
0.00	-29317.88	-39996.76	0.67762	-29317.88	-39996.76	0.67762	8.816	0.00
0.00	-29317.63	-39996.57	0.70259	-29317.63	-39996.57	0.70259	13.034	0.00
0.00	-29317.39	-39996.36	0.72955	-29317.39	-39996.36	0.72955	14.143	0.00
0.00	-29317.16	-39996.15	0.75749	-29317.16	-39996.15	0.75749	7.737	0.00
0.00	-29316.93	-39995.93	0.78520	-29316.93	-39995.93	0.78520	18.961	0.00
0.00	-29316.71	-39995.72	0.81196	-29316.71	-39995.72	0.81196	16.205	0.00
0.00	-29316.42	-39995.42	0.83887	-29316.42	-39995.42	0.83887	8.787	0.00
0.00	-29316.25	-39995.22	0.86635	-29316.25	-39995.22	0.86635	13.813	0.00
0.00	-29316.07	-39995.01	0.89438	-29316.07	-39995.01	0.89438	16.254	0.00
0.00	-29315.88	-39994.77	0.92219	-29315.88	-39994.77	0.92219	9.018	0.00
0.00	-29315.69	-39994.52	0.94991	-29315.69	-39994.52	0.94991	13.203	0.00
0.00	-29315.50	-39994.26	0.97860	-29315.50	-39994.26	0.97860	14.245	0.00
0.00	-29315.32	-39993.99	1.00730	-29315.32	-39993.99	1.00730	8.121	0.00
0.00	-29315.16	-39993.73	1.03618	-29315.16	-39993.73	1.03618	19.352	0.00
0.00	-29314.99	-39993.45	1.06416	-29314.99	-39993.45	1.06416	8.152	0.00
0.00	-29314.84	-39993.17	1.09324	-29314.84	-39993.17	1.09324	19.164	0.00
0.00	-29314.66	-39992.83	1.12210	-29314.66	-39992.83	1.12210	16.902	0.00
0.00	-29314.52	-39992.54	1.15164	-29314.52	-39992.54	1.15164	17.194	0.00
0.00	-29314.41	-39992.28	1.18089	-29314.41	-39992.28	1.18089	8.896	0.00
0.00	-29314.30	-39991.99	1.21057	-29314.30	-39991.99	1.21057	19.442	0.00
0.00	-29314.18	-39991.68	1.24085	-29314.18	-39991.68	1.24085	17.432	0.00
0.00	-29314.08	-39991.36	1.27061	-29314.08	-39991.36	1.27061	9.152	0.00
0.00	-29313.98	-39991.05	1.30010	-29313.98	-39991.05	1.30010	16.973	0.00
0.00	-29313.90	-39990.73	1.32942	-29313.90	-39990.73	1.32942	8.987	0.00
0.00	-29313.82	-39990.41	1.35923	-29313.82	-39990.41	1.35923	20.248	0.00
0.00	-29313.75	-39990.07	1.38853	-29313.75	-39990.07	1.38853	17.385	0.00
0.00	-29313.68	-39989.69	1.41670	-29313.68	-39989.69	1.41670	17.611	0.00
0.00	-29313.63	-39989.36	1.44441	-29313.63	-39989.36	1.44441	9.391	0.00
0.00	-29313.60	-39989.09	1.47090	-29313.60	-39989.09	1.47090	20.565	0.00
0.00	-29313.56	-39988.71	1.49718	-29313.56	-39988.71	1.49718	9.339	0.00
0.00	-29313.54	-39988.38	1.52162	-29313.54	-39988.38	1.52162	17.675	0.00
0.00	-29313.53	-39988.03	1.54332	-29313.53	-39988.03	1.54332	20.384	0.00
0.00	-29313.52	-39987.68	1.56401	-29313.52	-39987.68	1.56401	14.785	0.00
0.00	-29313.52	-39987.31	1.58316	-29313.52	-39987.31	1.58316	10.575	0.00
0.00	-29313.52	-39986.95	1.60046	-29313.52	-39986.95	1.60046	18.480	0.00
0.00	-29313.54	-39986.56	1.61559	-29313.54	-39986.56	1.61559	10.059	0.00
0.00	-29313.55	-39986.13	1.62959	-29313.55	-39986.13	1.62959	20.768	0.00
0.00	-29313.57	-39985.80	1.64256	-29313.57	-39985.80	1.64256	18.848	0.00
0.00	-29313.60	-39985.45	1.65494	-29313.60	-39985.45	1.65494	19.276	0.00
0.00	-29313.63	-39985.05	1.66719	-29313.63	-39985.05	1.66719	9.876	0.00
0.00	-29313.66	-39984.69	1.67894	-29313.66	-39984.69	1.67894	21.236	0.00
0.00	-29313.70	-39984.31	1.69053	-29313.70	-39984.31	1.69053	15.770	0.00
0.00	-29313.75	-39983.93	1.70181	-29313.75	-39983.93	1.70181	9.240	0.00
0.00	-29313.80	-39983.55	1.71331	-29313.80	-39983.55	1.71331	15.765	0.00
0.00	-29313.85	-39983.14	1.72514	-29313.85	-39983.14	1.72514	9.889	0.00
0.00	-29313.92	-39982.72	1.73674	-29313.92	-39982.72	1.73674	9.297	0.00
0.00	-29313.99	-39982.29	1.74770	-29313.99	-39982.29	1.74770	9.288	0.00
0.00	-29314.05	-39981.95	1.75809	-29314.05	-39981.95	1.75809	16.216	0.00
0.00	-29314.12	-39981.59	1.76803	-29314.12	-39981.59	1.76803	19.419	0.00
0.00	-29314.20	-39981.20	1.77797	-29314.20	-39981.20	1.77797	18.631	0.00
0.00	-29314.28	-39980.81	1.78761	-29314.28	-39980.81	1.78761	18.613	0.00
0.00	-29314.38	-39980.37	1.79683	-29314.38	-39980.37	1.79683	9.499	0.00
0.00	-29314.47	-39979.99	1.80562	-29314.47	-39979.99	1.80562	23.580	0.00
0.00	-29314.57	-39979.59	1.81400	-29314.57	-39979.59	1.81400	20.390	0.00
0.00	-29314.67	-39979.18	1.82190	-29314.67	-39979.18	1.82190	22.573	0.00
0.00	-29314.79	-39978.74	1.82879	-29314.79	-39978.74	1.82879	18.726	0.00
0.00	-29314.91	-39978.28	1.83506	-29314.91	-39978.28	1.83506	9.397	0.00
0.00	-29315.01	-39977.92	1.84117	-29315.01	-39977.92	1.84117	19.760	0.00
0.00	-29315.12	-39977.53	1.84692	-29315.12	-39977.53	1.84692	19.785	0.00
0.00	-29315.24	-39977.11	1.85176	-29315.24	-39977.11	1.85176	18.975	0.00
0.00	-29315.36	-39976.70	1.85572	-29315.36	-39976.70	1.85572	10.155	0.00
0.00	-29315.49	-39976.29	1.85889	-29315.49	-39976.29	1.85889	24.872	0.00
0.00	-29315.61	-39975.87	1.86117	-29315.61	-39975.87	1.86117	21.247	0.00
0.00	-29315.74	-39975.42	1.86243	-29315.74	-39975.42	1.86243	18.735	0.00
0.00	-29315.86	-39975.02	1.86302	-29315.86	-39975.02	1.86302	10.809	0.00
0.00	-29316.01	-39974.51	1.86366	-29316.01	-39974.51	1.86366	25.202	0.00
0.00	-29316.14	-39974.08	1.86444	-29316.14	-39974.08	1.86444	18.735	0.00
0.00	-29316.25	-39973.72	1.86542	-29316.25	-39973.72	1.86542	24.837	0.00
0.00	-29316.37	-39973.33	1.86632	-29316.37	-39973.33	1.86632	19.037	0.00
0.00	-29316.50	-39972.90	1.86686	-29316.50	-39972.90	1.86686	10.476	0.00
0.00	-29316.62	-39972.48	1.86724	-29316.62	-39972.48	1.86724	25.901	0.00
0.00	-29316.74	-39972.06	1.86763	-29316.74	-39972.06	1.86763	26.938	0.00
0.00	-29316.87	-39971.65	1.86806	-29316.87	-39971.65	1.86806	11.110	0.00
0.00	-29317.00	-39971.20	1.86825	-29317.00	-39971.20	1.86825	33.337	0.00
0.00	-29317.12	-39970.80	1.86835	-29317.12	-39970.80	1.86835	17.923	0.00
0.00	-29317.26	-39970.32	1.86830	-29317.26	-39970.32	1.86830	19.816	0.00
0.00	-29317.38	-39969.91	1.86810	-29317.38	-39969.91	1.86810	11.078	0.00
0.00	-29317.48	-39969.56	1.86803	-29317.48	-39969.56	1.86803	22.696	0.00
0.00	-29317.60	-39969.16	1.86794	-29317.60	-39969.16	1.86794	25.721	0.00
0.00	-29317.73	-39968.74	1.86770	-29317.73	-39968.74	1.86770	30.302	0.00
0.00	-29317.86	-39968.31	1.86729	-29317.86	-39968.31	1.86729	12.129	0.00
0.00	-29318.01	-39967.79	1.86681	-29318.01	-39967.79	1.86681	21.441	0.00
0.00	-29318.12	-39967.39	1.86631	-29318.12	-39967.39	1.86631	21.565	0.00
0.00	-29318.23	-39967.04	1.86612	-29318.23	-39967.04	1.86612	585.790	0.00
0.00	-29319.27	-39963.52	1.86643	-29319.27	-39963.52	1.86643	4.096	0.00
0.00	-29319.28	-39963.47	1.86648	-29319.28	-39963.47	1.86648	2.468	0.00
0.00	-29319.00	-39964.40	1.86643	-29319.00	-39964.40	1.86643	2.747	0.00
0.00	-29319.12	-39964.00	1.86565	-29319.12	-39964.00	1.86565	3.087	0.00
0.00	-29319.22	-39963.64	1.86458	-29319.22	-39963.64	1.86458	3.054	0.00
0.00	-29319.33	-39963.26	1.86355	-29319.33	-39963.26	1.86355	3.143	0.00
0.00	-29319.46	-39962.83	1.86298	-29319.46	-39962.83	1.86298	3.135	0.00
0.00	-29319.57	-39962.44	1.86270	-29319.57	-39962.44	1.86270	4.253	0.00
0.00	-29319.72	-39961.95	1.86262	-29319.72	-39961.95	1.86262	2.949	0.00
0.00	-29319.85	-39961.52	1.86246	-29319.85	-39961.52	1.86246	3.044	0.00
0.00	-29319.95	-39961.16	1.86216	-29319.95	-39961.16	1.86216	3.350	0.00
0.00	-29320.07	-39960.76	1.86210	-29320.07	-39960.76	1.86210	3.089	0.00
0.00	-29320.19	-39960.35	1.86233	-29320.19	-39960.35	1.86233	3.310	0.00
0.00	-29320.31	-39959.93	1.86267	-29320.31	-39959.93	1.86267	3.071	0.00
0.00	-29320.47	-39959.41	1.86304	-29320.47	-39959.41	1.86304	3.195	0.00
0.00	-29320.59	-39958.98	1.86334	-29320.59	-39958.98	1.86334	3.248	0.00
0.00	-29320.71	-39958.59	1.86338	-29320.71	-39958.59	1.86338	3.301	0.00
0.00	-29320.84	-39958.15	1.86330	-29320.84	-39958.15	1.86330	3.305	0.00
0.00	-29320.97	-39957.71	1.86323	-29320.97	-39957.71	1.86323	3.400	0.00
0.00	-29321.11	-39957.22	1.86300	-29321.11	-39957.22	1.86300	3.749	0.00
0.00	-29321.23	-39956.81	1.86268	-29321.23	-39956.81	1.86268	3.636	0.00
0.00	-29321.36	-39956.37	1.86231	-29321.36	-39956.37	1.86231	3.539	0.00
0.00	-29321.49	-39955.90	1.86201	-29321.49	-39955.90	1.86201	3.499	0.00
0.00	-29321.62	-39955.46	1.86176	-29321.62	-39955.46	1.86176	3.542	0.00
0.00	-29321.76	-39954.99	1.86148	-29321.76	-39954.99	1.86148	3.454	0.00
0.00	-29321.89	-39954.53	1.86144	-29321.89	-39954.53	1.86144	3.659	0.00
0.00	-29322.03	-39954.05	1.86168	-29322.03	-39954.05	1.86168	3.614	0.00
0.00	-29322.14	-39953.68	1.86188	-29322.14	-39953.68	1.86188	4.000	0.00
0.00	-29322.28	-39953.22	1.86219	-29322.28	-39953.22	1.86219	3.812	0.00
0.00	-29322.41	-39952.78	1.86236	-29322.41	-39952.78	1.86236	3.870	0.00
0.00	-29322.54	-39952.35	1.86227	-29322.54	-39952.35	1.86227	3.804	0.00
0.00	-29322.65	-39951.95	1.86214	-29322.65	-39951.95	1.86214	3.928	0.00
0.00	-29322.78	-39951.49	1.86186	-29322.78	-39951.49	1.86186	4.411	0.00
0.00	-29322.91	-39951.08	1.86149	-29322.91	-39951.08	1.86149	3.934	0.00
0.00	-29323.04	-39950.62	1.86103	-29323.04	-39950.62	1.86103	4.171	0.00
0.00	-29323.18	-39950.12	1.86057	-29323.18	-39950.12	1.86057	3.967	0.00
0.00	-29323.31	-39949.68	1.86010	-29323.31	-39949.68	1.86010	4.317	0.00
0.00	-29323.42	-39949.30	1.85966	-29323.42	-39949.30	1.85966	4.040	0.00
0.00	-29323.55	-39948.85	1.85936	-29323.55	-39948.85	1.85936	4.305	0.00
0.00	-29323.69	-39948.37	1.85911	-29323.69	-39948.37	1.85911	4.365	0.00
0.00	-29323.80	-39947.97	1.85889	-29323.80	-39947.97	1.85889	4.251	0.00
0.00	-29323.94	-39947.50	1.85883	-29323.94	-39947.50	1.85883	4.411	0.00
0.00	-29324.05	-39947.10	1.85897	-29324.05	-39947.10	1.85897	4.236	0.00
0.00	-29324.15	-39946.76	1.85927	-29324.15	-39946.76	1.85927	4.354	0.00
0.00	-29324.28	-39946.32	1.85921	-29324.28	-39946.32	1.85921	4.492	0.00
0.00	-29324.39	-39945.93	1.85876	-29324.39	-39945.93	1.85876	4.519	0.00
0.00	-29324.51	-39945.53	1.85864	-29324.51	-39945.53	1.85864	4.445	0.00
0.00	-29324.63	-39945.11	1.85902	-29324.63	-39945.11	1.85902	4.437	0.00
0.00	-29324.74	-39944.75	1.85921	-29324.74	-39944.75	1.85921	4.887	0.00
0.00	-29324.82	-39944.45	1.85917	-29324.82	-39944.45	1.85917	4.786	0.00
0.00	-29324.91	-39944.14	1.85915	-29324.91	-39944.14	1.85915	4.842	0.00
0.00	-29325.00	-39943.82	1.85907	-29325.00	-39943.82	1.85907	4.807	0.00
0.00	-29325.09	-39943.51	1.85893	-29325.09	-39943.51	1.85893	4.754	0.00
0.00	-29325.19	-39943.17	1.85889	-29325.19	-39943.17	1.85889	4.409	0.00
0.00	-29325.28	-39942.84	1.85929	-29325.28	-39942.84	1.85929	4.683	0.00
0.00	-29325.35	-39942.58	1.85970	-29325.35	-39942.58	1.85970	4.684	0.00
0.00	-29325.43	-39942.30	1.85991	-29325.43	-39942.30	1.85991	4.630	0.00
0.00	-29325.51	-39942.05	1.86044	-29325.51	-39942.05	1.86044	4.701	0.00
0.00	-29325.59	-39941.76	1.86104	-29325.59	-39941.76	1.86104	6.745	0.00
0.00	-29325.66	-39941.49	1.86132	-29325.66	-39941.49	1.86132	4.981	0.00
0.00	-29325.72	-39941.30	1.86160	-29325.72	-39941.30	1.86160	4.824	0.00
0.00	-29325.77	-39941.11	1.86202	-29325.77	-39941.11	1.86202	5.268	0.00
0.00	-29325.83	-39940.91	1.86255	-29325.83	-39940.91	1.86255	5.146	0.00
0.00	-29325.89	-39940.72	1.86313	-29325.89	-39940.72	1.86313	5.261	0.00
0.00	-29325.94	-39940.54	1.86376	-29325.94	-39940.54	1.86376	4.940	0.00
0.00	-29326.00	-39940.34	1.86453	-29326.00	-39940.34	1.86453	5.024	0.00
0.00	-29326.05	-39940.18	1.86523	-29326.05	-39940.18	1.86523	5.042	0.00
0.00	-29326.09	-39940.02	1.86584	-29326.09	-39940.02	1.86584	4.955	0.00
0.00	-29326.13	-39939.88	1.86655	-29326.13	-39939.88	1.86655	5.731	0.00
0.00	-29326.17	-39939.75	1.86746	-29326.17	-39939.75	1.86746	5.050	0.00
0.00	-29326.21	-39939.62	1.86823	-29326.21	-39939.62	1.86823	5.009	0.00
0.00	-29326.25	-39939.50	1.86878	-29326.25	-39939.50	1.86878	5.261	0.00
0.00	-29326.28	-39939.38	1.86929	-29326.28	-39939.38	1.86929	5.507	0.00
0.00	-29326.32	-39939.27	1.86984	-29326.32	-39939.27	1.86984	5.331	0.00
0.00	-29326.35	-39939.17	1.87033	-29326.35	-39939.17	1.87033	5.492	0.00
0.00	-29326.38	-39939.07	1.87066	-29326.38	-39939.07	1.87066	5.852	0.00
0.00	-29326.41	-39938.97	1.87094	-29326.41	-39938.97	1.87094	5.499	0.00
0.00	-29326.44	-39938.87	1.87133	-29326.44	-39938.87	1.87133	5.527	0.00
0.00	-29326.47	-39938.76	1.87172	-29326.47	-39938.76	1.87172	5.551	0.00
0.00	-29326.50	-39938.66	1.87198	-29326.50	-39938.66	1.87198	5.807	0.00
0.00	-29326.53	-39938.56	1.87228	-29326.53	-39938.56	1.87228	5.440	0.00
0.00	-29326.55	-39938.48	1.87270	-29326.55	-39938.48	1.87270	5.859	0.00
0.00	-29326.57	-39938.40	1.87312	-29326.57	-39938.40	1.87312	5.696	0.00
0.00	-29326.59	-39938.33	1.87348	-29326.59	-39938.33	1.87348	5.846	0.00
0.00	-29326.62	-39938.26	1.87377	-29326.62	-39938.26	1.87377	5.720	0.00
0.00	-29326.63	-39938.19	1.87417	-29326.63	-39938.19	1.87417	7.138	0.00
0.00	-29326.65	-39938.13	1.87465	-29326.65	-39938.13	1.87465	7.726	0.00
0.00	-29326.67	-39938.07	1.87509	-29326.67	-39938.07	1.87509	6.139	0.00
0.00	-29326.69	-39938.01	1.87552	-29326.69	-39938.01	1.87552	6.117	0.00
0.00	-29326.70	-39937.97	1.87605	-29326.70	-39937.97	1.87605	6.002	0.00
0.00	-29326.72	-39937.92	1.87658	-29326.72	-39937.92	1.87658	6.330	0.00
0.00	-29326.73	-39937.88	1.87708	-29326.73	-39937.88	1.87708	6.054	0.00
0.00	-29326.73	-39937.86	1.87756	-29326.73	-39937.86	1.87756	6.177	0.00
0.00	-29326.74	-39937.82	1.87805	-29326.74	-39937.82	1.87805	6.280	0.00
0.00	-29326.75	-39937.79	1.87856	-29326.75	-39937.79	1.87856	6.982	0.00
0.00	-29326.76	-39937.77	1.87911	-29326.76	-39937.77	1.87911	6.232	0.00
0.00	-29326.76	-39937.76	1.87975	-29326.76	-39937.76	1.87975	6.394	0.00
0.00	-29326.76	-39937.75	1.88036	-29326.76	-39937.75	1.88036	6.401	0.00
0.00	-29326.77	-39937.74	1.88105	-29326.77	-39937.74	1.88105	7.381	0.00
0.00	-29326.77	-39937.74	1.88166	-29326.77	-39937.74	1.88166	2.384	0.00
0.00	-29326.77	-39937.74	1.88166	-29326.77	-39937.74	1.88166	2.399	0.00
0.00	-29326.77	-39937.74	1.88166	-29326.77	-39937.74	1.88166	2.453	0.00
0.00	-29326.77	-39937.74	1.88166	-29326.77	-39937.74	1.88166	2.489	0.00
0.00	-29326.77	-39937.74	1.88166	-29326.77	-39937.74	1.88166	2.363	0.00
0.00	-29326.77	-39937.74	1.88166	-29326.77	-39937.74	1.88166	2.326	0.00
0.00	-29326.77	-39937.74	1.88166	-29326.77	-39937.74	1.88166	2.430	0.00
0.00	-29326.77	-39937.74	1.88166	-29326.77	-39937.74	1.88166	2.259	0.00
0.00	-29326.77	-39937.74	1.88166	-29326.77	-39937.74	1.88166	2.390	0.00
0.00	-29326.77	-39937.74	1.88166	-29326.77	-39937.74	1.88166	2.275	0.00
0.00	-29326.77	-39937.74	1.88166	-29326.77	-39937.74	1.88166	2.324	0.00
0.00	-29326.78	-39937.71	1.88151	-29326.78	-39937.71	1.88151	6.095	0.00
0.00	-29326.80	-39937.63	1.88219	-29326.80	-39937.63	1.88219	10.969	0.00
0.00	-29326.81	-39937.59	1.88294	-29326.81	-39937.59	1.88294	6.446	0.00
0.00	-29326.82	-39937.56	1.88378	-29326.82	-39937.56	1.88378	6.113	0.00
0.00	-29326.84	-39937.51	1.88471	-29326.84	-39937.51	1.88471	6.028	0.00
0.00	-29326.86	-39937.45	1.88557	-29326.86	-39937.45	1.88557	6.272	0.00
0.00	-29326.88	-39937.39	1.88635	-29326.88	-39937.39	1.88635	6.320	0.00
0.00	-29326.90	-39937.31	1.88728	-29326.90	-39937.31	1.88728	6.393	0.00
0.00	-29326.93	-39937.22	1.88822	-29326.93	-39937.22	1.88822	6.949	0.00
0.00	-29326.96	-39937.13	1.88898	-29326.96	-39937.13	1.88898	6.392	0.00
0.00	-29326.99	-39937.02	1.88938	-29326.99	-39937.02	1.88938	6.664	0.00
0.00	-29327.03	-39936.91	1.88936	-29327.03	-39936.91	1.88936	6.223	0.00
0.00	-29327.07	-39936.78	1.88897	-29327.07	-39936.78	1.88897	7.174	0.00
0.00	-29327.11	-39936.65	1.88820	-29327.11	-39936.65	1.88820	9.272	0.00
0.00	-29327.16	-39936.50	1.88707	-29327.16	-39936.50	1.88707	7.752	0.00
0.00	-29327.21	-39936.33	1.88565	-29327.21	-39936.33	1.88565	7.646	0.00
0.00	-29327.25	-39936.17	1.88401	-29327.25	-39936.17	1.88401	6.935	0.00
0.00	-29327.31	-39935.99	1.88231	-29327.31	-39935.99	1.88231	6.352	0.00
0.00	-29327.37	-39935.77	1.88065	-29327.37	-39935.77	1.88065	9.948	0.00
0.00	-29327.43	-39935.57	1.87915	-29327.43	-39935.57	1.87915	7.129	0.00
0.00	-29327.50	-39935.34	1.87764	-29327.50	-39935.34	1.87764	8.943	0.00
0.00	-29327.57	-39935.11	1.87645	-29327.57	-39935.11	1.87645	7.097	0.00
0.00	-29327.64	-39934.87	1.87557	-29327.64	-39934.87	1.87557	7.320	0.00
0.00	-29327.72	-39934.60	1.87483	-29327.72	-39934.60	1.87483	6.917	0.00
0.00	-29327.80	-39934.33	1.87414	-29327.80	-39934.33	1.87414	6.899	0.00
0.00	-29327.89	-39934.04	1.87398	-29327.89	-39934.04	1.87398	8.123	0.00
0.00	-29327.98	-39933.74	1.87383	-29327.98	-39933.74	1.87383	7.229	0.00
0.00	-29328.08	-39933.43	1.87381	-29328.08	-39933.43	1.87381	7.220	0.00
0.00	-29328.16	-39933.14	1.87382	-29328.16	-39933.14	1.87382	7.215	0.00
0.00	-29328.26	-39932.83	1.87395	-29328.26	-39932.83	1.87395	7.432	0.00
0.00	-29328.37	-39932.48	1.87429	-29328.37	-39932.48	1.87429	7.410	0.00
0.00	-29328.47	-39932.16	1.87462	-29328.47	-39932.16	1.87462	7.729	0.00
0.00	-29328.57	-39931.83	1.87483	-29328.57	-39931.83	1.87483	7.543	0.00
0.00	-29328.68	-39931.47	1.87508	-29328.68	-39931.47	1.87508	7.134	0.00
0.00	-29328.79	-39931.11	1.87544	-29328.79	-39931.11	1.87544	7.620	0.00
0.00	-29328.90	-39930.75	1.87607	-29328.90	-39930.75	1.87607	11.029	0.00
0.00	-29329.01	-39930.38	1.87730	-29329.01	-39930.38	1.87730	8.960	0.00
0.00	-29329.13	-39930.00	1.87901	-29329.13	-39930.00	1.87901	8.346	0.00
0.00	-29329.26	-39929.60	1.88064	-29329.26	-39929.60	1.88064	7.467	0.00
0.00	-29329.37	-39929.23	1.88208	-29329.37	-39929.23	1.88208	7.774	0.00
0.00	-29329.50	-39928.82	1.88390	-29329.50	-39928.82	1.88390	7.793	0.00
0.00	-29329.60	-39928.51	1.88632	-29329.60	-39928.51	1.88632	7.169	0.00
0.00	-29329.73	-39928.09	1.88906	-29329.73	-39928.09	1.88906	7.456	0.00
0.00	-29329.85	-39927.74	1.89197	-29329.85	-39927.74	1.89197	7.646	0.00
0.00	-29329.97	-39927.37	1.89495	-29329.97	-39927.37	1.89495	7.392	0.00
0.00	-29330.09	-39927.00	1.89787	-29330.09	-39927.00	1.89787	7.916	0.00
0.00	-29330.20	-39926.66	1.90062	-29330.20	-39926.66	1.90062	8.012	0.00
0.00	-29330.33	-39926.27	1.90326	-29330.33	-39926.27	1.90326	9.479	0.00
0.00	-29330.46	-39925.87	1.90550	-29330.46	-39925.87	1.90550	7.865	0.00
0.00	-29330.59	-39925.49	1.90755	-29330.59	-39925.49	1.90755	8.767	0.00
0.00	-29330.70	-39925.17	1.90987	-29330.70	-39925.17	1.90987	9.103	0.00
0.00	-29330.83	-39924.80	1.91243	-29330.83	-39924.80	1.91243	8.133	0.00
0.00	-29330.96	-39924.43	1.91413	-29330.96	-39924.43	1.91413	8.138	0.00
0.00	-29331.11	-39924.01	1.91530	-29331.11	-39924.01	1.91530	8.349	0.00
0.00	-29331.25	-39923.64	1.91629	-29331.25	-39923.64	1.91629	9.335	0.00
0.00	-29331.38	-39923.26	1.91740	-29331.38	-39923.26	1.91740	8.300	0.00
0.00	-29331.52	-39922.88	1.91845	-29331.52	-39922.88	1.91845	9.129	0.00
0.00	-29331.66	-39922.50	1.91928	-29331.66	-39922.50	1.91928	8.943	0.00
0.00	-29331.80	-39922.13	1.92009	-29331.80	-39922.13	1.92009	7.841	0.00
0.00	-29331.93	-39921.75	1.92095	-29331.93	-39921.75	1.92095	8.374	0.00
0.00	-29332.07	-39921.37	1.92176	-29332.07	-39921.37	1.92176	9.365	0.00
0.00	-29332.21	-39920.99	1.92264	-29332.21	-39920.99	1.92264	8.462	0.00
0.00	-29332.35	-39920.62	1.92340	-29332.35	-39920.62	1.92340	8.161	0.00
0.00	-29332.48	-39920.25	1.92383	-29332.48	-39920.25	1.92383	8.257	0.00
0.00	-29332.62	-39919.88	1.92400	-29332.62	-39919.88	1.92400	9.104	0.00
0.00	-29332.77	-39919.47	1.92424	-29332.77	-39919.47	1.92424	8.247	0.00
0.00	-29332.91	-39919.09	1.92448	-29332.91	-39919.09	1.92448	7.968	0.00
0.00	-29333.05	-39918.71	1.92457	-29333.05	-39918.71	1.92457	8.260	0.00
0.00	-29333.20	-39918.32	1.92462	-29333.20	-39918.32	1.92462	8.905	0.00
