0.00	0.00	0.00	0.00000	64369.88	-61881.32	0.00000	209.035	0.00
0.00	0.00	0.00	0.00000	64369.88	-61881.32	0.00000	1.758	0.00
0.00	0.00	0.00	0.00000	64369.88	-61881.32	0.00000	3.448	0.00
0.00	0.00	0.00	0.00000	64369.88	-61881.32	0.00000	1.609	0.00
0.00	0.00	0.00	0.00000	64369.88	-61881.32	0.00000	1.686	0.00
0.00	0.00	0.00	0.00000	64369.88	-61881.32	0.00000	1.823	0.00
0.00	0.00	0.00	0.00000	64369.88	-61881.32	0.00000	1.810	0.00
0.00	0.00	0.00	0.00000	64369.88	-61881.32	0.00000	1.734	0.00
0.00	0.00	0.00	0.00000	64369.88	-61881.32	0.00000	1.656	0.00
0.00	0.00	0.00	0.00000	64369.88	-61881.32	0.00000	1.628	0.00
0.00	0.00	0.00	0.00000	64369.88	-61881.32	0.00000	1.745	0.00
0.00	0.00	0.00	0.00000	64369.88	-61881.32	0.00000	1.650	0.00
0.00	0.00	0.00	0.00000	64369.88	-61881.32	0.00000	1.619	0.00
0.00	0.00	0.00	0.00000	64369.88	-61881.32	0.00000	1.802	0.00
0.00	0.00	0.00	0.00000	64369.88	-61881.32	0.00000	1.707	0.00
0.00	0.00	0.00	0.00000	64369.88	-61881.32	0.00000	1.626	0.00
0.00	0.00	0.00	0.00000	64369.88	-61881.32	0.00000	1.582	0.00
0.00	0.00	0.00	0.00000	64369.88	-61881.32	0.00000	1.590	0.00
0.00	0.00	0.00	0.00000	64369.88	-61881.32	0.00000	1.479	0.00
0.00	0.00	0.00	0.00000	64369.88	-61881.32	0.00000	1.699	0.00
0.00	0.00	0.00	0.00000	64369.88	-61881.32	0.00000	1.705	0.00
0.00	0.00	0.00	0.00000	64369.88	-61881.32	0.00000	2.168	0.00
0.00	0.00	0.00	0.00000	64369.88	-61881.32	0.00000	1.615	0.00
0.00	0.00	0.00	0.00000	64369.88	-61881.32	0.00000	1.640	0.00
0.00	0.00	0.00	0.00000	64369.88	-61881.32	0.00000	1.623	0.00
0.00	0.00	0.00	0.00000	64369.88	-61881.32	0.00000	1.657	0.00
0.00	0.00	0.00	0.00000	64369.88	-61881.32	0.00000	1.656	0.00
0.00	0.00	0.00	0.00000	64369.88	-61881.32	0.00000	1.848	0.00
0.00	0.00	0.00	0.00000	64369.88	-61881.32	0.00000	1.695	0.00
0.00	0.00	0.00	0.00000	64369.88	-61881.32	0.00000	1.666	0.00
0.00	0.00	0.00	0.00000	64369.88	-61881.32	0.00000	1.779	0.00
0.00	0.00	0.00	0.00000	64369.88	-61881.32	0.00000	1.644	0.00
0.00	0.00	0.00	0.00000	64369.88	-61881.32	0.00000	1.597	0.00
0.00	0.00	0.00	0.00000	64369.88	-61881.32	0.00000	1.671	0.00
0.00	0.00	0.00	0.00000	64369.88	-61881.32	0.00000	1.790	0.00
0.00	0.00	0.00	0.00000	64369.88	-61881.32	0.00000	1.604	0.00
0.00	0.00	0.00	0.00000	64369.88	-61881.32	0.00000	1.542	0.00
0.00	0.00	0.00	0.00000	64369.88	-61881.32	0.00000	1.619	0.00
0.00	0.00	0.00	0.00000	64369.88	-61881.32	0.00000	1.641	0.00
0.00	0.00	0.00	0.00000	64369.88	-61881.32	0.00000	1.571	0.00
0.00	0.00	0.00	0.00000	64369.88	-61881.32	0.00000	1.550	0.00
0.00	0.00	0.00	0.00000	64369.88	-61881.32	0.00000	1.560	0.00
0.00	0.00	0.00	0.00000	64369.88	-61881.32	0.00000	1.582	0.00
0.00	0.00	0.00	0.00000	64369.88	-61881.32	0.00000	1.802	0.00
0.00	0.00	0.00	0.00000	64369.88	-61881.32	0.00000	1.540	0.00
0.00	0.00	0.00	0.00000	64369.88	-61881.32	0.00000	1.620	0.00
0.00	0.00	0.00	0.00000	64369.88	-61881.32	0.00000	1.633	0.00
0.00	0.00	0.00	0.00000	64369.88	-61881.32	0.00000	1.600	0.00
0.00	0.00	0.00	0.00000	64369.88	-61881.32	0.00000	1.623	0.00
0.00	0.00	0.00	0.00000	64369.88	-61881.32	0.00000	1.619	0.00
0.00	0.00	0.00	0.00000	64369.88	-61881.32	0.00000	2.736	0.00
0.00	0.00	0.00	0.00000	64369.88	-61881.32	0.00000	1.669	0.00
0.00	0.00	0.00	0.00000	64369.88	-61881.32	0.00000	1.651	0.00
0.00	0.00	0.00	0.00000	64369.88	-61881.32	0.00000	1.669	0.00
0.00	0.00	0.00	0.00000	64369.88	-61881.32	0.00000	1.691	0.00
0.00	0.00	0.00	0.00000	64369.88	-61881.32	0.00000	1.641	0.00
0.00	0.00	0.00	0.00000	64369.88	-61881.32	0.00000	1.604	0.00
0.00	0.00	0.00	0.00000	64369.88	-61881.32	0.00000	2.437	0.00
0.00	0.00	0.00	0.00000	64369.88	-61881.32	0.00000	1.677	0.00
0.00	0.00	0.00	0.00000	64369.88	-61881.32	0.00000	1.978	0.00
0.00	0.00	0.00	0.00000	64369.88	-61881.32	0.00000	1.542	0.00
0.00	0.00	0.00	0.00000	64369.88	-61881.32	0.00000	1.538	0.00
0.00	0.00	0.00	0.00000	64369.88	-61881.32	0.00000	1.616	0.00
0.00	0.00	0.00	0.00000	64369.88	-61881.32	0.00000	2.791	0.00
0.00	0.00	0.00	0.00000	64369.88	-61881.32	0.00000	1.605	0.00
0.00	0.00	0.00	0.00000	64369.88	-61881.32	0.00000	1.806	0.00
0.00	0.00	0.00	0.00000	64369.88	-61881.32	0.00000	1.741	0.00
0.00	0.00	0.00	0.00000	64369.88	-61881.32	0.00000	1.684	0.00
0.00	0.00	0.00	0.00000	64369.88	-61881.32	0.00000	2.613	0.00
0.00	0.00	0.00	0.00000	64369.88	-61881.32	0.00000	1.797	0.00
0.00	0.00	0.00	0.00000	64369.88	-61881.32	0.00000	1.757	0.00
0.00	0.00	0.00	0.00000	64369.88	-61881.32	0.00000	1.767	0.00
0.00	0.00	0.00	0.00000	64369.88	-61881.32	0.00000	1.743	0.00
0.00	0.00	0.00	0.00000	64369.88	-61881.32	0.00000	1.850	0.00
0.00	0.00	0.00	0.00000	64369.88	-61881.32	0.00000	1.842	0.00
0.00	0.00	0.00	0.00000	64369.88	-61881.32	0.00000	1.759	0.00
0.00	0.00	0.00	0.00000	64369.88	-61881.32	0.00000	1.701	0.00
0.00	0.00	0.00	0.00000	64369.88	-61881.32	0.00000	2.851	0.00
0.00	0.00	0.00	0.00000	64369.88	-61881.32	0.00000	2.805	0.00
0.00	0.00	0.00	0.00000	64369.88	-61881.32	0.00000	1.835	0.00
0.00	0.00	0.00	0.00000	64369.88	-61881.32	0.00000	1.769	0.00
0.00	0.00	0.00	0.00000	64369.88	-61881.32	0.00000	1.766	0.00
0.00	0.00	0.00	0.00000	64369.88	-61881.32	0.00000	1.705	0.00
0.00	0.00	0.00	0.00000	64369.88	-61881.32	0.00000	1.717	0.00
0.00	0.00	0.00	0.00000	64369.88	-61881.32	0.00000	1.726	0.00
0.00	0.00	0.00	0.00000	64369.88	-61881.32	0.00000	1.849	0.00
0.00	0.00	0.00	0.00000	64369.88	-61881.32	0.00000	2.706	0.00
0.00	0.00	0.00	0.00000	64369.88	-61881.32	0.00000	3.253	0.00
0.00	0.00	0.00	0.00000	64369.88	-61881.32	0.00000	2.989	0.00
0.00	0.00	0.00	0.00000	64369.88	-61881.32	0.00000	1.819	0.00
0.00	0.00	0.00	0.00000	64369.88	-61881.32	0.00000	1.850	0.00
0.00	0.00	0.00	0.00000	64369.88	-61881.32	0.00000	1.817	0.00
0.00	0.00	0.00	0.00000	64369.88	-61881.32	0.00000	1.858	0.00
0.00	0.00	0.00	0.00000	64369.88	-61881.32	0.00000	1.872	0.00
0.00	0.00	0.00	0.00000	64369.88	-61881.32	0.00000	1.796	0.00
0.00	0.00	0.00	0.00000	64369.88	-61881.32	0.00000	1.804	0.00
0.00	0.00	0.00	0.00000	64369.88	-61881.32	0.00000	1.855	0.00
0.00	0.00	0.00	0.00000	64369.88	-61881.32	0.00000	1.813	0.00
0.00	0.00	0.00	0.00000	64369.88	-61881.32	0.00000	1.895	0.00
0.00	0.00	0.00	0.00000	64369.88	-61881.32	0.00000	1.895	0.00
0.00	0.00	0.00	0.00000	64369.88	-61881.32	0.00000	1.999	0.00
0.00	0.00	0.00	0.00000	64369.88	-61881.32	0.00000	1.935	0.00
0.00	0.00	0.00	0.00000	64369.88	-61881.32	0.00000	1.843	0.00
0.00	0.00	0.00	0.00000	64369.88	-61881.32	0.00000	1.836	0.00
0.00	0.00	0.00	0.00000	64369.88	-61881.32	0.00000	2.061	0.00
0.00	0.00	0.00	0.00000	64369.88	-61881.32	0.00000	1.953	0.00
0.00	0.00	0.00	0.00000	64369.88	-61881.32	0.00000	1.948	0.00
0.00	0.00	0.00	0.00000	64369.88	-61881.32	0.00000	2.025	0.00
0.00	0.00	0.00	0.00000	64369.88	-61881.32	0.00000	2.011	0.00
0.00	0.00	0.00	0.00000	64369.88	-61881.32	0.00000	1.995	0.00
0.00	0.00	0.00	0.00000	64369.88	-61881.32	0.00000	1.897	0.00
0.00	0.00	0.00	0.00000	64369.88	-61881.32	0.00000	2.144	0.00
0.00	0.00	0.00	0.00000	64369.88	-61881.32	0.00000	1.961	0.00
0.00	0.00	0.00	0.00000	64369.88	-61881.32	0.00000	2.005	0.00
0.00	0.00	0.00	0.00000	64369.88	-61881.32	0.00000	1.891	0.00
0.00	0.00	0.00	0.00000	64369.88	-61881.32	0.00000	1.912	0.00
0.00	0.00	0.00	0.00000	64369.88	-61881.32	0.00000	1.993	0.00
0.00	0.00	0.00	0.00000	64369.88	-61881.32	0.00000	2.603	0.00
0.00	0.00	0.00	0.00000	64369.88	-61881.32	0.00000	1.997	0.00
0.00	0.00	0.00	0.00000	64369.88	-61881.32	0.00000	2.206	0.00
0.00	0.00	0.00	0.00000	64369.88	-61881.32	0.00000	2.003	0.00
0.00	0.00	0.00	0.00000	64369.88	-61881.32	0.00000	2.008	0.00
0.00	0.00	0.00	0.00000	64369.88	-61881.32	0.00000	1.939	0.00
0.00	0.00	0.00	0.00000	64369.88	-61881.32	0.00000	2.238	0.00
0.00	0.00	0.00	0.00000	64369.88	-61881.32	0.00000	1.713	0.00
0.00	0.00	0.00	0.00000	64369.88	-61881.32	0.00000	1.765	0.00
0.00	0.00	0.00	0.00000	64369.88	-61881.32	0.00000	1.955	0.00
0.00	0.00	0.00	0.00000	64369.88	-61881.32	0.00000	2.012	0.00
0.00	0.00	0.00	0.00000	64369.88	-61881.32	0.00000	2.140	0.00
0.00	0.00	0.00	0.00000	64369.88	-61881.32	0.00000	1.847	0.00
0.00	0.00	0.00	0.00000	64369.88	-61881.32	0.00000	1.833	0.00
0.00	0.00	0.00	0.00000	64369.88	-61881.32	0.00000	1.936	0.00
0.00	0.00	0.00	0.00000	64369.88	-61881.32	0.00000	2.106	0.00
0.00	0.00	0.00	0.00000	64369.88	-61881.32	0.00000	2.035	0.00
0.00	0.00	0.00	0.00000	64369.88	-61881.32	0.00000	1.961	0.00
0.00	0.00	0.00	0.00000	64369.88	-61881.32	0.00000	2.835	0.00
0.00	0.00	0.00	0.00000	64369.88	-61881.32	0.00000	1.972	0.00
0.00	0.00	0.00	0.00000	64369.88	-61881.32	0.00000	2.215	0.00
0.00	0.00	0.00	0.00000	64369.88	-61881.32	0.00000	2.007	0.00
0.00	0.00	0.00	0.00000	64369.88	-61881.32	0.00000	1.947	0.00
0.00	0.00	0.00	0.00000	64369.88	-61881.32	0.00000	1.992	0.00
0.00	0.00	0.00	0.00000	64369.88	-61881.32	0.00000	1.900	0.00
0.00	0.00	0.00	0.00000	64369.88	-61881.32	0.00000	2.077	0.00
0.00	0.00	0.00	0.00000	64369.88	-61881.32	0.00000	2.201	0.00
0.00	0.00	0.00	0.00000	64369.88	-61881.32	0.00000	2.191	0.00
0.00	0.00	0.00	0.00000	64369.88	-61881.32	0.00000	1.755	0.00
0.00	0.00	0.00	0.00000	64369.88	-61881.32	0.00000	2.122	0.00
0.00	0.00	0.00	0.00000	64369.88	-61881.32	0.00000	4.093	0.00
0.00	0.00	0.00	0.00000	64369.88	-61881.32	0.00000	2.039	0.00
0.00	0.00	0.00	0.00000	64369.88	-61881.32	0.00000	1.940	0.00
0.00	0.00	0.00	0.00000	64369.88	-61881.32	0.00000	2.224	0.00
0.00	0.00	0.00	0.00000	64369.88	-61881.32	0.00000	2.015	0.00
0.00	0.00	0.00	0.00000	64369.88	-61881.32	0.00000	1.987	0.00
0.00	0.00	0.00	0.00000	64369.88	-61881.32	0.00000	2.006	0.00
0.00	0.00	0.00	0.00000	64369.88	-61881.32	0.00000	2.035	0.00
0.00	0.00	0.00	0.00000	64369.88	-61881.32	0.00000	1.982	0.00
0.00	0.00	0.00	0.00000	64369.88	-61881.32	0.00000	1.992	0.00
0.00	0.00	0.00	0.00000	64369.88	-61881.32	0.00000	2.131	0.00
0.00	0.00	0.00	0.00000	64369.88	-61881.32	0.00000	2.055	0.00
0.00	0.00	0.00	0.00000	64369.88	-61881.32	0.00000	1.876	0.00
0.00	0.00	0.00	0.00000	64369.88	-61881.32	0.00000	2.185	0.00
0.00	0.00	0.00	0.00000	64369.88	-61881.32	0.00000	2.130	0.00
0.00	0.00	0.00	0.00000	64369.88	-61881.32	0.00000	2.833	0.00
0.00	0.00	0.00	0.00000	64369.88	-61881.32	0.00000	2.046	0.00
0.00	0.00	0.00	0.00000	64369.88	-61881.32	0.00000	1.961	0.00
0.00	0.00	0.00	0.00000	64369.88	-61881.32	0.00000	1.968	0.00
0.00	0.00	0.00	0.00000	64369.88	-61881.32	0.00000	2.028	0.00
0.00	0.00	0.00	0.00000	64369.88	-61881.32	0.00000	2.040	0.00
0.00	0.00	0.00	0.00000	64369.88	-61881.32	0.00000	2.015	0.00
0.00	0.00	0.00	0.00000	64369.88	-61881.32	0.00000	2.083	0.00
0.00	0.00	0.00	0.00000	64369.88	-61881.32	0.00000	3.460	0.00
0.00	0.00	0.00	0.00000	64369.88	-61881.32	0.00000	3.575	0.00
0.00	0.00	0.00	0.00000	64369.88	-61881.32	0.00000	2.061	0.00
0.00	0.00	0.00	0.00000	64369.88	-61881.32	0.00000	2.817	0.00
0.00	0.00	0.00	0.00000	64369.88	-61881.32	0.00000	2.110	0.00
0.00	0.00	0.00	0.00000	64369.88	-61881.32	0.00000	3.048	0.00
0.00	0.00	0.00	0.00000	64369.88	-61881.32	0.00000	5.011	0.00
0.00	0.00	0.00	0.00000	64369.88	-61881.32	0.00000	2.327	0.00
0.00	0.00	0.00	0.00000	64369.88	-61881.32	0.00000	1.969	0.00
0.00	0.00	0.00	0.00000	64369.88	-61881.32	0.00000	2.883	0.00
0.00	0.00	0.00	0.00000	64369.88	-61881.32	0.00000	2.053	0.00
0.00	0.00	0.00	0.00000	64369.88	-61881.32	0.00000	1.999	0.00
0.00	0.00	0.00	0.00000	64369.88	-61881.32	0.00000	2.127	0.00
0.00	0.00	0.00	0.00000	64369.88	-61881.32	0.00000	2.131	0.00
0.00	0.00	0.00	0.00000	64369.88	-61881.32	0.00000	2.056	0.00
0.00	0.00	0.00	0.00000	64369.88	-61881.32	0.00000	2.049	0.00
0.00	0.00	0.00	0.00000	64369.88	-61881.32	0.00000	2.063	0.00
0.00	0.00	0.00	0.00000	64369.88	-61881.32	0.00000	3.338	0.00
0.00	0.00	0.00	0.00000	64369.88	-61881.32	0.00000	1.970	0.00
0.00	0.00	0.00	0.00000	64369.88	-61881.32	0.00000	2.264	0.00
0.00	0.00	0.00	0.00000	64369.88	-61881.32	0.00000	2.747	0.00
0.00	0.00	0.00	0.00000	64369.88	-61881.32	0.00000	3.026	0.00
0.00	0.00	0.00	0.00000	64369.88	-61881.32	0.00000	7.405	0.00
0.00	0.00	0.00	0.00000	64369.88	-61881.32	0.00000	2.031	0.00
0.00	0.00	0.00	0.00000	64369.88	-61881.32	0.00000	3.204	0.00
0.00	0.00	0.00	0.00000	64369.88	-61881.32	0.00000	2.038	0.00
0.00	0.00	0.00	0.00000	64369.88	-61881.32	0.00000	2.074	0.00
0.00	0.00	0.00	0.00000	64369.88	-61881.32	0.00000	2.192	0.00
0.00	0.00	0.00	0.00000	64369.88	-61881.32	0.00000	2.155	0.00
0.00	0.00	0.00	0.00000	64369.88	-61881.32	0.00000	2.161	0.00
0.00	0.00	0.00	0.00000	64369.88	-61881.32	0.00000	2.112	0.00
0.00	0.00	0.00	0.00000	64369.88	-61881.32	0.00000	9.536	0.00
0.00	0.00	0.00	0.00000	64369.88	-61881.32	0.00000	4.119	0.00
0.00	0.00	0.00	0.00000	64369.88	-61881.32	0.00000	2.088	0.00
0.00	0.00	0.00	0.00000	64369.88	-61881.32	0.00000	2.401	0.00
0.00	0.00	0.00	0.00000	64369.88	-61881.32	0.00000	2.103	0.00
0.00	0.00	0.00	0.00000	64369.88	-61881.32	0.00000	2.116	0.00
0.00	0.00	0.00	0.00000	64369.88	-61881.32	0.00000	2.118	0.00
0.00	0.00	0.00	0.00000	64369.88	-61881.32	0.00000	3.112	0.00
0.00	0.00	0.00	0.00000	64369.88	-61881.32	0.00000	2.056	0.00
0.00	0.00	0.00	0.00000	64369.88	-61881.32	0.00000	2.201	0.00
0.00	0.00	0.00	0.00000	64369.88	-61881.32	0.00000	2.100	0.00
0.00	0.00	0.00	0.00000	64369.88	-61881.32	0.00000	3.457	0.00
0.00	0.00	0.00	0.00000	64369.88	-61881.32	0.00000	2.125	0.00
0.00	0.00	0.00	0.00000	64369.88	-61881.32	0.00000	2.133	0.00
0.00	0.00	0.00	0.00000	64369.88	-61881.32	0.00000	3.596	0.00
0.00	0.00	0.00	0.00000	64369.88	-61881.32	0.00000	2.208	0.00
0.00	0.00	0.00	0.00000	64369.88	-61881.32	0.00000	2.158	0.00
0.00	0.00	0.00	0.00000	64369.88	-61881.32	0.00000	2.054	0.00
0.00	0.00	0.00	0.00000	64369.88	-61881.32	0.00000	2.144	0.00
0.00	0.00	0.00	0.00000	64369.88	-61881.32	0.00000	2.056	0.00
0.00	0.00	0.00	0.00000	64369.88	-61881.32	0.00000	2.327	0.00
0.00	0.00	0.00	0.00000	64369.88	-61881.32	0.00000	2.068	0.00
0.00	0.00	0.00	0.00000	64369.88	-61881.32	0.00000	2.113	0.00
0.00	0.00	0.00	0.00000	64369.88	-61881.32	0.00000	2.547	0.00
0.00	0.00	0.00	0.00000	64369.88	-61881.32	0.00000	2.052	0.00
0.00	0.00	0.00	0.00000	64369.88	-61881.32	0.00000	2.200	0.00
0.00	0.00	0.00	0.00000	64369.88	-61881.32	0.00000	2.023	0.00
0.00	0.00	0.00	0.00000	64369.88	-61881.32	0.00000	2.038	0.00
0.00	0.00	0.00	0.00000	64369.88	-61881.32	0.00000	2.509	0.00
0.00	0.00	0.00	0.00000	64369.88	-61881.32	0.00000	2.124	0.00
0.00	0.00	0.00	0.00000	64369.88	-61881.32	0.00000	2.175	0.00
0.00	0.00	0.00	0.00000	64369.88	-61881.32	0.00000	2.116	0.00
0.00	0.00	0.00	0.00000	64369.88	-61881.32	0.00000	2.135	0.00
0.00	0.00	0.00	0.00000	64369.88	-61881.32	0.00000	2.156	0.00
0.00	0.00	0.00	0.00000	64369.88	-61881.32	0.00000	2.918	0.00
0.00	0.00	0.00	0.00000	64369.88	-61881.32	0.00000	2.040	0.00
0.00	0.00	0.00	0.00000	64369.88	-61881.32	0.00000	2.192	0.00
0.00	0.00	0.00	0.00000	64369.88	-61881.32	0.00000	2.148	0.00
0.00	0.00	0.00	0.00000	64369.88	-61881.32	0.00000	2.238	0.00
0.00	0.00	0.00	0.00000	64369.88	-61881.32	0.00000	2.552	0.00
0.00	0.00	0.00	0.00000	64369.88	-61881.32	0.00000	2.325	0.00
0.00	0.00	0.00	0.00000	64369.88	-61881.32	0.00000	2.073	0.00
0.00	0.00	0.00	0.00000	64369.88	-61881.32	0.00000	2.036	0.00
0.00	0.00	0.00	0.00000	64369.88	-61881.32	0.00000	2.115	0.00
0.00	0.00	0.00	0.00000	64369.88	-61881.32	0.00000	2.150	0.00
0.00	0.00	0.00	0.00000	64369.88	-61881.32	0.00000	2.287	0.00
0.00	0.00	0.00	0.00000	64369.88	-61881.32	0.00000	2.260	0.00
0.00	0.00	0.00	0.00000	64369.88	-61881.32	0.00000	2.062	0.00
0.00	0.00	0.00	0.00000	64369.88	-61881.32	0.00000	2.090	0.00
0.00	0.00	0.00	0.00000	64369.88	-61881.32	0.00000	3.457	0.00
0.00	0.00	0.00	0.00000	64369.88	-61881.32	0.00000	2.029	0.00
0.00	0.00	0.00	0.00000	64369.88	-61881.32	0.00000	2.040	0.00
0.00	0.00	0.00	0.00000	64369.88	-61881.32	0.00000	2.168	0.00
0.00	0.00	0.00	0.00000	64369.88	-61881.32	0.00000	2.089	0.00
0.00	0.00	0.00	0.00000	64369.88	-61881.32	0.00000	2.123	0.00
0.00	0.00	0.00	0.00000	64369.88	-61881.32	0.00000	1.988	0.00
0.00	0.00	0.00	0.00000	64369.88	-61881.32	0.00000	2.161	0.00
0.00	0.00	0.00	0.00000	64369.88	-61881.32	0.00000	2.358	0.00
0.00	0.00	0.00	0.00000	64369.88	-61881.32	0.00000	2.132	0.00
0.00	0.00	0.00	0.00000	64369.88	-61881.32	0.00000	2.048	0.00
0.00	0.00	0.00	0.00000	64369.88	-61881.32	0.00000	2.753	0.00
0.00	0.00	0.00	0.00000	64369.88	-61881.32	0.00000	1.937	0.00
0.00	0.00	0.00	0.00000	64369.88	-61881.32	0.00000	2.273	0.00
0.00	0.00	0.00	0.00000	64369.88	-61881.32	0.00000	2.114	0.00
0.00	0.00	0.00	0.00000	64369.88	-61881.32	0.00000	2.095	0.00
0.00	0.00	0.00	0.00000	64369.88	-61881.32	0.00000	2.210	0.00
0.00	0.00	0.00	0.00000	64369.88	-61881.32	0.00000	2.143	0.00
0.00	0.00	0.00	0.00000	64369.88	-61881.32	0.00000	2.163	0.00
0.00	0.00	0.00	0.00000	64369.88	-61881.32	0.00000	2.075	0.00
0.00	0.00	0.00	0.00000	64369.88	-61881.32	0.00000	2.104	0.00
0.00	0.00	0.00	0.00000	64369.88	-61881.32	0.00000	4.008	0.00
0.00	0.00	0.00	0.00000	64369.88	-61881.32	0.00000	2.576	0.00
0.00	0.00	0.00	0.00000	64369.88	-61881.32	0.00000	4.517	0.00
0.00	0.00	0.00	0.00000	64369.88	-61881.32	0.00000	4.477	0.00
0.00	0.00	0.00	0.00000	64369.88	-61881.32	0.00000	2.376	0.00
0.00	0.00	0.00	0.00000	64369.88	-61881.32	0.00000	2.162	0.00
0.00	0.00	0.00	0.00000	64369.88	-61881.32	0.00000	2.278	0.00
0.00	0.00	0.00	0.00000	64369.88	-61881.32	0.00000	2.182	0.00
0.00	0.00	0.00	0.00000	64369.88	-61881.32	0.00000	2.705	0.00
0.00	0.00	0.00	0.00000	64369.88	-61881.32	0.00000	2.883	0.00
0.00	0.00	0.00	0.00000	64369.88	-61881.32	0.00000	2.095	0.00
0.00	0.00	0.00	0.00000	64369.88	-61881.32	0.00000	3.491	0.00
0.00	0.00	0.00	0.00000	64369.88	-61881.32	0.00000	2.207	0.00
0.00	0.00	0.00	0.00000	64369.88	-61881.32	0.00000	2.263	0.00
0.00	0.00	0.00	0.00000	64369.88	-61881.32	0.00000	2.174	0.00
0.00	0.00	0.00	0.00000	64369.88	-61881.32	0.00000	2.077	0.00
0.00	0.00	0.00	0.00000	64369.88	-61881.32	0.00000	2.173	0.00
0.00	0.00	0.00	0.00000	64369.88	-61881.32	0.00000	2.142	0.00
0.00	0.00	0.00	0.00000	64369.88	-61881.32	0.00000	2.457	0.00
0.00	0.00	0.00	0.00000	64369.88	-61881.32	0.00000	1.903	0.00
0.00	0.00	0.00	0.00000	64369.88	-61881.32	0.00000	1.954	0.00
0.00	0.00	0.00	0.00000	64369.88	-61881.32	0.00000	2.126	0.00
0.00	0.00	0.00	0.00000	64369.88	-61881.32	0.00000	2.051	0.00
0.00	0.00	0.00	0.00000	64369.88	-61881.32	0.00000	2.304	0.00
0.00	0.00	0.00	0.00000	64369.88	-61881.32	0.00000	2.169	0.00
0.00	0.00	0.00	0.00000	64369.88	-61881.32	0.00000	2.219	0.00
0.00	0.00	0.00	0.00000	64369.88	-61881.32	0.00000	2.264	0.00
0.00	0.00	0.00	0.00000	64369.88	-61881.32	0.00000	2.108	0.00
0.00	0.00	0.00	0.00000	64369.88	-61881.32	0.00000	2.160	0.00
0.00	0.00	0.00	0.00000	64369.88	-61881.32	0.00000	2.121	0.00
0.00	0.00	0.00	0.00000	64369.88	-61881.32	0.00000	2.230	0.00
0.00	0.00	0.00	0.00000	64369.88	-61881.32	0.00000	2.251	0.00
0.00	0.00	0.00	0.00000	64369.88	-61881.32	0.00000	2.212	0.00
0.00	0.00	0.00	0.00000	64369.88	-61881.32	0.00000	2.195	0.00
0.00	0.00	0.00	0.00000	64369.88	-61881.32	0.00000	2.276	0.00
0.00	0.00	0.00	0.00000	64369.88	-61881.32	0.00000	3.337	0.00
0.00	0.00	0.00	0.00000	64369.88	-61881.32	0.00000	2.249	0.00
0.00	0.00	0.00	0.00000	64369.88	-61881.32	0.00000	2.100	0.00
0.00	0.00	0.00	0.00000	64369.88	-61881.32	0.00000	2.226	0.00
0.00	0.00	0.00	0.00000	64369.88	-61881.32	0.00000	4.084	0.00
0.00	0.00	0.00	0.00000	64369.88	-61881.32	0.00000	2.570	0.00
0.00	0.00	0.00	0.00000	64369.88	-61881.32	0.00000	3.345	0.00
0.00	0.00	0.00	0.00000	64369.88	-61881.32	0.00000	2.306	0.00
0.00	0.00	0.00	0.00000	64369.88	-61881.32	0.00000	2.316	0.00
0.00	0.00	0.00	0.00000	64369.88	-61881.32	0.00000	2.109	0.00
0.00	0.00	0.00	0.00000	64369.88	-61881.32	0.00000	2.184	0.00
0.00	0.00	0.00	0.00000	64369.88	-61881.32	0.00000	2.261	0.00
0.00	0.00	0.00	0.00000	64369.88	-61881.32	0.00000	2.205	0.00
0.00	0.00	0.00	0.00000	64369.88	-61881.32	0.00000	2.176	0.00
0.00	0.00	0.00	0.00000	64369.88	-61881.32	0.00000	3.544	0.00
0.00	0.00	0.00	0.00000	64369.88	-61881.32	0.00000	2.099	0.00
0.00	0.00	0.00	0.00000	64369.88	-61881.32	0.00000	3.005	0.00
0.00	0.00	0.00	0.00000	64369.88	-61881.32	0.00000	2.178	0.00
0.00	0.00	0.00	0.00000	64369.88	-61881.32	0.00000	2.145	0.00
0.00	0.00	0.00	0.00000	64369.88	-61881.32	0.00000	2.248	0.00
0.00	0.00	0.00	0.00000	64369.88	-61881.32	0.00000	3.102	0.00
0.00	0.00	0.00	0.00000	64369.88	-61881.32	0.00000	2.191	0.00
0.00	0.00	0.00	0.00000	64369.88	-61881.32	0.00000	2.197	0.00
0.00	0.00	0.00	0.00000	64369.88	-61881.32	0.00000	2.248	0.00
0.00	0.00	0.00	0.00000	64369.88	-61881.32	0.00000	3.356	0.00
0.00	0.00	0.00	0.00000	64369.88	-61881.32	0.00000	2.188	0.00
0.00	0.00	0.00	0.00000	64369.88	-61881.32	0.00000	2.137	0.00
0.00	0.00	0.00	0.00000	64369.88	-61881.32	0.00000	2.196	0.00
0.00	0.00	0.00	0.00000	64369.88	-61881.32	0.00000	2.242	0.00
0.00	0.00	0.00	0.00000	64369.88	-61881.32	0.00000	2.158	0.00
0.00	0.00	0.00	0.00000	64369.88	-61881.32	0.00000	2.135	0.00
0.00	0.00	0.00	0.00000	64369.88	-61881.32	0.00000	2.212	0.00
0.00	0.00	0.00	0.00000	64369.88	-61881.32	0.00000	2.197	0.00
0.00	0.00	0.00	0.00000	64369.88	-61881.32	0.00000	3.169	0.00
0.00	0.00	0.00	0.00000	64369.88	-61881.32	0.00000	5.931	0.00
0.00	0.00	0.00	0.00000	64369.88	-61881.32	0.00000	2.252	0.00
0.00	0.00	0.00	0.00000	64369.88	-61881.32	0.00000	2.253	0.00
0.00	0.00	0.00	0.00000	64369.88	-61881.32	0.00000	2.240	0.00
0.00	0.00	0.00	0.00000	64369.88	-61881.32	0.00000	2.256	0.00
0.00	0.00	0.00	0.00000	64369.88	-61881.32	0.00000	2.349	0.00
0.00	0.00	0.00	0.00000	64369.88	-61881.32	0.00000	2.307	0.00
0.00	0.00	0.00	0.00000	64369.88	-61881.32	0.00000	2.242	0.00
0.00	0.00	0.00	0.00000	64369.88	-61881.32	0.00000	2.461	0.00
0.00	0.00	0.00	0.00000	64369.88	-61881.32	0.00000	2.187	0.00
0.00	0.00	0.00	0.00000	64369.88	-61881.32	0.00000	2.359	0.00
0.00	0.00	0.00	0.00000	64369.88	-61881.32	0.00000	3.305	0.00
0.00	0.00	0.00	0.00000	64369.88	-61881.32	0.00000	2.191	0.00
0.00	0.00	0.00	0.00000	64369.88	-61881.32	0.00000	2.318	0.00
0.00	0.00	0.00	0.00000	64369.88	-61881.32	0.00000	2.225	0.00
0.00	0.00	0.00	0.00000	64369.88	-61881.32	0.00000	2.701	0.00
0.00	0.00	0.00	0.00000	64369.88	-61881.32	0.00000	4.213	0.00
0.00	0.00	0.00	0.00000	64369.88	-61881.32	0.00000	4.199	0.00
0.00	0.00	0.00	0.00000	64369.88	-61881.32	0.00000	6.165	0.00
0.00	0.00	0.00	0.00000	64369.88	-61881.32	0.00000	2.050	0.00
0.00	0.00	0.00	0.00000	64369.88	-61881.32	0.00000	2.247	0.00
0.00	0.00	0.00	0.00000	64369.88	-61881.32	0.00000	2.327	0.00
0.00	0.00	0.00	0.00000	64369.88	-61881.32	0.00000	2.218	0.00
0.00	0.00	0.00	0.00000	64369.88	-61881.32	0.00000	2.084	0.00
0.00	0.00	0.00	0.00000	64369.88	-61881.32	0.00000	1.987	0.00
0.00	0.00	0.00	0.00000	64369.88	-61881.32	0.00000	2.255	0.00
0.00	0.00	0.00	0.00000	64369.88	-61881.32	0.00000	2.230	0.00
0.00	0.00	0.00	0.00000	64369.88	-61881.32	0.00000	2.141	0.00
0.00	0.00	0.00	0.00000	64369.88	-61881.32	0.00000	2.226	0.00
0.00	0.00	0.00	0.00000	64369.88	-61881.32	0.00000	2.185	0.00
0.00	0.00	0.00	0.00000	64369.88	-61881.32	0.00000	2.099	0.00
0.00	0.00	0.00	0.00000	64369.88	-61881.32	0.00000	2.114	0.00
0.00	0.00	0.00	0.00000	64369.88	-61881.32	0.00000	2.013	0.00
0.00	0.00	0.00	0.00000	64369.88	-61881.32	0.00000	2.180	0.00
0.00	0.00	0.00	0.00000	64369.88	-61881.32	0.00000	2.372	0.00
0.00	0.00	0.00	0.00000	64369.88	-61881.32	0.00000	2.222	0.00
0.00	0.00	0.00	0.00000	64369.88	-61881.32	0.00000	2.346	0.00
0.00	64330.60	-61810.94	0.35000	64369.88	-61881.32	0.00000	2.263	0.00
0.00	64330.74	-61810.78	0.35083	64330.74	-61810.78	0.35083	518.351	0.00
0.00	64329.13	-61810.75	-2.70014	64329.13	-61810.75	-2.70014	2.285	0.00
0.00	64329.77	-61810.01	-3.05929	64329.04	-61809.78	-3.05929	123.751	0.46
0.00	64329.43	-61809.67	2.96216	64328.73	-61809.90	-3.05929	104.274	0.53
0.00	64329.29	-61809.51	2.88807	64328.40	-61810.06	-2.54032	63.016	0.50
0.00	64329.23	-61809.42	2.84476	64328.23	-61810.04	-2.86453	73.730	0.48
0.00	64329.04	-61809.24	2.77759	64327.89	-61809.78	2.75653	107.468	0.44
0.00	64328.88	-61809.05	2.71403	64327.67	-61809.81	2.92594	102.688	0.46
0.00	64328.75	-61808.88	2.65993	64327.38	-61809.96	-3.10366	105.894	0.56
0.00	64328.59	-61808.66	2.60283	64327.03	-61809.90	3.10979	111.168	0.50
0.00	64328.45	-61808.46	2.55167	64326.53	-61810.14	-2.94273	101.921	0.51
0.00	64328.30	-61808.24	2.50765	64326.26	-61810.28	-2.87560	102.868	0.44
0.00	64328.16	-61808.03	2.46963	64326.10	-61810.32	-2.88354	92.427	0.50
0.00	64328.05	-61807.87	2.44415	64325.84	-61810.35	-2.90390	96.728	0.47
0.00	64327.93	-61807.67	2.41608	64325.66	-61810.30	-2.95947	110.413	0.48
0.00	64327.76	-61807.43	2.38922	64325.48	-61810.38	-2.93159	111.420	0.52
0.00	64327.61	-61807.20	2.36423	64325.06	-61810.44	-2.94353	108.179	0.47
0.00	64327.48	-61807.00	2.34434	64324.91	-61810.47	-2.94257	62.914	0.51
0.00	64327.42	-61806.89	2.33254	64324.69	-61810.49	-2.95304	103.562	0.49
0.00	64327.28	-61806.67	2.31773	64324.53	-61810.56	-2.93923	101.525	0.53
0.00	64327.15	-61806.48	2.30457	64324.27	-61810.62	-2.93434	36.501	0.48
0.00	64327.04	-61806.31	2.29404	64324.03	-61810.70	-2.92236	103.793	0.53
0.00	64326.90	-61806.10	2.28268	64323.79	-61810.79	-2.90899	109.718	0.47
0.00	64326.76	-61805.88	2.27354	64323.51	-61810.91	-2.89167	88.038	0.50
0.00	64326.65	-61805.71	2.26528	64323.28	-61811.03	-2.87286	105.504	0.49
0.00	64326.51	-61805.50	2.25806	64323.05	-61811.03	-2.88864	110.494	0.45
0.00	64326.38	-61805.31	2.25088	64322.90	-61811.12	-2.87590	110.629	0.48
0.00	64326.22	-61805.08	2.24451	64322.63	-61811.24	-2.86165	114.240	0.47
0.00	64326.09	-61804.87	2.23857	64322.43	-61811.32	-2.85640	79.090	0.46
0.00	64326.01	-61804.76	2.23563	64322.20	-61811.31	-2.87337	114.030	0.50
0.00	64325.86	-61804.53	2.23121	64321.87	-61811.43	-2.86402	57.753	0.46
0.00	64325.80	-61804.44	2.22881	64321.76	-61811.46	-2.86474	102.974	0.45
0.00	64325.67	-61804.25	2.22594	64321.63	-61811.45	-2.87361	117.343	0.51
0.00	64325.50	-61804.00	2.22284	64321.40	-61811.52	-2.87146	110.941	0.46
0.00	64325.38	-61803.83	2.22093	64321.26	-61811.51	-2.87853	112.262	0.51
0.00	64325.23	-61803.62	2.21922	64320.97	-61811.60	-2.87439	105.658	0.44
0.00	64325.10	-61803.44	2.21789	64320.79	-61811.57	-2.88974	107.272	0.47
0.00	64324.97	-61803.26	2.21672	64320.60	-61811.62	-2.88798	122.445	0.47
0.00	64324.80	-61803.03	2.21562	64320.28	-61811.69	-2.89032	71.910	0.48
0.00	64324.73	-61802.93	2.21510	64320.09	-61811.75	-2.88821	74.553	0.41
0.00	64324.64	-61802.80	2.21479	64320.02	-61811.77	-2.88635	101.251	0.41
0.00	64324.51	-61802.62	2.21469	64319.91	-61811.82	-2.88290	99.598	0.44
0.00	64324.36	-61802.42	2.21461	64319.72	-61811.89	-2.87810	97.803	0.50
0.00	64324.24	-61802.26	2.21466	64319.58	-61811.95	-2.87302	104.317	0.46
0.00	64324.10	-61802.07	2.21503	64319.43	-61812.03	-2.86607	103.713	0.45
0.00	64323.97	-61801.89	2.21564	64319.20	-61812.05	-2.87304	110.902	0.48
0.00	64323.83	-61801.70	2.21631	64319.16	-61812.06	-2.87221	112.210	0.52
0.00	64323.67	-61801.50	2.21722	64319.16	-61812.08	-2.86894	126.292	0.50
0.00	64323.49	-61801.25	2.21833	64318.90	-61812.18	-2.86279	133.723	0.43
0.00	64323.33	-61801.04	2.21942	64318.69	-61812.24	-2.86178	124.209	0.44
0.00	64323.14	-61800.79	2.22066	64318.48	-61812.33	-2.85690	143.515	0.40
0.00	64322.95	-61800.55	2.22206	64318.29	-61812.41	-2.85239	86.088	0.38
0.00	64322.87	-61800.44	2.22286	64317.96	-61812.50	-2.85245	101.367	0.45
0.00	64322.74	-61800.28	2.22379	64317.82	-61812.54	-2.85158	148.164	0.41
0.00	64322.51	-61799.97	2.22523	64317.50	-61812.62	-2.85222	92.110	0.42
0.00	64322.43	-61799.87	2.22608	64317.39	-61812.64	-2.85362	128.729	0.39
0.00	64322.23	-61799.61	2.22706	64317.27	-61812.70	-2.84879	103.151	0.37
0.00	64322.10	-61799.44	2.22787	64317.08	-61812.74	-2.85108	90.020	0.38
0.00	64322.00	-61799.31	2.22868	64316.92	-61812.75	-2.85593	103.607	0.41
0.00	64321.85	-61799.12	2.22957	64316.69	-61812.83	-2.85215	58.366	0.39
0.00	64321.78	-61799.03	2.22996	64316.54	-61812.86	-2.85397	91.984	0.41
0.00	64321.66	-61798.87	2.23045	64316.41	-61812.90	-2.85287	77.748	0.41
0.00	64321.55	-61798.72	2.23090	64316.19	-61812.98	-2.85138	99.722	0.36
0.00	64321.41	-61798.55	2.23151	64315.98	-61813.02	-2.85374	100.636	0.39
0.00	64321.27	-61798.37	2.23210	64315.84	-61813.03	-2.85665	108.295	0.43
0.00	64321.12	-61798.18	2.23271	64315.75	-61812.99	-2.86411	110.519	0.40
0.00	64320.96	-61797.97	2.23322	64315.57	-61813.01	-2.86809	109.072	0.43
