0.00	0.00	0.00	0.00000	0.00	0.00	0.00000	1.981	0.00
0.00	0.00	0.00	0.00000	0.00	0.00	0.00000	1.920	0.00
0.00	-46321.67	-33928.15	0.35000	-46321.67	-33928.15	0.35000	1.691	0.00
0.00	-46321.67	-33928.15	0.35000	-46321.67	-33928.15	0.35000	1.685	0.00
0.00	-46321.67	-33928.15	0.35000	-46321.67	-33928.15	0.35000	1.894	0.00
0.00	-46321.67	-33928.15	0.35000	-46321.67	-33928.15	0.35000	1.660	0.00
0.00	-46321.67	-33928.15	0.35000	-46321.67	-33928.15	0.35000	1.760	0.00
0.00	-46321.67	-33928.15	0.35000	-46321.67	-33928.15	0.35000	1.905	0.00
0.00	-46321.67	-33928.15	0.35000	-46321.67	-33928.15	0.35000	1.673	0.00
0.00	-46321.67	-33928.15	0.35000	-46321.67	-33928.15	0.35000	1.739	0.00
0.00	-46321.67	-33928.15	0.35000	-46321.67	-33928.15	0.35000	1.746	0.00
0.00	-46321.67	-33928.15	0.35000	-46321.67	-33928.15	0.35000	1.715	0.00
0.00	-46321.67	-33928.15	0.35000	-46321.67	-33928.15	0.35000	1.728	0.00
0.00	-46321.67	-33928.15	0.35000	-46321.67	-33928.15	0.35000	1.696	0.00
0.00	-46321.67	-33928.15	0.35000	-46321.67	-33928.15	0.35000	1.642	0.00
0.00	-46321.67	-33928.15	0.35000	-46321.67	-33928.15	0.35000	1.704	0.00
0.00	-46321.67	-33928.15	0.35000	-46321.67	-33928.15	0.35000	1.836	0.00
0.00	-46321.67	-33928.15	0.35000	-46321.67	-33928.15	0.35000	1.704	0.00
0.00	-46321.67	-33928.15	0.35000	-46321.67	-33928.15	0.35000	1.590	0.00
0.00	-46321.67	-33928.15	0.35000	-46321.67	-33928.15	0.35000	1.992	0.00
0.00	-46321.67	-33928.15	0.35000	-46321.67	-33928.15	0.35000	1.690	0.00
0.00	-46321.67	-33928.15	0.35000	-46321.67	-33928.15	0.35000	1.764	0.00
0.00	-46321.67	-33928.15	0.35000	-46321.67	-33928.15	0.35000	1.766	0.00
0.00	-46321.67	-33928.15	0.35000	-46321.67	-33928.15	0.35000	1.748	0.00
0.00	-46321.67	-33928.15	0.35000	-46321.67	-33928.15	0.35000	1.845	0.00
0.00	-46321.67	-33928.15	0.35000	-46321.67	-33928.15	0.35000	2.480	0.00
0.00	-46321.67	-33928.15	0.35000	-46321.67	-33928.15	0.35000	1.850	0.00
0.00	-46321.67	-33928.15	0.35000	-46321.67	-33928.15	0.35000	1.797	0.00
0.00	-46321.67	-33928.15	0.35000	-46321.67	-33928.15	0.35000	1.735	0.00
0.00	-46321.67	-33928.15	0.35000	-46321.67	-33928.15	0.35000	1.710	0.00
0.00	-46321.67	-33928.15	0.35000	-46321.67	-33928.15	0.35000	1.660	0.00
0.00	-46321.67	-33928.15	0.35000	-46321.67	-33928.15	0.35000	1.686	0.00
0.00	-46321.67	-33928.15	0.35000	-46321.67	-33928.15	0.35000	1.731	0.00
0.00	-46321.67	-33928.15	0.35000	-46321.67	-33928.15	0.35000	1.749	0.00
0.00	-46321.67	-33928.15	0.35000	-46321.67	-33928.15	0.35000	1.742	0.00
0.00	-46321.67	-33928.15	0.35000	-46321.67	-33928.15	0.35000	1.708	0.00
0.00	-46321.67	-33928.15	0.35000	-46321.67	-33928.15	0.35000	1.740	0.00
0.00	-46321.67	-33928.15	0.35000	-46321.67	-33928.15	0.35000	1.898	0.00
0.00	-46321.67	-33928.15	0.35000	-46321.67	-33928.15	0.35000	1.657	0.00
0.00	-46321.67	-33928.15	0.35000	-46321.67	-33928.15	0.35000	1.627	0.00
0.00	-46321.67	-33928.15	0.35000	-46321.67	-33928.15	0.35000	1.700	0.00
0.00	-46321.67	-33928.15	0.35000	-46321.67	-33928.15	0.35000	1.755	0.00
0.00	-46321.67	-33928.15	0.35000	-46321.67	-33928.15	0.35000	1.768	0.00
0.00	-46321.67	-33928.15	0.35000	-46321.67	-33928.15	0.35000	1.769	0.00
0.00	-46321.67	-33928.15	0.35000	-46321.67	-33928.15	0.35000	1.750	0.00
0.00	-46321.67	-33928.15	0.35000	-46321.67	-33928.15	0.35000	1.776	0.00
0.00	-46321.67	-33928.15	0.35000	-46321.67	-33928.15	0.35000	1.827	0.00
0.00	-46321.67	-33928.15	0.35000	-46321.67	-33928.15	0.35000	1.796	0.00
0.00	-46321.67	-33928.15	0.35000	-46321.67	-33928.15	0.35000	1.789	0.00
0.00	-46321.67	-33928.15	0.35000	-46321.67	-33928.15	0.35000	1.672	0.00
0.00	-46321.67	-33928.15	0.35000	-46321.67	-33928.15	0.35000	1.772	0.00
0.00	-46321.67	-33928.15	0.35000	-46321.67	-33928.15	0.35000	1.723	0.00
0.00	-46321.67	-33928.15	0.35000	-46321.67	-33928.15	0.35000	1.866	0.00
0.00	-46321.67	-33928.15	0.35000	-46321.67	-33928.15	0.35000	1.694	0.00
0.00	-46321.67	-33928.15	0.35000	-46321.67	-33928.15	0.35000	1.743	0.00
0.00	-46321.67	-33928.15	0.35000	-46321.67	-33928.15	0.35000	1.739	0.00
0.00	-46321.67	-33928.15	0.35000	-46321.67	-33928.15	0.35000	2.192	0.00
0.00	-46321.67	-33928.15	0.35000	-46321.67	-33928.15	0.35000	2.010	0.00
0.00	-46321.67	-33928.15	0.35000	-46321.67	-33928.15	0.35000	2.072	0.00
0.00	-46321.67	-33928.15	0.35000	-46321.67	-33928.15	0.35000	1.787	0.00
0.00	-46321.67	-33928.15	0.35000	-46321.67	-33928.15	0.35000	1.707	0.00
0.00	-46321.67	-33928.15	0.35000	-46321.67	-33928.15	0.35000	1.764	0.00
0.00	-46321.67	-33928.15	0.35000	-46321.67	-33928.15	0.35000	1.783	0.00
0.00	-46321.67	-33928.15	0.35000	-46321.67	-33928.15	0.35000	1.705	0.00
0.00	-46321.67	-33928.15	0.35000	-46321.67	-33928.15	0.35000	1.724	0.00
0.00	-46321.67	-33928.15	0.35000	-46321.67	-33928.15	0.35000	1.750	0.00
0.00	-46321.67	-33928.15	0.35000	-46321.67	-33928.15	0.35000	1.757	0.00
0.00	-46321.67	-33928.15	0.35000	-46321.67	-33928.15	0.35000	1.785	0.00
0.00	-46321.67	-33928.15	0.35000	-46321.67	-33928.15	0.35000	1.772	0.00
0.00	-46321.67	-33928.15	0.35000	-46321.67	-33928.15	0.35000	1.690	0.00
0.00	-46321.67	-33928.15	0.35000	-46321.67	-33928.15	0.35000	1.815	0.00
0.00	-46321.67	-33928.15	0.35000	-46321.67	-33928.15	0.35000	1.743	0.00
0.00	-46321.67	-33928.15	0.35000	-46321.67	-33928.15	0.35000	1.764	0.00
0.00	-46321.67	-33928.15	0.35000	-46321.67	-33928.15	0.35000	1.834	0.00
0.00	-46321.67	-33928.15	0.35000	-46321.67	-33928.15	0.35000	1.722	0.00
0.00	-46321.67	-33928.15	0.35000	-46321.67	-33928.15	0.35000	1.686	0.00
0.00	-46321.67	-33928.15	0.35000	-46321.67	-33928.15	0.35000	1.686	0.00
0.00	-46321.67	-33928.15	0.35000	-46321.67	-33928.15	0.35000	1.691	0.00
0.00	-46321.67	-33928.15	0.35000	-46321.67	-33928.15	0.35000	1.670	0.00
0.00	-46321.67	-33928.15	0.35000	-46321.67	-33928.15	0.35000	1.732	0.00
0.00	-46321.67	-33928.15	0.35000	-46321.67	-33928.15	0.35000	2.050	0.00
0.00	-46321.67	-33928.15	0.35000	-46321.67	-33928.15	0.35000	1.705	0.00
0.00	-46321.67	-33928.15	0.35000	-46321.67	-33928.15	0.35000	1.676	0.00
0.00	-46321.67	-33928.15	0.35000	-46321.67	-33928.15	0.35000	1.736	0.00
0.00	-46321.67	-33928.15	0.35000	-46321.67	-33928.15	0.35000	1.785	0.00
0.00	-46321.67	-33928.15	0.35000	-46321.67	-33928.15	0.35000	2.180	0.00
0.00	-46321.67	-33928.15	0.35000	-46321.67	-33928.15	0.35000	1.769	0.00
0.00	-46321.67	-33928.15	0.35000	-46321.67	-33928.15	0.35000	1.707	0.00
0.00	-46321.67	-33928.15	0.35000	-46321.67	-33928.15	0.35000	1.690	0.00
0.00	-46321.67	-33928.15	0.35000	-46321.67	-33928.15	0.35000	1.693	0.00
0.00	-46321.67	-33928.15	0.35000	-46321.67	-33928.15	0.35000	1.688	0.00
0.00	-46321.67	-33928.15	0.35000	-46321.67	-33928.15	0.35000	1.702	0.00
0.00	-46321.67	-33928.15	0.35000	-46321.67	-33928.15	0.35000	2.035	0.00
0.00	-46321.67	-33928.15	0.35000	-46321.67	-33928.15	0.35000	1.865	0.00
0.00	-46321.67	-33928.15	0.35000	-46321.67	-33928.15	0.35000	1.768	0.00
0.00	-46321.67	-33928.15	0.35000	-46321.67	-33928.15	0.35000	1.665	0.00
0.00	-46321.67	-33928.15	0.35000	-46321.67	-33928.15	0.35000	1.793	0.00
0.00	-46321.67	-33928.15	0.35000	-46321.67	-33928.15	0.35000	1.716	0.00
0.00	-46321.67	-33928.15	0.35000	-46321.67	-33928.15	0.35000	1.732	0.00
0.00	-46321.67	-33928.15	0.35000	-46321.67	-33928.15	0.35000	1.689	0.00
0.00	-46321.67	-33928.15	0.35000	-46321.67	-33928.15	0.35000	1.829	0.00
0.00	-46321.67	-33928.15	0.35000	-46321.67	-33928.15	0.35000	1.707	0.00
0.00	-46321.67	-33928.15	0.35000	-46321.67	-33928.15	0.35000	1.689	0.00
0.00	-46321.67	-33928.15	0.35000	-46321.67	-33928.15	0.35000	1.749	0.00
0.00	-46321.67	-33928.15	0.35000	-46321.67	-33928.15	0.35000	1.728	0.00
0.00	-46321.67	-33928.15	0.35000	-46321.67	-33928.15	0.35000	1.656	0.00
0.00	-46321.67	-33928.15	0.35000	-46321.67	-33928.15	0.35000	1.764	0.00
0.00	-46321.67	-33928.15	0.35000	-46321.67	-33928.15	0.35000	1.786	0.00
0.00	-46321.67	-33928.15	0.35000	-46321.67	-33928.15	0.35000	1.668	0.00
0.00	-46321.67	-33928.15	0.35000	-46321.67	-33928.15	0.35000	1.644	0.00
0.00	-46321.67	-33928.15	0.35000	-46321.67	-33928.15	0.35000	1.691	0.00
0.00	-46321.67	-33928.15	0.35000	-46321.67	-33928.15	0.35000	1.759	0.00
0.00	-46321.67	-33928.15	0.35000	-46321.67	-33928.15	0.35000	1.739	0.00
0.00	-46321.67	-33928.15	0.35000	-46321.67	-33928.15	0.35000	1.751	0.00
0.00	-46321.67	-33928.15	0.35000	-46321.67	-33928.15	0.35000	1.772	0.00
0.00	-46321.67	-33928.15	0.35000	-46321.67	-33928.15	0.35000	1.799	0.00
0.00	-46321.67	-33928.15	0.35000	-46321.67	-33928.15	0.35000	1.723	0.00
0.00	-46321.67	-33928.15	0.35000	-46321.67	-33928.15	0.35000	1.802	0.00
0.00	-46321.67	-33928.15	0.35000	-46321.67	-33928.15	0.35000	2.803	0.00
0.00	-46321.67	-33928.15	0.35000	-46321.67	-33928.15	0.35000	1.738	0.00
0.00	-46321.67	-33928.15	0.35000	-46321.67	-33928.15	0.35000	1.730	0.00
0.00	-46321.67	-33928.15	0.35000	-46321.67	-33928.15	0.35000	1.727	0.00
0.00	-46321.67	-33928.15	0.35000	-46321.67	-33928.15	0.35000	1.740	0.00
0.00	-46321.67	-33928.15	0.35000	-46321.67	-33928.15	0.35000	1.725	0.00
0.00	-46321.67	-33928.15	0.35000	-46321.67	-33928.15	0.35000	1.755	0.00
0.00	-46321.67	-33928.15	0.35000	-46321.67	-33928.15	0.35000	1.733	0.00
0.00	-46321.67	-33928.15	0.35000	-46321.67	-33928.15	0.35000	1.750	0.00
0.00	-46321.67	-33928.15	0.35000	-46321.67	-33928.15	0.35000	1.725	0.00
0.00	-46321.67	-33928.15	0.35000	-46321.67	-33928.15	0.35000	1.697	0.00
0.00	-46321.67	-33928.15	0.35000	-46321.67	-33928.15	0.35000	1.795	0.00
0.00	-46321.67	-33928.15	0.35000	-46321.67	-33928.15	0.35000	1.714	0.00
0.00	-46321.67	-33928.15	0.35000	-46321.67	-33928.15	0.35000	1.769	0.00
0.00	-46321.67	-33928.15	0.35000	-46321.67	-33928.15	0.35000	1.715	0.00
0.00	-46321.67	-33928.15	0.35000	-46321.67	-33928.15	0.35000	1.651	0.00
0.00	-46321.67	-33928.15	0.35000	-46321.67	-33928.15	0.35000	1.742	0.00
0.00	-46321.67	-33928.15	0.35000	-46321.67	-33928.15	0.35000	2.675	0.00
0.00	-46321.67	-33928.15	0.35000	-46321.67	-33928.15	0.35000	1.906	0.00
0.00	-46321.67	-33928.15	0.35000	-46321.67	-33928.15	0.35000	1.651	0.00
0.00	-46321.67	-33928.15	0.35000	-46321.67	-33928.15	0.35000	1.716	0.00
0.00	-46321.67	-33928.15	0.35000	-46321.67	-33928.15	0.35000	1.725	0.00
0.00	-46321.67	-33928.15	0.35000	-46321.67	-33928.15	0.35000	1.744	0.00
0.00	-46321.67	-33928.15	0.35000	-46321.67	-33928.15	0.35000	1.656	0.00
0.00	-46321.67	-33928.15	0.35000	-46321.67	-33928.15	0.35000	1.719	0.00
0.00	-46321.67	-33928.15	0.35000	-46321.67	-33928.15	0.35000	1.771	0.00
0.00	-46321.67	-33928.15	0.35000	-46321.67	-33928.15	0.35000	1.726	0.00
0.00	-46321.67	-33928.15	0.35000	-46321.67	-33928.15	0.35000	1.678	0.00
0.00	-46321.67	-33928.15	0.35000	-46321.67	-33928.15	0.35000	1.758	0.00
0.00	-46321.67	-33928.15	0.35000	-46321.67	-33928.15	0.35000	1.736	0.00
0.00	-46321.67	-33928.15	0.35000	-46321.67	-33928.15	0.35000	1.780	0.00
0.00	-46321.67	-33928.15	0.35000	-46321.67	-33928.15	0.35000	1.803	0.00
0.00	-46321.67	-33928.15	0.35000	-46321.67	-33928.15	0.35000	1.723	0.00
0.00	-46321.67	-33928.15	0.35000	-46321.67	-33928.15	0.35000	1.660	0.00
0.00	-46321.67	-33928.15	0.35000	-46321.67	-33928.15	0.35000	1.701	0.00
0.00	-46321.67	-33928.15	0.35000	-46321.67	-33928.15	0.35000	2.701	0.00
0.00	-46321.67	-33928.15	0.35000	-46321.67	-33928.15	0.35000	1.733	0.00
0.00	-46321.67	-33928.15	0.35000	-46321.67	-33928.15	0.35000	1.736	0.00
0.00	-46321.67	-33928.15	0.35000	-46321.67	-33928.15	0.35000	1.651	0.00
0.00	-46321.67	-33928.15	0.35000	-46321.67	-33928.15	0.35000	1.683	0.00
0.00	-46321.67	-33928.15	0.35000	-46321.67	-33928.15	0.35000	1.681	0.00
0.00	-46321.67	-33928.15	0.35000	-46321.67	-33928.15	0.35000	1.691	0.00
0.00	-46321.67	-33928.15	0.35000	-46321.67	-33928.15	0.35000	1.768	0.00
0.00	-46321.67	-33928.15	0.35000	-46321.67	-33928.15	0.35000	1.561	0.00
0.00	-46321.67	-33928.15	0.35000	-46321.67	-33928.15	0.35000	1.674	0.00
0.00	-46321.67	-33928.15	0.35000	-46321.67	-33928.15	0.35000	1.620	0.00
0.00	-46321.67	-33928.15	0.35000	-46321.67	-33928.15	0.35000	1.624	0.00
0.00	-46321.67	-33928.15	0.35000	-46321.67	-33928.15	0.35000	1.542	0.00
0.00	-46321.67	-33928.15	0.35000	-46321.67	-33928.15	0.35000	1.596	0.00
0.00	-46321.67	-33928.15	0.35000	-46321.67	-33928.15	0.35000	1.616	0.00
0.00	-46321.67	-33928.15	0.35000	-46321.67	-33928.15	0.35000	1.560	0.00
0.00	-46321.67	-33928.15	0.35000	-46321.67	-33928.15	0.35000	1.593	0.00
0.00	-46321.67	-33928.15	0.35000	-46321.67	-33928.15	0.35000	1.630	0.00
0.00	-46321.67	-33928.15	0.35000	-46321.67	-33928.15	0.35000	1.572	0.00
0.00	-46321.67	-33928.15	0.35000	-46321.67	-33928.15	0.35000	1.631	0.00
0.00	-46321.67	-33928.15	0.35000	-46321.67	-33928.15	0.35000	1.844	0.00
0.00	-46321.67	-33928.15	0.35000	-46321.67	-33928.15	0.35000	1.655	0.00
0.00	-46321.67	-33928.15	0.35000	-46321.67	-33928.15	0.35000	1.811	0.00
0.00	-46321.67	-33928.15	0.35000	-46321.67	-33928.15	0.35000	1.735	0.00
0.00	-46321.67	-33928.15	0.35000	-46321.67	-33928.15	0.35000	1.579	0.00
0.00	-46321.67	-33928.15	0.35000	-46321.67	-33928.15	0.35000	1.675	0.00
0.00	-46321.67	-33928.15	0.35000	-46321.67	-33928.15	0.35000	1.808	0.00
0.00	-46321.67	-33928.15	0.35000	-46321.67	-33928.15	0.35000	1.727	0.00
0.00	-46321.67	-33928.15	0.35000	-46321.67	-33928.15	0.35000	1.777	0.00
0.00	-46321.67	-33928.15	0.35000	-46321.67	-33928.15	0.35000	1.720	0.00
0.00	-46321.67	-33928.15	0.35000	-46321.67	-33928.15	0.35000	1.691	0.00
0.00	-46321.67	-33928.15	0.35000	-46321.67	-33928.15	0.35000	1.632	0.00
0.00	-46321.67	-33928.15	0.35000	-46321.67	-33928.15	0.35000	1.609	0.00
0.00	-46321.67	-33928.15	0.35000	-46321.67	-33928.15	0.35000	1.644	0.00
0.00	-46321.67	-33928.15	0.35000	-46321.67	-33928.15	0.35000	1.691	0.00
0.00	-46321.67	-33928.15	0.35000	-46321.67	-33928.15	0.35000	1.734	0.00
0.00	-46321.67	-33928.15	0.35000	-46321.67	-33928.15	0.35000	1.672	0.00
0.00	-46321.67	-33928.15	0.35000	-46321.67	-33928.15	0.35000	1.588	0.00
0.00	-46321.67	-33928.15	0.35000	-46321.67	-33928.15	0.35000	1.541	0.00
0.00	-46321.67	-33928.15	0.35000	-46321.67	-33928.15	0.35000	1.567	0.00
0.00	-46321.67	-33928.15	0.35000	-46321.67	-33928.15	0.35000	1.666	0.00
0.00	-46321.67	-33928.15	0.35000	-46321.67	-33928.15	0.35000	1.584	0.00
0.00	-46321.67	-33928.15	0.35000	-46321.67	-33928.15	0.35000	1.657	0.00
0.00	-46321.67	-33928.15	0.35000	-46321.67	-33928.15	0.35000	1.639	0.00
0.00	-46321.67	-33928.15	0.35000	-46321.67	-33928.15	0.35000	1.711	0.00
0.00	-46321.67	-33928.15	0.35000	-46321.67	-33928.15	0.35000	1.621	0.00
0.00	-46321.67	-33928.15	0.35000	-46321.67	-33928.15	0.35000	1.697	0.00
0.00	-46321.67	-33928.15	0.35000	-46321.67	-33928.15	0.35000	1.628	0.00
0.00	-46321.67	-33928.15	0.35000	-46321.67	-33928.15	0.35000	1.674	0.00
0.00	-46321.67	-33928.15	0.35000	-46321.67	-33928.15	0.35000	1.550	0.00
0.00	-46321.67	-33928.15	0.35000	-46321.67	-33928.15	0.35000	1.655	0.00
0.00	-46321.67	-33928.15	0.35000	-46321.67	-33928.15	0.35000	1.736	0.00
0.00	-46321.67	-33928.15	0.35000	-46321.67	-33928.15	0.35000	1.668	0.00
0.00	-46321.67	-33928.15	0.35000	-46321.67	-33928.15	0.35000	1.720	0.00
0.00	-46321.67	-33928.15	0.35000	-46321.67	-33928.15	0.35000	1.653	0.00
0.00	-46321.67	-33928.15	0.35000	-46321.67	-33928.15	0.35000	1.723	0.00
0.00	-46321.67	-33928.15	0.35000	-46321.67	-33928.15	0.35000	1.730	0.00
0.00	-46321.67	-33928.15	0.35000	-46321.67	-33928.15	0.35000	1.768	0.00
0.00	-46321.67	-33928.15	0.35000	-46321.67	-33928.15	0.35000	1.694	0.00
0.00	-46321.67	-33928.15	0.35000	-46321.67	-33928.15	0.35000	1.705	0.00
0.00	-46321.67	-33928.15	0.35000	-46321.67	-33928.15	0.35000	1.696	0.00
0.00	-46321.67	-33928.15	0.35000	-46321.67	-33928.15	0.35000	1.710	0.00
0.00	-46321.67	-33928.15	0.35000	-46321.67	-33928.15	0.35000	1.773	0.00
0.00	-46321.67	-33928.15	0.35000	-46321.67	-33928.15	0.35000	1.629	0.00
0.00	-46321.67	-33928.15	0.35000	-46321.67	-33928.15	0.35000	1.768	0.00
0.00	-46321.67	-33928.15	0.35000	-46321.67	-33928.15	0.35000	1.748	0.00
0.00	-46321.67	-33928.15	0.35000	-46321.67	-33928.15	0.35000	1.732	0.00
0.00	-46321.67	-33928.15	0.35000	-46321.67	-33928.15	0.35000	1.774	0.00
0.00	-46321.67	-33928.15	0.35000	-46321.67	-33928.15	0.35000	1.754	0.00
0.00	-46321.67	-33928.15	0.35000	-46321.67	-33928.15	0.35000	1.792	0.00
0.00	-46321.67	-33928.15	0.35000	-46321.67	-33928.15	0.35000	1.744	0.00
0.00	-46321.67	-33928.15	0.35000	-46321.67	-33928.15	0.35000	1.745	0.00
0.00	-46321.67	-33928.15	0.35000	-46321.67	-33928.15	0.35000	1.751	0.00
0.00	-46321.67	-33928.15	0.35000	-46321.67	-33928.15	0.35000	1.693	0.00
0.00	-46321.67	-33928.15	0.35000	-46321.67	-33928.15	0.35000	1.733	0.00
0.00	-46321.67	-33928.15	0.35000	-46321.67	-33928.15	0.35000	1.727	0.00
0.00	-46321.67	-33928.15	0.35000	-46321.67	-33928.15	0.35000	2.092	0.00
0.00	-46321.67	-33928.15	0.35000	-46321.67	-33928.15	0.35000	1.714	0.00
0.00	-46321.67	-33928.15	0.35000	-46321.67	-33928.15	0.35000	1.756	0.00
0.00	-46321.67	-33928.15	0.35000	-46321.67	-33928.15	0.35000	1.762	0.00
0.00	-46321.67	-33928.15	0.35000	-46321.67	-33928.15	0.35000	1.687	0.00
0.00	-46321.67	-33928.15	0.35000	-46321.67	-33928.15	0.35000	1.655	0.00
0.00	-46321.67	-33928.15	0.35000	-46321.67	-33928.15	0.35000	1.704	0.00
0.00	-46321.67	-33928.15	0.35000	-46321.67	-33928.15	0.35000	1.741	0.00
0.00	-46321.67	-33928.15	0.35000	-46321.67	-33928.15	0.35000	1.700	0.00
0.00	-46321.67	-33928.15	0.35000	-46321.67	-33928.15	0.35000	1.720	0.00
0.00	-46321.67	-33928.15	0.35000	-46321.67	-33928.15	0.35000	1.631	0.00
0.00	-46321.67	-33928.15	0.35000	-46321.67	-33928.15	0.35000	1.723	0.00
0.00	-46321.67	-33928.15	0.35000	-46321.67	-33928.15	0.35000	1.789	0.00
0.00	-46321.67	-33928.15	0.35000	-46321.67	-33928.15	0.35000	1.763	0.00
0.00	-46321.67	-33928.15	0.35000	-46321.67	-33928.15	0.35000	1.847	0.00
0.00	-46321.67	-33928.15	0.35000	-46321.67	-33928.15	0.35000	1.764	0.00
0.00	-46321.67	-33928.15	0.35000	-46321.67	-33928.15	0.35000	1.665	0.00
0.00	-46321.67	-33928.15	0.35000	-46321.67	-33928.15	0.35000	1.701	0.00
0.00	-46321.67	-33928.15	0.35000	-46321.67	-33928.15	0.35000	1.817	0.00
0.00	-46321.67	-33928.15	0.35000	-46321.67	-33928.15	0.35000	1.606	0.00
0.00	-46321.67	-33928.15	0.35000	-46321.67	-33928.15	0.35000	1.653	0.00
0.00	-46321.67	-33928.15	0.35000	-46321.67	-33928.15	0.35000	1.678	0.00
0.00	-46321.67	-33928.15	0.35000	-46321.67	-33928.15	0.35000	1.751	0.00
0.00	-46321.67	-33928.15	0.35000	-46321.67	-33928.15	0.35000	1.713	0.00
0.00	-46321.67	-33928.15	0.35000	-46321.67	-33928.15	0.35000	1.825	0.00
0.00	-46321.67	-33928.15	0.35000	-46321.67	-33928.15	0.35000	1.622	0.00
0.00	-46321.67	-33928.15	0.35000	-46321.67	-33928.15	0.35000	1.647	0.00
0.00	-46321.67	-33928.15	0.35000	-46321.67	-33928.15	0.35000	1.713	0.00
0.00	-46321.67	-33928.15	0.35000	-46321.67	-33928.15	0.35000	1.787	0.00
0.00	-46321.67	-33928.15	0.35000	-46321.67	-33928.15	0.35000	1.808	0.00
0.00	-46321.67	-33928.15	0.35000	-46321.67	-33928.15	0.35000	1.732	0.00
0.00	-46321.67	-33928.15	0.35000	-46321.67	-33928.15	0.35000	1.708	0.00
0.00	-46321.67	-33928.15	0.35000	-46321.67	-33928.15	0.35000	1.709	0.00
0.00	-46321.67	-33928.15	0.35000	-46321.67	-33928.15	0.35000	1.649	0.00
0.00	-46321.67	-33928.15	0.35000	-46321.67	-33928.15	0.35000	1.728	0.00
0.00	-46321.67	-33928.15	0.35000	-46321.67	-33928.15	0.35000	1.764	0.00
0.00	-46321.67	-33928.15	0.35000	-46321.67	-33928.15	0.35000	1.660	0.00
0.00	-46321.67	-33928.15	0.35000	-46321.67	-33928.15	0.35000	1.758	0.00
0.00	-46321.67	-33928.15	0.35000	-46321.67	-33928.15	0.35000	1.819	0.00
0.00	-46321.67	-33928.15	0.35000	-46321.67	-33928.15	0.35000	1.659	0.00
0.00	-46321.67	-33928.15	0.35000	-46321.67	-33928.15	0.35000	1.723	0.00
0.00	-46321.67	-33928.15	0.35000	-46321.67	-33928.15	0.35000	1.714	0.00
0.00	-46321.67	-33928.15	0.35000	-46321.67	-33928.15	0.35000	1.653	0.00
0.00	-46321.67	-33928.15	0.35000	-46321.67	-33928.15	0.35000	1.767	0.00
0.00	-46321.67	-33928.15	0.35000	-46321.67	-33928.15	0.35000	1.740	0.00
0.00	-46321.67	-33928.15	0.35000	-46321.67	-33928.15	0.35000	1.754	0.00
0.00	-46321.67	-33928.15	0.35000	-46321.67	-33928.15	0.35000	1.714	0.00
0.00	-46321.67	-33928.15	0.35000	-46321.67	-33928.15	0.35000	1.773	0.00
0.00	-46321.67	-33928.15	0.35000	-46321.67	-33928.15	0.35000	1.707	0.00
0.00	-46321.67	-33928.15	0.35000	-46321.67	-33928.15	0.35000	2.311	0.00
0.00	-46321.67	-33928.15	0.35000	-46321.67	-33928.15	0.35000	2.120	0.00
0.00	-46321.67	-33928.15	0.35000	-46321.67	-33928.15	0.35000	1.656	0.00
0.00	-46321.67	-33928.15	0.35000	-46321.67	-33928.15	0.35000	1.707	0.00
0.00	-46321.67	-33928.15	0.35000	-46321.67	-33928.15	0.35000	1.760	0.00
0.00	-46321.67	-33928.15	0.35000	-46321.67	-33928.15	0.35000	1.671	0.00
0.00	-46321.67	-33928.15	0.35000	-46321.67	-33928.15	0.35000	1.736	0.00
0.00	-46321.67	-33928.15	0.35000	-46321.67	-33928.15	0.35000	1.681	0.00
0.00	-46321.67	-33928.15	0.35000	-46321.67	-33928.15	0.35000	1.689	0.00
0.00	-46321.67	-33928.15	0.35000	-46321.67	-33928.15	0.35000	1.807	0.00
0.00	-46321.67	-33928.15	0.35000	-46321.67	-33928.15	0.35000	1.827	0.00
0.00	-46321.67	-33928.15	0.35000	-46321.67	-33928.15	0.35000	1.853	0.00
0.00	-46321.67	-33928.15	0.35000	-46321.67	-33928.15	0.35000	1.799	0.00
0.00	-46321.67	-33928.15	0.35000	-46321.67	-33928.15	0.35000	1.658	0.00
0.00	-46321.67	-33928.11	0.35000	-46321.67	-33928.11	0.35000	1.761	0.00
0.00	-46321.66	-33928.09	0.34963	-46321.66	-33928.09	0.34963	1.873	0.00
0.00	-46321.66	-33928.08	0.92860	-46321.66	-33928.08	0.92860	1.852	0.00
0.00	-46321.66	-33928.07	1.13431	-46321.66	-33928.07	1.13431	1.741	0.00
0.00	-46321.66	-33928.05	1.65624	-46321.66	-33928.05	1.65624	1.828	0.00
0.00	-46321.66	-33928.04	1.86221	-46321.66	-33928.04	1.86221	1.800	0.00
0.00	-46321.67	-33928.02	1.94349	-46321.67	-33928.02	1.94349	1.829	0.00
0.00	-46321.67	-33928.00	1.81482	-46321.67	-33928.00	1.81482	1.703	0.00
0.00	-46321.67	-33927.98	1.58549	-46321.67	-33927.98	1.58549	1.910	0.00
0.00	-46321.67	-33927.97	1.58504	-46321.67	-33927.97	1.58504	1.991	0.00
0.00	-46321.66	-33927.94	1.45821	-46321.66	-33927.94	1.45821	2.085	0.00
0.00	-46321.66	-33927.92	1.44439	-46321.66	-33927.92	1.44439	1.986	0.00
0.00	-46321.66	-33927.89	1.46161	-46321.66	-33927.89	1.46161	2.154	0.00
0.00	-46321.66	-33927.87	1.48186	-46321.66	-33927.87	1.48186	1.953	0.00
0.00	-46321.66	-33927.84	1.51848	-46321.66	-33927.84	1.51848	2.042	0.00
0.00	-46321.66	-33927.82	1.52728	-46321.66	-33927.82	1.52728	1.990	0.00
0.00	-46321.66	-33927.77	1.55539	-46321.66	-33927.77	1.55539	2.041	0.00
0.00	-46321.66	-33927.74	1.56210	-46321.66	-33927.74	1.56210	2.179	0.00
0.00	-46321.66	-33927.70	1.56594	-46321.66	-33927.70	1.56594	2.179	0.00
0.00	-46321.66	-33927.67	1.56588	-46321.66	-33927.67	1.56588	2.220	0.00
0.00	-46321.66	-33927.62	1.56395	-46321.66	-33927.62	1.56395	2.208	0.00
0.00	-46321.66	-33927.57	1.56345	-46321.66	-33927.57	1.56345	2.208	0.00
0.00	-46321.65	-33927.48	1.55612	-46321.65	-33927.48	1.55612	2.446	0.00
0.00	-46321.65	-33927.46	1.55492	-46321.65	-33927.46	1.55492	2.189	0.00
0.00	-46321.65	-33927.41	1.55328	-46321.65	-33927.41	1.55328	2.518	0.00
0.00	-46321.65	-33927.35	1.55257	-46321.65	-33927.35	1.55257	2.336	0.00
0.00	-46321.65	-33927.30	1.55182	-46321.65	-33927.30	1.55182	1.971	0.00
0.00	-46321.65	-33927.24	1.55148	-46321.65	-33927.24	1.55148	2.585	0.00
0.00	-46321.65	-33927.19	1.55073	-46321.65	-33927.19	1.55073	2.090	0.00
0.00	-46321.65	-33927.13	1.55013	-46321.65	-33927.13	1.55013	3.194	0.00
0.00	-46321.65	-33927.06	1.54916	-46321.65	-33927.06	1.54916	2.078	0.00
0.00	-46321.64	-33927.00	1.54873	-46321.64	-33927.00	1.54873	2.589	0.00
0.00	-46321.64	-33926.93	1.54778	-46321.64	-33926.93	1.54778	2.564	0.00
0.00	-46321.64	-33926.86	1.54736	-46321.64	-33926.86	1.54736	2.616	0.00
0.00	-46321.64	-33926.77	1.54669	-46321.64	-33926.77	1.54669	2.844	0.00
0.00	-46321.63	-33926.68	1.54629	-46321.63	-33926.68	1.54629	2.634	0.00
0.00	-46321.63	-33926.60	1.54583	-46321.63	-33926.60	1.54583	2.749	0.00
0.00	-46321.63	-33926.53	1.54548	-46321.63	-33926.53	1.54548	2.906	0.00
0.00	-46321.63	-33926.46	1.54498	-46321.63	-33926.46	1.54498	3.009	0.00
0.00	-46321.63	-33926.38	1.54475	-46321.63	-33926.38	1.54475	2.780	0.00
0.00	-46321.62	-33926.30	1.54459	-46321.62	-33926.30	1.54459	2.709	0.00
0.00	-46321.62	-33926.22	1.54450	-46321.62	-33926.22	1.54450	2.424	0.00
0.00	-46321.62	-33926.13	1.54440	-46321.62	-33926.13	1.54440	2.912	0.00
0.00	-46321.62	-33926.05	1.54433	-46321.62	-33926.05	1.54433	3.107	0.00
0.00	-46321.62	-33925.95	1.54431	-46321.62	-33925.95	1.54431	2.397	0.00
0.00	-46321.61	-33925.85	1.54426	-46321.61	-33925.85	1.54426	3.033	0.00
0.00	-46321.61	-33925.77	1.54427	-46321.61	-33925.77	1.54427	2.909	0.00
0.00	-46321.61	-33925.67	1.54419	-46321.61	-33925.67	1.54419	2.967	0.00
0.00	-46321.61	-33925.57	1.54405	-46321.61	-33925.57	1.54405	2.600	0.00
0.00	-46321.60	-33925.47	1.54380	-46321.60	-33925.47	1.54380	3.301	0.00
0.00	-46321.60	-33925.37	1.54350	-46321.60	-33925.37	1.54350	2.517	0.00
0.00	-46321.60	-33925.27	1.54318	-46321.60	-33925.27	1.54318	2.932	0.00
0.00	-46321.59	-33925.17	1.54294	-46321.59	-33925.17	1.54294	2.332	0.00
0.00	-46321.59	-33925.07	1.54279	-46321.59	-33925.07	1.54279	3.413	0.00
0.00	-46321.59	-33924.94	1.54281	-46321.59	-33924.94	1.54281	3.366	0.00
0.00	-46321.59	-33924.81	1.54271	-46321.59	-33924.81	1.54271	3.355	0.00
0.00	-46321.58	-33924.70	1.54269	-46321.58	-33924.70	1.54269	3.761	0.00
0.00	-46321.58	-33924.59	1.54248	-46321.58	-33924.59	1.54248	3.549	0.00
0.00	-46321.58	-33924.49	1.54241	-46321.58	-33924.49	1.54241	3.396	0.00
0.00	-46321.58	-33924.39	1.54220	-46321.58	-33924.39	1.54220	3.469	0.00
0.00	-46321.57	-33924.29	1.54226	-46321.57	-33924.29	1.54226	3.403	0.00
0.00	-46321.57	-33924.18	1.54218	-46321.57	-33924.18	1.54218	2.944	0.00
0.00	-46321.57	-33924.09	1.54228	-46321.57	-33924.09	1.54228	3.688	0.00
0.00	-46321.57	-33923.97	1.54221	-46321.57	-33923.97	1.54221	3.706	0.00
0.00	-46321.56	-33923.88	1.54231	-46321.56	-33923.88	1.54231	3.648	0.00
0.00	-46321.56	-33923.74	1.54215	-46321.56	-33923.74	1.54215	2.806	0.00
0.00	-46321.56	-33923.67	1.54212	-46321.56	-33923.67	1.54212	3.930	0.00
0.00	-46321.56	-33923.54	1.54204	-46321.56	-33923.54	1.54204	3.231	0.00
0.00	-46321.56	-33923.46	1.54207	-46321.56	-33923.46	1.54207	3.844	0.00
0.00	-46321.55	-33923.31	1.54177	-46321.55	-33923.31	1.54177	3.859	0.00
0.00	-46321.55	-33923.26	1.54186	-46321.55	-33923.26	1.54186	3.262	0.00
0.00	-46321.55	-33923.14	1.54180	-46321.55	-33923.14	1.54180	3.983	0.00
0.00	-46321.55	-33923.03	1.54189	-46321.55	-33923.03	1.54189	2.881	0.00
0.00	-46321.54	-33922.92	1.54167	-46321.54	-33922.92	1.54167	4.271	0.00
0.00	-46321.54	-33922.80	1.54177	-46321.54	-33922.80	1.54177	4.063	0.00
0.00	-46321.54	-33922.68	1.54159	-46321.54	-33922.68	1.54159	3.695	0.00
0.00	-46321.54	-33922.56	1.54169	-46321.54	-33922.56	1.54169	4.340	0.00
0.00	-46321.53	-33922.44	1.54155	-46321.53	-33922.44	1.54155	4.081	0.00
0.00	-46321.53	-33922.33	1.54158	-46321.53	-33922.33	1.54158	4.102	0.00
0.00	-46321.53	-33922.20	1.54144	-46321.53	-33922.20	1.54144	4.264	0.00
0.00	-46321.53	-33922.08	1.54159	-46321.53	-33922.08	1.54159	4.100	0.00
0.00	-46321.52	-33921.95	1.54149	-46321.52	-33921.95	1.54149	4.202	0.00
0.00	-46321.52	-33921.83	1.54151	-46321.52	-33921.83	1.54151	4.050	0.00
0.00	-46321.52	-33921.70	1.54128	-46321.52	-33921.70	1.54128	4.121	0.00
0.00	-46321.52	-33921.59	1.54121	-46321.52	-33921.59	1.54121	3.557	0.00
0.00	-46321.51	-33921.45	1.54102	-46321.51	-33921.45	1.54102	4.744	0.00
0.00	-46321.51	-33921.33	1.54116	-46321.51	-33921.33	1.54116	4.193	0.00
0.00	-46321.51	-33921.19	1.54120	-46321.51	-33921.19	1.54120	4.377	0.00
0.00	-46321.50	-33921.07	1.54138	-46321.50	-33921.07	1.54138	4.317	0.00
0.00	-46321.50	-33920.92	1.54144	-46321.50	-33920.92	1.54144	3.115	0.00
0.00	-46321.50	-33920.80	1.54160	-46321.50	-33920.80	1.54160	4.586	0.00
0.00	-46321.50	-33920.62	1.54168	-46321.50	-33920.62	1.54168	3.496	0.00
0.00	-46321.49	-33920.50	1.54192	-46321.49	-33920.50	1.54192	3.596	0.00
0.00	-46321.49	-33920.33	1.54181	-46321.49	-33920.33	1.54181	4.689	0.00
0.00	-46321.49	-33920.26	1.54211	-46321.49	-33920.26	1.54211	4.596	0.00
0.00	-46321.48	-33920.09	1.54235	-46321.48	-33920.09	1.54235	3.970	0.00
0.00	-46321.48	-33919.94	1.54289	-46321.48	-33919.94	1.54289	3.422	0.00
0.00	-46321.48	-33919.78	1.54321	-46321.48	-33919.78	1.54321	4.708	0.00
0.00	-46321.48	-33919.64	1.54381	-46321.48	-33919.64	1.54381	4.908	0.00
0.00	-46321.47	-33919.49	1.54413	-46321.47	-33919.49	1.54413	4.719	0.00
0.00	-46321.47	-33919.35	1.54486	-46321.47	-33919.35	1.54486	4.852	0.00
0.00	-46321.47	-33919.19	1.54553	-46321.47	-33919.19	1.54553	4.846	0.00
0.00	-46321.47	-33919.04	1.54651	-46321.47	-33919.04	1.54651	4.592	0.00
0.00	-46321.47	-33918.87	1.54724	-46321.47	-33918.87	1.54724	3.701	0.00
0.00	-46321.47	-33918.73	1.54820	-46321.47	-33918.73	1.54820	4.850	0.00
0.00	-46321.46	-33918.56	1.54882	-46321.46	-33918.56	1.54882	4.773	0.00
0.00	-46321.46	-33918.42	1.54980	-46321.46	-33918.42	1.54980	4.765	0.00
0.00	-46321.46	-33918.25	1.55044	-46321.46	-33918.25	1.55044	4.855	0.00
0.00	-46321.46	-33918.11	1.55143	-46321.46	-33918.11	1.55143	4.904	0.00
0.00	-46321.46	-33917.90	1.55217	-46321.46	-33917.90	1.55217	5.048	0.00
0.00	-46321.46	-33917.79	1.55310	-46321.46	-33917.79	1.55310	4.948	0.00
0.00	-46321.46	-33917.59	1.55381	-46321.46	-33917.59	1.55381	5.320	0.00
0.00	-46321.46	-33917.49	1.55478	-46321.46	-33917.49	1.55478	5.334	0.00
0.00	-46321.45	-33917.27	1.55559	-46321.45	-33917.27	1.55559	3.399	0.00
0.00	-46321.45	-33916.99	1.55695	-46321.45	-33916.99	1.55695	5.516	0.00
0.00	-46321.45	-33916.92	1.55740	-46321.45	-33916.92	1.55740	5.642	0.00
0.00	-46321.46	-33916.56	1.55924	-46321.46	-33916.56	1.55924	4.986	0.00
0.00	-46321.46	-33916.54	1.55929	-46321.46	-33916.54	1.55929	4.971	0.00
0.00	-46321.46	-33916.49	1.56000	-46321.46	-33916.49	1.56000	4.986	0.00
0.00	-46321.46	-33916.33	1.56051	-46321.46	-33916.33	1.56051	5.293	0.00
0.00	-46321.46	-33916.20	1.56143	-46321.46	-33916.20	1.56143	5.321	0.00
0.00	-46321.46	-33916.04	1.56200	-46321.46	-33916.04	1.56200	3.767	0.00
0.00	-46321.46	-33915.89	1.56270	-46321.46	-33915.89	1.56270	4.633	0.00
0.00	-46321.46	-33915.73	1.56289	-46321.46	-33915.73	1.56289	4.598	0.00
0.00	-46321.46	-33915.58	1.56347	-46321.46	-33915.58	1.56347	4.513	0.00
0.00	-46321.46	-33915.42	1.56375	-46321.46	-33915.42	1.56375	4.733	0.00
0.00	-46321.46	-33915.27	1.56428	-46321.46	-33915.27	1.56428	4.963	0.00
0.00	-46321.46	-33915.10	1.56464	-46321.46	-33915.10	1.56464	4.825	0.00
0.00	-46321.46	-33914.94	1.56523	-46321.46	-33914.94	1.56523	4.626	0.00
0.00	-46321.46	-33914.78	1.56543	-46321.46	-33914.78	1.56543	4.892	0.00
0.00	-46321.46	-33914.63	1.56593	-46321.46	-33914.63	1.56593	4.876	0.00
0.00	-46321.46	-33914.46	1.56600	-46321.46	-33914.46	1.56600	5.102	0.00
0.00	-46321.47	-33914.33	1.56632	-46321.47	-33914.33	1.56632	4.896	0.00
0.00	-46321.47	-33914.10	1.56640	-46321.47	-33914.10	1.56640	4.860	0.00
0.00	-46321.47	-33913.96	1.56663	-46321.47	-33913.96	1.56663	4.926	0.00
0.00	-46321.47	-33913.75	1.56662	-46321.47	-33913.75	1.56662	5.018	0.00
0.00	-46321.47	-33913.65	1.56682	-46321.47	-33913.65	1.56682	5.119	0.00
0.00	-46321.47	-33913.47	1.56685	-46321.47	-33913.47	1.56685	4.527	0.00
0.00	-46321.47	-33913.34	1.56701	-46321.47	-33913.34	1.56701	4.906	0.00
0.00	-46321.47	-33913.19	1.56708	-46321.47	-33913.19	1.56708	4.643	0.00
0.00	-46321.48	-33913.05	1.56725	-46321.48	-33913.05	1.56725	4.810	0.00
0.00	-46321.48	-33912.83	1.56677	-46321.48	-33912.83	1.56677	5.322	0.00
0.00	-46321.48	-33912.79	1.56687	-46321.48	-33912.79	1.56687	4.760	0.00
0.00	-46321.48	-33912.62	1.56698	-46321.48	-33912.62	1.56698	5.147	0.00
0.00	-46321.48	-33912.46	1.56748	-46321.48	-33912.46	1.56748	4.928	0.00
0.00	-46321.48	-33912.30	1.56762	-46321.48	-33912.30	1.56762	5.481	0.00
0.00	-46321.48	-33912.14	1.56809	-46321.48	-33912.14	1.56809	5.284	0.00
0.00	-46321.49	-33911.98	1.56816	-46321.49	-33911.98	1.56816	4.924	0.00
0.00	-46321.49	-33911.83	1.56859	-46321.49	-33911.83	1.56859	5.517	0.00
0.00	-46321.49	-33911.66	1.56884	-46321.49	-33911.66	1.56884	5.150	0.00
0.00	-46321.49	-33911.50	1.56943	-46321.49	-33911.50	1.56943	5.290	0.00
0.00	-46321.50	-33911.33	1.56962	-46321.50	-33911.33	1.56962	5.545	0.00
0.00	-46321.50	-33911.19	1.57013	-46321.50	-33911.19	1.57013	5.373	0.00
0.00	-46321.50	-33911.02	1.57019	-46321.50	-33911.02	1.57019	5.001	0.00
0.00	-46321.51	-33910.86	1.57073	-46321.51	-33910.86	1.57073	5.352	0.00
0.00	-46321.51	-33910.66	1.57095	-46321.51	-33910.66	1.57095	5.350	0.00
0.00	-46321.51	-33910.54	1.57138	-46321.51	-33910.54	1.57138	5.433	0.00
0.00	-46321.51	-33910.35	1.57165	-46321.51	-33910.35	1.57165	5.074	0.00
0.00	-46321.52	-33910.23	1.57210	-46321.52	-33910.23	1.57210	5.279	0.00
0.00	-46321.52	-33910.03	1.57215	-46321.52	-33910.03	1.57215	5.562	0.00
0.00	-46321.52	-33909.88	1.57252	-46321.52	-33909.88	1.57252	60.637	0.00
0.00	-46321.53	-33909.68	1.57284	-46321.53	-33909.68	1.57284	5.446	0.00
0.00	-46321.53	-33909.56	1.57312	-46321.53	-33909.56	1.57312	5.192	0.00
0.00	-46321.53	-33909.40	1.57315	-46321.53	-33909.40	1.57315	5.516	0.00
0.00	-46321.53	-33909.24	1.57350	-46321.53	-33909.24	1.57350	7.228	0.00
0.00	-46321.53	-33909.08	1.57317	-46321.53	-33909.08	1.57317	5.648	0.00
0.00	-46321.54	-33908.93	1.57360	-46321.54	-33908.93	1.57360	5.771	0.00
0.00	-46321.54	-33908.77	1.57365	-46321.54	-33908.77	1.57365	5.547	0.00
0.00	-46321.54	-33908.60	1.57405	-46321.54	-33908.60	1.57405	5.232	0.00
0.00	-46321.55	-33908.43	1.57414	-46321.55	-33908.43	1.57414	5.335	0.00
0.00	-46321.55	-33908.26	1.57475	-46321.55	-33908.26	1.57475	5.848	0.00
0.00	-46321.55	-33908.09	1.57468	-46321.55	-33908.09	1.57468	5.556	0.00
0.00	-46321.56	-33907.95	1.57519	-46321.56	-33907.95	1.57519	5.408	0.00
0.00	-46321.56	-33907.74	1.57537	-46321.56	-33907.74	1.57537	5.686	0.00
0.00	-46321.56	-33907.54	1.57573	-46321.56	-33907.54	1.57573	5.284	0.00
0.00	-46321.57	-33907.35	1.57579	-46321.57	-33907.35	1.57579	5.874	0.00
0.00	-46321.57	-33907.19	1.57613	-46321.57	-33907.19	1.57613	5.447	0.00
0.00	-46321.57	-33907.02	1.57609	-46321.57	-33907.02	1.57609	5.376	0.00
0.00	-46321.58	-33906.87	1.57645	-46321.58	-33906.87	1.57645	5.778	0.00
0.00	-46321.58	-33906.67	1.57661	-46321.58	-33906.67	1.57661	5.388	0.00
0.00	-46321.58	-33906.55	1.57687	-46321.58	-33906.55	1.57687	5.580	0.00
0.00	-46321.58	-33906.34	1.57697	-46321.58	-33906.34	1.57697	6.048	0.00
0.00	-46321.59	-33906.06	1.57724	-46321.59	-33906.06	1.57724	6.051	0.00
0.00	-46321.59	-33906.03	1.57726	-46321.59	-33906.03	1.57726	5.605	0.00
0.00	-46321.59	-33905.87	1.57743	-46321.59	-33905.87	1.57743	5.492	0.00
0.00	-46321.60	-33905.70	1.57735	-46321.60	-33905.70	1.57735	5.949	0.00
0.00	-46321.60	-33905.54	1.57741	-46321.60	-33905.54	1.57741	6.276	0.00
0.00	-46321.60	-33905.36	1.57727	-46321.60	-33905.36	1.57727	6.110	0.00
0.00	-46321.60	-33905.20	1.57733	-46321.60	-33905.20	1.57733	6.112	0.00
0.00	-46321.60	-33905.03	1.57703	-46321.60	-33905.03	1.57703	6.106	0.00
0.00	-46321.61	-33904.87	1.57717	-46321.61	-33904.87	1.57717	6.064	0.00
0.00	-46321.61	-33904.69	1.57711	-46321.61	-33904.69	1.57711	5.921	0.00
0.00	-46321.61	-33904.55	1.57724	-46321.61	-33904.55	1.57724	5.798	0.00
0.00	-46321.61	-33904.35	1.57716	-46321.61	-33904.35	1.57716	6.265	0.00
0.00	-46321.62	-33904.14	1.57732	-46321.62	-33904.14	1.57732	5.657	0.00
0.00	-46321.62	-33903.96	1.57726	-46321.62	-33903.96	1.57726	6.916	0.00
0.00	-46321.62	-33903.80	1.57755	-46321.62	-33903.80	1.57755	5.811	0.00
0.00	-46321.63	-33903.62	1.57749	-46321.63	-33903.62	1.57749	5.944	0.00
0.00	-46321.63	-33903.47	1.57775	-46321.63	-33903.47	1.57775	6.541	0.00
0.00	-46321.63	-33903.30	1.57775	-46321.63	-33903.30	1.57775	5.836	0.00
0.00	-46321.64	-33903.14	1.57798	-46321.64	-33903.14	1.57798	6.002	0.00
0.00	-46321.64	-33902.92	1.57790	-46321.64	-33902.92	1.57790	6.025	0.00
0.00	-46321.64	-33902.81	1.57806	-46321.64	-33902.81	1.57806	5.925	0.00
0.00	-46321.65	-33902.59	1.57815	-46321.65	-33902.59	1.57815	7.934	0.00
0.00	-46321.65	-33902.47	1.57837	-46321.65	-33902.47	1.57837	6.026	0.00
0.00	-46321.65	-33902.25	1.57844	-46321.65	-33902.25	1.57844	5.865	0.00
0.00	-46321.66	-33901.97	1.57873	-46321.66	-33901.97	1.57873	6.535	0.00
0.00	-46321.66	-33901.93	1.57878	-46321.66	-33901.93	1.57878	6.450	0.00
0.00	-46321.66	-33901.76	1.57889	-46321.66	-33901.76	1.57889	6.065	0.00
0.00	-46321.67	-33901.57	1.57877	-46321.67	-33901.57	1.57877	6.415	0.00
0.00	-46321.67	-33901.41	1.57891	-46321.67	-33901.41	1.57891	6.095	0.00
0.00	-46321.67	-33901.22	1.57878	-46321.67	-33901.22	1.57878	6.229	0.00
0.00	-46321.68	-33901.06	1.57885	-46321.68	-33901.06	1.57885	6.129	0.00
0.00	-46321.68	-33900.85	1.57830	-46321.68	-33900.85	1.57830	6.191	0.00
0.00	-46321.68	-33900.69	1.57835	-46321.68	-33900.69	1.57835	6.070	0.00
0.00	-46321.68	-33900.50	1.57821	-46321.68	-33900.50	1.57821	6.466	0.00
0.00	-46321.69	-33900.33	1.57844	-46321.69	-33900.33	1.57844	6.426	0.00
0.00	-46321.69	-33900.15	1.57854	-46321.69	-33900.15	1.57854	6.491	0.00
0.00	-46321.70	-33900.00	1.57877	-46321.70	-33900.00	1.57877	6.224	0.00
0.00	-46321.70	-33899.81	1.57862	-46321.70	-33899.81	1.57862	6.348	0.00
0.00	-46321.70	-33899.65	1.57886	-46321.70	-33899.65	1.57886	6.594	0.00
0.00	-46321.71	-33899.46	1.57881	-46321.71	-33899.46	1.57881	6.536	0.00
0.00	-46321.71	-33899.29	1.57910	-46321.71	-33899.29	1.57910	6.161	0.00
0.00	-46321.72	-33899.07	1.57917	-46321.72	-33899.07	1.57917	6.373	0.00
0.00	-46321.72	-33898.95	1.57936	-46321.72	-33898.95	1.57936	5.969	0.00
0.00	-46321.72	-33898.74	1.57889	-46321.72	-33898.74	1.57889	6.456	0.00
0.00	-46321.73	-33898.63	1.57904	-46321.73	-33898.63	1.57904	6.605	0.00
0.00	-46321.73	-33898.40	1.57898	-46321.73	-33898.40	1.57898	6.140	0.00
0.00	-46321.74	-33898.13	1.57925	-46321.74	-33898.13	1.57925	6.881	0.00
0.00	-46321.74	-33898.07	1.57936	-46321.74	-33898.07	1.57936	6.453	0.00
0.00	-46321.74	-33897.89	1.57956	-46321.74	-33897.89	1.57956	6.629	0.00
0.00	-46321.75	-33897.72	1.57930	-46321.75	-33897.72	1.57930	5.960	0.00
0.00	-46321.75	-33897.54	1.57952	-46321.75	-33897.54	1.57952	6.298	0.00
0.00	-46321.75	-33897.33	1.57942	-46321.75	-33897.33	1.57942	6.590	0.00
0.00	-46321.76	-33897.13	1.57966	-46321.76	-33897.13	1.57966	6.380	0.00
0.00	-46321.76	-33896.96	1.57958	-46321.76	-33896.96	1.57958	7.499	0.00
0.00	-46321.77	-33896.82	1.57986	-46321.77	-33896.82	1.57986	7.084	0.00
0.00	-46321.77	-33896.65	1.57964	-46321.77	-33896.65	1.57964	6.456	0.00
0.00	-46321.77	-33896.50	1.57990	-46321.77	-33896.50	1.57990	6.383	0.00
0.00	-46321.78	-33896.29	1.57941	-46321.78	-33896.29	1.57941	6.374	0.00
0.00	-46321.78	-33896.20	1.57962	-46321.78	-33896.20	1.57962	6.562	0.00
0.00	-46321.78	-33896.02	1.57953	-46321.78	-33896.02	1.57953	6.518	0.00
0.00	-46321.79	-33895.83	1.58000	-46321.79	-33895.83	1.58000	7.136	0.00
0.00	-46321.79	-33895.65	1.58009	-46321.79	-33895.65	1.58009	6.621	0.00
0.00	-46321.80	-33895.47	1.58049	-46321.80	-33895.47	1.58049	6.309	0.00
0.00	-46321.80	-33895.29	1.58037	-46321.80	-33895.29	1.58037	6.663	0.00
0.00	-46321.81	-33895.13	1.58065	-46321.81	-33895.13	1.58065	6.565	0.00
0.00	-46321.81	-33894.92	1.58064	-46321.81	-33894.92	1.58064	6.375	0.00
0.00	-46321.82	-33894.79	1.58080	-46321.82	-33894.79	1.58080	6.778	0.00
0.00	-46321.82	-33894.57	1.58075	-46321.82	-33894.57	1.58075	7.086	0.00
0.00	-46321.82	-33894.44	1.58085	-46321.82	-33894.44	1.58085	6.748	0.00
0.00	-46321.83	-33894.22	1.58077	-46321.83	-33894.22	1.58077	6.591	0.00
0.00	-46321.83	-33894.04	1.58086	-46321.83	-33894.04	1.58086	6.642	0.00
0.00	-46321.84	-33893.83	1.58084	-46321.84	-33893.83	1.58084	6.806	0.00
0.00	-46321.84	-33893.63	1.58096	-46321.84	-33893.63	1.58096	6.638	0.00
0.00	-46321.84	-33893.47	1.58079	-46321.84	-33893.47	1.58079	6.805	0.00
0.00	-46321.85	-33893.33	1.58089	-46321.85	-33893.33	1.58089	6.764	0.00
0.00	-46321.85	-33893.16	1.58070	-46321.85	-33893.16	1.58070	6.441	0.00
0.00	-46321.86	-33893.01	1.58083	-46321.86	-33893.01	1.58083	6.698	0.00
0.00	-46321.86	-33892.83	1.58071	-46321.86	-33892.83	1.58071	7.269	0.00
0.00	-46321.86	-33892.66	1.58086	-46321.86	-33892.66	1.58086	6.590	0.00
0.00	-46321.87	-33892.49	1.58069	-46321.87	-33892.49	1.58069	6.874	0.00
0.00	-46321.87	-33892.31	1.58078	-46321.87	-33892.31	1.58078	6.990	0.00
0.00	-46321.87	-33892.10	1.58023	-46321.87	-33892.10	1.58023	7.196	0.00
0.00	-46321.88	-33892.00	1.58030	-46321.88	-33892.00	1.58030	7.243	0.00
0.00	-46321.88	-33891.80	1.58032	-46321.88	-33891.80	1.58032	8.229	0.00
0.00	-46321.89	-33891.61	1.58064	-46321.89	-33891.61	1.58064	6.992	0.00
0.00	-46321.89	-33891.42	1.58064	-46321.89	-33891.42	1.58064	7.099	0.00
0.00	-46321.90	-33891.24	1.58087	-46321.90	-33891.24	1.58087	7.228	0.00
0.00	-46321.90	-33891.05	1.58071	-46321.90	-33891.05	1.58071	7.016	0.00
0.00	-46321.90	-33890.87	1.58098	-46321.90	-33890.87	1.58098	7.001	0.00
0.00	-46321.91	-33890.65	1.58101	-46321.91	-33890.65	1.58101	7.098	0.00
0.00	-46321.91	-33890.48	1.58114	-46321.91	-33890.48	1.58114	6.819	0.00
0.00	-46321.92	-33890.21	1.58107	-46321.92	-33890.21	1.58107	7.144	0.00
0.00	-46321.92	-33890.02	1.58113	-46321.92	-33890.02	1.58113	6.879	0.00
0.00	-46321.92	-33889.86	1.58093	-46321.92	-33889.86	1.58093	7.185	0.00
0.00	-46321.93	-33889.71	1.58092	-46321.93	-33889.71	1.58092	7.085	0.00
0.00	-46321.93	-33889.54	1.58065	-46321.93	-33889.54	1.58065	6.828	0.00
0.00	-46321.93	-33889.37	1.58063	-46321.93	-33889.37	1.58063	6.845	0.00
0.00	-46321.94	-33889.20	1.58051	-46321.94	-33889.20	1.58051	6.901	0.00
0.00	-46321.94	-33889.02	1.58050	-46321.94	-33889.02	1.58050	7.336	0.00
0.00	-46321.94	-33888.84	1.58010	-46321.94	-33888.84	1.58010	6.787	0.00
0.00	-46321.95	-33888.66	1.58009	-46321.95	-33888.66	1.58009	7.186	0.00
0.00	-46321.95	-33888.48	1.57988	-46321.95	-33888.48	1.57988	7.739	0.00
0.00	-46321.96	-33888.29	1.57994	-46321.96	-33888.29	1.57994	6.904	0.00
0.00	-46321.96	-33888.11	1.57989	-46321.96	-33888.11	1.57989	9.628	0.00
0.00	-46321.96	-33887.92	1.57993	-46321.96	-33887.92	1.57993	7.013	0.00
0.00	-46321.97	-33887.72	1.57953	-46321.97	-33887.72	1.57953	6.878	0.00
0.00	-46321.97	-33887.44	1.57967	-46321.97	-33887.44	1.57967	7.135	0.00
0.00	-46321.97	-33887.23	1.57944	-46321.97	-33887.23	1.57944	7.155	0.00
0.00	-46321.98	-33887.05	1.57962	-46321.98	-33887.05	1.57962	7.410	0.00
0.00	-46321.98	-33886.84	1.57950	-46321.98	-33886.84	1.57950	6.996	0.00
0.00	-46321.99	-33886.64	1.57963	-46321.99	-33886.64	1.57963	6.934	0.00
0.00	-46321.99	-33886.43	1.57960	-46321.99	-33886.43	1.57960	7.094	0.00
0.00	-46322.00	-33886.25	1.57978	-46322.00	-33886.25	1.57978	7.084	0.00
0.00	-46322.00	-33886.03	1.57969	-46322.00	-33886.03	1.57969	7.108	0.00
0.00	-46322.00	-33885.92	1.57971	-46322.00	-33885.92	1.57971	7.111	0.00
0.00	-46322.01	-33885.69	1.57963	-46322.01	-33885.69	1.57963	7.041	0.00
0.00	-46322.01	-33885.41	1.57966	-46322.01	-33885.41	1.57966	7.428	0.00
0.00	-46322.01	-33885.33	1.57969	-46322.01	-33885.33	1.57969	6.616	0.00
0.00	-46322.02	-33885.10	1.57976	-46322.02	-33885.10	1.57976	6.944	0.00
0.00	-46322.02	-33884.89	1.57955	-46322.02	-33884.89	1.57955	7.154	0.00
0.00	-46322.03	-33884.71	1.57961	-46322.03	-33884.71	1.57961	6.635	0.00
0.00	-46322.03	-33884.51	1.57942	-46322.03	-33884.51	1.57942	7.659	0.00
0.00	-46322.03	-33884.35	1.57957	-46322.03	-33884.35	1.57957	6.867	0.00
0.00	-46322.04	-33884.15	1.57945	-46322.04	-33884.15	1.57945	7.349	0.00
0.00	-46322.04	-33883.97	1.57966	-46322.04	-33883.97	1.57966	7.509	0.00
0.00	-46322.04	-33883.76	1.57938	-46322.04	-33883.76	1.57938	7.261	0.00
0.00	-46322.05	-33883.58	1.57958	-46322.05	-33883.58	1.57958	7.264	0.00
0.00	-46322.05	-33883.38	1.57951	-46322.05	-33883.38	1.57951	7.270	0.00
0.00	-46322.06	-33883.19	1.57976	-46322.06	-33883.19	1.57976	7.432	0.00
0.00	-46322.06	-33882.99	1.57982	-46322.06	-33882.99	1.57982	7.312	0.00
0.00	-46322.07	-33882.76	1.58021	-46322.07	-33882.76	1.58021	7.211	0.00
0.00	-46322.07	-33882.54	1.58013	-46322.07	-33882.54	1.58013	7.240	0.00
0.00	-46322.08	-33882.35	1.58054	-46322.08	-33882.35	1.58054	7.580	0.00
0.00	-46322.08	-33882.14	1.58033	-46322.08	-33882.14	1.58033	7.664	0.00
0.00	-46322.09	-33881.96	1.58078	-46322.09	-33881.96	1.58078	7.703	0.00
0.00	-46322.09	-33881.71	1.58085	-46322.09	-33881.71	1.58085	7.446	0.00
0.00	-46322.10	-33881.57	1.58107	-46322.10	-33881.57	1.58107	8.009	0.00
0.00	-46322.10	-33881.32	1.58115	-46322.10	-33881.32	1.58115	7.817	0.00
0.00	-46322.11	-33881.18	1.58138	-46322.11	-33881.18	1.58138	7.727	0.00
0.00	-46322.11	-33880.92	1.58130	-46322.11	-33880.92	1.58130	7.018	0.00
0.00	-46322.12	-33880.74	1.58153	-46322.12	-33880.74	1.58153	6.936	0.00
0.00	-46322.12	-33880.55	1.58161	-46322.12	-33880.55	1.58161	7.389	0.00
0.00	-46322.13	-33880.36	1.58185	-46322.13	-33880.36	1.58185	7.112	0.00
0.00	-46322.13	-33880.15	1.58181	-46322.13	-33880.15	1.58181	7.520	0.00
0.00	-46322.14	-33879.97	1.58207	-46322.14	-33879.97	1.58207	7.355	0.00
0.00	-46322.14	-33879.76	1.58199	-46322.14	-33879.76	1.58199	7.378	0.00
0.00	-46322.14	-33879.57	1.58222	-46322.14	-33879.57	1.58222	7.963	0.00
0.00	-46322.15	-33879.36	1.58215	-46322.15	-33879.36	1.58215	7.787	0.00
0.00	-46322.15	-33879.17	1.58237	-46322.15	-33879.17	1.58237	7.459	0.00
0.00	-46322.16	-33878.98	1.58228	-46322.16	-33878.98	1.58228	7.763	0.00
0.00	-46322.16	-33878.78	1.58250	-46322.16	-33878.78	1.58250	7.414	0.00
0.00	-46322.17	-33878.55	1.58244	-46322.17	-33878.55	1.58244	7.420	0.00
0.00	-46322.17	-33878.34	1.58271	-46322.17	-33878.34	1.58271	7.682	0.00
0.00	-46322.18	-33878.14	1.58283	-46322.18	-33878.14	1.58283	7.344	0.00
0.00	-46322.18	-33877.96	1.58318	-46322.18	-33877.96	1.58318	7.724	0.00
0.00	-46322.19	-33877.77	1.58321	-46322.19	-33877.77	1.58321	7.320	0.00
0.00	-46322.19	-33877.59	1.58346	-46322.19	-33877.59	1.58346	7.424	0.00
0.00	-46322.20	-33877.39	1.58332	-46322.20	-33877.39	1.58332	7.781	0.00
0.00	-46322.20	-33877.22	1.58360	-46322.20	-33877.22	1.58360	7.296	0.00
0.00	-46322.21	-33876.98	1.58357	-46322.21	-33876.98	1.58357	7.538	0.00
0.00	-46322.21	-33876.85	1.58383	-46322.21	-33876.85	1.58383	7.800	0.00
0.00	-46322.22	-33876.59	1.58395	-46322.22	-33876.59	1.58395	7.793	0.00
0.00	-46322.22	-33876.41	1.58425	-46322.22	-33876.41	1.58425	7.505	0.00
0.00	-46322.23	-33876.21	1.58439	-46322.23	-33876.21	1.58439	7.548	0.00
0.00	-46322.23	-33876.02	1.58462	-46322.23	-33876.02	1.58462	7.739	0.00
0.00	-46322.24	-33875.82	1.58441	-46322.24	-33875.82	1.58441	7.619	0.00
0.00	-46322.24	-33875.64	1.58465	-46322.24	-33875.64	1.58465	7.920	0.00
0.00	-46322.25	-33875.43	1.58453	-46322.25	-33875.43	1.58453	8.245	0.00
0.00	-46322.25	-33875.25	1.58466	-46322.25	-33875.25	1.58466	8.199	0.00
0.00	-46322.26	-33875.01	1.58451	-46322.26	-33875.01	1.58451	8.283	0.00
0.00	-46322.26	-33874.78	1.58467	-46322.26	-33874.78	1.58467	7.758	0.00
0.00	-46322.27	-33874.56	1.58445	-46322.27	-33874.56	1.58445	8.037	0.00
0.00	-46322.27	-33874.37	1.58476	-46322.27	-33874.37	1.58476	7.688	0.00
0.00	-46322.28	-33874.18	1.58474	-46322.28	-33874.18	1.58474	7.646	0.00
0.00	-46322.28	-33874.00	1.58497	-46322.28	-33874.00	1.58497	7.917	0.00
0.00	-46322.29	-33873.79	1.58501	-46322.29	-33873.79	1.58501	7.774	0.00
0.00	-46322.30	-33873.62	1.58522	-46322.30	-33873.62	1.58522	7.760	0.00
0.00	-46322.30	-33873.41	1.58529	-46322.30	-33873.41	1.58529	7.753	0.00
0.00	-46322.31	-33873.22	1.58557	-46322.31	-33873.22	1.58557	7.686	0.00
0.00	-46322.31	-33873.00	1.58555	-46322.31	-33873.00	1.58555	7.701	0.00
0.00	-46322.32	-33872.81	1.58571	-46322.32	-33872.81	1.58571	7.850	0.00
0.00	-46322.32	-33872.56	1.58561	-46322.32	-33872.56	1.58561	7.783	0.00
0.00	-46322.33	-33872.42	1.58566	-46322.33	-33872.42	1.58566	7.920	0.00
0.00	-46322.33	-33872.17	1.58565	-46322.33	-33872.17	1.58565	7.774	0.00
0.00	-46322.34	-33871.99	1.58582	-46322.34	-33871.99	1.58582	8.390	0.00
0.00	-46322.34	-33871.80	1.58591	-46322.34	-33871.80	1.58591	8.319	0.00
0.00	-46322.35	-33871.61	1.58612	-46322.35	-33871.61	1.58612	7.998	0.00
0.00	-46322.35	-33871.41	1.58602	-46322.35	-33871.41	1.58602	7.874	0.00
0.00	-46322.36	-33871.24	1.58626	-46322.36	-33871.24	1.58626	8.554	0.00
0.00	-46322.36	-33871.01	1.58622	-46322.36	-33871.01	1.58622	7.877	0.00
0.00	-46322.37	-33870.78	1.58638	-46322.37	-33870.78	1.58638	7.423	0.00
0.00	-46322.37	-33870.55	1.58625	-46322.37	-33870.55	1.58625	8.035	0.00
0.00	-46322.38	-33870.36	1.58632	-46322.38	-33870.36	1.58632	8.039	0.00
0.00	-46322.38	-33870.17	1.58608	-46322.38	-33870.17	1.58608	7.920	0.00
0.00	-46322.39	-33870.01	1.58619	-46322.39	-33870.01	1.58619	8.321	0.00
0.00	-46322.39	-33869.82	1.58613	-46322.39	-33869.82	1.58613	7.866	0.00
0.00	-46322.39	-33869.63	1.58632	-46322.39	-33869.63	1.58632	8.530	0.00
0.00	-46322.40	-33869.43	1.58634	-46322.40	-33869.43	1.58634	8.346	0.00
0.00	-46322.40	-33869.24	1.58646	-46322.40	-33869.24	1.58646	8.110	0.00
0.00	-46322.41	-33869.04	1.58641	-46322.41	-33869.04	1.58641	8.472	0.00
0.00	-46322.41	-33868.85	1.58636	-46322.41	-33868.85	1.58636	7.837	0.00
0.00	-46322.42	-33868.61	1.58608	-46322.42	-33868.61	1.58608	8.339	0.00
0.00	-46322.42	-33868.46	1.58592	-46322.42	-33868.46	1.58592	8.358	0.00
0.00	-46322.43	-33868.22	1.58578	-46322.43	-33868.22	1.58578	8.253	0.00
0.00	-46322.43	-33868.08	1.58583	-46322.43	-33868.08	1.58583	9.007	0.00
0.00	-46322.44	-33867.84	1.58579	-46322.44	-33867.84	1.58579	7.776	0.00
0.00	-46322.44	-33867.70	1.58577	-46322.44	-33867.70	1.58577	8.261	0.00
0.00	-46322.44	-33867.45	1.58561	-46322.44	-33867.45	1.58561	7.910	0.00
0.00	-46322.45	-33867.28	1.58556	-46322.45	-33867.28	1.58556	8.177	0.00
0.00	-46322.45	-33867.05	1.58554	-46322.45	-33867.05	1.58554	8.188	0.00
0.00	-46322.46	-33866.82	1.58565	-46322.46	-33866.82	1.58565	8.440	0.00
0.00	-46322.46	-33866.60	1.58542	-46322.46	-33866.60	1.58542	8.241	0.00
0.00	-46322.47	-33866.42	1.58548	-46322.47	-33866.42	1.58548	8.331	0.00
0.00	-46322.47	-33866.24	1.58518	-46322.47	-33866.24	1.58518	8.717	0.00
0.00	-46322.48	-33866.08	1.58533	-46322.48	-33866.08	1.58533	9.164	0.00
0.00	-46322.48	-33865.89	1.58533	-46322.48	-33865.89	1.58533	8.333	0.00
0.00	-46322.48	-33865.70	1.58562	-46322.48	-33865.70	1.58562	8.517	0.00
0.00	-46322.49	-33865.51	1.58564	-46322.49	-33865.51	1.58564	8.609	0.00
0.00	-46322.50	-33865.31	1.58572	-46322.50	-33865.31	1.58572	8.607	0.00
0.00	-46322.50	-33865.11	1.58558	-46322.50	-33865.11	1.58558	8.743	0.00
0.00	-46322.51	-33864.92	1.58569	-46322.51	-33864.92	1.58569	8.908	0.00
0.00	-46322.51	-33864.73	1.58555	-46322.51	-33864.73	1.58555	8.684	0.00
0.00	-46322.52	-33864.51	1.58585	-46322.52	-33864.51	1.58585	8.502	0.00
0.00	-46322.52	-33864.29	1.58593	-46322.52	-33864.29	1.58593	8.586	0.00
0.00	-46322.53	-33864.09	1.58623	-46322.53	-33864.09	1.58623	9.214	0.00
0.00	-46322.53	-33863.83	1.58611	-46322.53	-33863.83	1.58611	8.561	0.00
0.00	-46322.54	-33863.69	1.58615	-46322.54	-33863.69	1.58615	8.808	0.00
0.00	-46322.54	-33863.44	1.58611	-46322.54	-33863.44	1.58611	8.854	0.00
0.00	-46322.55	-33863.32	1.58624	-46322.55	-33863.32	1.58624	9.242	0.00
0.00	-46322.55	-33863.07	1.58629	-46322.55	-33863.07	1.58629	8.870	0.00
0.00	-46322.56	-33862.88	1.58647	-46322.56	-33862.88	1.58647	8.853	0.00
0.00	-46322.56	-33862.68	1.58638	-46322.56	-33862.68	1.58638	8.917	0.00
0.00	-46322.57	-33862.48	1.58653	-46322.57	-33862.48	1.58653	9.050	0.00
0.00	-46322.57	-33862.27	1.58647	-46322.57	-33862.27	1.58647	8.068	0.00
0.00	-46322.58	-33862.08	1.58660	-46322.58	-33862.08	1.58660	8.909	0.00
0.00	-46322.58	-33861.88	1.58643	-46322.58	-33861.88	1.58643	8.522	0.00
0.00	-46322.59	-33861.69	1.58661	-46322.59	-33861.69	1.58661	8.633	0.00
0.00	-46322.59	-33861.48	1.58641	-46322.59	-33861.48	1.58641	8.727	0.00
0.00	-46322.60	-33861.30	1.58664	-46322.60	-33861.30	1.58664	8.400	0.00
0.00	-46322.60	-33861.09	1.58664	-46322.60	-33861.09	1.58664	8.864	0.00
0.00	-46322.61	-33860.90	1.58698	-46322.61	-33860.90	1.58698	8.647	0.00
0.00	-46322.61	-33860.69	1.58708	-46322.61	-33860.69	1.58708	8.833	0.00
0.00	-46322.62	-33860.50	1.58740	-46322.62	-33860.50	1.58740	8.687	0.00
0.00	-46322.62	-33860.30	1.58723	-46322.62	-33860.30	1.58723	8.454	0.00
0.00	-46322.63	-33860.11	1.58742	-46322.63	-33860.11	1.58742	8.921	0.00
0.00	-46322.63	-33859.90	1.58733	-46322.63	-33859.90	1.58733	8.781	0.00
0.00	-46322.64	-33859.70	1.58764	-46322.64	-33859.70	1.58764	9.045	0.00
0.00	-46322.65	-33859.49	1.58766	-46322.65	-33859.49	1.58766	8.994	0.00
0.00	-46322.65	-33859.31	1.58785	-46322.65	-33859.31	1.58785	8.681	0.00
0.00	-46322.66	-33859.03	1.58772	-46322.66	-33859.03	1.58772	8.859	0.00
0.00	-46322.67	-33858.84	1.58791	-46322.67	-33858.84	1.58791	9.259	0.00
0.00	-46322.67	-33858.58	1.58798	-46322.67	-33858.58	1.58798	9.200	0.00
0.00	-46322.68	-33858.45	1.58826	-46322.68	-33858.45	1.58826	9.027	0.00
0.00	-46322.68	-33858.21	1.58827	-46322.68	-33858.21	1.58827	8.923	0.00
0.00	-46322.69	-33858.04	1.58827	-46322.69	-33858.04	1.58827	9.218	0.00
0.00	-46322.70	-33857.84	1.58787	-46322.70	-33857.84	1.58787	9.068	0.00
0.00	-46322.70	-33857.65	1.58769	-46322.70	-33857.65	1.58769	9.173	0.00
0.00	-46322.71	-33857.45	1.58717	-46322.71	-33857.45	1.58717	9.326	0.00
0.00	-46322.71	-33857.26	1.58697	-46322.71	-33857.26	1.58697	8.937	0.00
0.00	-46322.72	-33857.05	1.58641	-46322.72	-33857.05	1.58641	9.332	0.00
0.00	-46322.72	-33856.86	1.58614	-46322.72	-33856.86	1.58614	9.445	0.00
0.00	-46322.73	-33856.65	1.58551	-46322.73	-33856.65	1.58551	9.253	0.00
0.00	-46322.74	-33856.46	1.58511	-46322.74	-33856.46	1.58511	9.173	0.00
0.00	-46322.74	-33856.26	1.58407	-46322.74	-33856.26	1.58407	9.259	0.00
0.00	-46322.74	-33856.07	1.58380	-46322.74	-33856.07	1.58380	9.170	0.00
0.00	-46322.75	-33855.86	1.58315	-46322.75	-33855.86	1.58315	9.458	0.00
0.00	-46322.76	-33855.67	1.58292	-46322.76	-33855.67	1.58292	9.472	0.00
0.00	-46322.76	-33855.45	1.58232	-46322.76	-33855.45	1.58232	8.882	0.00
0.00	-46322.77	-33855.25	1.58222	-46322.77	-33855.25	1.58222	9.668	0.00
0.00	-46322.77	-33855.00	1.58159	-46322.77	-33855.00	1.58159	9.312	0.00
0.00	-46322.78	-33854.76	1.58144	-46322.78	-33854.76	1.58144	9.367	0.00
0.00	-46322.78	-33854.52	1.58086	-46322.78	-33854.52	1.58086	9.453	0.00
0.00	-46322.79	-33854.40	1.58037	-46322.79	-33854.40	1.58037	8.996	0.00
0.00	-46322.79	-33854.16	1.57966	-46322.79	-33854.16	1.57966	9.048	0.00
0.00	-46322.80	-33854.02	1.57899	-46322.80	-33854.02	1.57899	9.941	0.00
0.00	-46322.80	-33853.77	1.57789	-46322.80	-33853.77	1.57789	9.361	0.00
0.00	-46322.81	-33853.48	1.57669	-46322.81	-33853.48	1.57669	10.022	0.00
0.00	-46322.81	-33853.41	1.57625	-46322.81	-33853.41	1.57625	9.466	0.00
0.00	-46322.82	-33853.22	1.57532	-46322.82	-33853.22	1.57532	9.326	0.00
0.00	-46322.82	-33853.01	1.57399	-46322.82	-33853.01	1.57399	9.341	0.00
0.00	-46322.82	-33852.83	1.57293	-46322.82	-33852.83	1.57293	9.170	0.00
0.00	-46322.82	-33852.63	1.57130	-46322.82	-33852.63	1.57130	9.639	0.00
0.00	-46322.83	-33852.44	1.57010	-46322.83	-33852.44	1.57010	9.362	0.00
0.00	-46322.83	-33852.24	1.56858	-46322.83	-33852.24	1.56858	9.439	0.00
0.00	-46322.83	-33852.04	1.56735	-46322.83	-33852.04	1.56735	9.620	0.00
0.00	-46322.83	-33851.84	1.56580	-46322.83	-33851.84	1.56580	10.010	0.00
0.00	-46322.83	-33851.64	1.56450	-46322.83	-33851.64	1.56450	9.881	0.00
0.00	-46322.83	-33851.37	1.56234	-46322.83	-33851.37	1.56234	9.405	0.00
0.00	-46322.83	-33851.27	1.56141	-46322.83	-33851.27	1.56141	9.799	0.00
0.00	-46322.83	-33851.01	1.55996	-46322.83	-33851.01	1.55996	10.031	0.00
0.00	-46322.83	-33850.79	1.55874	-46322.83	-33850.79	1.55874	9.891	0.00
0.00	-46322.83	-33850.58	1.55729	-46322.83	-33850.58	1.55729	9.689	0.00
0.00	-46322.84	-33850.41	1.55615	-46322.84	-33850.41	1.55615	9.943	0.00
0.00	-46322.83	-33850.21	1.55458	-46322.83	-33850.21	1.55458	9.622	0.00
0.00	-46322.83	-33850.04	1.55332	-46322.83	-33850.04	1.55332	10.106	0.00
0.00	-46322.83	-33849.80	1.55174	-46322.83	-33849.80	1.55174	64.589	0.00
0.00	-46322.83	-33849.66	1.54983	-46322.83	-33849.66	1.54983	10.188	0.00
0.00	-46322.83	-33849.42	1.54882	-46322.83	-33849.42	1.54882	9.641	0.00
0.00	-46322.83	-33849.28	1.54742	-46322.83	-33849.28	1.54742	10.630	0.00
0.00	-46322.82	-33849.03	1.54584	-46322.82	-33849.03	1.54584	10.199	0.00
0.00	-46322.82	-33848.86	1.54452	-46322.82	-33848.86	1.54452	10.186	0.00
0.00	-46322.82	-33848.67	1.54301	-46322.82	-33848.67	1.54301	9.806	0.00
0.00	-46322.81	-33848.48	1.54171	-46322.81	-33848.48	1.54171	10.025	0.00
0.00	-46322.81	-33848.29	1.54013	-46322.81	-33848.29	1.54013	10.139	0.00
0.00	-46322.81	-33848.10	1.53876	-46322.81	-33848.10	1.53876	11.316	0.00
0.00	-46322.80	-33847.90	1.53720	-46322.80	-33847.90	1.53720	9.927	0.00
0.00	-46322.80	-33847.71	1.53583	-46322.80	-33847.71	1.53583	10.066	0.00
0.00	-46322.79	-33847.52	1.53412	-46322.79	-33847.52	1.53412	9.982	0.00
0.00	-46322.78	-33847.31	1.53288	-46322.78	-33847.31	1.53288	12.213	0.00
0.00	-46322.78	-33847.11	1.53113	-46322.78	-33847.11	1.53113	10.488	0.00
0.00	-46322.77	-33846.89	1.53001	-46322.77	-33846.89	1.53001	10.831	0.00
0.00	-46322.77	-33846.71	1.52865	-46322.77	-33846.71	1.52865	10.228	0.00
0.00	-46322.76	-33846.53	1.52760	-46322.76	-33846.53	1.52760	10.130	0.00
0.00	-46322.75	-33846.34	1.52626	-46322.75	-33846.34	1.52626	9.716	0.00
0.00	-46322.75	-33846.16	1.52530	-46322.75	-33846.16	1.52530	9.665	0.00
0.00	-46322.74	-33845.96	1.52417	-46322.74	-33845.96	1.52417	10.157	0.00
0.00	-46322.74	-33845.78	1.52363	-46322.74	-33845.78	1.52363	9.815	0.00
0.00	-46322.73	-33845.55	1.52276	-46322.73	-33845.55	1.52276	9.967	0.00
0.00	-46322.73	-33845.40	1.52208	-46322.73	-33845.40	1.52208	10.230	0.00
0.00	-46322.72	-33845.17	1.52126	-46322.72	-33845.17	1.52126	9.842	0.00
0.00	-46322.71	-33845.03	1.52063	-46322.71	-33845.03	1.52063	10.362	0.00
0.00	-46322.70	-33844.80	1.51953	-46322.70	-33844.80	1.51953	10.433	0.00
0.00	-46322.70	-33844.63	1.51896	-46322.70	-33844.63	1.51896	10.288	0.00
0.00	-46322.69	-33844.45	1.51830	-46322.69	-33844.45	1.51830	10.363	0.00
0.00	-46322.68	-33844.26	1.51793	-46322.68	-33844.26	1.51793	10.273	0.00
0.00	-46322.67	-33844.06	1.51731	-46322.67	-33844.06	1.51731	10.328	0.00
0.00	-46322.67	-33843.87	1.51704	-46322.67	-33843.87	1.51704	10.443	0.00
0.00	-46322.66	-33843.69	1.51653	-46322.66	-33843.69	1.51653	10.776	0.00
0.00	-46322.65	-33843.46	1.51637	-46322.65	-33843.46	1.51637	10.947	0.00
0.00	-46322.64	-33843.24	1.51590	-46322.64	-33843.24	1.51590	11.617	0.00
0.00	-46322.63	-33843.04	1.51593	-46322.63	-33843.04	1.51593	11.817	0.00
0.00	-46322.63	-33842.86	1.51572	-46322.63	-33842.86	1.51572	12.722	0.00
0.00	-46322.62	-33842.70	1.51596	-46322.62	-33842.70	1.51596	10.423	0.00
0.00	-46322.61	-33842.52	1.51579	-46322.61	-33842.52	1.51579	11.413	0.00
0.00	-46322.61	-33842.36	1.51635	-46322.61	-33842.36	1.51635	10.499	0.00
0.00	-46322.60	-33842.14	1.51681	-46322.60	-33842.14	1.51681	10.979	0.00
0.00	-46322.59	-33841.96	1.51743	-46322.59	-33841.96	1.51743	10.891	0.00
0.00	-46322.58	-33841.75	1.51797	-46322.58	-33841.75	1.51797	10.314	0.00
0.00	-46322.58	-33841.56	1.51886	-46322.58	-33841.56	1.51886	10.589	0.00
0.00	-46322.56	-33841.32	1.51933	-46322.56	-33841.32	1.51933	10.809	0.00
0.00	-46322.56	-33841.19	1.52007	-46322.56	-33841.19	1.52007	10.598	0.00
0.00	-46322.55	-33840.95	1.52069	-46322.55	-33840.95	1.52069	10.398	0.00
0.00	-46322.54	-33840.78	1.52141	-46322.54	-33840.78	1.52141	11.195	0.00
0.00	-46322.54	-33840.59	1.52179	-46322.54	-33840.59	1.52179	10.109	0.00
0.00	-46322.53	-33840.46	1.52249	-46322.53	-33840.46	1.52249	10.714	0.00
0.00	-46322.52	-33840.22	1.52308	-46322.52	-33840.22	1.52308	10.612	0.00
0.00	-46322.52	-33840.05	1.52375	-46322.52	-33840.05	1.52375	10.843	0.00
0.00	-46322.51	-33839.89	1.52411	-46322.51	-33839.89	1.52411	10.839	0.00
0.00	-46322.50	-33839.69	1.52465	-46322.50	-33839.69	1.52465	10.811	0.00
0.00	-46322.49	-33839.49	1.52489	-46322.49	-33839.49	1.52489	10.984	0.00
0.00	-46322.49	-33839.32	1.52545	-46322.49	-33839.32	1.52545	10.879	0.00
0.00	-46322.48	-33839.12	1.52574	-46322.48	-33839.12	1.52574	10.854	0.00
0.00	-46322.47	-33838.95	1.52624	-46322.47	-33838.95	1.52624	11.208	0.00
0.00	-46322.47	-33838.76	1.52649	-46322.47	-33838.76	1.52649	10.845	0.00
0.00	-46322.46	-33838.59	1.52698	-46322.46	-33838.59	1.52698	11.195	0.00
0.00	-46322.45	-33838.40	1.52725	-46322.45	-33838.40	1.52725	10.404	0.00
0.00	-46322.45	-33838.23	1.52778	-46322.45	-33838.23	1.52778	10.918	0.00
0.00	-46322.44	-33838.03	1.52823	-46322.44	-33838.03	1.52823	10.864	0.00
0.00	-46322.44	-33837.87	1.52897	-46322.44	-33837.87	1.52897	11.356	0.00
0.00	-46322.43	-33837.67	1.52963	-46322.43	-33837.67	1.52963	10.944	0.00
0.00	-46322.42	-33837.50	1.53060	-46322.42	-33837.50	1.53060	11.845	0.00
0.00	-46322.42	-33837.29	1.53141	-46322.42	-33837.29	1.53141	12.546	0.00
0.00	-46322.41	-33837.16	1.53269	-46322.41	-33837.16	1.53269	11.646	0.00
0.00	-46322.41	-33836.93	1.53358	-46322.41	-33836.93	1.53358	11.698	0.00
0.00	-46322.40	-33836.81	1.53483	-46322.40	-33836.81	1.53483	12.278	0.00
0.00	-46322.40	-33836.57	1.53614	-46322.40	-33836.57	1.53614	11.622	0.00
0.00	-46322.39	-33836.44	1.53778	-46322.39	-33836.44	1.53778	11.633	0.00
0.00	-46322.39	-33836.23	1.53949	-46322.39	-33836.23	1.53949	11.955	0.00
0.00	-46322.38	-33835.92	1.54251	-46322.38	-33835.92	1.54251	11.398	0.00
0.00	-46322.38	-33835.87	1.54351	-46322.38	-33835.87	1.54351	11.865	0.00
0.00	-46322.38	-33835.68	1.54572	-46322.38	-33835.68	1.54572	11.733	0.00
0.00	-46322.37	-33835.50	1.54801	-46322.37	-33835.50	1.54801	11.679	0.00
0.00	-46322.37	-33835.33	1.55070	-46322.37	-33835.33	1.55070	11.942	0.00
0.00	-46322.37	-33835.15	1.55359	-46322.37	-33835.15	1.55359	11.602	0.00
0.00	-46322.37	-33834.98	1.55674	-46322.37	-33834.98	1.55674	11.882	0.00
0.00	-46322.37	-33834.80	1.55991	-46322.37	-33834.80	1.55991	11.733	0.00
0.00	-46322.37	-33834.63	1.56337	-46322.37	-33834.63	1.56337	11.382	0.00
0.00	-46322.37	-33834.45	1.56669	-46322.37	-33834.45	1.56669	11.504	0.00
0.00	-46322.37	-33834.30	1.57062	-46322.37	-33834.30	1.57062	10.823	0.00
0.00	-46322.37	-33834.12	1.57476	-46322.37	-33834.12	1.57476	11.295	0.00
0.00	-46322.37	-33833.95	1.57949	-46322.37	-33833.95	1.57949	11.293	0.00
0.00	-46322.38	-33833.77	1.58438	-46322.38	-33833.77	1.58438	11.272	0.00
0.00	-46322.38	-33833.61	1.58965	-46322.38	-33833.61	1.58965	11.186	0.00
0.00	-46322.39	-33833.44	1.59497	-46322.39	-33833.44	1.59497	11.386	0.00
0.00	-46322.39	-33833.28	1.60067	-46322.39	-33833.28	1.60067	11.925	0.00
0.00	-46322.40	-33833.07	1.60677	-46322.40	-33833.07	1.60677	11.085	0.00
0.00	-46322.41	-33832.96	1.61325	-46322.41	-33832.96	1.61325	11.585	0.00
0.00	-46322.42	-33832.74	1.62002	-46322.42	-33832.74	1.62002	11.035	0.00
0.00	-46322.43	-33832.60	1.62710	-46322.43	-33832.60	1.62710	11.362	0.00
0.00	-46322.44	-33832.39	1.63422	-46322.44	-33832.39	1.63422	11.288	0.00
0.00	-46322.45	-33832.28	1.64169	-46322.45	-33832.28	1.64169	11.733	0.00
0.00	-46322.46	-33832.09	1.64910	-46322.46	-33832.09	1.64910	11.356	0.00
0.00	-46322.48	-33831.86	1.66097	-46322.48	-33831.86	1.66097	11.432	0.00
0.00	-46322.49	-33831.84	1.66451	-46322.49	-33831.84	1.66451	12.000	0.00
0.00	-46322.50	-33831.70	1.67241	-46322.50	-33831.70	1.67241	11.112	0.00
0.00	-46322.52	-33831.55	1.68021	-46322.52	-33831.55	1.68021	11.431	0.00
0.00	-46322.53	-33831.43	1.68838	-46322.53	-33831.43	1.68838	11.201	0.00
0.00	-46322.55	-33831.29	1.69639	-46322.55	-33831.29	1.69639	11.502	0.00
0.00	-46322.57	-33831.16	1.70465	-46322.57	-33831.16	1.70465	11.831	0.00
0.00	-46322.59	-33831.02	1.71307	-46322.59	-33831.02	1.71307	11.180	0.00
0.00	-46322.61	-33830.89	1.72178	-46322.61	-33830.89	1.72178	11.624	0.00
0.00	-46322.63	-33830.75	1.73046	-46322.63	-33830.75	1.73046	11.900	0.00
0.00	-46322.66	-33830.62	1.73961	-46322.66	-33830.62	1.73961	11.843	0.00
0.00	-46322.68	-33830.48	1.74875	-46322.68	-33830.48	1.74875	11.677	0.00
0.00	-46322.71	-33830.35	1.75827	-46322.71	-33830.35	1.75827	11.661	0.00
0.00	-46322.73	-33830.21	1.76780	-46322.73	-33830.21	1.76780	11.781	0.00
0.00	-46322.76	-33830.09	1.77767	-46322.76	-33830.09	1.77767	11.853	0.00
0.00	-46322.79	-33829.94	1.78745	-46322.79	-33829.94	1.78745	11.281	0.00
0.00	-46322.83	-33829.79	1.79749	-46322.83	-33829.79	1.79749	11.871	0.00
0.00	-46322.87	-33829.60	1.80779	-46322.87	-33829.60	1.80779	12.043	0.00
0.00	-46322.90	-33829.51	1.81807	-46322.90	-33829.51	1.81807	11.718	0.00
0.00	-46322.94	-33829.35	1.82898	-46322.94	-33829.35	1.82898	12.048	0.00
0.00	-46322.96	-33829.27	1.84004	-46322.96	-33829.27	1.84004	11.626	0.00
0.00	-46323.01	-33829.11	1.85146	-46323.01	-33829.11	1.85146	11.799	0.00
0.00	-46323.03	-33829.03	1.86304	-46323.03	-33829.03	1.86304	11.816	0.00
0.00	-46323.08	-33828.87	1.87483	-46323.08	-33828.87	1.87483	11.508	0.00
0.00	-46323.12	-33828.75	1.88710	-46323.12	-33828.75	1.88710	12.110	0.00
0.00	-46323.16	-33828.62	1.89932	-46323.16	-33828.62	1.89932	11.613	0.00
0.00	-46323.21	-33828.51	1.91207	-46323.21	-33828.51	1.91207	12.166	0.00
0.00	-46323.26	-33828.37	1.92470	-46323.26	-33828.37	1.92470	11.384	0.00
