0.00	-30305.98	-39886.64	0.35000	-30305.98	-39886.64	0.35000	2.418	0.00
0.00	-30305.81	-39886.48	0.35107	-30305.81	-39886.48	0.35107	2.469	0.00
0.00	-30305.95	-39886.11	1.39553	-30305.95	-39886.11	1.39553	2.469	0.00
0.00	-30306.10	-39885.90	1.72996	-30306.10	-39885.90	1.72996	2.298	0.00
0.00	-30306.22	-39885.69	1.84757	-30306.22	-39885.69	1.84757	2.589	0.00
0.00	-30306.29	-39885.51	1.87618	-30306.29	-39885.51	1.87618	2.339	0.00
0.00	-30306.36	-39885.33	1.88362	-30306.36	-39885.33	1.88362	2.408	0.00
0.00	-30306.42	-39885.14	1.88361	-30306.42	-39885.14	1.88361	2.357	0.00
0.00	-30306.48	-39884.95	1.88121	-30306.48	-39884.95	1.88121	2.297	0.00
0.00	-30306.53	-39884.76	1.87883	-30306.53	-39884.76	1.87883	2.234	0.00
0.00	-30306.60	-39884.55	1.87673	-30306.60	-39884.55	1.87673	2.274	0.00
0.00	-30306.66	-39884.32	1.87517	-30306.66	-39884.32	1.87517	2.246	0.00
0.00	-30306.73	-39884.09	1.87409	-30306.73	-39884.09	1.87409	2.255	0.00
0.00	-30306.79	-39883.91	1.87327	-30306.79	-39883.91	1.87327	2.549	0.00
0.00	-30306.84	-39883.73	1.87314	-30306.84	-39883.73	1.87314	2.283	0.00
0.00	-30306.89	-39883.55	1.87300	-30306.89	-39883.55	1.87300	2.294	0.00
0.00	-30306.95	-39883.36	1.87307	-30306.95	-39883.36	1.87307	2.387	0.00
0.00	-30307.01	-39883.17	1.87332	-30307.01	-39883.17	1.87332	2.244	0.00
0.00	-30307.07	-39882.98	1.87380	-30307.07	-39882.98	1.87380	2.351	0.00
0.00	-30307.13	-39882.78	1.87444	-30307.13	-39882.78	1.87444	2.341	0.00
0.00	-30307.19	-39882.59	1.87515	-30307.19	-39882.59	1.87515	2.229	0.00
0.00	-30307.25	-39882.40	1.87596	-30307.25	-39882.40	1.87596	2.262	0.00
0.00	-30307.31	-39882.21	1.87690	-30307.31	-39882.21	1.87690	2.178	0.00
0.00	-30307.37	-39882.02	1.87787	-30307.37	-39882.02	1.87787	2.232	0.00
0.00	-30307.44	-39881.83	1.87866	-30307.44	-39881.83	1.87866	2.313	0.00
0.00	-30307.50	-39881.63	1.87914	-30307.50	-39881.63	1.87914	2.327	0.00
0.00	-30307.56	-39881.44	1.87942	-30307.56	-39881.44	1.87942	2.240	0.00
0.00	-30307.63	-39881.25	1.87968	-30307.63	-39881.25	1.87968	2.188	0.00
0.00	-30307.70	-39881.01	1.88000	-30307.70	-39881.01	1.88000	2.319	0.00
0.00	-30307.76	-39880.84	1.88035	-30307.76	-39880.84	1.88035	2.350	0.00
0.00	-30307.83	-39880.61	1.88076	-30307.83	-39880.61	1.88076	2.391	0.00
0.00	-30307.90	-39880.39	1.88118	-30307.90	-39880.39	1.88118	3.004	0.00
0.00	-30307.97	-39880.17	1.88150	-30307.97	-39880.17	1.88150	2.379	0.00
0.00	-30308.03	-39880.00	1.88172	-30308.03	-39880.00	1.88172	2.410	0.00
0.00	-30308.09	-39879.83	1.88182	-30308.09	-39879.83	1.88182	2.223	0.00
0.00	-30308.13	-39879.69	1.88187	-30308.13	-39879.69	1.88187	2.174	0.00
0.00	-30308.21	-39879.46	1.88199	-30308.21	-39879.46	1.88199	2.222	0.00
0.00	-30308.27	-39879.27	1.88218	-30308.27	-39879.27	1.88218	2.378	0.00
0.00	-30308.33	-39879.07	1.88248	-30308.33	-39879.07	1.88248	2.345	0.00
0.00	-30308.40	-39878.88	1.88290	-30308.40	-39878.88	1.88290	2.323	0.00
0.00	-30308.46	-39878.69	1.88330	-30308.46	-39878.69	1.88330	2.266	0.00
0.00	-30308.52	-39878.49	1.88358	-30308.52	-39878.49	1.88358	2.353	0.00
0.00	-30308.59	-39878.30	1.88370	-30308.59	-39878.30	1.88370	2.292	0.00
0.00	-30308.65	-39878.11	1.88367	-30308.65	-39878.11	1.88367	2.272	0.00
0.00	-30308.71	-39877.91	1.88361	-30308.71	-39877.91	1.88361	2.236	0.00
0.00	-30308.78	-39877.72	1.88366	-30308.78	-39877.72	1.88366	2.291	0.00
0.00	-30308.84	-39877.53	1.88383	-30308.84	-39877.53	1.88383	3.308	0.00
0.00	-30308.90	-39877.33	1.88399	-30308.90	-39877.33	1.88399	2.996	0.00
0.00	-30308.97	-39877.14	1.88410	-30308.97	-39877.14	1.88410	2.160	0.00
0.00	-30309.02	-39876.96	1.88419	-30309.02	-39876.96	1.88419	2.162	0.00
0.00	-30309.10	-39876.73	1.88424	-30309.10	-39876.73	1.88424	2.269	0.00
0.00	-30309.19	-39876.46	1.88421	-30309.19	-39876.46	1.88421	2.458	0.00
0.00	-30309.26	-39876.25	1.88406	-30309.26	-39876.25	1.88406	2.285	0.00
0.00	-30309.33	-39876.02	1.88378	-30309.33	-39876.02	1.88378	2.300	0.00
0.00	-30309.39	-39875.81	1.88348	-30309.39	-39875.81	1.88348	2.295	0.00
0.00	-30309.45	-39875.62	1.88325	-30309.45	-39875.62	1.88325	2.201	0.00
0.00	-30309.51	-39875.44	1.88294	-30309.51	-39875.44	1.88294	2.252	0.00
0.00	-30309.57	-39875.26	1.88271	-30309.57	-39875.26	1.88271	2.118	0.00
0.00	-30309.63	-39875.07	1.88256	-30309.63	-39875.07	1.88256	2.211	0.00
0.00	-30309.69	-39874.87	1.88239	-30309.69	-39874.87	1.88239	2.262	0.00
0.00	-30309.76	-39874.67	1.88207	-30309.76	-39874.67	1.88207	2.252	0.00
0.00	-30309.81	-39874.50	1.88179	-30309.81	-39874.50	1.88179	2.278	0.00
0.00	-30309.86	-39874.32	1.88148	-30309.86	-39874.32	1.88148	2.278	0.00
0.00	-30309.92	-39874.14	1.88122	-30309.92	-39874.14	1.88122	2.185	0.00
0.00	-30309.98	-39873.94	1.88102	-30309.98	-39873.94	1.88102	2.359	0.00
0.00	-30310.04	-39873.75	1.88084	-30310.04	-39873.75	1.88084	2.319	0.00
0.00	-30310.10	-39873.56	1.88073	-30310.10	-39873.56	1.88073	2.328	0.00
0.00	-30310.17	-39873.34	1.88068	-30310.17	-39873.34	1.88068	2.375	0.00
0.00	-30310.25	-39873.10	1.88065	-30310.25	-39873.10	1.88065	2.226	0.00
0.00	-30310.31	-39872.90	1.88059	-30310.31	-39872.90	1.88059	2.172	0.00
0.00	-30310.36	-39872.73	1.88045	-30310.36	-39872.73	1.88045	2.151	0.00
0.00	-30310.42	-39872.55	1.88027	-30310.42	-39872.55	1.88027	2.301	0.00
0.00	-30310.48	-39872.36	1.88007	-30310.48	-39872.36	1.88007	2.159	0.00
0.00	-30310.54	-39872.17	1.87985	-30310.54	-39872.17	1.87985	2.348	0.00
0.00	-30310.62	-39871.92	1.87964	-30310.62	-39871.92	1.87964	2.413	0.00
0.00	-30310.69	-39871.69	1.87956	-30310.69	-39871.69	1.87956	2.361	0.00
0.00	-30310.76	-39871.47	1.87956	-30310.76	-39871.47	1.87956	2.458	0.00
0.00	-30310.83	-39871.26	1.87960	-30310.83	-39871.26	1.87960	2.336	0.00
0.00	-30310.88	-39871.08	1.87961	-30310.88	-39871.08	1.87961	2.267	0.00
0.00	-30310.93	-39870.92	1.87953	-30310.93	-39870.92	1.87953	2.304	0.00
0.00	-30310.97	-39870.79	1.87940	-30310.97	-39870.79	1.87940	2.366	0.00
0.00	-30311.05	-39870.57	1.87933	-30311.05	-39870.57	1.87933	2.194	0.00
0.00	-30311.10	-39870.39	1.87940	-30311.10	-39870.39	1.87940	2.209	0.00
0.00	-30311.17	-39870.17	1.87956	-30311.17	-39870.17	1.87956	2.314	0.00
0.00	-30311.25	-39869.93	1.87974	-30311.25	-39869.93	1.87974	2.383	0.00
0.00	-30311.32	-39869.71	1.87984	-30311.32	-39869.71	1.87984	2.304	0.00
0.00	-30311.38	-39869.53	1.87991	-30311.38	-39869.53	1.87991	2.314	0.00
0.00	-30311.43	-39869.36	1.87997	-30311.43	-39869.36	1.87997	2.397	0.00
0.00	-30311.48	-39869.19	1.88007	-30311.48	-39869.19	1.88007	2.330	0.00
0.00	-30311.54	-39869.01	1.88026	-30311.54	-39869.01	1.88026	4.156	0.00
0.00	-30311.61	-39868.80	1.88044	-30311.61	-39868.80	1.88044	2.232	0.00
0.00	-30311.67	-39868.61	1.88059	-30311.67	-39868.61	1.88059	2.317	0.00
0.00	-30311.73	-39868.43	1.88082	-30311.73	-39868.43	1.88082	2.135	0.00
0.00	-30311.79	-39868.24	1.88118	-30311.79	-39868.24	1.88118	2.270	0.00
0.00	-30311.85	-39868.06	1.88158	-30311.85	-39868.06	1.88158	2.249	0.00
0.00	-30311.91	-39867.87	1.88196	-30311.91	-39867.87	1.88196	2.225	0.00
0.00	-30311.98	-39867.66	1.88237	-30311.98	-39867.66	1.88237	2.302	0.00
0.00	-30312.07	-39867.40	1.88279	-30312.07	-39867.40	1.88279	2.315	0.00
0.00	-30312.14	-39867.19	1.88310	-30312.14	-39867.19	1.88310	2.381	0.00
0.00	-30312.21	-39866.98	1.88341	-30312.21	-39866.98	1.88341	2.366	0.00
0.00	-30312.26	-39866.81	1.88371	-30312.26	-39866.81	1.88371	2.255	0.00
0.00	-30312.32	-39866.63	1.88398	-30312.32	-39866.63	1.88398	2.278	0.00
0.00	-30312.39	-39866.43	1.88427	-30312.39	-39866.43	1.88427	2.325	0.00
0.00	-30312.45	-39866.23	1.88453	-30312.45	-39866.23	1.88453	2.359	0.00
0.00	-30312.52	-39866.03	1.88480	-30312.52	-39866.03	1.88480	2.295	0.00
0.00	-30312.58	-39865.84	1.88510	-30312.58	-39865.84	1.88510	2.230	0.00
0.00	-30312.63	-39865.69	1.88537	-30312.63	-39865.69	1.88537	2.325	0.00
0.00	-30312.68	-39865.53	1.88561	-30312.68	-39865.53	1.88561	2.328	0.00
0.00	-30312.73	-39865.38	1.88576	-30312.73	-39865.38	1.88576	2.364	0.00
0.00	-30312.79	-39865.20	1.88583	-30312.79	-39865.20	1.88583	2.147	0.00
0.00	-30312.86	-39864.98	1.88582	-30312.86	-39864.98	1.88582	2.260	0.00
0.00	-30312.93	-39864.77	1.88575	-30312.93	-39864.77	1.88575	2.262	0.00
0.00	-30313.00	-39864.55	1.88567	-30313.00	-39864.55	1.88567	2.174	0.00
0.00	-30313.07	-39864.35	1.88562	-30313.07	-39864.35	1.88562	2.185	0.00
0.00	-30313.13	-39864.16	1.88564	-30313.13	-39864.16	1.88564	2.326	0.00
0.00	-30313.19	-39863.97	1.88577	-30313.19	-39863.97	1.88577	2.380	0.00
0.00	-30313.26	-39863.77	1.88607	-30313.26	-39863.77	1.88607	2.160	0.00
0.00	-30313.31	-39863.62	1.88642	-30313.31	-39863.62	1.88642	2.273	0.00
0.00	-30313.36	-39863.45	1.88678	-30313.36	-39863.45	1.88678	2.492	0.00
0.00	-30313.42	-39863.28	1.88706	-30313.42	-39863.28	1.88706	2.181	0.00
0.00	-30313.49	-39863.06	1.88733	-30313.49	-39863.06	1.88733	2.321	0.00
0.00	-30313.55	-39862.87	1.88757	-30313.55	-39862.87	1.88757	2.893	0.00
0.00	-30313.62	-39862.66	1.88772	-30313.62	-39862.66	1.88772	2.382	0.00
0.00	-30313.69	-39862.46	1.88778	-30313.69	-39862.46	1.88778	2.293	0.00
0.00	-30313.74	-39862.32	1.88779	-30313.74	-39862.32	1.88779	2.296	0.00
0.00	-30313.79	-39862.16	1.88782	-30313.79	-39862.16	1.88782	2.141	0.00
0.00	-30313.84	-39862.00	1.88781	-30313.84	-39862.00	1.88781	2.245	0.00
0.00	-30313.90	-39861.83	1.88781	-30313.90	-39861.83	1.88781	3.049	0.00
0.00	-30313.95	-39861.66	1.88788	-30313.95	-39861.66	1.88788	2.273	0.00
0.00	-30314.01	-39861.47	1.88804	-30314.01	-39861.47	1.88804	2.247	0.00
0.00	-30314.08	-39861.25	1.88817	-30314.08	-39861.25	1.88817	2.723	0.00
0.00	-30314.15	-39861.04	1.88818	-30314.15	-39861.04	1.88818	2.297	0.00
0.00	-30314.22	-39860.83	1.88807	-30314.22	-39860.83	1.88807	2.415	0.00
0.00	-30314.29	-39860.62	1.88795	-30314.29	-39860.62	1.88795	2.271	0.00
0.00	-30314.37	-39860.39	1.88786	-30314.37	-39860.39	1.88786	2.148	0.00
0.00	-30314.43	-39860.18	1.88788	-30314.43	-39860.18	1.88788	2.262	0.00
0.00	-30314.48	-39860.03	1.88799	-30314.48	-39860.03	1.88799	2.162	0.00
0.00	-30314.53	-39859.88	1.88804	-30314.53	-39859.88	1.88804	2.268	0.00
0.00	-30314.59	-39859.71	1.88803	-30314.59	-39859.71	1.88803	2.124	0.00
0.00	-30314.64	-39859.54	1.88803	-30314.64	-39859.54	1.88803	2.181	0.00
0.00	-30314.70	-39859.36	1.88806	-30314.70	-39859.36	1.88806	2.224	0.00
0.00	-30314.78	-39859.13	1.88819	-30314.78	-39859.13	1.88819	2.304	0.00
0.00	-30314.83	-39858.96	1.88838	-30314.83	-39858.96	1.88838	2.403	0.00
0.00	-30314.89	-39858.78	1.88856	-30314.89	-39858.78	1.88856	2.272	0.00
0.00	-30314.95	-39858.59	1.88872	-30314.95	-39858.59	1.88872	2.290	0.00
0.00	-30315.02	-39858.39	1.88886	-30315.02	-39858.39	1.88886	2.297	0.00
0.00	-30315.09	-39858.18	1.88897	-30315.09	-39858.18	1.88897	3.186	0.00
0.00	-30315.16	-39857.98	1.88905	-30315.16	-39857.98	1.88905	2.265	0.00
0.00	-30315.22	-39857.78	1.88906	-30315.22	-39857.78	1.88906	2.250	0.00
0.00	-30315.28	-39857.62	1.88911	-30315.28	-39857.62	1.88911	2.362	0.00
0.00	-30315.35	-39857.38	1.88929	-30315.35	-39857.38	1.88929	2.192	0.00
0.00	-30315.42	-39857.20	1.88954	-30315.42	-39857.20	1.88954	2.339	0.00
0.00	-30315.47	-39857.05	1.88978	-30315.47	-39857.05	1.88978	2.238	0.00
0.00	-30315.53	-39856.84	1.88996	-30315.53	-39856.84	1.88996	2.196	0.00
0.00	-30315.60	-39856.65	1.89008	-30315.60	-39856.65	1.89008	2.276	0.00
0.00	-30315.65	-39856.49	1.89013	-30315.65	-39856.49	1.89013	2.295	0.00
0.00	-30315.70	-39856.33	1.89017	-30315.70	-39856.33	1.89017	2.317	0.00
0.00	-30315.77	-39856.14	1.89018	-30315.77	-39856.14	1.89018	2.151	0.00
0.00	-30315.83	-39855.93	1.89015	-30315.83	-39855.93	1.89015	2.420	0.00
0.00	-30315.89	-39855.74	1.89011	-30315.89	-39855.74	1.89011	2.163	0.00
0.00	-30315.95	-39855.58	1.89004	-30315.95	-39855.58	1.89004	2.235	0.00
0.00	-30316.00	-39855.40	1.88996	-30316.00	-39855.40	1.88996	2.344	0.00
0.00	-30316.07	-39855.19	1.88996	-30316.07	-39855.19	1.88996	2.229	0.00
0.00	-30316.14	-39854.98	1.89006	-30316.14	-39854.98	1.89006	2.260	0.00
0.00	-30316.20	-39854.78	1.89015	-30316.20	-39854.78	1.89015	2.252	0.00
0.00	-30316.27	-39854.58	1.89004	-30316.27	-39854.58	1.89004	2.354	0.00
0.00	-30316.34	-39854.36	1.88975	-30316.34	-39854.36	1.88975	2.308	0.00
0.00	-30316.39	-39854.22	1.88935	-30316.39	-39854.22	1.88935	2.248	0.00
0.00	-30316.43	-39854.10	1.88892	-30316.43	-39854.10	1.88892	2.208	0.00
0.00	-30316.48	-39853.92	1.88866	-30316.48	-39853.92	1.88866	2.218	0.00
0.00	-30316.55	-39853.72	1.88854	-30316.55	-39853.72	1.88854	2.264	0.00
0.00	-30316.61	-39853.52	1.88847	-30316.61	-39853.52	1.88847	2.324	0.00
0.00	-30316.68	-39853.31	1.88835	-30316.68	-39853.31	1.88835	2.213	0.00
0.00	-30316.74	-39853.12	1.88808	-30316.74	-39853.12	1.88808	2.148	0.00
0.00	-30316.79	-39852.97	1.88773	-30316.79	-39852.97	1.88773	2.303	0.00
0.00	-30316.84	-39852.82	1.88744	-30316.84	-39852.82	1.88744	2.315	0.00
0.00	-30316.89	-39852.66	1.88730	-30316.89	-39852.66	1.88730	2.228	0.00
0.00	-30316.94	-39852.49	1.88728	-30316.94	-39852.49	1.88728	2.229	0.00
0.00	-30317.00	-39852.31	1.88724	-30317.00	-39852.31	1.88724	2.399	0.00
0.00	-30317.07	-39852.10	1.88720	-30317.07	-39852.10	1.88720	2.232	0.00
0.00	-30317.13	-39851.92	1.88709	-30317.13	-39851.92	1.88709	2.459	0.00
0.00	-30317.19	-39851.73	1.88691	-30317.19	-39851.73	1.88691	2.356	0.00
0.00	-30317.25	-39851.52	1.88674	-30317.25	-39851.52	1.88674	2.224	0.00
0.00	-30317.32	-39851.32	1.88661	-30317.32	-39851.32	1.88661	2.255	0.00
0.00	-30317.38	-39851.12	1.88655	-30317.38	-39851.12	1.88655	2.214	0.00
0.00	-30317.44	-39850.95	1.88651	-30317.44	-39850.95	1.88651	2.185	0.00
0.00	-30317.49	-39850.80	1.88637	-30317.49	-39850.80	1.88637	2.105	0.00
0.00	-30317.53	-39850.65	1.88622	-30317.53	-39850.65	1.88622	2.197	0.00
0.00	-30317.58	-39850.51	1.88610	-30317.58	-39850.51	1.88610	2.328	0.00
0.00	-30317.65	-39850.29	1.88601	-30317.65	-39850.29	1.88601	2.333	0.00
0.00	-30317.71	-39850.12	1.88591	-30317.71	-39850.12	1.88591	2.374	0.00
0.00	-30317.76	-39849.95	1.88569	-30317.76	-39849.95	1.88569	2.435	0.00
0.00	-30317.82	-39849.78	1.88535	-30317.82	-39849.78	1.88535	2.209	0.00
0.00	-30317.88	-39849.59	1.88501	-30317.88	-39849.59	1.88501	2.285	0.00
0.00	-30317.94	-39849.41	1.88473	-30317.94	-39849.41	1.88473	2.294	0.00
0.00	-30317.99	-39849.25	1.88463	-30317.99	-39849.25	1.88463	2.238	0.00
0.00	-30318.05	-39849.06	1.88474	-30318.05	-39849.06	1.88474	2.251	0.00
0.00	-30318.11	-39848.89	1.88499	-30318.11	-39848.89	1.88499	2.327	0.00
0.00	-30318.17	-39848.70	1.88532	-30318.17	-39848.70	1.88532	2.123	0.00
0.00	-30318.23	-39848.50	1.88565	-30318.23	-39848.50	1.88565	2.307	0.00
0.00	-30318.30	-39848.30	1.88593	-30318.30	-39848.30	1.88593	2.234	0.00
0.00	-30318.37	-39848.10	1.88613	-30318.37	-39848.10	1.88613	2.297	0.00
0.00	-30318.43	-39847.93	1.88641	-30318.43	-39847.93	1.88641	2.471	0.00
0.00	-30318.48	-39847.79	1.88688	-30318.48	-39847.79	1.88688	2.376	0.00
0.00	-30318.53	-39847.63	1.88741	-30318.53	-39847.63	1.88741	2.299	0.00
0.00	-30318.59	-39847.46	1.88793	-30318.59	-39847.46	1.88793	2.325	0.00
0.00	-30318.65	-39847.29	1.88835	-30318.65	-39847.29	1.88835	2.273	0.00
0.00	-30318.70	-39847.13	1.88877	-30318.70	-39847.13	1.88877	2.218	0.00
0.00	-30318.75	-39846.98	1.88916	-30318.75	-39846.98	1.88916	2.173	0.00
0.00	-30318.82	-39846.79	1.88950	-30318.82	-39846.79	1.88950	2.166	0.00
0.00	-30318.89	-39846.60	1.88975	-30318.89	-39846.60	1.88975	2.242	0.00
0.00	-30318.95	-39846.39	1.88988	-30318.95	-39846.39	1.88988	2.359	0.00
0.00	-30319.03	-39846.16	1.88994	-30319.03	-39846.16	1.88994	2.461	0.00
0.00	-30319.09	-39845.99	1.88998	-30319.09	-39845.99	1.88998	2.432	0.00
0.00	-30319.14	-39845.85	1.89007	-30319.14	-39845.85	1.89007	2.368	0.00
0.00	-30319.19	-39845.69	1.89018	-30319.19	-39845.69	1.89018	2.231	0.00
0.00	-30319.24	-39845.54	1.89031	-30319.24	-39845.54	1.89031	2.268	0.00
0.00	-30319.29	-39845.39	1.89038	-30319.29	-39845.39	1.89038	2.228	0.00
0.00	-30319.34	-39845.24	1.89034	-30319.34	-39845.24	1.89034	2.209	0.00
0.00	-30319.39	-39845.07	1.89026	-30319.39	-39845.07	1.89026	2.145	0.00
0.00	-30319.45	-39844.89	1.89010	-30319.45	-39844.89	1.89010	2.300	0.00
0.00	-30319.51	-39844.72	1.88994	-30319.51	-39844.72	1.88994	2.224	0.00
0.00	-30319.56	-39844.56	1.88975	-30319.56	-39844.56	1.88975	2.394	0.00
0.00	-30319.63	-39844.37	1.88949	-30319.63	-39844.37	1.88949	2.241	0.00
0.00	-30319.68	-39844.20	1.88926	-30319.68	-39844.20	1.88926	2.233	0.00
0.00	-30319.74	-39844.03	1.88908	-30319.74	-39844.03	1.88908	2.313	0.00
0.00	-30319.79	-39843.85	1.88890	-30319.79	-39843.85	1.88890	2.320	0.00
0.00	-30319.85	-39843.69	1.88871	-30319.85	-39843.69	1.88871	2.132	0.00
0.00	-30319.90	-39843.54	1.88837	-30319.90	-39843.54	1.88837	2.259	0.00
0.00	-30319.95	-39843.36	1.88789	-30319.95	-39843.36	1.88789	2.443	0.00
0.00	-30320.01	-39843.19	1.88732	-30320.01	-39843.19	1.88732	2.293	0.00
0.00	-30320.06	-39843.03	1.88674	-30320.06	-39843.03	1.88674	2.239	0.00
0.00	-30320.12	-39842.85	1.88623	-30320.12	-39842.85	1.88623	2.194	0.00
0.00	-30320.17	-39842.68	1.88580	-30320.17	-39842.68	1.88580	2.361	0.00
0.00	-30320.22	-39842.52	1.88532	-30320.22	-39842.52	1.88532	2.109	0.00
0.00	-30320.28	-39842.32	1.88480	-30320.28	-39842.32	1.88480	2.250	0.00
0.00	-30320.34	-39842.15	1.88425	-30320.34	-39842.15	1.88425	2.276	0.00
0.00	-30320.40	-39841.97	1.88366	-30320.40	-39841.97	1.88366	2.342	0.00
0.00	-30320.46	-39841.77	1.88306	-30320.46	-39841.77	1.88306	2.337	0.00
0.00	-30320.52	-39841.58	1.88247	-30320.52	-39841.58	1.88247	2.237	0.00
0.00	-30320.56	-39841.44	1.88178	-30320.56	-39841.44	1.88178	2.635	0.00
0.00	-30320.61	-39841.29	1.88096	-30320.61	-39841.29	1.88096	2.690	0.00
0.00	-30320.66	-39841.14	1.88001	-30320.66	-39841.14	1.88001	2.244	0.00
0.00	-30320.71	-39840.99	1.87896	-30320.71	-39840.99	1.87896	2.175	0.00
0.00	-30320.76	-39840.82	1.87781	-30320.76	-39840.82	1.87781	2.279	0.00
0.00	-30320.81	-39840.66	1.87658	-30320.81	-39840.66	1.87658	2.311	0.00
0.00	-30320.86	-39840.48	1.87516	-30320.86	-39840.48	1.87516	2.310	0.00
0.00	-30320.91	-39840.33	1.87384	-30320.91	-39840.33	1.87384	2.208	0.00
0.00	-30320.96	-39840.17	1.87254	-30320.96	-39840.17	1.87254	2.319	0.00
0.00	-30321.01	-39840.00	1.87123	-30321.01	-39840.00	1.87123	2.269	0.00
0.00	-30321.06	-39839.84	1.86995	-30321.06	-39839.84	1.86995	2.398	0.00
0.00	-30321.11	-39839.66	1.86863	-30321.11	-39839.66	1.86863	2.295	0.00
0.00	-30321.16	-39839.51	1.86729	-30321.16	-39839.51	1.86729	2.281	0.00
0.00	-30321.21	-39839.35	1.86582	-30321.21	-39839.35	1.86582	2.223	0.00
0.00	-30321.26	-39839.18	1.86431	-30321.26	-39839.18	1.86431	2.265	0.00
0.00	-30321.30	-39839.02	1.86277	-30321.30	-39839.02	1.86277	2.277	0.00
0.00	-30321.35	-39838.86	1.86128	-30321.35	-39838.86	1.86128	2.250	0.00
0.00	-30321.40	-39838.69	1.85980	-30321.40	-39838.69	1.85980	2.258	0.00
0.00	-30321.46	-39838.51	1.85820	-30321.46	-39838.51	1.85820	2.470	0.00
0.00	-30321.50	-39838.35	1.85653	-30321.50	-39838.35	1.85653	2.225	0.00
0.00	-30321.55	-39838.19	1.85470	-30321.55	-39838.19	1.85470	2.266	0.00
0.00	-30321.60	-39838.04	1.85273	-30321.60	-39838.04	1.85273	2.320	0.00
0.00	-30321.64	-39837.87	1.85057	-30321.64	-39837.87	1.85057	3.406	0.00
0.00	-30321.69	-39837.71	1.84839	-30321.69	-39837.71	1.84839	2.182	0.00
0.00	-30321.73	-39837.58	1.84617	-30321.73	-39837.58	1.84617	2.146	0.00
0.00	-30321.78	-39837.38	1.84334	-30321.78	-39837.38	1.84334	2.171	0.00
0.00	-30321.82	-39837.23	1.84038	-30321.82	-39837.23	1.84038	2.215	0.00
0.00	-30321.86	-39837.10	1.83720	-30321.86	-39837.10	1.83720	2.299	0.00
0.00	-30321.91	-39836.93	1.83390	-30321.91	-39836.93	1.83390	2.187	0.00
0.00	-30321.95	-39836.76	1.83046	-30321.95	-39836.76	1.83046	2.280	0.00
0.00	-30322.00	-39836.60	1.82699	-30322.00	-39836.60	1.82699	2.204	0.00
0.00	-30322.04	-39836.44	1.82348	-30322.04	-39836.44	1.82348	2.238	0.00
0.00	-30322.08	-39836.27	1.81997	-30322.08	-39836.27	1.81997	2.257	0.00
0.00	-30322.13	-39836.10	1.81639	-30322.13	-39836.10	1.81639	2.249	0.00
0.00	-30322.17	-39835.94	1.81276	-30322.17	-39835.94	1.81276	2.147	0.00
0.00	-30322.21	-39835.78	1.80912	-30322.21	-39835.78	1.80912	2.227	0.00
0.00	-30322.25	-39835.60	1.80479	-30322.25	-39835.60	1.80479	2.210	0.00
0.00	-30322.30	-39835.42	1.80045	-30322.30	-39835.42	1.80045	2.245	0.00
0.00	-30322.34	-39835.23	1.79567	-30322.34	-39835.23	1.79567	2.145	0.00
0.00	-30322.39	-39835.06	1.79046	-30322.39	-39835.06	1.79046	2.187	0.00
0.00	-30322.42	-39834.89	1.78485	-30322.42	-39834.89	1.78485	2.250	0.00
0.00	-30322.46	-39834.71	1.77922	-30322.46	-39834.71	1.77922	2.019	0.00
0.00	-30322.51	-39834.52	1.77347	-30322.51	-39834.52	1.77347	2.637	0.00
0.00	-30322.54	-39834.37	1.76791	-30322.54	-39834.37	1.76791	2.203	0.00
0.00	-30322.56	-39834.25	1.76222	-30322.56	-39834.25	1.76222	2.125	0.00
0.00	-30322.59	-39834.11	1.75656	-30322.59	-39834.11	1.75656	2.199	0.00
0.00	-30322.62	-39833.97	1.75074	-30322.62	-39833.97	1.75074	2.400	0.00
0.00	-30322.64	-39833.83	1.74474	-30322.64	-39833.83	1.74474	2.022	0.00
0.00	-30322.68	-39833.65	1.73865	-30322.68	-39833.65	1.73865	2.088	0.00
0.00	-30322.71	-39833.48	1.73240	-30322.71	-39833.48	1.73240	2.482	0.00
0.00	-30322.74	-39833.30	1.72614	-30322.74	-39833.30	1.72614	2.528	0.00
0.00	-30322.77	-39833.12	1.71966	-30322.77	-39833.12	1.71966	2.175	0.00
0.00	-30322.80	-39832.92	1.71309	-30322.80	-39832.92	1.71309	2.221	0.00
0.00	-30322.83	-39832.73	1.70639	-30322.83	-39832.73	1.70639	2.269	0.00
0.00	-30322.86	-39832.57	1.69961	-30322.86	-39832.57	1.69961	2.207	0.00
0.00	-30322.88	-39832.42	1.69297	-30322.88	-39832.42	1.69297	2.282	0.00
0.00	-30322.90	-39832.27	1.68638	-30322.90	-39832.27	1.68638	2.172	0.00
0.00	-30322.92	-39832.12	1.67980	-30322.92	-39832.12	1.67980	2.278	0.00
0.00	-30322.94	-39831.95	1.67298	-30322.94	-39831.95	1.67298	2.206	0.00
0.00	-30322.96	-39831.79	1.66561	-30322.96	-39831.79	1.66561	2.344	0.00
0.00	-30322.98	-39831.62	1.65836	-30322.98	-39831.62	1.65836	2.593	0.00
0.00	-30322.99	-39831.46	1.64977	-30322.99	-39831.46	1.64977	2.374	0.00
0.00	-30323.01	-39831.30	1.64134	-30323.01	-39831.30	1.64134	2.347	0.00
0.00	-30323.02	-39831.13	1.63269	-30323.02	-39831.13	1.63269	2.628	0.00
0.00	-30323.03	-39830.97	1.62376	-30323.03	-39830.97	1.62376	2.520	0.00
0.00	-30323.04	-39830.78	1.61415	-30323.04	-39830.78	1.61415	2.740	0.00
0.00	-30323.05	-39830.63	1.60405	-30323.05	-39830.63	1.60405	2.855	0.00
0.00	-30323.06	-39830.49	1.59367	-30323.06	-39830.49	1.59367	2.622	0.00
0.00	-30323.06	-39830.35	1.58369	-30323.06	-39830.35	1.58369	2.933	0.00
0.00	-30323.06	-39830.14	1.57229	-30323.06	-39830.14	1.57229	2.836	0.00
0.00	-30323.07	-39829.97	1.56121	-30323.07	-39829.97	1.56121	2.784	0.00
0.00	-30323.07	-39829.80	1.54987	-30323.07	-39829.80	1.54987	2.686	0.00
0.00	-30323.06	-39829.65	1.53829	-30323.06	-39829.65	1.53829	2.505	0.00
0.00	-30323.06	-39829.49	1.52627	-30323.06	-39829.49	1.52627	2.692	0.00
0.00	-30323.05	-39829.30	1.51428	-30323.05	-39829.30	1.51428	3.110	0.00
0.00	-30323.04	-39829.11	1.50224	-30323.04	-39829.11	1.50224	3.178	0.00
0.00	-30323.03	-39828.92	1.49009	-30323.03	-39828.92	1.49009	3.036	0.00
0.00	-30323.02	-39828.74	1.47766	-30323.02	-39828.74	1.47766	3.215	0.00
0.00	-30323.00	-39828.57	1.46473	-30323.00	-39828.57	1.46473	3.080	0.00
0.00	-30322.99	-39828.41	1.45144	-30322.99	-39828.41	1.45144	3.173	0.00
0.00	-30322.97	-39828.25	1.43792	-30322.97	-39828.25	1.43792	3.309	0.00
0.00	-30322.95	-39828.08	1.42395	-30322.95	-39828.08	1.42395	2.994	0.00
0.00	-30322.93	-39827.95	1.40963	-30322.93	-39827.95	1.40963	3.756	0.00
0.00	-30322.91	-39827.81	1.39558	-30322.91	-39827.81	1.39558	3.624	0.00
0.00	-30322.88	-39827.68	1.38109	-30322.88	-39827.68	1.38109	3.538	0.00
0.00	-30322.86	-39827.55	1.36617	-30322.86	-39827.55	1.36617	3.657	0.00
0.00	-30322.82	-39827.38	1.35084	-30322.82	-39827.38	1.35084	3.766	0.00
0.00	-30322.79	-39827.25	1.33542	-30322.79	-39827.25	1.33542	3.671	0.00
0.00	-30322.76	-39827.09	1.31996	-30322.76	-39827.09	1.31996	3.758	0.00
0.00	-30322.72	-39826.95	1.30449	-30322.72	-39826.95	1.30449	4.857	0.00
0.00	-30322.68	-39826.80	1.28957	-30322.68	-39826.80	1.28957	3.622	0.00
0.00	-30322.64	-39826.64	1.27437	-30322.64	-39826.64	1.27437	3.810	0.00
0.00	-30322.59	-39826.49	1.25913	-30322.59	-39826.49	1.25913	3.192	0.00
0.00	-30322.54	-39826.34	1.24382	-30322.54	-39826.34	1.24382	3.293	0.00
0.00	-30322.50	-39826.20	1.22818	-30322.50	-39826.20	1.22818	4.080	0.00
0.00	-30322.45	-39826.06	1.21197	-30322.45	-39826.06	1.21197	4.090	0.00
0.00	-30322.39	-39825.91	1.19603	-30322.39	-39825.91	1.19603	4.030	0.00
0.00	-30322.34	-39825.78	1.17987	-30322.34	-39825.78	1.17987	4.252	0.00
0.00	-30322.29	-39825.64	1.16403	-30322.29	-39825.64	1.16403	4.103	0.00
0.00	-30322.23	-39825.50	1.14776	-30322.23	-39825.50	1.14776	4.254	0.00
0.00	-30322.16	-39825.36	1.13171	-30322.16	-39825.36	1.13171	4.295	0.00
0.00	-30322.10	-39825.22	1.11511	-30322.10	-39825.22	1.11511	4.350	0.00
0.00	-30322.03	-39825.09	1.09824	-30322.03	-39825.09	1.09824	4.427	0.00
0.00	-30321.97	-39824.95	1.08122	-30321.97	-39824.95	1.08122	4.233	0.00
0.00	-30321.90	-39824.82	1.06506	-30321.90	-39824.82	1.06506	4.486	0.00
0.00	-30321.81	-39824.67	1.04660	-30321.81	-39824.67	1.04660	4.088	0.00
0.00	-30321.73	-39824.52	1.02917	-30321.73	-39824.52	1.02917	5.007	0.00
0.00	-30321.64	-39824.37	1.01171	-30321.64	-39824.37	1.01171	4.690	0.00
0.00	-30321.55	-39824.23	0.99400	-30321.55	-39824.23	0.99400	4.989	0.00
0.00	-30321.46	-39824.10	0.97600	-30321.46	-39824.10	0.97600	5.089	0.00
0.00	-30321.39	-39823.99	0.95820	-30321.39	-39823.99	0.95820	4.693	0.00
0.00	-30321.32	-39823.89	0.94052	-30321.32	-39823.89	0.94052	4.807	0.00
0.00	-30321.24	-39823.79	0.92281	-30321.24	-39823.79	0.92281	4.800	0.00
0.00	-30321.16	-39823.69	0.90486	-30321.16	-39823.69	0.90486	4.972	0.00
0.00	-30321.08	-39823.58	0.88700	-30321.08	-39823.58	0.88700	4.666	0.00
0.00	-30320.99	-39823.48	0.86913	-30320.99	-39823.48	0.86913	4.537	0.00
0.00	-30320.90	-39823.37	0.85117	-30320.90	-39823.37	0.85117	4.922	0.00
0.00	-30320.79	-39823.25	0.83303	-30320.79	-39823.25	0.83303	4.969	0.00
0.00	-30320.70	-39823.15	0.81514	-30320.70	-39823.15	0.81514	4.911	0.00
0.00	-30320.60	-39823.05	0.79828	-30320.60	-39823.05	0.79828	5.399	0.00
0.00	-30320.50	-39822.95	0.77922	-30320.50	-39822.95	0.77922	4.172	0.00
0.00	-30320.38	-39822.83	0.76148	-30320.38	-39822.83	0.76148	5.452	0.00
0.00	-30320.27	-39822.72	0.74365	-30320.27	-39822.72	0.74365	5.153	0.00
0.00	-30320.13	-39822.59	0.72599	-30320.13	-39822.59	0.72599	5.252	0.00
0.00	-30320.01	-39822.49	0.70833	-30320.01	-39822.49	0.70833	5.259	0.00
0.00	-30319.89	-39822.39	0.69078	-30319.89	-39822.39	0.69078	5.409	0.00
0.00	-30319.80	-39822.31	0.67334	-30319.80	-39822.31	0.67334	5.361	0.00
0.00	-30319.71	-39822.25	0.65604	-30319.71	-39822.25	0.65604	5.824	0.00
0.00	-30319.60	-39822.16	0.63906	-30319.60	-39822.16	0.63906	5.915	0.00
0.00	-30319.49	-39822.09	0.62256	-30319.49	-39822.09	0.62256	5.731	0.00
0.00	-30319.39	-39822.01	0.60658	-30319.39	-39822.01	0.60658	5.587	0.00
0.00	-30319.27	-39821.93	0.59094	-30319.27	-39821.93	0.59094	5.717	0.00
0.00	-30319.13	-39821.84	0.57566	-30319.13	-39821.84	0.57566	5.533	0.00
0.00	-30319.01	-39821.77	0.56088	-30319.01	-39821.77	0.56088	6.936	0.00
0.00	-30318.89	-39821.69	0.54641	-30318.89	-39821.69	0.54641	5.979	0.00
0.00	-30318.76	-39821.62	0.53226	-30318.76	-39821.62	0.53226	6.054	0.00
0.00	-30318.61	-39821.53	0.51862	-30318.61	-39821.53	0.51862	7.062	0.00
0.00	-30318.47	-39821.45	0.50541	-30318.47	-39821.45	0.50541	6.251	0.00
0.00	-30318.30	-39821.36	0.49270	-30318.30	-39821.36	0.49270	6.632	0.00
0.00	-30318.15	-39821.28	0.48040	-30318.15	-39821.28	0.48040	6.835	0.00
0.00	-30318.04	-39821.23	0.46874	-30318.04	-39821.23	0.46874	6.709	0.00
0.00	-30317.91	-39821.17	0.45766	-30317.91	-39821.17	0.45766	7.300	0.00
0.00	-30317.78	-39821.10	0.44696	-30317.78	-39821.10	0.44696	6.758	0.00
0.00	-30317.65	-39821.04	0.43689	-30317.65	-39821.04	0.43689	7.296	0.00
0.00	-30317.52	-39820.99	0.42718	-30317.52	-39820.99	0.42718	7.673	0.00
0.00	-30317.38	-39820.93	0.41816	-30317.38	-39820.93	0.41816	6.574	0.00
0.00	-30317.26	-39820.87	0.40936	-30317.26	-39820.87	0.40936	10.513	0.00
0.00	-30317.10	-39820.81	0.40126	-30317.10	-39820.81	0.40126	6.774	0.00
0.00	-30316.93	-39820.74	0.39355	-30316.93	-39820.74	0.39355	7.520	0.00
0.00	-30316.78	-39820.67	0.38661	-30316.78	-39820.67	0.38661	8.094	0.00
0.00	-30316.64	-39820.62	0.37884	-30316.64	-39820.62	0.37884	9.132	0.00
0.00	-30316.49	-39820.56	0.37180	-30316.49	-39820.56	0.37180	9.750	0.00
0.00	-30316.31	-39820.50	0.36514	-30316.31	-39820.50	0.36514	8.027	0.00
0.00	-30316.14	-39820.43	0.35851	-30316.14	-39820.43	0.35851	7.484	0.00
0.00	-30315.95	-39820.36	0.35207	-30315.95	-39820.36	0.35207	7.525	0.00
0.00	-30315.78	-39820.30	0.34607	-30315.78	-39820.30	0.34607	8.873	0.00
0.00	-30315.63	-39820.25	0.34041	-30315.63	-39820.25	0.34041	7.745	0.00
0.00	-30315.51	-39820.21	0.33495	-30315.51	-39820.21	0.33495	8.033	0.00
0.00	-30315.38	-39820.17	0.32986	-30315.38	-39820.17	0.32986	7.833	0.00
0.00	-30315.24	-39820.12	0.32494	-30315.24	-39820.12	0.32494	8.342	0.00
0.00	-30315.09	-39820.07	0.32026	-30315.09	-39820.07	0.32026	7.841	0.00
0.00	-30314.94	-39820.02	0.31582	-30314.94	-39820.02	0.31582	7.974	0.00
0.00	-30314.78	-39819.97	0.31157	-30314.78	-39819.97	0.31157	7.948	0.00
0.00	-30314.60	-39819.91	0.30765	-30314.60	-39819.91	0.30765	9.770	0.00
0.00	-30314.41	-39819.86	0.30404	-30314.41	-39819.86	0.30404	8.653	0.00
0.00	-30314.23	-39819.80	0.30100	-30314.23	-39819.80	0.30100	8.317	0.00
0.00	-30314.05	-39819.75	0.29786	-30314.05	-39819.75	0.29786	9.267	0.00
0.00	-30313.86	-39819.69	0.29514	-30313.86	-39819.69	0.29514	8.916	0.00
0.00	-30313.70	-39819.64	0.29275	-30313.70	-39819.64	0.29275	9.058	0.00
0.00	-30313.53	-39819.59	0.29053	-30313.53	-39819.59	0.29053	9.258	0.00
0.00	-30313.37	-39819.55	0.28863	-30313.37	-39819.55	0.28863	8.489	0.00
0.00	-30313.19	-39819.50	0.28686	-30313.19	-39819.50	0.28686	9.849	0.00
0.00	-30313.00	-39819.45	0.28539	-30313.00	-39819.45	0.28539	9.940	0.00
0.00	-30312.83	-39819.40	0.28433	-30312.83	-39819.40	0.28433	9.147	0.00
0.00	-30312.68	-39819.36	0.28356	-30312.68	-39819.36	0.28356	9.235	0.00
0.00	-30312.50	-39819.31	0.28304	-30312.50	-39819.31	0.28304	9.642	0.00
0.00	-30312.30	-39819.25	0.28267	-30312.30	-39819.25	0.28267	9.923	0.00
0.00	-30312.07	-39819.19	0.28241	-30312.07	-39819.19	0.28241	9.124	0.00
0.00	-30311.90	-39819.14	0.28236	-30311.90	-39819.14	0.28236	9.542	0.00
0.00	-30311.76	-39819.10	0.28237	-30311.76	-39819.10	0.28237	10.829	0.00
0.00	-30311.60	-39819.06	0.28254	-30311.60	-39819.06	0.28254	9.852	0.00
0.00	-30311.44	-39819.01	0.28292	-30311.44	-39819.01	0.28292	9.875	0.00
0.00	-30311.27	-39818.96	0.28355	-30311.27	-39818.96	0.28355	9.282	0.00
0.00	-30311.09	-39818.91	0.28434	-30311.09	-39818.91	0.28434	11.864	0.00
0.00	-30310.92	-39818.86	0.28526	-30310.92	-39818.86	0.28526	10.404	0.00
0.00	-30310.73	-39818.81	0.28630	-30310.73	-39818.81	0.28630	10.416	0.00
0.00	-30310.56	-39818.75	0.28746	-30310.56	-39818.75	0.28746	10.933	0.00
0.00	-30310.35	-39818.69	0.28882	-30310.35	-39818.69	0.28882	11.455	0.00
0.00	-30310.13	-39818.62	0.29037	-30310.13	-39818.62	0.29037	10.437	0.00
0.00	-30309.94	-39818.56	0.29188	-30309.94	-39818.56	0.29188	11.373	0.00
0.00	-30309.78	-39818.51	0.29340	-30309.78	-39818.51	0.29340	9.240	0.00
0.00	-30309.61	-39818.46	0.29510	-30309.61	-39818.46	0.29510	11.963	0.00
0.00	-30309.43	-39818.40	0.29685	-30309.43	-39818.40	0.29685	11.136	0.00
0.00	-30309.25	-39818.34	0.29874	-30309.25	-39818.34	0.29874	10.887	0.00
0.00	-30309.08	-39818.28	0.30077	-30309.08	-39818.28	0.30077	11.501	0.00
0.00	-30308.90	-39818.22	0.30276	-30308.90	-39818.22	0.30276	11.853	0.00
0.00	-30308.72	-39818.16	0.30467	-30308.72	-39818.16	0.30467	11.214	0.00
0.00	-30308.54	-39818.10	0.30652	-30308.54	-39818.10	0.30652	11.078	0.00
0.00	-30308.35	-39818.04	0.30828	-30308.35	-39818.04	0.30828	11.384	0.00
0.00	-30308.17	-39817.98	0.31008	-30308.17	-39817.98	0.31008	13.211	0.00
0.00	-30307.96	-39817.91	0.31188	-30307.96	-39817.91	0.31188	11.877	0.00
0.00	-30307.79	-39817.85	0.31351	-30307.79	-39817.85	0.31351	11.714	0.00
0.00	-30307.62	-39817.79	0.31514	-30307.62	-39817.79	0.31514	11.442	0.00
0.00	-30307.44	-39817.73	0.31667	-30307.44	-39817.73	0.31667	12.425	0.00
0.00	-30307.23	-39817.66	0.31809	-30307.23	-39817.66	0.31809	11.413	0.00
0.00	-30307.03	-39817.59	0.31944	-30307.03	-39817.59	0.31944	11.469	0.00
0.00	-30306.86	-39817.53	0.32071	-30306.86	-39817.53	0.32071	12.059	0.00
0.00	-30306.71	-39817.48	0.32192	-30306.71	-39817.48	0.32192	12.704	0.00
0.00	-30306.54	-39817.42	0.32305	-30306.54	-39817.42	0.32305	12.149	0.00
0.00	-30306.38	-39817.36	0.32408	-30306.38	-39817.36	0.32408	12.020	0.00
0.00	-30306.21	-39817.30	0.32496	-30306.21	-39817.30	0.32496	12.475	0.00
0.00	-30306.03	-39817.25	0.32576	-30306.03	-39817.25	0.32576	14.156	0.00
0.00	-30305.86	-39817.19	0.32653	-30305.86	-39817.19	0.32653	12.299	0.00
0.00	-30305.67	-39817.13	0.32710	-30305.67	-39817.13	0.32710	12.828	0.00
0.00	-30305.49	-39817.07	0.32750	-30305.49	-39817.07	0.32750	12.982	0.00
0.00	-30305.31	-39817.01	0.32778	-30305.31	-39817.01	0.32778	13.063	0.00
0.00	-30305.14	-39816.95	0.32797	-30305.14	-39816.95	0.32797	13.117	0.00
0.00	-30304.96	-39816.89	0.32806	-30304.96	-39816.89	0.32806	13.254	0.00
0.00	-30304.79	-39816.84	0.32808	-30304.79	-39816.84	0.32808	13.435	0.00
0.00	-30304.61	-39816.78	0.32810	-30304.61	-39816.78	0.32810	14.073	0.00
0.00	-30304.40	-39816.71	0.32803	-30304.40	-39816.71	0.32803	13.490	0.00
0.00	-30304.19	-39816.65	0.32791	-30304.19	-39816.65	0.32791	14.107	0.00
0.00	-30304.00	-39816.58	0.32771	-30304.00	-39816.58	0.32771	13.327	0.00
0.00	-30303.81	-39816.53	0.32742	-30303.81	-39816.53	0.32742	14.420	0.00
0.00	-30303.63	-39816.47	0.32713	-30303.63	-39816.47	0.32713	14.358	0.00
0.00	-30303.51	-39816.43	0.32693	-30303.51	-39816.43	0.32693	13.851	0.00
0.00	-30303.29	-39816.36	0.32654	-30303.29	-39816.36	0.32654	13.918	0.00
0.00	-30303.13	-39816.31	0.32621	-30303.13	-39816.31	0.32621	14.571	0.00
0.00	-30303.02	-39816.28	0.32585	-30303.02	-39816.28	0.32585	14.896	0.00
0.00	-30302.84	-39816.22	0.32539	-30302.84	-39816.22	0.32539	14.806	0.00
0.00	-30302.69	-39816.17	0.32504	-30302.69	-39816.17	0.32504	14.572	0.00
0.00	-30302.54	-39816.12	0.32469	-30302.54	-39816.12	0.32469	15.258	0.00
0.00	-30302.38	-39816.07	0.32432	-30302.38	-39816.07	0.32432	14.643	0.00
0.00	-30302.22	-39816.02	0.32398	-30302.22	-39816.02	0.32398	13.980	0.00
0.00	-30302.05	-39815.97	0.32370	-30302.05	-39815.97	0.32370	15.059	0.00
0.00	-30301.88	-39815.91	0.32339	-30301.88	-39815.91	0.32339	14.724	0.00
0.00	-30301.72	-39815.86	0.32304	-30301.72	-39815.86	0.32304	15.793	0.00
0.00	-30301.55	-39815.80	0.32266	-30301.55	-39815.80	0.32266	14.581	0.00
0.00	-30301.35	-39815.74	0.32221	-30301.35	-39815.74	0.32221	14.938	0.00
0.00	-30301.16	-39815.67	0.32174	-30301.16	-39815.67	0.32174	16.481	0.00
0.00	-30300.96	-39815.61	0.32134	-30300.96	-39815.61	0.32134	15.361	0.00
0.00	-30300.77	-39815.55	0.32099	-30300.77	-39815.55	0.32099	16.275	0.00
0.00	-30300.64	-39815.50	0.32075	-30300.64	-39815.50	0.32075	15.220	0.00
0.00	-30300.48	-39815.45	0.32056	-30300.48	-39815.45	0.32056	16.263	0.00
0.00	-30300.31	-39815.39	0.32035	-30300.31	-39815.39	0.32035	15.949	0.00
0.00	-30300.17	-39815.34	0.32010	-30300.17	-39815.34	0.32010	15.801	0.00
0.00	-30299.98	-39815.28	0.31990	-30299.98	-39815.28	0.31990	15.785	0.00
0.00	-30299.80	-39815.22	0.31968	-30299.80	-39815.22	0.31968	16.553	0.00
0.00	-30299.63	-39815.16	0.31947	-30299.63	-39815.16	0.31947	15.783	0.00
0.00	-30299.49	-39815.11	0.31916	-30299.49	-39815.11	0.31916	15.915	0.00
0.00	-30299.34	-39815.07	0.31867	-30299.34	-39815.07	0.31867	16.065	0.00
0.00	-30299.23	-39815.03	0.31803	-30299.23	-39815.03	0.31803	17.006	0.00
0.00	-30299.03	-39814.96	0.31732	-30299.03	-39814.96	0.31732	16.383	0.00
0.00	-30298.89	-39814.91	0.31672	-30298.89	-39814.91	0.31672	15.705	0.00
0.00	-30298.74	-39814.86	0.31629	-30298.74	-39814.86	0.31629	15.454	0.00
0.00	-30296.95	-39814.28	0.31096	-30296.95	-39814.28	0.31096	20.906	0.00
0.00	-30296.88	-39814.26	0.31072	-30296.88	-39814.26	0.31072	17.494	0.00
0.00	-30296.81	-39814.24	0.31048	-30296.81	-39814.24	0.31048	16.874	0.00
0.00	-30296.75	-39814.22	0.31022	-30296.75	-39814.22	0.31022	18.504	0.00
0.00	-30296.68	-39814.20	0.30988	-30296.68	-39814.20	0.30988	18.978	0.00
0.00	-30296.61	-39814.17	0.30961	-30296.61	-39814.17	0.30961	16.701	0.00
0.00	-30296.48	-39814.13	0.30914	-30296.48	-39814.13	0.30914	17.315	0.00
0.00	-30296.40	-39814.11	0.30884	-30296.40	-39814.11	0.30884	17.509	0.00
0.00	-30296.34	-39814.09	0.30857	-30296.34	-39814.09	0.30857	18.379	0.00
0.00	-30296.28	-39814.07	0.30830	-30296.28	-39814.07	0.30830	17.885	0.00
0.00	-30296.20	-39814.04	0.30807	-30296.20	-39814.04	0.30807	17.921	0.00
0.00	-30296.14	-39814.02	0.30786	-30296.14	-39814.02	0.30786	19.085	0.00
0.00	-30296.08	-39814.00	0.30759	-30296.08	-39814.00	0.30759	20.084	0.00
0.00	-30296.47	-39814.13	0.30748	-30296.47	-39814.13	0.30748	18.019	0.00
0.00	-30296.39	-39814.11	0.30726	-30296.39	-39814.11	0.30726	23.068	0.00
0.00	-30296.20	-39814.04	0.30708	-30296.20	-39814.04	0.30708	17.864	0.00
0.00	-30296.11	-39814.01	0.30705	-30296.11	-39814.01	0.30705	19.281	0.00
0.00	-30295.80	-39813.92	0.30675	-30295.80	-39813.92	0.30675	18.080	0.00
0.00	-30295.58	-39813.85	0.30635	-30295.58	-39813.85	0.30635	18.387	0.00
0.00	-30295.36	-39813.78	0.30587	-30295.36	-39813.78	0.30587	18.199	0.00
0.00	-30295.13	-39813.70	0.30519	-30295.13	-39813.70	0.30519	19.084	0.00
0.00	-30294.95	-39813.65	0.30444	-30294.95	-39813.65	0.30444	18.474	0.00
0.00	-30294.78	-39813.59	0.30367	-30294.78	-39813.59	0.30367	19.325	0.00
0.00	-30294.60	-39813.54	0.30298	-30294.60	-39813.54	0.30298	18.101	0.00
0.00	-30294.46	-39813.50	0.30238	-30294.46	-39813.50	0.30238	19.658	0.00
0.00	-30294.25	-39813.43	0.30166	-30294.25	-39813.43	0.30166	18.922	0.00
0.00	-30294.08	-39813.38	0.30104	-30294.08	-39813.38	0.30104	18.721	0.00
0.00	-30293.90	-39813.33	0.30060	-30293.90	-39813.33	0.30060	18.973	0.00
0.00	-30293.73	-39813.28	0.29999	-30293.73	-39813.28	0.29999	19.665	0.00
0.00	-30293.55	-39813.23	0.29923	-30293.55	-39813.23	0.29923	19.323	0.00
0.00	-30293.40	-39813.18	0.29852	-30293.40	-39813.18	0.29852	18.848	0.00
0.00	-30293.20	-39813.13	0.29783	-30293.20	-39813.13	0.29783	19.710	0.00
0.00	-30293.00	-39813.07	0.29710	-30293.00	-39813.07	0.29710	19.252	0.00
0.00	-30292.82	-39813.02	0.29641	-30292.82	-39813.02	0.29641	18.656	0.00
0.00	-30292.64	-39812.97	0.29583	-30292.64	-39812.97	0.29583	20.004	0.00
0.00	-30292.44	-39812.91	0.29539	-30292.44	-39812.91	0.29539	18.924	0.00
0.00	-30292.26	-39812.86	0.29499	-30292.26	-39812.86	0.29499	20.269	0.00
0.00	-30292.09	-39812.81	0.29466	-30292.09	-39812.81	0.29466	20.878	0.00
0.00	-30291.93	-39812.77	0.29443	-30291.93	-39812.77	0.29443	20.844	0.00
0.00	-30291.78	-39812.72	0.29428	-30291.78	-39812.72	0.29428	20.225	0.00
0.00	-30291.63	-39812.68	0.29418	-30291.63	-39812.68	0.29418	21.409	0.00
0.00	-30291.36	-39812.60	0.29394	-30291.36	-39812.60	0.29394	20.524	0.00
0.00	-30291.29	-39812.59	0.29386	-30291.29	-39812.59	0.29386	20.452	0.00
0.00	-30291.13	-39812.54	0.29382	-30291.13	-39812.54	0.29382	20.288	0.00
0.00	-30290.96	-39812.49	0.29392	-30290.96	-39812.49	0.29392	21.016	0.00
0.00	-30290.78	-39812.44	0.29419	-30290.78	-39812.44	0.29419	20.640	0.00
0.00	-30290.61	-39812.39	0.29435	-30290.61	-39812.39	0.29435	21.068	0.00
0.00	-30290.45	-39812.34	0.29459	-30290.45	-39812.34	0.29459	20.837	0.00
0.00	-30290.28	-39812.29	0.29483	-30290.28	-39812.29	0.29483	21.787	0.00
0.00	-30290.11	-39812.24	0.29503	-30290.11	-39812.24	0.29503	21.095	0.00
0.00	-30289.96	-39812.20	0.29522	-30289.96	-39812.20	0.29522	21.173	0.00
0.00	-30289.76	-39812.14	0.29519	-30289.76	-39812.14	0.29519	21.623	0.00
0.00	-30289.56	-39812.08	0.29534	-30289.56	-39812.08	0.29534	21.417	0.00
0.00	-30289.39	-39812.03	0.29559	-30289.39	-39812.03	0.29559	22.915	0.00
0.00	-30289.24	-39811.98	0.29583	-30289.24	-39811.98	0.29583	22.159	0.00
0.00	-30289.08	-39811.94	0.29598	-30289.08	-39811.94	0.29598	21.222	0.00
0.00	-30288.93	-39811.89	0.29604	-30288.93	-39811.89	0.29604	23.920	0.00
0.00	-30288.77	-39811.85	0.29602	-30288.77	-39811.85	0.29602	22.282	0.00
0.00	-30288.61	-39811.80	0.29601	-30288.61	-39811.80	0.29601	21.609	0.00
0.00	-30288.44	-39811.75	0.29603	-30288.44	-39811.75	0.29603	22.676	0.00
0.00	-30288.28	-39811.70	0.29608	-30288.28	-39811.70	0.29608	23.616	0.00
0.00	-30288.11	-39811.65	0.29616	-30288.11	-39811.65	0.29616	22.243	0.00
0.00	-30287.95	-39811.60	0.29631	-30287.95	-39811.60	0.29631	22.134	0.00
0.00	-30287.78	-39811.55	0.29646	-30287.78	-39811.55	0.29646	22.576	0.00
0.00	-30287.62	-39811.50	0.29656	-30287.62	-39811.50	0.29656	23.256	0.00
0.00	-30287.46	-39811.45	0.29664	-30287.46	-39811.45	0.29664	22.380	0.00
0.00	-30287.26	-39811.39	0.29673	-30287.26	-39811.39	0.29673	22.719	0.00
0.00	-30287.04	-39811.32	0.29687	-30287.04	-39811.32	0.29687	23.394	0.00
0.00	-30286.97	-39811.30	0.29693	-30286.97	-39811.30	0.29693	24.249	0.00
0.00	-30286.81	-39811.25	0.29700	-30286.81	-39811.25	0.29700	21.744	0.00
0.00	-30286.64	-39811.20	0.29707	-30286.64	-39811.20	0.29707	24.245	0.00
0.00	-30286.45	-39811.14	0.29713	-30286.45	-39811.14	0.29713	22.892	0.00
0.00	-30286.19	-39811.06	0.29718	-30286.19	-39811.06	0.29718	23.404	0.00
0.00	-30286.13	-39811.04	0.29719	-30286.13	-39811.04	0.29719	23.140	0.00
0.00	-30285.97	-39810.99	0.29723	-30285.97	-39810.99	0.29723	23.410	0.00
0.00	-30285.82	-39810.95	0.29729	-30285.82	-39810.95	0.29729	22.320	0.00
0.00	-30285.67	-39810.90	0.29732	-30285.67	-39810.90	0.29732	24.310	0.00
0.00	-30285.51	-39810.85	0.29738	-30285.51	-39810.85	0.29738	24.092	0.00
0.00	-30285.35	-39810.80	0.29743	-30285.35	-39810.80	0.29743	22.589	0.00
0.00	-30285.19	-39810.75	0.29744	-30285.19	-39810.75	0.29744	23.856	0.00
0.00	-30285.03	-39810.70	0.29746	-30285.03	-39810.70	0.29746	24.511	0.00
0.00	-30284.88	-39810.66	0.29753	-30284.88	-39810.66	0.29753	23.866	0.00
0.00	-30284.72	-39810.61	0.29770	-30284.72	-39810.61	0.29770	23.705	0.00
0.00	-30284.56	-39810.56	0.29790	-30284.56	-39810.56	0.29790	24.565	0.00
0.00	-30284.41	-39810.51	0.29810	-30284.41	-39810.51	0.29810	25.313	0.00
0.00	-30284.25	-39810.46	0.29831	-30284.25	-39810.46	0.29831	25.204	0.00
0.00	-30284.09	-39810.41	0.29853	-30284.09	-39810.41	0.29853	24.883	0.00
0.00	-30283.93	-39810.36	0.29865	-30283.93	-39810.36	0.29865	24.447	0.00
0.00	-30283.78	-39810.32	0.29868	-30283.78	-39810.32	0.29868	26.030	0.00
0.00	-30283.56	-39810.25	0.29866	-30283.56	-39810.25	0.29866	23.730	0.00
0.00	-30283.43	-39810.21	0.29862	-30283.43	-39810.21	0.29862	25.837	0.00
0.00	-30283.25	-39810.15	0.29855	-30283.25	-39810.15	0.29855	24.218	0.00
0.00	-30283.07	-39810.10	0.29843	-30283.07	-39810.10	0.29843	26.243	0.00
0.00	-30282.93	-39810.06	0.29825	-30282.93	-39810.06	0.29825	25.382	0.00
0.00	-30282.82	-39810.02	0.29804	-30282.82	-39810.02	0.29804	23.568	0.00
0.00	-30282.64	-39809.97	0.29783	-30282.64	-39809.97	0.29783	24.914	0.00
0.00	-30282.49	-39809.92	0.29775	-30282.49	-39809.92	0.29775	26.142	0.00
0.00	-30282.35	-39809.88	0.29777	-30282.35	-39809.88	0.29777	24.832	0.00
0.00	-30282.20	-39809.83	0.29779	-30282.20	-39809.83	0.29779	24.917	0.00
0.00	-30282.04	-39809.79	0.29769	-30282.04	-39809.79	0.29769	25.403	0.00
0.00	-30281.89	-39809.74	0.29757	-30281.89	-39809.74	0.29757	26.095	0.00
0.00	-30281.73	-39809.69	0.29735	-30281.73	-39809.69	0.29735	26.288	0.00
0.00	-30281.57	-39809.65	0.29715	-30281.57	-39809.65	0.29715	25.451	0.00
0.00	-30281.41	-39809.60	0.29694	-30281.41	-39809.60	0.29694	25.367	0.00
0.00	-30281.26	-39809.55	0.29676	-30281.26	-39809.55	0.29676	27.396	0.00
0.00	-30281.10	-39809.51	0.29659	-30281.10	-39809.51	0.29659	25.365	0.00
0.00	-30280.94	-39809.46	0.29635	-30280.94	-39809.46	0.29635	27.563	0.00
0.00	-30280.79	-39809.41	0.29617	-30280.79	-39809.41	0.29617	25.336	0.00
0.00	-30280.64	-39809.37	0.29598	-30280.64	-39809.37	0.29598	27.207	0.00
0.00	-30280.49	-39809.32	0.29587	-30280.49	-39809.32	0.29587	26.224	0.00
0.00	-30280.30	-39809.26	0.29581	-30280.30	-39809.26	0.29581	26.558	0.00
0.00	-30280.11	-39809.21	0.29577	-30280.11	-39809.21	0.29577	26.374	0.00
0.00	-30279.85	-39809.13	0.29573	-30279.85	-39809.13	0.29573	26.213	0.00
0.00	-30279.74	-39809.10	0.29572	-30279.74	-39809.10	0.29572	26.471	0.00
0.00	-30279.66	-39809.07	0.29576	-30279.66	-39809.07	0.29576	27.217	0.00
0.00	-30279.52	-39809.03	0.29585	-30279.52	-39809.03	0.29585	26.334	0.00
0.00	-30279.38	-39808.99	0.29595	-30279.38	-39808.99	0.29595	27.846	0.00
0.00	-30279.23	-39808.94	0.29605	-30279.23	-39808.94	0.29605	26.553	0.00
0.00	-30279.08	-39808.90	0.29617	-30279.08	-39808.90	0.29617	26.112	0.00
0.00	-30278.93	-39808.85	0.29637	-30278.93	-39808.85	0.29637	27.374	0.00
0.00	-30278.77	-39808.80	0.29666	-30278.77	-39808.80	0.29666	27.908	0.00
0.00	-30278.52	-39808.73	0.29703	-30278.52	-39808.73	0.29703	26.771	0.00
0.00	-30278.45	-39808.70	0.29725	-30278.45	-39808.70	0.29725	26.914	0.00
0.00	-30278.28	-39808.65	0.29755	-30278.28	-39808.65	0.29755	27.361	0.00
0.00	-30278.11	-39808.60	0.29783	-30278.11	-39808.60	0.29783	28.476	0.00
0.00	-30277.95	-39808.55	0.29818	-30277.95	-39808.55	0.29818	27.657	0.00
0.00	-30277.79	-39808.50	0.29863	-30277.79	-39808.50	0.29863	28.240	0.00
0.00	-30277.63	-39808.45	0.29916	-30277.63	-39808.45	0.29916	26.677	0.00
0.00	-30277.47	-39808.40	0.29974	-30277.47	-39808.40	0.29974	27.848	0.00
0.00	-30277.33	-39808.36	0.30029	-30277.33	-39808.36	0.30029	27.890	0.00
0.00	-30277.15	-39808.30	0.30069	-30277.15	-39808.30	0.30069	27.968	0.00
0.00	-30276.96	-39808.25	0.30095	-30276.96	-39808.25	0.30095	27.335	0.00
0.00	-30276.80	-39808.19	0.30110	-30276.80	-39808.19	0.30110	28.907	0.00
0.00	-30276.66	-39808.15	0.30107	-30276.66	-39808.15	0.30107	28.764	0.00
0.00	-30276.51	-39808.11	0.30095	-30276.51	-39808.11	0.30095	27.889	0.00
0.00	-30276.34	-39808.06	0.30078	-30276.34	-39808.06	0.30078	27.822	0.00
0.00	-30276.16	-39808.00	0.30050	-30276.16	-39808.00	0.30050	29.155	0.00
0.00	-30276.07	-39807.98	0.30030	-30276.07	-39807.98	0.30030	28.399	0.00
0.00	-30275.91	-39807.93	0.30011	-30275.91	-39807.93	0.30011	30.496	0.00
0.00	-30275.76	-39807.88	0.29990	-30275.76	-39807.88	0.29990	28.006	0.00
0.00	-30275.60	-39807.84	0.29972	-30275.60	-39807.84	0.29972	28.336	0.00
0.00	-30275.45	-39807.79	0.29954	-30275.45	-39807.79	0.29954	28.630	0.00
0.00	-30275.29	-39807.75	0.29935	-30275.29	-39807.75	0.29935	26.922	0.00
0.00	-30275.14	-39807.70	0.29914	-30275.14	-39807.70	0.29914	29.483	0.00
0.00	-30274.99	-39807.66	0.29897	-30274.99	-39807.66	0.29897	29.391	0.00
0.00	-30274.83	-39807.61	0.29863	-30274.83	-39807.61	0.29863	27.025	0.00
0.00	-30274.67	-39807.57	0.29821	-30274.67	-39807.57	0.29821	29.190	0.00
0.00	-30274.52	-39807.52	0.29773	-30274.52	-39807.52	0.29773	28.110	0.00
0.00	-30274.36	-39807.48	0.29737	-30274.36	-39807.48	0.29737	29.401	0.00
0.00	-30274.23	-39807.44	0.29677	-30274.23	-39807.44	0.29677	29.030	0.00
0.00	-30274.05	-39807.39	0.29616	-30274.05	-39807.39	0.29616	27.846	0.00
0.00	-30273.88	-39807.34	0.29562	-30273.88	-39807.34	0.29562	30.640	0.00
0.00	-30273.73	-39807.30	0.29517	-30273.73	-39807.30	0.29517	29.270	0.00
0.00	-30273.60	-39807.26	0.29491	-30273.60	-39807.26	0.29491	28.430	0.00
0.00	-30273.46	-39807.22	0.29458	-30273.46	-39807.22	0.29458	29.678	0.00
0.00	-30273.31	-39807.18	0.29425	-30273.31	-39807.18	0.29425	29.328	0.00
0.00	-30273.17	-39807.14	0.29388	-30273.17	-39807.14	0.29388	31.005	0.00
0.00	-30273.02	-39807.09	0.29365	-30273.02	-39807.09	0.29365	29.325	0.00
0.00	-30272.79	-39807.03	0.29350	-30272.79	-39807.03	0.29350	29.317	0.00
0.00	-30272.71	-39807.00	0.29344	-30272.71	-39807.00	0.29344	30.571	0.00
0.00	-30272.56	-39806.96	0.29344	-30272.56	-39806.96	0.29344	29.436	0.00
0.00	-30272.41	-39806.91	0.29341	-30272.41	-39806.91	0.29341	29.554	0.00
0.00	-30272.26	-39806.87	0.29339	-30272.26	-39806.87	0.29339	29.688	0.00
0.00	-30272.11	-39806.82	0.29328	-30272.11	-39806.82	0.29328	31.432	0.00
0.00	-30271.97	-39806.78	0.29318	-30271.97	-39806.78	0.29318	31.366	0.00
0.00	-30271.82	-39806.74	0.29313	-30271.82	-39806.74	0.29313	29.331	0.00
0.00	-30271.67	-39806.69	0.29319	-30271.67	-39806.69	0.29319	30.385	0.00
0.00	-30271.52	-39806.65	0.29331	-30271.52	-39806.65	0.29331	31.045	0.00
0.00	-30271.28	-39806.57	0.29352	-30271.28	-39806.57	0.29352	31.683	0.00
0.00	-30271.24	-39806.56	0.29370	-30271.24	-39806.56	0.29370	30.633	0.00
0.00	-30271.09	-39806.51	0.29401	-30271.09	-39806.51	0.29401	29.416	0.00
0.00	-30270.92	-39806.46	0.29425	-30270.92	-39806.46	0.29425	32.088	0.00
0.00	-30270.76	-39806.42	0.29456	-30270.76	-39806.42	0.29456	31.270	0.00
0.00	-30270.62	-39806.37	0.29487	-30270.62	-39806.37	0.29487	30.875	0.00
0.00	-30270.47	-39806.32	0.29520	-30270.47	-39806.32	0.29520	30.216	0.00
0.00	-30270.32	-39806.28	0.29551	-30270.32	-39806.28	0.29551	31.290	0.00
0.00	-30270.18	-39806.23	0.29593	-30270.18	-39806.23	0.29593	32.041	0.00
0.00	-30270.04	-39806.19	0.29635	-30270.04	-39806.19	0.29635	30.781	0.00
0.00	-30269.89	-39806.14	0.29673	-30269.89	-39806.14	0.29673	31.812	0.00
0.00	-30269.74	-39806.09	0.29710	-30269.74	-39806.09	0.29710	33.134	0.00
0.00	-30269.56	-39806.03	0.29751	-30269.56	-39806.03	0.29751	33.354	0.00
0.00	-30269.37	-39805.97	0.29796	-30269.37	-39805.97	0.29796	31.034	0.00
0.00	-30269.24	-39805.93	0.29840	-30269.24	-39805.93	0.29840	30.937	0.00
0.00	-30269.15	-39805.90	0.29868	-30269.15	-39805.90	0.29868	38.335	0.00
0.00	-30268.99	-39805.85	0.29888	-30268.99	-39805.85	0.29888	35.691	0.00
0.00	-30268.83	-39805.80	0.29909	-30268.83	-39805.80	0.29909	31.499	0.00
0.00	-30268.67	-39805.75	0.29938	-30268.67	-39805.75	0.29938	33.075	0.00
0.00	-30268.52	-39805.70	0.29975	-30268.52	-39805.70	0.29975	33.272	0.00
0.00	-30268.37	-39805.65	0.30017	-30268.37	-39805.65	0.30017	33.198	0.00
0.00	-30268.19	-39805.60	0.30056	-30268.19	-39805.60	0.30056	32.036	0.00
0.00	-30268.02	-39805.54	0.30118	-30268.02	-39805.54	0.30118	32.389	0.00
0.00	-30267.85	-39805.48	0.30185	-30267.85	-39805.48	0.30185	33.450	0.00
0.00	-30267.70	-39805.44	0.30253	-30267.70	-39805.44	0.30253	31.803	0.00
0.00	-30267.55	-39805.39	0.30338	-30267.55	-39805.39	0.30338	35.005	0.00
0.00	-30267.40	-39805.34	0.30412	-30267.40	-39805.34	0.30412	32.117	0.00
0.00	-30267.26	-39805.29	0.30497	-30267.26	-39805.29	0.30497	31.881	0.00
0.00	-30267.11	-39805.24	0.30572	-30267.11	-39805.24	0.30572	33.686	0.00
0.00	-30266.95	-39805.19	0.30639	-30266.95	-39805.19	0.30639	31.569	0.00
0.00	-30266.80	-39805.14	0.30702	-30266.80	-39805.14	0.30702	32.187	0.00
0.00	-30266.65	-39805.09	0.30757	-30266.65	-39805.09	0.30757	33.384	0.00
0.00	-30266.49	-39805.04	0.30789	-30266.49	-39805.04	0.30789	33.909	0.00
0.00	-30266.34	-39804.99	0.30826	-30266.34	-39804.99	0.30826	32.562	0.00
0.00	-30266.19	-39804.94	0.30867	-30266.19	-39804.94	0.30867	33.102	0.00
0.00	-30266.03	-39804.89	0.30910	-30266.03	-39804.89	0.30910	32.930	0.00
0.00	-30265.85	-39804.83	0.30953	-30265.85	-39804.83	0.30953	33.042	0.00
0.00	-30265.71	-39804.78	0.30992	-30265.71	-39804.78	0.30992	33.045	0.00
0.00	-30265.57	-39804.73	0.31031	-30265.57	-39804.73	0.31031	33.093	0.00
0.00	-30265.42	-39804.68	0.31066	-30265.42	-39804.68	0.31066	35.560	0.00
0.00	-30265.31	-39804.65	0.31102	-30265.31	-39804.65	0.31102	39.575	0.00
0.00	-30265.10	-39804.58	0.31148	-30265.10	-39804.58	0.31148	33.499	0.00
0.00	-30264.92	-39804.52	0.31180	-30264.92	-39804.52	0.31180	34.638	0.00
0.00	-30264.75	-39804.46	0.31212	-30264.75	-39804.46	0.31212	34.610	0.00
0.00	-30264.61	-39804.42	0.31234	-30264.61	-39804.42	0.31234	34.006	0.00
0.00	-30264.48	-39804.37	0.31248	-30264.48	-39804.37	0.31248	33.600	0.00
0.00	-30264.30	-39804.32	0.31258	-30264.30	-39804.32	0.31258	34.640	0.00
0.00	-30264.13	-39804.26	0.31266	-30264.13	-39804.26	0.31266	34.009	0.00
0.00	-30263.95	-39804.20	0.31271	-30263.95	-39804.20	0.31271	35.613	0.00
0.00	-30263.77	-39804.14	0.31280	-30263.77	-39804.14	0.31280	34.241	0.00
0.00	-30263.61	-39804.09	0.31284	-30263.61	-39804.09	0.31284	33.942	0.00
0.00	-30263.45	-39804.04	0.31284	-30263.45	-39804.04	0.31284	35.718	0.00
0.00	-30263.30	-39803.99	0.31285	-30263.30	-39803.99	0.31285	34.417	0.00
0.00	-30263.18	-39803.95	0.31283	-30263.18	-39803.95	0.31283	38.192	0.00
0.00	-30263.06	-39803.91	0.31281	-30263.06	-39803.91	0.31281	38.412	0.00
0.00	-30262.92	-39803.87	0.31283	-30262.92	-39803.87	0.31283	41.820	0.00
0.00	-30262.78	-39803.82	0.31288	-30262.78	-39803.82	0.31288	37.600	0.00
0.00	-30262.64	-39803.77	0.31293	-30262.64	-39803.77	0.31293	35.270	0.00
0.00	-30262.41	-39803.70	0.31298	-30262.41	-39803.70	0.31298	34.396	0.00
0.00	-30262.33	-39803.67	0.31300	-30262.33	-39803.67	0.31300	42.145	0.00
0.00	-30262.14	-39803.61	0.31300	-30262.14	-39803.61	0.31300	34.787	0.00
0.00	-30262.02	-39803.57	0.31302	-30262.02	-39803.57	0.31302	35.244	0.00
0.00	-30261.83	-39803.51	0.31315	-30261.83	-39803.51	0.31315	35.216	0.00
0.00	-30261.65	-39803.45	0.31329	-30261.65	-39803.45	0.31329	36.466	0.00
0.00	-30261.52	-39803.41	0.31347	-30261.52	-39803.41	0.31347	35.440	0.00
0.00	-30261.39	-39803.37	0.31371	-30261.39	-39803.37	0.31371	34.626	0.00
0.00	-30261.20	-39803.31	0.31395	-30261.20	-39803.31	0.31395	34.771	0.00
0.00	-30261.12	-39803.28	0.31410	-30261.12	-39803.28	0.31410	35.922	0.00
0.00	-30260.96	-39803.23	0.31425	-30260.96	-39803.23	0.31425	36.374	0.00
0.00	-30260.81	-39803.18	0.31438	-30260.81	-39803.18	0.31438	35.262	0.00
0.00	-30260.53	-39803.09	0.31453	-30260.53	-39803.09	0.31453	35.627	0.00
0.00	-30260.51	-39803.08	0.31450	-30260.51	-39803.08	0.31450	36.939	0.00
0.00	-30260.34	-39803.02	0.31440	-30260.34	-39803.02	0.31440	36.978	0.00
0.00	-30260.17	-39802.97	0.31424	-30260.17	-39802.97	0.31424	35.668	0.00
0.00	-30260.01	-39802.92	0.31405	-30260.01	-39802.92	0.31405	37.300	0.00
0.00	-30259.85	-39802.86	0.31385	-30259.85	-39802.86	0.31385	35.580	0.00
0.00	-30259.57	-39802.78	0.31358	-30259.57	-39802.78	0.31358	36.844	0.00
0.00	-30259.53	-39802.76	0.31350	-30259.53	-39802.76	0.31350	35.235	0.00
0.00	-30259.30	-39802.69	0.31344	-30259.30	-39802.69	0.31344	35.753	0.00
0.00	-30259.04	-39802.61	0.31346	-30259.04	-39802.61	0.31346	37.683	0.00
0.00	-30259.09	-39802.62	0.31349	-30259.09	-39802.62	0.31349	38.453	0.00
0.00	-30258.87	-39802.55	0.31352	-30258.87	-39802.55	0.31352	35.711	0.00
0.00	-30258.58	-39802.46	0.31351	-30258.58	-39802.46	0.31351	36.518	0.00
0.00	-30258.50	-39802.43	0.31350	-30258.50	-39802.43	0.31350	37.368	0.00
0.00	-30258.42	-39802.40	0.31348	-30258.42	-39802.40	0.31348	43.871	0.00
0.00	-30258.23	-39802.34	0.31335	-30258.23	-39802.34	0.31335	35.905	0.00
0.00	-30258.14	-39802.31	0.31328	-30258.14	-39802.31	0.31328	37.341	0.00
0.00	-30257.98	-39802.26	0.31322	-30257.98	-39802.26	0.31322	36.052	0.00
0.00	-30257.83	-39802.21	0.31327	-30257.83	-39802.21	0.31327	37.737	0.00
0.00	-30257.66	-39802.16	0.31326	-30257.66	-39802.16	0.31326	36.199	0.00
0.00	-30257.51	-39802.11	0.31328	-30257.51	-39802.11	0.31328	36.502	0.00
0.00	-30257.35	-39802.06	0.31322	-30257.35	-39802.06	0.31322	37.603	0.00
0.00	-30257.20	-39802.01	0.31322	-30257.20	-39802.01	0.31322	37.106	0.00
0.00	-30257.03	-39801.95	0.31312	-30257.03	-39801.95	0.31312	36.192	0.00
0.00	-30256.89	-39801.90	0.31311	-30256.89	-39801.90	0.31311	37.962	0.00
0.00	-30256.71	-39801.85	0.31303	-30256.71	-39801.85	0.31303	37.822	0.00
0.00	-30256.56	-39801.80	0.31300	-30256.56	-39801.80	0.31300	38.060	0.00
0.00	-30256.40	-39801.75	0.31292	-30256.40	-39801.75	0.31292	36.681	0.00
0.00	-30256.26	-39801.70	0.31299	-30256.26	-39801.70	0.31299	38.020	0.00
0.00	-30256.10	-39801.65	0.31301	-30256.10	-39801.65	0.31301	37.359	0.00
0.00	-30255.96	-39801.60	0.31303	-30255.96	-39801.60	0.31303	38.223	0.00
0.00	-30255.74	-39801.53	0.31296	-30255.74	-39801.53	0.31296	37.653	0.00
0.00	-30255.59	-39801.48	0.31277	-30255.59	-39801.48	0.31277	37.392	0.00
0.00	-30255.39	-39801.42	0.31249	-30255.39	-39801.42	0.31249	42.724	0.00
0.00	-30255.20	-39801.36	0.31215	-30255.20	-39801.36	0.31215	39.061	0.00
0.00	-30255.16	-39801.34	0.31202	-30255.16	-39801.34	0.31202	38.090	0.00
0.00	-30255.01	-39801.30	0.31194	-30255.01	-39801.30	0.31194	39.169	0.00
0.00	-30254.81	-39801.23	0.31193	-30254.81	-39801.23	0.31193	38.751	0.00
0.00	-30254.71	-39801.20	0.31200	-30254.71	-39801.20	0.31200	41.096	0.00
0.00	-30254.54	-39801.15	0.31208	-30254.54	-39801.15	0.31208	37.360	0.00
0.00	-30254.39	-39801.10	0.31211	-30254.39	-39801.10	0.31211	38.899	0.00
0.00	-30254.22	-39801.04	0.31203	-30254.22	-39801.04	0.31203	39.479	0.00
0.00	-30254.07	-39800.99	0.31201	-30254.07	-39800.99	0.31201	39.468	0.00
0.00	-30253.90	-39800.94	0.31194	-30253.90	-39800.94	0.31194	39.227	0.00
0.00	-30253.75	-39800.89	0.31196	-30253.75	-39800.89	0.31196	38.802	0.00
0.00	-30253.59	-39800.84	0.31197	-30253.59	-39800.84	0.31197	38.420	0.00
0.00	-30253.44	-39800.79	0.31197	-30253.44	-39800.79	0.31197	41.690	0.00
0.00	-30253.27	-39800.73	0.31176	-30253.27	-39800.73	0.31176	38.885	0.00
0.00	-30253.12	-39800.69	0.31147	-30253.12	-39800.69	0.31147	39.887	0.00
0.00	-30252.95	-39800.63	0.31118	-30252.95	-39800.63	0.31118	39.973	0.00
0.00	-30252.79	-39800.58	0.31097	-30252.79	-39800.58	0.31097	39.752	0.00
0.00	-30252.60	-39800.52	0.31085	-30252.60	-39800.52	0.31085	38.924	0.00
0.00	-30252.41	-39800.46	0.31072	-30252.41	-39800.46	0.31072	39.260	0.00
0.00	-30252.22	-39800.40	0.31061	-30252.22	-39800.40	0.31061	40.666	0.00
0.00	-30252.09	-39800.36	0.31038	-30252.09	-39800.36	0.31038	39.092	0.00
0.00	-30251.83	-39800.27	0.30983	-30251.83	-39800.27	0.30983	39.120	0.00
0.00	-30251.83	-39800.27	0.30953	-30251.83	-39800.27	0.30953	40.619	0.00
0.00	-30251.58	-39800.19	0.30928	-30251.58	-39800.19	0.30928	39.832	0.00
0.00	-30251.47	-39800.16	0.30914	-30251.47	-39800.16	0.30914	41.564	0.00
0.00	-30251.31	-39800.11	0.30907	-30251.31	-39800.11	0.30907	38.670	0.00
0.00	-30251.02	-39800.02	0.30893	-30251.02	-39800.02	0.30893	40.797	0.00
0.00	-30250.92	-39799.99	0.30881	-30250.92	-39799.99	0.30881	47.980	0.00
0.00	-30250.82	-39799.96	0.30863	-30250.82	-39799.96	0.30863	41.526	0.00
0.00	-30250.62	-39799.89	0.30845	-30250.62	-39799.89	0.30845	40.580	0.00
0.00	-30250.50	-39799.85	0.30826	-30250.50	-39799.85	0.30826	40.200	0.00
0.00	-30250.33	-39799.80	0.30811	-30250.33	-39799.80	0.30811	41.570	0.00
0.00	-30250.17	-39799.75	0.30800	-30250.17	-39799.75	0.30800	41.100	0.00
0.00	-30250.00	-39799.69	0.30798	-30250.00	-39799.69	0.30798	39.582	0.00
0.00	-30249.84	-39799.64	0.30790	-30249.84	-39799.64	0.30790	41.380	0.00
0.00	-30249.67	-39799.59	0.30770	-30249.67	-39799.59	0.30770	41.535	0.00
0.00	-30249.49	-39799.53	0.30742	-30249.49	-39799.53	0.30742	41.540	0.00
0.00	-30249.28	-39799.47	0.30720	-30249.28	-39799.47	0.30720	41.676	0.00
0.00	-30249.09	-39799.41	0.30704	-30249.09	-39799.41	0.30704	40.538	0.00
0.00	-30248.94	-39799.36	0.30694	-30248.94	-39799.36	0.30694	41.518	0.00
0.00	-30248.76	-39799.30	0.30694	-30248.76	-39799.30	0.30694	42.349	0.00
0.00	-30248.59	-39799.25	0.30709	-30248.59	-39799.25	0.30709	39.897	0.00
0.00	-30248.52	-39799.22	0.30724	-30248.52	-39799.22	0.30724	43.707	0.00
0.00	-30248.36	-39799.17	0.30740	-30248.36	-39799.17	0.30740	42.033	0.00
0.00	-30248.16	-39799.10	0.30753	-30248.16	-39799.10	0.30753	41.926	0.00
0.00	-30247.78	-39798.98	0.30775	-30247.78	-39798.98	0.30775	45.340	0.00
0.00	-30247.70	-39798.95	0.30775	-30247.70	-39798.95	0.30775	41.035	0.00
0.00	-30247.62	-39798.93	0.30804	-30247.62	-39798.93	0.30804	44.711	0.00
0.00	-30247.45	-39798.87	0.30805	-30247.45	-39798.87	0.30805	44.660	0.00
0.00	-30247.32	-39798.83	0.30833	-30247.32	-39798.83	0.30833	43.126	0.00
0.00	-30247.28	-39798.82	0.30855	-30247.28	-39798.82	0.30855	42.758	0.00
0.00	-30246.97	-39798.71	0.30886	-30246.97	-39798.71	0.30886	46.347	0.00
0.00	-30246.91	-39798.69	0.30917	-30246.91	-39798.69	0.30917	42.079	0.00
0.00	-30246.65	-39798.61	0.30900	-30246.65	-39798.61	0.30900	43.241	0.00
0.00	-30246.63	-39798.60	0.30922	-30246.63	-39798.60	0.30922	42.721	0.00
0.00	-30246.39	-39798.52	0.30947	-30246.39	-39798.52	0.30947	44.067	0.00
0.00	-30246.28	-39798.48	0.30982	-30246.28	-39798.48	0.30982	49.914	0.00
0.00	-30246.05	-39798.41	0.31012	-30246.05	-39798.41	0.31012	42.891	0.00
0.00	-30245.90	-39798.36	0.31069	-30245.90	-39798.36	0.31069	42.390	0.00
0.00	-30245.71	-39798.30	0.31069	-30245.71	-39798.30	0.31069	44.536	0.00
0.00	-30245.63	-39798.27	0.31110	-30245.63	-39798.27	0.31110	49.687	0.00
0.00	-30245.47	-39798.22	0.31138	-30245.47	-39798.22	0.31138	42.442	0.00
0.00	-30245.32	-39798.17	0.31212	-30245.32	-39798.17	0.31212	42.724	0.00
0.00	-30245.16	-39798.11	0.31248	-30245.16	-39798.11	0.31248	43.538	0.00
0.00	-30245.01	-39798.06	0.31307	-30245.01	-39798.06	0.31307	43.677	0.00
0.00	-30244.82	-39798.00	0.31321	-30244.82	-39798.00	0.31321	41.333	0.00
0.00	-30244.71	-39797.96	0.31340	-30244.71	-39797.96	0.31340	43.494	0.00
0.00	-30244.52	-39797.90	0.31328	-30244.52	-39797.90	0.31328	45.430	0.00
0.00	-30244.40	-39797.86	0.31326	-30244.40	-39797.86	0.31326	43.953	0.00
0.00	-30244.21	-39797.80	0.31319	-30244.21	-39797.80	0.31319	43.082	0.00
0.00	-30244.06	-39797.75	0.31307	-30244.06	-39797.75	0.31307	42.670	0.00
0.00	-30243.90	-39797.70	0.31288	-30243.90	-39797.70	0.31288	44.718	0.00
0.00	-30243.76	-39797.65	0.31246	-30243.76	-39797.65	0.31246	45.184	0.00
0.00	-30243.60	-39797.60	0.31200	-30243.60	-39797.60	0.31200	44.566	0.00
0.00	-30243.45	-39797.55	0.31123	-30243.45	-39797.55	0.31123	46.296	0.00
0.00	-30243.29	-39797.51	0.31070	-30243.29	-39797.51	0.31070	45.859	0.00
0.00	-30243.10	-39797.45	0.31013	-30243.10	-39797.45	0.31013	44.632	0.00
0.00	-30242.93	-39797.39	0.30991	-30242.93	-39797.39	0.30991	43.553	0.00
0.00	-30242.76	-39797.34	0.30965	-30242.76	-39797.34	0.30965	43.764	0.00
0.00	-30242.62	-39797.30	0.30941	-30242.62	-39797.30	0.30941	46.284	0.00
0.00	-30242.49	-39797.25	0.30906	-30242.49	-39797.25	0.30906	42.871	0.00
0.00	-30242.22	-39797.17	0.30838	-30242.22	-39797.17	0.30838	43.892	0.00
0.00	-30242.13	-39797.14	0.30811	-30242.13	-39797.14	0.30811	45.145	0.00
0.00	-30242.00	-39797.10	0.30785	-30242.00	-39797.10	0.30785	52.475	0.00
0.00	-30241.84	-39797.05	0.30760	-30241.84	-39797.05	0.30760	45.148	0.00
0.00	-30241.62	-39796.98	0.30710	-30241.62	-39796.98	0.30710	49.163	0.00
0.00	-30241.59	-39796.98	0.30643	-30241.59	-39796.98	0.30643	46.417	0.00
0.00	-30241.30	-39796.89	0.30569	-30241.30	-39796.89	0.30569	46.232	0.00
0.00	-30241.16	-39796.84	0.30486	-30241.16	-39796.84	0.30486	46.032	0.00
0.00	-30241.07	-39796.82	0.30414	-30241.07	-39796.82	0.30414	47.428	0.00
0.00	-30240.86	-39796.75	0.30359	-30240.86	-39796.75	0.30359	45.549	0.00
0.00	-30240.72	-39796.71	0.30312	-30240.72	-39796.71	0.30312	47.621	0.00
0.00	-30240.61	-39796.68	0.30263	-30240.61	-39796.68	0.30263	45.442	0.00
0.00	-30240.41	-39796.62	0.30201	-30240.41	-39796.62	0.30201	46.175	0.00
0.00	-30240.30	-39796.59	0.30132	-30240.30	-39796.59	0.30132	45.367	0.00
0.00	-30240.15	-39796.54	0.30060	-30240.15	-39796.54	0.30060	48.093	0.00
0.00	-30239.98	-39796.49	0.30013	-30239.98	-39796.49	0.30013	45.127	0.00
0.00	-30239.80	-39796.44	0.29977	-30239.80	-39796.44	0.29977	45.987	0.00
0.00	-30239.65	-39796.39	0.29947	-30239.65	-39796.39	0.29947	52.199	0.00
0.00	-30239.50	-39796.34	0.29931	-30239.50	-39796.34	0.29931	47.848	0.00
0.00	-30239.35	-39796.30	0.29903	-30239.35	-39796.30	0.29903	46.580	0.00
0.00	-30239.21	-39796.26	0.29869	-30239.21	-39796.26	0.29869	52.715	0.00
0.00	-30239.06	-39796.21	0.29827	-30239.06	-39796.21	0.29827	46.768	0.00
0.00	-30238.91	-39796.17	0.29799	-30238.91	-39796.17	0.29799	48.833	0.00
0.00	-30238.76	-39796.12	0.29764	-30238.76	-39796.12	0.29764	46.876	0.00
0.00	-30238.61	-39796.08	0.29730	-30238.61	-39796.08	0.29730	46.225	0.00
0.00	-30238.45	-39796.03	0.29698	-30238.45	-39796.03	0.29698	54.331	0.00
0.00	-30238.29	-39795.99	0.29639	-30238.29	-39795.99	0.29639	48.732	0.00
0.00	-30238.14	-39795.94	0.29569	-30238.14	-39795.94	0.29569	46.363	0.00
0.00	-30237.99	-39795.90	0.29505	-30237.99	-39795.90	0.29505	47.536	0.00
0.00	-30237.85	-39795.86	0.29450	-30237.85	-39795.86	0.29450	44.852	0.00
0.00	-30237.70	-39795.81	0.29402	-30237.70	-39795.81	0.29402	48.276	0.00
0.00	-30237.55	-39795.77	0.29356	-30237.55	-39795.77	0.29356	46.667	0.00
0.00	-30237.40	-39795.72	0.29306	-30237.40	-39795.72	0.29306	46.843	0.00
0.00	-30237.24	-39795.68	0.29257	-30237.24	-39795.68	0.29257	47.412	0.00
0.00	-30237.10	-39795.64	0.29197	-30237.10	-39795.64	0.29197	48.324	0.00
0.00	-30236.89	-39795.58	0.29151	-30236.89	-39795.58	0.29151	45.706	0.00
0.00	-30236.68	-39795.51	0.29098	-30236.68	-39795.51	0.29098	47.419	0.00
0.00	-30236.59	-39795.49	0.29055	-30236.59	-39795.49	0.29055	46.638	0.00
0.00	-30236.44	-39795.44	0.29006	-30236.44	-39795.44	0.29006	58.152	0.00
0.00	-30236.29	-39795.40	0.28944	-30236.29	-39795.40	0.28944	49.195	0.00
0.00	-30236.14	-39795.36	0.28884	-30236.14	-39795.36	0.28884	48.712	0.00
0.00	-30236.00	-39795.32	0.28822	-30236.00	-39795.32	0.28822	47.521	0.00
0.00	-30235.79	-39795.26	0.28770	-30235.79	-39795.26	0.28770	50.757	0.00
0.00	-30235.72	-39795.24	0.28726	-30235.72	-39795.24	0.28726	47.695	0.00
0.00	-30235.56	-39795.19	0.28677	-30235.56	-39795.19	0.28677	48.506	0.00
0.00	-30235.40	-39795.15	0.28627	-30235.40	-39795.15	0.28627	48.290	0.00
0.00	-30235.25	-39795.10	0.28575	-30235.25	-39795.10	0.28575	49.087	0.00
0.00	-30235.10	-39795.06	0.28528	-30235.10	-39795.06	0.28528	47.657	0.00
0.00	-30234.96	-39795.02	0.28499	-30234.96	-39795.02	0.28499	54.695	0.00
0.00	-30234.73	-39794.95	0.28486	-30234.73	-39794.95	0.28486	49.435	0.00
0.00	-30234.67	-39794.94	0.28493	-30234.67	-39794.94	0.28493	50.601	0.00
0.00	-30234.44	-39794.87	0.28511	-30234.44	-39794.87	0.28511	57.384	0.00
0.00	-30234.29	-39794.82	0.28540	-30234.29	-39794.82	0.28540	48.804	0.00
0.00	-30234.16	-39794.79	0.28566	-30234.16	-39794.79	0.28566	54.089	0.00
0.00	-30233.95	-39794.72	0.28606	-30233.95	-39794.72	0.28606	51.000	0.00
0.00	-30233.78	-39794.67	0.28651	-30233.78	-39794.67	0.28651	48.974	0.00
0.00	-30233.62	-39794.63	0.28700	-30233.62	-39794.63	0.28700	50.146	0.00
0.00	-30233.49	-39794.59	0.28761	-30233.49	-39794.59	0.28761	48.671	0.00
0.00	-30233.36	-39794.55	0.28834	-30233.36	-39794.55	0.28834	51.778	0.00
0.00	-30233.23	-39794.51	0.28919	-30233.23	-39794.51	0.28919	49.102	0.00
0.00	-30233.09	-39794.46	0.29007	-30233.09	-39794.46	0.29007	49.318	0.00
0.00	-30232.94	-39794.42	0.29105	-30232.94	-39794.42	0.29105	54.102	0.00
0.00	-30232.76	-39794.36	0.29246	-30232.76	-39794.36	0.29246	52.205	0.00
0.00	-30232.62	-39794.32	0.29417	-30232.62	-39794.32	0.29417	53.048	0.00
0.00	-30232.44	-39794.27	0.29626	-30232.44	-39794.27	0.29626	50.486	0.00
0.00	-30232.29	-39794.22	0.29831	-30232.29	-39794.22	0.29831	51.083	0.00
0.00	-30232.15	-39794.18	0.30040	-30232.15	-39794.18	0.30040	50.916	0.00
0.00	-30232.00	-39794.13	0.30242	-30232.00	-39794.13	0.30242	48.795	0.00
0.00	-30231.86	-39794.08	0.30428	-30231.86	-39794.08	0.30428	51.434	0.00
0.00	-30231.71	-39794.04	0.30627	-30231.71	-39794.04	0.30627	58.978	0.00
0.00	-30231.55	-39793.98	0.30858	-30231.55	-39793.98	0.30858	53.888	0.00
0.00	-30231.40	-39793.94	0.31069	-30231.40	-39793.94	0.31069	49.886	0.00
0.00	-30231.19	-39793.87	0.31262	-30231.19	-39793.87	0.31262	57.900	0.00
0.00	-30231.01	-39793.81	0.31452	-30231.01	-39793.81	0.31452	51.088	0.00
0.00	-30230.85	-39793.76	0.31613	-30230.85	-39793.76	0.31613	53.378	0.00
0.00	-30230.67	-39793.70	0.31774	-30230.67	-39793.70	0.31774	50.693	0.00
0.00	-30230.55	-39793.66	0.31922	-30230.55	-39793.66	0.31922	51.064	0.00
0.00	-30230.42	-39793.62	0.32060	-30230.42	-39793.62	0.32060	50.486	0.00
0.00	-30230.29	-39793.58	0.32189	-30230.29	-39793.58	0.32189	59.177	0.00
0.00	-30230.11	-39793.52	0.32321	-30230.11	-39793.52	0.32321	50.383	0.00
0.00	-30229.98	-39793.48	0.32426	-30229.98	-39793.48	0.32426	59.798	0.00
0.00	-30229.79	-39793.42	0.32520	-30229.79	-39793.42	0.32520	52.757	0.00
0.00	-30229.65	-39793.37	0.32621	-30229.65	-39793.37	0.32621	61.223	0.00
0.00	-30229.43	-39793.30	0.32744	-30229.43	-39793.30	0.32744	52.635	0.00
0.00	-30229.29	-39793.26	0.32808	-30229.29	-39793.26	0.32808	57.324	0.00
0.00	-30229.16	-39793.22	0.32891	-30229.16	-39793.22	0.32891	54.145	0.00
0.00	-30228.99	-39793.16	0.32931	-30228.99	-39793.16	0.32931	56.889	0.00
0.00	-30228.82	-39793.11	0.32959	-30228.82	-39793.11	0.32959	62.758	0.00
0.00	-30228.62	-39793.04	0.32995	-30228.62	-39793.04	0.32995	59.245	0.00
0.00	-30228.37	-39792.96	0.33009	-30228.37	-39792.96	0.33009	57.363	0.00
0.00	-30228.19	-39792.90	0.33029	-30228.19	-39792.90	0.33029	53.666	0.00
0.00	-30228.00	-39792.84	0.33053	-30228.00	-39792.84	0.33053	53.589	0.00
0.00	-30227.86	-39792.80	0.33093	-30227.86	-39792.80	0.33093	62.622	0.00
0.00	-30227.70	-39792.75	0.33108	-30227.70	-39792.75	0.33108	60.981	0.00
0.00	-30227.59	-39792.71	0.33139	-30227.59	-39792.71	0.33139	63.118	0.00
0.00	-30227.37	-39792.64	0.33174	-30227.37	-39792.64	0.33174	55.596	0.00
0.00	-30227.23	-39792.59	0.33224	-30227.23	-39792.59	0.33224	53.340	0.00
0.00	-30227.11	-39792.55	0.33299	-30227.11	-39792.55	0.33299	58.772	0.00
0.00	-30226.95	-39792.49	0.33392	-30226.95	-39792.49	0.33392	66.727	0.00
0.00	-30226.72	-39792.41	0.33492	-30226.72	-39792.41	0.33492	52.751	0.00
0.00	-30226.59	-39792.36	0.33571	-30226.59	-39792.36	0.33571	56.675	0.00
0.00	-30226.45	-39792.31	0.33657	-30226.45	-39792.31	0.33657	55.173	0.00
0.00	-30226.29	-39792.25	0.33756	-30226.29	-39792.25	0.33756	59.946	0.00
0.00	-30226.13	-39792.19	0.33882	-30226.13	-39792.19	0.33882	53.905	0.00
0.00	-30225.97	-39792.13	0.34014	-30225.97	-39792.13	0.34014	61.592	0.00
0.00	-30225.83	-39792.08	0.34158	-30225.83	-39792.08	0.34158	60.703	0.00
0.00	-30225.63	-39792.00	0.34307	-30225.63	-39792.00	0.34307	65.151	0.00
0.00	-30225.42	-39791.92	0.34440	-30225.42	-39791.92	0.34440	55.634	0.00
0.00	-30225.25	-39791.86	0.34532	-30225.25	-39791.86	0.34532	55.616	0.00
0.00	-30225.07	-39791.79	0.34618	-30225.07	-39791.79	0.34618	61.114	0.00
0.00	-30224.94	-39791.74	0.34703	-30224.94	-39791.74	0.34703	58.689	0.00
0.00	-30224.75	-39791.67	0.34828	-30224.75	-39791.67	0.34828	55.898	0.00
0.00	-30224.63	-39791.62	0.34952	-30224.63	-39791.62	0.34952	63.897	0.00
0.00	-30224.45	-39791.54	0.35068	-30224.45	-39791.54	0.35068	60.070	0.00
0.00	-30224.29	-39791.48	0.35131	-30224.29	-39791.48	0.35131	56.308	0.00
0.00	-30224.13	-39791.42	0.35215	-30224.13	-39791.42	0.35215	62.358	0.00
0.00	-30223.90	-39791.33	0.35327	-30223.90	-39791.33	0.35327	56.023	0.00
0.00	-30223.74	-39791.27	0.35440	-30223.74	-39791.27	0.35440	53.233	0.00
0.00	-30223.66	-39791.23	0.35536	-30223.66	-39791.23	0.35536	57.591	0.00
0.00	-30223.53	-39791.18	0.35640	-30223.53	-39791.18	0.35640	55.403	0.00
0.00	-30223.40	-39791.13	0.35725	-30223.40	-39791.13	0.35725	54.916	0.00
0.00	-30223.28	-39791.08	0.35763	-30223.28	-39791.08	0.35763	64.016	0.00
0.00	-30223.14	-39791.03	0.35821	-30223.14	-39791.03	0.35821	63.821	0.00
0.00	-30222.90	-39790.93	0.35895	-30222.90	-39790.93	0.35895	61.619	0.00
0.00	-30222.75	-39790.87	0.35957	-30222.75	-39790.87	0.35957	57.010	0.00
0.00	-30222.63	-39790.83	0.35981	-30222.63	-39790.83	0.35981	61.462	0.00
0.00	-30222.44	-39790.75	0.36010	-30222.44	-39790.75	0.36010	65.651	0.00
0.00	-30222.31	-39790.70	0.36065	-30222.31	-39790.70	0.36065	55.705	0.00
0.00	-30222.13	-39790.63	0.36102	-30222.13	-39790.63	0.36102	55.924	0.00
0.00	-30221.97	-39790.57	0.36129	-30221.97	-39790.57	0.36129	62.991	0.00
0.00	-30221.85	-39790.52	0.36139	-30221.85	-39790.52	0.36139	65.598	0.00
0.00	-30221.63	-39790.44	0.36151	-30221.63	-39790.44	0.36151	59.989	0.00
0.00	-30221.51	-39790.39	0.36150	-30221.51	-39790.39	0.36150	56.045	0.00
0.00	-30221.38	-39790.34	0.36143	-30221.38	-39790.34	0.36143	63.149	0.00
0.00	-30221.25	-39790.29	0.36125	-30221.25	-39790.29	0.36125	63.601	0.00
0.00	-30221.04	-39790.21	0.36101	-30221.04	-39790.21	0.36101	54.133	0.00
0.00	-30220.93	-39790.17	0.36072	-30220.93	-39790.17	0.36072	61.019	0.00
0.00	-30220.75	-39790.10	0.36030	-30220.75	-39790.10	0.36030	57.197	0.00
0.00	-30220.64	-39790.06	0.35993	-30220.64	-39790.06	0.35993	60.178	0.00
0.00	-30220.48	-39790.00	0.35953	-30220.48	-39790.00	0.35953	57.522	0.00
0.00	-30220.33	-39789.95	0.35912	-30220.33	-39789.95	0.35912	61.853	0.00
0.00	-30220.17	-39789.89	0.35870	-30220.17	-39789.89	0.35870	64.536	0.00
0.00	-30220.00	-39789.82	0.35835	-30220.00	-39789.82	0.35835	66.514	0.00
0.00	-30219.83	-39789.76	0.35792	-30219.83	-39789.76	0.35792	60.386	0.00
0.00	-30219.62	-39789.68	0.35743	-30219.62	-39789.68	0.35743	61.135	0.00
0.00	-30219.49	-39789.63	0.35698	-30219.49	-39789.63	0.35698	57.627	0.00
0.00	-30219.35	-39789.58	0.35660	-30219.35	-39789.58	0.35660	59.754	0.00
0.00	-30219.22	-39789.53	0.35632	-30219.22	-39789.53	0.35632	56.161	0.00
0.00	-30219.02	-39789.46	0.35606	-30219.02	-39789.46	0.35606	65.285	0.00
0.00	-30218.86	-39789.40	0.35567	-30218.86	-39789.40	0.35567	57.076	0.00
0.00	-30218.68	-39789.34	0.35514	-30218.68	-39789.34	0.35514	67.260	0.00
0.00	-30218.51	-39789.28	0.35442	-30218.51	-39789.28	0.35442	63.443	0.00
0.00	-30218.32	-39789.20	0.35379	-30218.32	-39789.20	0.35379	64.329	0.00
0.00	-30218.12	-39789.13	0.35323	-30218.12	-39789.13	0.35323	66.178	0.00
0.00	-30217.94	-39789.07	0.35280	-30217.94	-39789.07	0.35280	60.818	0.00
0.00	-30217.79	-39789.01	0.35242	-30217.79	-39789.01	0.35242	64.568	0.00
0.00	-30217.59	-39788.94	0.35189	-30217.59	-39788.94	0.35189	65.653	0.00
0.00	-30217.39	-39788.87	0.35130	-30217.39	-39788.87	0.35130	58.291	0.00
0.00	-30217.25	-39788.82	0.35072	-30217.25	-39788.82	0.35072	60.180	0.00
0.00	-30217.13	-39788.77	0.35012	-30217.13	-39788.77	0.35012	58.952	0.00
0.00	-30216.92	-39788.70	0.34965	-30216.92	-39788.70	0.34965	63.901	0.00
0.00	-30216.72	-39788.63	0.34927	-30216.72	-39788.63	0.34927	65.305	0.00
0.00	-30216.56	-39788.57	0.34896	-30216.56	-39788.57	0.34896	64.882	0.00
0.00	-30216.37	-39788.50	0.34856	-30216.37	-39788.50	0.34856	58.456	0.00
0.00	-30216.22	-39788.45	0.34783	-30216.22	-39788.45	0.34783	59.446	0.00
0.00	-30216.04	-39788.39	0.34703	-30216.04	-39788.39	0.34703	62.588	0.00
0.00	-30215.84	-39788.32	0.34626	-30215.84	-39788.32	0.34626	66.411	0.00
0.00	-30215.60	-39788.24	0.34568	-30215.60	-39788.24	0.34568	60.873	0.00
0.00	-30215.47	-39788.19	0.34507	-30215.47	-39788.19	0.34507	63.956	0.00
0.00	-30215.32	-39788.14	0.34442	-30215.32	-39788.14	0.34442	58.728	0.00
0.00	-30215.19	-39788.10	0.34374	-30215.19	-39788.10	0.34374	60.527	0.00
0.00	-30215.00	-39788.03	0.34290	-30215.00	-39788.03	0.34290	59.761	0.00
0.00	-30214.87	-39787.99	0.34225	-30214.87	-39787.99	0.34225	65.630	0.00
0.00	-30214.64	-39787.91	0.34177	-30214.64	-39787.91	0.34177	70.851	0.00
0.00	-30214.45	-39787.84	0.34156	-30214.45	-39787.84	0.34156	61.606	0.00
0.00	-30214.29	-39787.79	0.34127	-30214.29	-39787.79	0.34127	60.419	0.00
0.00	-30214.15	-39787.74	0.34101	-30214.15	-39787.74	0.34101	61.030	0.00
0.00	-30214.00	-39787.69	0.34070	-30214.00	-39787.69	0.34070	67.183	0.00
0.00	-30213.80	-39787.62	0.34028	-30213.80	-39787.62	0.34028	62.648	0.00
0.00	-30213.62	-39787.55	0.33977	-30213.62	-39787.55	0.33977	71.658	0.00
0.00	-30213.38	-39787.47	0.33907	-30213.38	-39787.47	0.33907	66.875	0.00
0.00	-30213.16	-39787.39	0.33837	-30213.16	-39787.39	0.33837	67.649	0.00
0.00	-30213.03	-39787.35	0.33746	-30213.03	-39787.35	0.33746	71.555	0.00
0.00	-30212.88	-39787.30	0.33631	-30212.88	-39787.30	0.33631	62.555	0.00
0.00	-30212.66	-39787.22	0.33527	-30212.66	-39787.22	0.33527	69.816	0.00
0.00	-30212.48	-39787.16	0.33402	-30212.48	-39787.16	0.33402	63.163	0.00
0.00	-30212.37	-39787.12	0.33281	-30212.37	-39787.12	0.33281	63.679	0.00
0.00	-30212.12	-39787.03	0.33150	-30212.12	-39787.03	0.33150	68.979	0.00
0.00	-30211.91	-39786.96	0.33001	-30211.91	-39786.96	0.33001	69.452	0.00
0.00	-30211.72	-39786.89	0.32837	-30211.72	-39786.89	0.32837	69.242	0.00
0.00	-30211.60	-39786.85	0.32657	-30211.60	-39786.85	0.32657	70.020	0.00
0.00	-30211.38	-39786.77	0.32478	-30211.38	-39786.77	0.32478	68.789	0.00
0.00	-30211.13	-39786.69	0.32336	-30211.13	-39786.69	0.32336	71.681	0.00
0.00	-30210.93	-39786.62	0.32212	-30210.93	-39786.62	0.32212	62.809	0.00
0.00	-30210.76	-39786.56	0.32112	-30210.76	-39786.56	0.32112	62.901	0.00
0.00	-30210.65	-39786.52	0.32022	-30210.65	-39786.52	0.32022	65.024	0.00
0.00	-30210.52	-39786.47	0.31929	-30210.52	-39786.47	0.31929	73.057	0.00
0.00	-30210.37	-39786.42	0.31836	-30210.37	-39786.42	0.31836	64.264	0.00
0.00	-30210.16	-39786.35	0.31763	-30210.16	-39786.35	0.31763	71.591	0.00
0.00	-30209.94	-39786.27	0.31716	-30209.94	-39786.27	0.31716	67.857	0.00
0.00	-30209.71	-39786.20	0.31709	-30209.71	-39786.20	0.31709	62.464	0.00
0.00	-30209.59	-39786.15	0.31726	-30209.59	-39786.15	0.31726	71.406	0.00
0.00	-30209.42	-39786.09	0.31795	-30209.42	-39786.09	0.31795	70.960	0.00
0.00	-30209.13	-39786.00	0.31943	-30209.13	-39786.00	0.31943	70.976	0.00
0.00	-30208.99	-39785.94	0.32155	-30208.99	-39785.94	0.32155	64.588	0.00
0.00	-30208.84	-39785.89	0.32407	-30208.84	-39785.89	0.32407	62.513	0.00
0.00	-30208.71	-39785.84	0.32753	-30208.71	-39785.84	0.32753	63.695	0.00
0.00	-30208.57	-39785.79	0.33152	-30208.57	-39785.79	0.33152	65.925	0.00
0.00	-30208.38	-39785.72	0.33598	-30208.38	-39785.72	0.33598	69.082	0.00
0.00	-30208.24	-39785.67	0.34107	-30208.24	-39785.67	0.34107	70.252	0.00
0.00	-30208.08	-39785.61	0.34636	-30208.08	-39785.61	0.34636	64.833	0.00
0.00	-30207.89	-39785.53	0.35125	-30207.89	-39785.53	0.35125	61.990	0.00
0.00	-30207.76	-39785.48	0.35613	-30207.76	-39785.48	0.35613	64.456	0.00
0.00	-30207.58	-39785.41	0.36152	-30207.58	-39785.41	0.36152	62.487	0.00
0.00	-30207.44	-39785.36	0.36680	-30207.44	-39785.36	0.36680	65.565	0.00
0.00	-30207.21	-39785.27	0.37294	-30207.21	-39785.27	0.37294	76.029	0.00
0.00	-30207.00	-39785.19	0.38064	-30207.00	-39785.19	0.38064	68.383	0.00
0.00	-30206.81	-39785.11	0.38799	-30206.81	-39785.11	0.38799	70.804	0.00
0.00	-30206.68	-39785.05	0.39570	-30206.68	-39785.05	0.39570	73.861	0.00
0.00	-30206.52	-39784.98	0.40367	-30206.52	-39784.98	0.40367	70.884	0.00
0.00	-30206.39	-39784.93	0.41082	-30206.39	-39784.93	0.41082	73.028	0.00
0.00	-30206.18	-39784.84	0.41793	-30206.18	-39784.84	0.41793	65.084	0.00
0.00	-30206.07	-39784.79	0.42451	-30206.07	-39784.79	0.42451	65.374	0.00
0.00	-30205.90	-39784.72	0.43161	-30205.90	-39784.72	0.43161	66.389	0.00
0.00	-30205.73	-39784.64	0.43866	-30205.73	-39784.64	0.43866	65.385	0.00
0.00	-30205.56	-39784.57	0.44431	-30205.56	-39784.57	0.44431	71.768	0.00
0.00	-30205.40	-39784.50	0.45007	-30205.40	-39784.50	0.45007	78.523	0.00
0.00	-30205.20	-39784.40	0.45775	-30205.20	-39784.40	0.45775	72.146	0.00
0.00	-30205.03	-39784.33	0.46524	-30205.03	-39784.33	0.46524	64.611	0.00
0.00	-30204.86	-39784.25	0.47172	-30204.86	-39784.25	0.47172	74.050	0.00
0.00	-30204.71	-39784.18	0.47805	-30204.71	-39784.18	0.47805	74.630	0.00
0.00	-30204.51	-39784.08	0.48405	-30204.51	-39784.08	0.48405	78.394	0.00
0.00	-30204.35	-39784.00	0.49087	-30204.35	-39784.00	0.49087	69.857	0.00
0.00	-30204.16	-39783.91	0.49774	-30204.16	-39783.91	0.49774	66.560	0.00
0.00	-30204.05	-39783.85	0.50373	-30204.05	-39783.85	0.50373	76.573	0.00
0.00	-30203.93	-39783.79	0.51027	-30203.93	-39783.79	0.51027	65.568	0.00
0.00	-30203.74	-39783.70	0.51639	-30203.74	-39783.70	0.51639	73.289	0.00
0.00	-30203.61	-39783.62	0.52297	-30203.61	-39783.62	0.52297	69.814	0.00
0.00	-30203.42	-39783.52	0.52997	-30203.42	-39783.52	0.52997	66.345	0.00
0.00	-30203.28	-39783.44	0.53639	-30203.28	-39783.44	0.53639	67.596	0.00
0.00	-30203.17	-39783.38	0.54321	-30203.17	-39783.38	0.54321	74.274	0.00
0.00	-30202.95	-39783.25	0.55029	-30202.95	-39783.25	0.55029	71.813	0.00
0.00	-30202.82	-39783.18	0.55722	-30202.82	-39783.18	0.55722	68.125	0.00
0.00	-30202.68	-39783.09	0.56439	-30202.68	-39783.09	0.56439	73.102	0.00
0.00	-30202.52	-39782.99	0.57119	-30202.52	-39782.99	0.57119	75.987	0.00
0.00	-30202.34	-39782.88	0.57808	-30202.34	-39782.88	0.57808	74.767	0.00
0.00	-30202.20	-39782.79	0.58452	-30202.20	-39782.79	0.58452	76.207	0.00
0.00	-30202.04	-39782.69	0.59087	-30202.04	-39782.69	0.59087	65.027	0.00
0.00	-30201.89	-39782.59	0.59631	-30201.89	-39782.59	0.59631	78.284	0.00
0.00	-30201.72	-39782.47	0.60268	-30201.72	-39782.47	0.60268	74.454	0.00
0.00	-30201.56	-39782.36	0.60833	-30201.56	-39782.36	0.60833	68.070	0.00
0.00	-30201.44	-39782.28	0.61329	-30201.44	-39782.28	0.61329	67.364	0.00
0.00	-30201.28	-39782.17	0.61809	-30201.28	-39782.17	0.61809	74.470	0.00
0.00	-30201.19	-39782.11	0.62351	-30201.19	-39782.11	0.62351	69.422	0.00
0.00	-30201.04	-39782.00	0.62856	-30201.04	-39782.00	0.62856	77.056	0.00
0.00	-30200.91	-39781.90	0.63399	-30200.91	-39781.90	0.63399	74.693	0.00
0.00	-30200.72	-39781.77	0.63899	-30200.72	-39781.77	0.63899	68.219	0.00
0.00	-30200.65	-39781.71	0.64347	-30200.65	-39781.71	0.64347	66.532	0.00
0.00	-30200.54	-39781.63	0.64817	-30200.54	-39781.63	0.64817	70.140	0.00
0.00	-30200.38	-39781.51	0.65347	-30200.38	-39781.51	0.65347	75.569	0.00
0.00	-30200.31	-39781.45	0.65927	-30200.31	-39781.45	0.65927	71.287	0.00
0.00	-30200.14	-39781.32	0.66490	-30200.14	-39781.32	0.66490	74.820	0.00
0.00	-30200.05	-39781.25	0.67071	-30200.05	-39781.25	0.67071	68.190	0.00
0.00	-30199.92	-39781.14	0.67642	-30199.92	-39781.14	0.67642	75.201	0.00
0.00	-30199.84	-39781.07	0.68276	-30199.84	-39781.07	0.68276	68.585	0.00
0.00	-30199.72	-39780.98	0.68828	-30199.72	-39780.98	0.68828	67.259	0.00
0.00	-30199.66	-39780.92	0.69348	-30199.66	-39780.92	0.69348	82.692	0.00
0.00	-30199.56	-39780.84	0.69982	-30199.56	-39780.84	0.69982	80.930	0.00
0.00	-30199.47	-39780.76	0.70643	-30199.47	-39780.76	0.70643	68.252	0.00
0.00	-30199.36	-39780.66	0.71219	-30199.36	-39780.66	0.71219	77.421	0.00
0.00	-30199.27	-39780.58	0.71896	-30199.27	-39780.58	0.71896	75.544	0.00
0.00	-30199.11	-39780.44	0.72527	-30199.11	-39780.44	0.72527	74.492	0.00
0.00	-30199.02	-39780.35	0.73128	-30199.02	-39780.35	0.73128	70.605	0.00
0.00	-30198.91	-39780.25	0.73698	-30198.91	-39780.25	0.73698	67.708	0.00
0.00	-30198.81	-39780.15	0.74258	-30198.81	-39780.15	0.74258	78.747	0.00
0.00	-30198.72	-39780.07	0.74860	-30198.72	-39780.07	0.74860	70.739	0.00
0.00	-30198.64	-39779.99	0.75346	-30198.64	-39779.99	0.75346	79.756	0.00
0.00	-30198.51	-39779.86	0.75857	-30198.51	-39779.86	0.75857	68.457	0.00
0.00	-30198.42	-39779.77	0.76170	-30198.42	-39779.77	0.76170	71.185	0.00
0.00	-30198.35	-39779.69	0.76435	-30198.35	-39779.69	0.76435	79.873	0.00
0.00	-30198.25	-39779.60	0.76643	-30198.25	-39779.60	0.76643	76.775	0.00
0.00	-30198.12	-39779.46	0.76726	-30198.12	-39779.46	0.76726	69.966	0.00
0.00	-30198.02	-39779.37	0.76764	-30198.02	-39779.37	0.76764	79.030	0.00
0.00	-30197.92	-39779.26	0.76741	-30197.92	-39779.26	0.76741	70.309	0.00
0.00	-30197.84	-39779.18	0.76714	-30197.84	-39779.18	0.76714	80.774	0.00
0.00	-30197.71	-39779.05	0.76608	-30197.71	-39779.05	0.76608	71.470	0.00
0.00	-30197.63	-39778.97	0.76441	-30197.63	-39778.97	0.76441	71.173	0.00
0.00	-30197.53	-39778.88	0.76159	-30197.53	-39778.88	0.76159	75.588	0.00
0.00	-30197.45	-39778.79	0.75753	-30197.45	-39778.79	0.75753	68.866	0.00
0.00	-30197.37	-39778.72	0.75314	-30197.37	-39778.72	0.75314	71.425	0.00
0.00	-30197.24	-39778.59	0.74826	-30197.24	-39778.59	0.74826	70.494	0.00
0.00	-30197.18	-39778.53	0.74292	-30197.18	-39778.53	0.74292	79.157	0.00
0.00	-30197.03	-39778.39	0.73605	-30197.03	-39778.39	0.73605	70.046	0.00
0.00	-30196.96	-39778.33	0.72923	-30196.96	-39778.33	0.72923	77.984	0.00
0.00	-30196.84	-39778.22	0.72069	-30196.84	-39778.22	0.72069	79.299	0.00
0.00	-30196.78	-39778.17	0.71157	-30196.78	-39778.17	0.71157	78.426	0.00
0.00	-30196.65	-39778.05	0.70200	-30196.65	-39778.05	0.70200	72.338	0.00
0.00	-30196.59	-39778.00	0.69297	-30196.59	-39778.00	0.69297	79.556	0.00
0.00	-30196.50	-39777.92	0.68326	-30196.50	-39777.92	0.68326	71.690	0.00
0.00	-30196.41	-39777.85	0.67417	-30196.41	-39777.85	0.67417	81.269	0.00
0.00	-30196.34	-39777.79	0.66422	-30196.34	-39777.79	0.66422	70.471	0.00
0.00	-30196.24	-39777.71	0.65567	-30196.24	-39777.71	0.65567	84.491	0.00
0.00	-30196.15	-39777.64	0.64641	-30196.15	-39777.64	0.64641	71.957	0.00
0.00	-30196.08	-39777.59	0.63891	-30196.08	-39777.59	0.63891	71.009	0.00
0.00	-30196.02	-39777.54	0.63153	-30196.02	-39777.54	0.63153	78.382	0.00
0.00	-30195.95	-39777.49	0.62301	-30195.95	-39777.49	0.62301	72.299	0.00
0.00	-30195.90	-39777.45	0.61532	-30195.90	-39777.45	0.61532	75.881	0.00
0.00	-30195.82	-39777.39	0.60750	-30195.82	-39777.39	0.60750	82.438	0.00
0.00	-30195.77	-39777.35	0.59914	-30195.77	-39777.35	0.59914	78.849	0.00
0.00	-30195.67	-39777.28	0.59100	-30195.67	-39777.28	0.59100	71.883	0.00
0.00	-30195.62	-39777.25	0.58369	-30195.62	-39777.25	0.58369	79.847	0.00
0.00	-30195.55	-39777.21	0.57639	-30195.55	-39777.21	0.57639	77.121	0.00
0.00	-30195.48	-39777.15	0.56930	-30195.48	-39777.15	0.56930	80.263	0.00
0.00	-30195.42	-39777.11	0.56238	-30195.42	-39777.11	0.56238	75.385	0.00
0.00	-30195.33	-39777.05	0.55653	-30195.33	-39777.05	0.55653	82.722	0.00
0.00	-30195.26	-39777.01	0.55103	-30195.26	-39777.01	0.55103	81.658	0.00
0.00	-30195.22	-39776.98	0.54639	-30195.22	-39776.98	0.54639	73.295	0.00
0.00	-30195.18	-39776.96	0.54247	-30195.18	-39776.96	0.54247	70.935	0.00
0.00	-30195.15	-39776.94	0.53915	-30195.15	-39776.94	0.53915	75.329	0.00
0.00	-30195.13	-39776.92	0.53603	-30195.13	-39776.92	0.53603	85.082	0.00
0.00	-30195.10	-39776.91	0.53353	-30195.10	-39776.91	0.53353	76.647	0.00
0.00	-30195.08	-39776.89	0.53201	-30195.08	-39776.89	0.53201	73.804	0.00
0.00	-30195.07	-39776.89	0.53102	-30195.07	-39776.89	0.53102	83.993	0.00
0.00	-30195.05	-39776.88	0.53042	-30195.05	-39776.88	0.53042	83.197	0.00
0.00	-30195.05	-39776.87	0.53024	-30195.05	-39776.87	0.53024	78.451	0.00
0.00	-30195.05	-39776.87	0.53047	-30195.05	-39776.87	0.53047	81.936	0.00
0.00	-30195.06	-39776.88	0.53079	-30195.06	-39776.88	0.53079	2.106	0.00
0.00	-30195.06	-39776.88	0.53079	-30195.06	-39776.88	0.53079	2.270	0.00
0.00	-30195.06	-39776.88	0.53079	-30195.06	-39776.88	0.53079	2.206	0.00
0.00	-30195.06	-39776.88	0.53079	-30195.06	-39776.88	0.53079	2.223	0.00
0.00	-30195.06	-39776.88	0.53079	-30195.06	-39776.88	0.53079	2.146	0.00
0.00	-30195.06	-39776.88	0.53079	-30195.06	-39776.88	0.53079	2.272	0.00
0.00	-30195.06	-39776.88	0.53079	-30195.06	-39776.88	0.53079	2.305	0.00
0.00	-30195.06	-39776.88	0.53079	-30195.06	-39776.88	0.53079	2.303	0.00
