0.00	-30142.01	-39851.95	0.35000	-30142.01	-39851.95	0.35000	2.583	0.00
0.00	-30141.77	-39851.98	0.34955	-30141.77	-39851.98	0.34955	2.488	0.00
0.00	-30141.65	-39852.50	-1.01065	-30141.65	-39852.50	-1.01065	2.436	0.00
0.00	-30141.69	-39852.79	-1.32928	-30141.69	-39852.79	-1.32928	2.221	0.00
0.00	-30141.69	-39853.01	-1.40408	-30141.69	-39853.01	-1.40408	2.136	0.00
0.00	-30141.65	-39853.22	-1.39571	-30141.65	-39853.22	-1.39571	2.108	0.00
0.00	-30141.59	-39853.43	-1.37296	-30141.59	-39853.43	-1.37296	2.119	0.00
0.00	-30141.52	-39853.65	-1.35221	-30141.52	-39853.65	-1.35221	2.216	0.00
0.00	-30141.45	-39853.86	-1.33587	-30141.45	-39853.86	-1.33587	2.077	0.00
0.00	-30141.38	-39854.08	-1.32353	-30141.38	-39854.08	-1.32353	2.159	0.00
0.00	-30141.31	-39854.30	-1.31413	-30141.31	-39854.30	-1.31413	2.130	0.00
0.00	-30141.24	-39854.51	-1.30686	-30141.24	-39854.51	-1.30686	2.147	0.00
0.00	-30141.17	-39854.73	-1.30120	-30141.17	-39854.73	-1.30120	2.185	0.00
0.00	-30141.10	-39854.95	-1.29686	-30141.10	-39854.95	-1.29686	2.248	0.00
0.00	-30141.03	-39855.18	-1.29358	-30141.03	-39855.18	-1.29358	2.523	0.00
0.00	-30140.95	-39855.43	-1.29083	-30140.95	-39855.43	-1.29083	2.112	0.00
0.00	-30140.87	-39855.68	-1.28866	-30140.87	-39855.68	-1.28866	2.132	0.00
0.00	-30140.80	-39855.90	-1.28698	-30140.80	-39855.90	-1.28698	2.451	0.00
0.00	-30140.74	-39856.09	-1.28577	-30140.74	-39856.09	-1.28577	2.102	0.00
0.00	-30140.68	-39856.29	-1.28490	-30140.68	-39856.29	-1.28490	2.112	0.00
0.00	-30140.62	-39856.49	-1.28404	-30140.62	-39856.49	-1.28404	2.391	0.00
0.00	-30140.54	-39856.75	-1.28340	-30140.54	-39856.75	-1.28340	2.244	0.00
0.00	-30140.48	-39856.95	-1.28299	-30140.48	-39856.95	-1.28299	2.192	0.00
0.00	-30140.41	-39857.15	-1.28268	-30140.41	-39857.15	-1.28268	2.161	0.00
0.00	-30140.35	-39857.36	-1.28252	-30140.35	-39857.36	-1.28252	2.155	0.00
0.00	-30140.28	-39857.58	-1.28233	-30140.28	-39857.58	-1.28233	2.100	0.00
0.00	-30140.22	-39857.80	-1.28207	-30140.22	-39857.80	-1.28207	2.151	0.00
0.00	-30140.15	-39858.01	-1.28181	-30140.15	-39858.01	-1.28181	2.217	0.00
0.00	-30140.09	-39858.23	-1.28156	-30140.09	-39858.23	-1.28156	2.270	0.00
0.00	-30140.02	-39858.45	-1.28137	-30140.02	-39858.45	-1.28137	2.154	0.00
0.00	-30139.96	-39858.66	-1.28124	-30139.96	-39858.66	-1.28124	2.048	0.00
0.00	-30139.89	-39858.88	-1.28114	-30139.89	-39858.88	-1.28114	2.034	0.00
0.00	-30139.83	-39859.09	-1.28110	-30139.83	-39859.09	-1.28110	2.096	0.00
0.00	-30139.76	-39859.30	-1.28107	-30139.76	-39859.30	-1.28107	2.095	0.00
0.00	-30139.69	-39859.53	-1.28115	-30139.69	-39859.53	-1.28115	2.075	0.00
0.00	-30139.62	-39859.78	-1.28127	-30139.62	-39859.78	-1.28127	2.086	0.00
0.00	-30139.55	-39860.02	-1.28137	-30139.55	-39860.02	-1.28137	2.128	0.00
0.00	-30139.48	-39860.23	-1.28142	-30139.48	-39860.23	-1.28142	2.079	0.00
0.00	-30139.43	-39860.42	-1.28132	-30139.43	-39860.42	-1.28132	2.162	0.00
0.00	-30139.37	-39860.61	-1.28115	-30139.37	-39860.61	-1.28115	2.046	0.00
0.00	-30139.31	-39860.81	-1.28095	-30139.31	-39860.81	-1.28095	2.214	0.00
0.00	-30139.25	-39861.02	-1.28078	-30139.25	-39861.02	-1.28078	2.032	0.00
0.00	-30139.18	-39861.23	-1.28066	-30139.18	-39861.23	-1.28066	2.120	0.00
0.00	-30139.11	-39861.48	-1.28053	-30139.11	-39861.48	-1.28053	2.195	0.00
0.00	-30139.05	-39861.68	-1.28037	-30139.05	-39861.68	-1.28037	2.150	0.00
0.00	-30138.99	-39861.88	-1.28022	-30138.99	-39861.88	-1.28022	2.229	0.00
0.00	-30138.93	-39862.09	-1.28013	-30138.93	-39862.09	-1.28013	2.217	0.00
0.00	-30138.86	-39862.29	-1.28018	-30138.86	-39862.29	-1.28018	2.011	0.00
0.00	-30138.80	-39862.50	-1.28027	-30138.80	-39862.50	-1.28027	2.115	0.00
0.00	-30138.74	-39862.71	-1.28033	-30138.74	-39862.71	-1.28033	2.107	0.00
0.00	-30138.68	-39862.92	-1.28037	-30138.68	-39862.92	-1.28037	2.089	0.00
0.00	-30138.62	-39863.13	-1.28038	-30138.62	-39863.13	-1.28038	2.056	0.00
0.00	-30138.55	-39863.34	-1.28032	-30138.55	-39863.34	-1.28032	2.098	0.00
0.00	-30138.49	-39863.53	-1.28017	-30138.49	-39863.53	-1.28017	2.012	0.00
0.00	-30138.42	-39863.78	-1.27984	-30138.42	-39863.78	-1.27984	2.167	0.00
0.00	-30138.35	-39864.02	-1.27935	-30138.35	-39864.02	-1.27935	1.945	0.00
0.00	-30138.28	-39864.25	-1.27888	-30138.28	-39864.25	-1.27888	2.026	0.00
0.00	-30138.22	-39864.44	-1.27851	-30138.22	-39864.44	-1.27851	2.006	0.00
0.00	-30138.16	-39864.62	-1.27823	-30138.16	-39864.62	-1.27823	2.047	0.00
0.00	-30138.11	-39864.81	-1.27804	-30138.11	-39864.81	-1.27804	2.028	0.00
0.00	-30138.05	-39865.00	-1.27789	-30138.05	-39865.00	-1.27789	2.000	0.00
0.00	-30137.99	-39865.20	-1.27774	-30137.99	-39865.20	-1.27774	2.073	0.00
0.00	-30137.92	-39865.41	-1.27756	-30137.92	-39865.41	-1.27756	2.132	0.00
0.00	-30137.86	-39865.61	-1.27738	-30137.86	-39865.61	-1.27738	2.050	0.00
0.00	-30137.80	-39865.82	-1.27703	-30137.80	-39865.82	-1.27703	2.105	0.00
0.00	-30137.73	-39866.03	-1.27667	-30137.73	-39866.03	-1.27667	2.094	0.00
0.00	-30137.66	-39866.27	-1.27633	-30137.66	-39866.27	-1.27633	2.201	0.00
0.00	-30137.60	-39866.46	-1.27602	-30137.60	-39866.46	-1.27602	2.094	0.00
0.00	-30137.54	-39866.66	-1.27582	-30137.54	-39866.66	-1.27582	3.331	0.00
0.00	-30137.48	-39866.86	-1.27572	-30137.48	-39866.86	-1.27572	2.219	0.00
0.00	-30137.41	-39867.06	-1.27563	-30137.41	-39867.06	-1.27563	2.054	0.00
0.00	-30137.35	-39867.27	-1.27552	-30137.35	-39867.27	-1.27552	3.415	0.00
0.00	-30137.29	-39867.47	-1.27527	-30137.29	-39867.47	-1.27527	3.681	0.00
0.00	-30137.23	-39867.65	-1.27490	-30137.23	-39867.65	-1.27490	1.941	0.00
0.00	-30137.16	-39867.89	-1.27438	-30137.16	-39867.89	-1.27438	1.881	0.00
0.00	-30137.08	-39868.13	-1.27385	-30137.08	-39868.13	-1.27385	1.940	0.00
0.00	-30137.01	-39868.35	-1.27341	-30137.01	-39868.35	-1.27341	1.998	0.00
0.00	-30136.96	-39868.53	-1.27307	-30136.96	-39868.53	-1.27307	2.042	0.00
0.00	-30136.90	-39868.71	-1.27277	-30136.90	-39868.71	-1.27277	2.904	0.00
0.00	-30136.85	-39868.90	-1.27252	-30136.85	-39868.90	-1.27252	2.050	0.00
0.00	-30136.79	-39869.09	-1.27237	-30136.79	-39869.09	-1.27237	2.167	0.00
0.00	-30136.73	-39869.28	-1.27219	-30136.73	-39869.28	-1.27219	2.028	0.00
0.00	-30136.67	-39869.47	-1.27188	-30136.67	-39869.47	-1.27188	2.306	0.00
0.00	-30136.60	-39869.67	-1.27155	-30136.60	-39869.67	-1.27155	1.965	0.00
0.00	-30136.54	-39869.87	-1.27120	-30136.54	-39869.87	-1.27120	2.001	0.00
0.00	-30136.48	-39870.07	-1.27093	-30136.48	-39870.07	-1.27093	2.072	0.00
0.00	-30136.42	-39870.26	-1.27079	-30136.42	-39870.26	-1.27079	2.014	0.00
0.00	-30136.36	-39870.47	-1.27065	-30136.36	-39870.47	-1.27065	2.034	0.00
0.00	-30136.29	-39870.67	-1.27054	-30136.29	-39870.67	-1.27054	2.119	0.00
0.00	-30136.22	-39870.91	-1.27044	-30136.22	-39870.91	-1.27044	2.797	0.00
0.00	-30136.16	-39871.09	-1.27034	-30136.16	-39871.09	-1.27034	1.989	0.00
0.00	-30136.10	-39871.28	-1.27021	-30136.10	-39871.28	-1.27021	2.110	0.00
0.00	-30136.05	-39871.47	-1.27007	-30136.05	-39871.47	-1.27007	1.990	0.00
0.00	-30135.99	-39871.66	-1.26997	-30135.99	-39871.66	-1.26997	1.979	0.00
0.00	-30135.92	-39871.88	-1.26994	-30135.92	-39871.88	-1.26994	1.998	0.00
0.00	-30135.85	-39872.12	-1.26993	-30135.85	-39872.12	-1.26993	1.990	0.00
0.00	-30135.78	-39872.33	-1.26995	-30135.78	-39872.33	-1.26995	2.088	0.00
0.00	-30135.73	-39872.50	-1.26992	-30135.73	-39872.50	-1.26992	2.119	0.00
0.00	-30135.67	-39872.68	-1.26977	-30135.67	-39872.68	-1.26977	2.084	0.00
0.00	-30135.62	-39872.86	-1.26957	-30135.62	-39872.86	-1.26957	2.510	0.00
0.00	-30135.56	-39873.04	-1.26940	-30135.56	-39873.04	-1.26940	2.236	0.00
0.00	-30135.50	-39873.23	-1.26927	-30135.50	-39873.23	-1.26927	2.087	0.00
0.00	-30135.44	-39873.43	-1.26918	-30135.44	-39873.43	-1.26918	2.191	0.00
0.00	-30135.38	-39873.62	-1.26915	-30135.38	-39873.62	-1.26915	2.011	0.00
0.00	-30135.32	-39873.81	-1.26916	-30135.32	-39873.81	-1.26916	1.953	0.00
0.00	-30135.26	-39874.01	-1.26915	-30135.26	-39874.01	-1.26915	2.009	0.00
0.00	-30135.20	-39874.20	-1.26913	-30135.20	-39874.20	-1.26913	2.064	0.00
0.00	-30135.14	-39874.40	-1.26913	-30135.14	-39874.40	-1.26913	2.090	0.00
0.00	-30135.08	-39874.59	-1.26919	-30135.08	-39874.59	-1.26919	2.050	0.00
0.00	-30135.03	-39874.78	-1.26934	-30135.03	-39874.78	-1.26934	2.024	0.00
0.00	-30134.97	-39874.98	-1.26950	-30134.97	-39874.98	-1.26950	2.098	0.00
0.00	-30134.91	-39875.18	-1.26961	-30134.91	-39875.18	-1.26961	2.097	0.00
0.00	-30134.85	-39875.37	-1.26976	-30134.85	-39875.37	-1.26976	1.996	0.00
0.00	-30134.78	-39875.60	-1.26992	-30134.78	-39875.60	-1.26992	2.297	0.00
0.00	-30134.71	-39875.82	-1.27004	-30134.71	-39875.82	-1.27004	2.146	0.00
0.00	-30134.64	-39876.04	-1.27011	-30134.64	-39876.04	-1.27011	1.984	0.00
0.00	-30134.58	-39876.23	-1.27012	-30134.58	-39876.23	-1.27012	1.961	0.00
0.00	-30134.53	-39876.40	-1.27007	-30134.53	-39876.40	-1.27007	1.950	0.00
0.00	-30134.48	-39876.58	-1.27004	-30134.48	-39876.58	-1.27004	1.924	0.00
0.00	-30134.43	-39876.75	-1.27004	-30134.43	-39876.75	-1.27004	1.876	0.00
0.00	-30134.37	-39876.94	-1.27004	-30134.37	-39876.94	-1.27004	2.044	0.00
0.00	-30134.31	-39877.12	-1.27018	-30134.31	-39877.12	-1.27018	1.898	0.00
0.00	-30134.26	-39877.31	-1.27042	-30134.26	-39877.31	-1.27042	2.012	0.00
0.00	-30134.20	-39877.50	-1.27065	-30134.20	-39877.50	-1.27065	1.961	0.00
0.00	-30134.14	-39877.69	-1.27082	-30134.14	-39877.69	-1.27082	1.947	0.00
0.00	-30134.08	-39877.88	-1.27085	-30134.08	-39877.88	-1.27085	1.978	0.00
0.00	-30134.02	-39878.07	-1.27077	-30134.02	-39878.07	-1.27077	1.912	0.00
0.00	-30133.97	-39878.26	-1.27068	-30133.97	-39878.26	-1.27068	1.909	0.00
0.00	-30133.91	-39878.44	-1.27066	-30133.91	-39878.44	-1.27066	1.927	0.00
0.00	-30133.85	-39878.63	-1.27072	-30133.85	-39878.63	-1.27072	1.912	0.00
0.00	-30133.80	-39878.82	-1.27082	-30133.80	-39878.82	-1.27082	1.918	0.00
0.00	-30133.74	-39879.00	-1.27088	-30133.74	-39879.00	-1.27088	1.834	0.00
0.00	-30133.68	-39879.19	-1.27097	-30133.68	-39879.19	-1.27097	1.930	0.00
0.00	-30133.62	-39879.38	-1.27106	-30133.62	-39879.38	-1.27106	1.947	0.00
0.00	-30133.55	-39879.62	-1.27115	-30133.55	-39879.62	-1.27115	1.950	0.00
0.00	-30133.48	-39879.84	-1.27124	-30133.48	-39879.84	-1.27124	1.968	0.00
0.00	-30133.41	-39880.07	-1.27132	-30133.41	-39880.07	-1.27132	2.011	0.00
0.00	-30133.36	-39880.23	-1.27138	-30133.36	-39880.23	-1.27138	2.037	0.00
0.00	-30133.31	-39880.39	-1.27141	-30133.31	-39880.39	-1.27141	1.948	0.00
0.00	-30133.26	-39880.56	-1.27148	-30133.26	-39880.56	-1.27148	1.918	0.00
0.00	-30133.21	-39880.74	-1.27158	-30133.21	-39880.74	-1.27158	1.938	0.00
0.00	-30133.15	-39880.91	-1.27164	-30133.15	-39880.91	-1.27164	1.888	0.00
0.00	-30133.10	-39881.09	-1.27163	-30133.10	-39881.09	-1.27163	1.991	0.00
0.00	-30133.04	-39881.28	-1.27153	-30133.04	-39881.28	-1.27153	2.009	0.00
0.00	-30132.99	-39881.46	-1.27139	-30132.99	-39881.46	-1.27139	1.910	0.00
0.00	-30132.93	-39881.64	-1.27118	-30132.93	-39881.64	-1.27118	1.821	0.00
0.00	-30132.87	-39881.82	-1.27095	-30132.87	-39881.82	-1.27095	1.928	0.00
0.00	-30132.82	-39882.01	-1.27077	-30132.82	-39882.01	-1.27077	1.977	0.00
0.00	-30132.76	-39882.19	-1.27064	-30132.76	-39882.19	-1.27064	1.963	0.00
0.00	-30132.70	-39882.37	-1.27055	-30132.70	-39882.37	-1.27055	1.874	0.00
0.00	-30132.65	-39882.56	-1.27043	-30132.65	-39882.56	-1.27043	1.966	0.00
0.00	-30132.59	-39882.74	-1.27023	-30132.59	-39882.74	-1.27023	1.862	0.00
0.00	-30132.53	-39882.92	-1.26998	-30132.53	-39882.92	-1.26998	1.919	0.00
0.00	-30132.47	-39883.12	-1.26972	-30132.47	-39883.12	-1.26972	1.872	0.00
0.00	-30132.40	-39883.33	-1.26941	-30132.40	-39883.33	-1.26941	1.963	0.00
0.00	-30132.34	-39883.53	-1.26904	-30132.34	-39883.53	-1.26904	1.862	0.00
0.00	-30132.29	-39883.71	-1.26870	-30132.29	-39883.71	-1.26870	1.876	0.00
0.00	-30132.23	-39883.88	-1.26838	-30132.23	-39883.88	-1.26838	2.488	0.00
0.00	-30132.18	-39884.05	-1.26812	-30132.18	-39884.05	-1.26812	2.030	0.00
0.00	-30132.11	-39884.26	-1.26784	-30132.11	-39884.26	-1.26784	2.096	0.00
0.00	-30132.05	-39884.43	-1.26749	-30132.05	-39884.43	-1.26749	1.970	0.00
0.00	-30132.00	-39884.61	-1.26706	-30132.00	-39884.61	-1.26706	1.986	0.00
0.00	-30131.94	-39884.79	-1.26669	-30131.94	-39884.79	-1.26669	1.931	0.00
0.00	-30131.88	-39884.97	-1.26637	-30131.88	-39884.97	-1.26637	2.223	0.00
0.00	-30131.82	-39885.15	-1.26597	-30131.82	-39885.15	-1.26597	1.832	0.00
0.00	-30131.77	-39885.34	-1.26553	-30131.77	-39885.34	-1.26553	1.941	0.00
0.00	-30131.71	-39885.52	-1.26513	-30131.71	-39885.52	-1.26513	1.884	0.00
0.00	-30131.65	-39885.71	-1.26480	-30131.65	-39885.71	-1.26480	1.887	0.00
0.00	-30131.58	-39885.89	-1.26452	-30131.58	-39885.89	-1.26452	1.921	0.00
0.00	-30131.52	-39886.08	-1.26416	-30131.52	-39886.08	-1.26416	1.854	0.00
0.00	-30131.46	-39886.26	-1.26367	-30131.46	-39886.26	-1.26367	1.932	0.00
0.00	-30131.40	-39886.45	-1.26307	-30131.40	-39886.45	-1.26307	1.922	0.00
0.00	-30131.35	-39886.63	-1.26237	-30131.35	-39886.63	-1.26237	1.940	0.00
0.00	-30131.27	-39886.85	-1.26176	-30131.27	-39886.85	-1.26176	1.843	0.00
0.00	-30131.20	-39887.08	-1.26126	-30131.20	-39887.08	-1.26126	2.008	0.00
0.00	-30131.13	-39887.29	-1.26082	-30131.13	-39887.29	-1.26082	1.881	0.00
0.00	-30131.07	-39887.46	-1.26043	-30131.07	-39887.46	-1.26043	1.942	0.00
0.00	-30131.01	-39887.64	-1.26004	-30131.01	-39887.64	-1.26004	1.915	0.00
0.00	-30130.96	-39887.82	-1.25955	-30130.96	-39887.82	-1.25955	1.915	0.00
0.00	-30130.90	-39888.00	-1.25889	-30130.90	-39888.00	-1.25889	1.882	0.00
0.00	-30130.83	-39888.20	-1.25809	-30130.83	-39888.20	-1.25809	1.915	0.00
0.00	-30130.77	-39888.40	-1.25728	-30130.77	-39888.40	-1.25728	1.985	0.00
0.00	-30130.69	-39888.62	-1.25651	-30130.69	-39888.62	-1.25651	2.107	0.00
0.00	-30130.65	-39888.75	-1.25566	-30130.65	-39888.75	-1.25566	2.105	0.00
0.00	-30130.09	-39890.45	-1.24774	-30130.09	-39890.45	-1.24774	1.930	0.00
0.00	-30130.43	-39889.43	-1.24695	-30130.43	-39889.43	-1.24695	2.190	0.00
0.00	-30130.43	-39889.43	-1.24695	-30130.43	-39889.43	-1.24695	1.730	0.00
0.00	-30130.38	-39889.58	-1.24612	-30130.38	-39889.58	-1.24612	1.913	0.00
0.00	-30130.33	-39889.72	-1.24540	-30130.33	-39889.72	-1.24540	1.891	0.00
0.00	-30130.33	-39889.72	-1.24540	-30130.33	-39889.72	-1.24540	1.836	0.00
0.00	-30130.24	-39889.97	-1.24448	-30130.24	-39889.97	-1.24448	2.174	0.00
0.00	-30130.24	-39889.97	-1.24448	-30130.24	-39889.97	-1.24448	1.766	0.00
0.00	-30130.17	-39890.19	-1.24341	-30130.17	-39890.19	-1.24341	2.819	0.00
0.00	-30130.17	-39890.19	-1.24341	-30130.17	-39890.19	-1.24341	1.879	0.00
0.00	-30130.17	-39890.19	-1.24341	-30130.17	-39890.19	-1.24341	1.833	0.00
0.00	-30130.12	-39890.34	-1.24282	-30130.12	-39890.34	-1.24282	1.900	0.00
0.00	-30130.12	-39890.34	-1.24282	-30130.12	-39890.34	-1.24282	1.861	0.00
0.00	-30129.87	-39891.07	-1.24204	-30129.87	-39891.07	-1.24204	1.945	0.00
0.00	-30129.76	-39891.39	-1.24138	-30129.76	-39891.39	-1.24138	1.980	0.00
0.00	-30129.63	-39891.79	-1.24068	-30129.63	-39891.79	-1.24068	2.032	0.00
0.00	-30129.53	-39892.07	-1.24013	-30129.53	-39892.07	-1.24013	2.011	0.00
0.00	-30129.44	-39892.33	-1.23961	-30129.44	-39892.33	-1.23961	2.026	0.00
0.00	-30129.36	-39892.58	-1.23909	-30129.36	-39892.58	-1.23909	2.024	0.00
0.00	-30129.28	-39892.81	-1.23879	-30129.28	-39892.81	-1.23879	2.030	0.00
0.00	-30129.19	-39893.08	-1.23852	-30129.19	-39893.08	-1.23852	2.082	0.00
0.00	-30129.13	-39893.23	-1.23841	-30129.13	-39893.23	-1.23841	1.976	0.00
0.00	-30129.04	-39893.52	-1.23829	-30129.04	-39893.52	-1.23829	2.056	0.00
0.00	-30128.97	-39893.70	-1.23817	-30128.97	-39893.70	-1.23817	1.997	0.00
0.00	-30128.89	-39893.96	-1.23792	-30128.89	-39893.96	-1.23792	1.991	0.00
0.00	-30128.84	-39894.10	-1.23772	-30128.84	-39894.10	-1.23772	1.941	0.00
0.00	-30128.75	-39894.35	-1.23737	-30128.75	-39894.35	-1.23737	1.898	0.00
0.00	-30128.64	-39894.67	-1.23680	-30128.64	-39894.67	-1.23680	1.987	0.00
0.00	-30128.62	-39894.72	-1.23665	-30128.62	-39894.72	-1.23665	2.000	0.00
0.00	-30128.55	-39894.92	-1.23642	-30128.55	-39894.92	-1.23642	1.945	0.00
0.00	-30128.49	-39895.12	-1.23618	-30128.49	-39895.12	-1.23618	1.933	0.00
0.00	-30128.42	-39895.30	-1.23611	-30128.42	-39895.30	-1.23611	2.054	0.00
0.00	-30128.33	-39895.57	-1.23608	-30128.33	-39895.57	-1.23608	2.173	0.00
0.00	-30128.29	-39895.70	-1.23626	-30128.29	-39895.70	-1.23626	1.955	0.00
0.00	-30128.21	-39895.92	-1.23644	-30128.21	-39895.92	-1.23644	2.027	0.00
0.00	-30128.14	-39896.13	-1.23671	-30128.14	-39896.13	-1.23671	1.966	0.00
0.00	-30128.07	-39896.32	-1.23685	-30128.07	-39896.32	-1.23685	1.996	0.00
0.00	-30128.02	-39896.47	-1.23678	-30128.02	-39896.47	-1.23678	1.920	0.00
0.00	-30127.95	-39896.65	-1.23676	-30127.95	-39896.65	-1.23676	2.091	0.00
0.00	-30127.89	-39896.83	-1.23643	-30127.89	-39896.83	-1.23643	1.932	0.00
0.00	-30127.82	-39897.02	-1.23623	-30127.82	-39897.02	-1.23623	2.037	0.00
0.00	-30127.75	-39897.22	-1.23601	-30127.75	-39897.22	-1.23601	2.000	0.00
0.00	-30127.69	-39897.39	-1.23597	-30127.69	-39897.39	-1.23597	2.099	0.00
0.00	-30127.61	-39897.60	-1.23593	-30127.61	-39897.60	-1.23593	2.065	0.00
0.00	-30127.54	-39897.82	-1.23606	-30127.54	-39897.82	-1.23606	2.054	0.00
0.00	-30127.46	-39898.04	-1.23613	-30127.46	-39898.04	-1.23613	2.076	0.00
0.00	-30127.38	-39898.27	-1.23621	-30127.38	-39898.27	-1.23621	1.989	0.00
0.00	-30127.30	-39898.50	-1.23624	-30127.30	-39898.50	-1.23624	2.101	0.00
0.00	-30127.23	-39898.69	-1.23628	-30127.23	-39898.69	-1.23628	2.019	0.00
0.00	-30127.15	-39898.90	-1.23649	-30127.15	-39898.90	-1.23649	2.037	0.00
0.00	-30127.08	-39899.10	-1.23684	-30127.08	-39899.10	-1.23684	1.953	0.00
0.00	-30127.01	-39899.33	-1.23734	-30127.01	-39899.33	-1.23734	2.112	0.00
0.00	-30126.93	-39899.54	-1.23797	-30126.93	-39899.54	-1.23797	2.040	0.00
0.00	-30126.87	-39899.72	-1.23867	-30126.87	-39899.72	-1.23867	2.093	0.00
0.00	-30126.81	-39899.92	-1.23934	-30126.81	-39899.92	-1.23934	2.079	0.00
0.00	-30126.74	-39900.11	-1.23999	-30126.74	-39900.11	-1.23999	1.989	0.00
0.00	-30126.68	-39900.30	-1.24058	-30126.68	-39900.30	-1.24058	2.075	0.00
0.00	-30126.61	-39900.50	-1.24112	-30126.61	-39900.50	-1.24112	2.072	0.00
0.00	-30126.54	-39900.71	-1.24163	-30126.54	-39900.71	-1.24163	2.198	0.00
0.00	-30126.47	-39900.91	-1.24212	-30126.47	-39900.91	-1.24212	2.158	0.00
0.00	-30126.40	-39901.11	-1.24259	-30126.40	-39901.11	-1.24259	2.174	0.00
0.00	-30126.33	-39901.33	-1.24311	-30126.33	-39901.33	-1.24311	2.154	0.00
0.00	-30126.26	-39901.53	-1.24365	-30126.26	-39901.53	-1.24365	2.114	0.00
0.00	-30126.19	-39901.75	-1.24410	-30126.19	-39901.75	-1.24410	2.209	0.00
0.00	-30126.11	-39901.98	-1.24449	-30126.11	-39901.98	-1.24449	2.170	0.00
0.00	-30126.02	-39902.24	-1.24472	-30126.02	-39902.24	-1.24472	2.191	0.00
0.00	-30125.94	-39902.47	-1.24486	-30125.94	-39902.47	-1.24486	2.346	0.00
0.00	-30125.88	-39902.66	-1.24489	-30125.88	-39902.66	-1.24489	2.173	0.00
0.00	-30125.82	-39902.83	-1.24481	-30125.82	-39902.83	-1.24481	2.173	0.00
0.00	-30125.75	-39903.03	-1.24480	-30125.75	-39903.03	-1.24480	2.204	0.00
0.00	-30125.68	-39903.24	-1.24487	-30125.68	-39903.24	-1.24487	1.975	0.00
0.00	-30125.61	-39903.46	-1.24490	-30125.61	-39903.46	-1.24490	2.106	0.00
0.00	-30125.52	-39903.70	-1.24484	-30125.52	-39903.70	-1.24484	2.187	0.00
0.00	-30125.46	-39903.90	-1.24470	-30125.46	-39903.90	-1.24470	2.238	0.00
0.00	-30125.38	-39904.12	-1.24469	-30125.38	-39904.12	-1.24469	2.175	0.00
0.00	-30125.31	-39904.32	-1.24459	-30125.31	-39904.32	-1.24459	2.175	0.00
0.00	-30125.24	-39904.52	-1.24449	-30125.24	-39904.52	-1.24449	2.157	0.00
0.00	-30125.17	-39904.74	-1.24439	-30125.17	-39904.74	-1.24439	2.166	0.00
0.00	-30125.09	-39904.96	-1.24427	-30125.09	-39904.96	-1.24427	2.225	0.00
0.00	-30125.02	-39905.18	-1.24427	-30125.02	-39905.18	-1.24427	2.309	0.00
0.00	-30124.94	-39905.41	-1.24439	-30124.94	-39905.41	-1.24439	2.313	0.00
0.00	-30124.86	-39905.65	-1.24462	-30124.86	-39905.65	-1.24462	2.236	0.00
0.00	-30124.77	-39905.89	-1.24492	-30124.77	-39905.89	-1.24492	2.156	0.00
0.00	-30124.69	-39906.13	-1.24518	-30124.69	-39906.13	-1.24518	2.191	0.00
0.00	-30124.63	-39906.31	-1.24542	-30124.63	-39906.31	-1.24542	2.241	0.00
0.00	-30124.56	-39906.52	-1.24566	-30124.56	-39906.52	-1.24566	2.270	0.00
0.00	-30124.50	-39906.70	-1.24587	-30124.50	-39906.70	-1.24587	2.262	0.00
0.00	-30124.44	-39906.90	-1.24599	-30124.44	-39906.90	-1.24599	2.306	0.00
0.00	-30124.36	-39907.12	-1.24598	-30124.36	-39907.12	-1.24598	2.383	0.00
0.00	-30124.28	-39907.35	-1.24601	-30124.28	-39907.35	-1.24601	2.553	0.00
0.00	-30124.20	-39907.59	-1.24608	-30124.20	-39907.59	-1.24608	2.239	0.00
0.00	-30124.12	-39907.83	-1.24629	-30124.12	-39907.83	-1.24629	2.303	0.00
0.00	-30124.04	-39908.05	-1.24653	-30124.04	-39908.05	-1.24653	2.282	0.00
0.00	-30123.96	-39908.29	-1.24669	-30123.96	-39908.29	-1.24669	2.176	0.00
0.00	-30123.89	-39908.48	-1.24688	-30123.89	-39908.48	-1.24688	2.243	0.00
0.00	-30123.81	-39908.71	-1.24707	-30123.81	-39908.71	-1.24707	2.223	0.00
0.00	-30123.73	-39908.95	-1.24729	-30123.73	-39908.95	-1.24729	2.372	0.00
0.00	-30123.65	-39909.19	-1.24748	-30123.65	-39909.19	-1.24748	2.552	0.00
0.00	-30123.58	-39909.40	-1.24786	-30123.58	-39909.40	-1.24786	2.233	0.00
0.00	-30123.51	-39909.62	-1.24836	-30123.51	-39909.62	-1.24836	2.291	0.00
0.00	-30123.44	-39909.82	-1.24908	-30123.44	-39909.82	-1.24908	2.146	0.00
0.00	-30123.37	-39910.04	-1.24983	-30123.37	-39910.04	-1.24983	2.224	0.00
0.00	-30123.31	-39910.25	-1.25051	-30123.31	-39910.25	-1.25051	2.259	0.00
0.00	-30123.25	-39910.43	-1.25122	-30123.25	-39910.43	-1.25122	2.234	0.00
0.00	-30123.19	-39910.63	-1.25169	-30123.19	-39910.63	-1.25169	2.257	0.00
0.00	-30123.13	-39910.82	-1.25225	-30123.13	-39910.82	-1.25225	2.234	0.00
0.00	-30123.06	-39911.04	-1.25271	-30123.06	-39911.04	-1.25271	2.231	0.00
0.00	-30122.99	-39911.25	-1.25326	-30122.99	-39911.25	-1.25326	2.216	0.00
0.00	-30122.91	-39911.50	-1.25427	-30122.91	-39911.50	-1.25427	2.273	0.00
0.00	-30122.84	-39911.74	-1.25536	-30122.84	-39911.74	-1.25536	2.336	0.00
0.00	-30122.76	-39911.97	-1.25646	-30122.76	-39911.97	-1.25646	2.318	0.00
0.00	-30122.69	-39912.21	-1.25757	-30122.69	-39912.21	-1.25757	2.587	0.00
0.00	-30122.62	-39912.44	-1.25842	-30122.62	-39912.44	-1.25842	2.431	0.00
0.00	-30122.56	-39912.66	-1.25909	-30122.56	-39912.66	-1.25909	2.408	0.00
0.00	-30122.50	-39912.85	-1.25976	-30122.50	-39912.85	-1.25976	2.453	0.00
0.00	-30122.43	-39913.06	-1.26053	-30122.43	-39913.06	-1.26053	2.417	0.00
0.00	-30122.35	-39913.33	-1.26141	-30122.35	-39913.33	-1.26141	2.454	0.00
0.00	-30122.28	-39913.57	-1.26226	-30122.28	-39913.57	-1.26226	2.522	0.00
0.00	-30122.20	-39913.82	-1.26301	-30122.20	-39913.82	-1.26301	2.530	0.00
0.00	-30122.12	-39914.10	-1.26381	-30122.12	-39914.10	-1.26381	2.770	0.00
0.00	-30122.09	-39914.19	-1.26424	-30122.09	-39914.19	-1.26424	2.672	0.00
0.00	-30122.02	-39914.42	-1.26451	-30122.02	-39914.42	-1.26451	2.751	0.00
0.00	-30121.95	-39914.66	-1.26477	-30121.95	-39914.66	-1.26477	2.789	0.00
0.00	-30121.87	-39914.89	-1.26492	-30121.87	-39914.89	-1.26492	3.189	0.00
0.00	-30121.80	-39915.12	-1.26509	-30121.80	-39915.12	-1.26509	2.802	0.00
0.00	-30121.74	-39915.34	-1.26530	-30121.74	-39915.34	-1.26530	3.013	0.00
0.00	-30121.67	-39915.55	-1.26553	-30121.67	-39915.55	-1.26553	3.253	0.00
0.00	-30121.61	-39915.73	-1.26577	-30121.61	-39915.73	-1.26577	3.152	0.00
0.00	-30121.54	-39915.95	-1.26581	-30121.54	-39915.95	-1.26581	2.945	0.00
0.00	-30121.48	-39916.17	-1.26581	-30121.48	-39916.17	-1.26581	3.362	0.00
0.00	-30121.40	-39916.40	-1.26572	-30121.40	-39916.40	-1.26572	2.853	0.00
0.00	-30121.33	-39916.63	-1.26555	-30121.33	-39916.63	-1.26555	3.834	0.00
0.00	-30121.25	-39916.86	-1.26520	-30121.25	-39916.86	-1.26520	5.307	0.00
0.00	-30121.19	-39917.07	-1.26495	-30121.19	-39917.07	-1.26495	3.732	0.00
0.00	-30121.11	-39917.29	-1.26449	-30121.11	-39917.29	-1.26449	3.732	0.00
0.00	-30121.05	-39917.51	-1.26407	-30121.05	-39917.51	-1.26407	3.710	0.00
0.00	-30120.97	-39917.73	-1.26369	-30120.97	-39917.73	-1.26369	3.715	0.00
0.00	-30120.90	-39917.95	-1.26345	-30120.90	-39917.95	-1.26345	3.201	0.00
0.00	-30120.83	-39918.16	-1.26293	-30120.83	-39918.16	-1.26293	6.099	0.00
0.00	-30120.76	-39918.36	-1.26232	-30120.76	-39918.36	-1.26232	4.469	0.00
0.00	-30120.68	-39918.61	-1.26174	-30120.68	-39918.61	-1.26174	3.910	0.00
0.00	-30120.61	-39918.81	-1.26125	-30120.61	-39918.81	-1.26125	3.898	0.00
0.00	-30120.52	-39919.09	-1.26077	-30120.52	-39919.09	-1.26077	4.108	0.00
0.00	-30120.48	-39919.21	-1.26030	-30120.48	-39919.21	-1.26030	4.091	0.00
0.00	-30120.41	-39919.42	-1.25973	-30120.41	-39919.42	-1.25973	3.465	0.00
0.00	-30120.34	-39919.64	-1.25926	-30120.34	-39919.64	-1.25926	4.396	0.00
0.00	-30120.26	-39919.86	-1.25891	-30120.26	-39919.86	-1.25891	3.550	0.00
0.00	-30120.17	-39920.14	-1.25840	-30120.17	-39920.14	-1.25840	4.450	0.00
0.00	-30120.14	-39920.23	-1.25792	-30120.14	-39920.23	-1.25792	4.276	0.00
0.00	-30120.05	-39920.48	-1.25763	-30120.05	-39920.48	-1.25763	4.543	0.00
0.00	-30119.96	-39920.74	-1.25730	-30119.96	-39920.74	-1.25730	4.500	0.00
0.00	-30119.89	-39920.97	-1.25698	-30119.89	-39920.97	-1.25698	4.502	0.00
0.00	-30119.82	-39921.18	-1.25667	-30119.82	-39921.18	-1.25667	3.833	0.00
0.00	-30119.75	-39921.38	-1.25638	-30119.75	-39921.38	-1.25638	5.162	0.00
0.00	-30119.68	-39921.59	-1.25615	-30119.68	-39921.59	-1.25615	4.649	0.00
0.00	-30119.61	-39921.80	-1.25607	-30119.61	-39921.80	-1.25607	4.692	0.00
0.00	-30119.54	-39922.02	-1.25592	-30119.54	-39922.02	-1.25592	4.769	0.00
0.00	-30119.46	-39922.24	-1.25578	-30119.46	-39922.24	-1.25578	4.720	0.00
0.00	-30119.38	-39922.48	-1.25567	-30119.38	-39922.48	-1.25567	4.729	0.00
0.00	-30119.30	-39922.73	-1.25560	-30119.30	-39922.73	-1.25560	4.938	0.00
0.00	-30119.21	-39922.99	-1.25554	-30119.21	-39922.99	-1.25554	4.911	0.00
0.00	-30119.13	-39923.24	-1.25549	-30119.13	-39923.24	-1.25549	4.953	0.00
0.00	-30119.06	-39923.45	-1.25548	-30119.06	-39923.45	-1.25548	4.830	0.00
0.00	-30118.93	-39923.86	-1.25536	-30118.93	-39923.86	-1.25536	5.295	0.00
0.00	-30118.93	-39923.85	-1.25528	-30118.93	-39923.85	-1.25528	5.127	0.00
0.00	-30118.86	-39924.05	-1.25516	-30118.86	-39924.05	-1.25516	5.301	0.00
0.00	-30118.79	-39924.28	-1.25512	-30118.79	-39924.28	-1.25512	5.194	0.00
0.00	-30118.72	-39924.49	-1.25509	-30118.72	-39924.49	-1.25509	5.448	0.00
0.00	-30118.67	-39924.65	-1.25516	-30118.67	-39924.65	-1.25516	4.322	0.00
0.00	-30118.56	-39924.97	-1.25537	-30118.56	-39924.97	-1.25537	3.903	0.00
0.00	-30118.48	-39925.21	-1.25558	-30118.48	-39925.21	-1.25558	5.443	0.00
0.00	-30118.41	-39925.42	-1.25579	-30118.41	-39925.42	-1.25579	5.291	0.00
0.00	-30118.34	-39925.65	-1.25599	-30118.34	-39925.65	-1.25599	5.273	0.00
0.00	-30118.27	-39925.88	-1.25620	-30118.27	-39925.88	-1.25620	5.413	0.00
0.00	-30118.18	-39926.14	-1.25642	-30118.18	-39926.14	-1.25642	5.514	0.00
0.00	-30118.11	-39926.38	-1.25662	-30118.11	-39926.38	-1.25662	5.577	0.00
0.00	-30118.04	-39926.58	-1.25682	-30118.04	-39926.58	-1.25682	5.545	0.00
0.00	-30117.97	-39926.79	-1.25704	-30117.97	-39926.79	-1.25704	5.658	0.00
0.00	-30117.90	-39927.02	-1.25727	-30117.90	-39927.02	-1.25727	4.562	0.00
0.00	-30117.82	-39927.27	-1.25740	-30117.82	-39927.27	-1.25740	4.451	0.00
0.00	-30117.75	-39927.51	-1.25760	-30117.75	-39927.51	-1.25760	5.441	0.00
0.00	-30117.68	-39927.71	-1.25791	-30117.68	-39927.71	-1.25791	5.635	0.00
0.00	-30117.62	-39927.92	-1.25816	-30117.62	-39927.92	-1.25816	5.181	0.00
0.00	-30117.55	-39928.14	-1.25836	-30117.55	-39928.14	-1.25836	7.259	0.00
0.00	-30117.49	-39928.33	-1.25858	-30117.49	-39928.33	-1.25858	5.205	0.00
0.00	-30117.43	-39928.52	-1.25882	-30117.43	-39928.52	-1.25882	5.172	0.00
0.00	-30117.31	-39928.90	-1.25916	-30117.31	-39928.90	-1.25916	5.561	0.00
0.00	-30117.26	-39929.06	-1.25941	-30117.26	-39929.06	-1.25941	5.301	0.00
0.00	-30117.21	-39929.21	-1.25967	-30117.21	-39929.21	-1.25967	5.361	0.00
0.00	-30117.14	-39929.45	-1.25975	-30117.14	-39929.45	-1.25975	14.694	0.00
0.00	-30117.06	-39929.68	-1.25957	-30117.06	-39929.68	-1.25957	5.394	0.00
0.00	-30116.99	-39929.92	-1.25939	-30116.99	-39929.92	-1.25939	7.264	0.00
0.00	-30116.91	-39930.14	-1.25924	-30116.91	-39930.14	-1.25924	5.681	0.00
0.00	-30116.85	-39930.33	-1.25915	-30116.85	-39930.33	-1.25915	5.457	0.00
0.00	-30116.79	-39930.53	-1.25914	-30116.79	-39930.53	-1.25914	5.377	0.00
0.00	-30116.72	-39930.76	-1.25906	-30116.72	-39930.76	-1.25906	6.187	0.00
0.00	-30116.64	-39930.98	-1.25885	-30116.64	-39930.98	-1.25885	13.755	0.00
0.00	-30116.56	-39931.23	-1.25856	-30116.56	-39931.23	-1.25856	5.649	0.00
0.00	-30116.49	-39931.47	-1.25819	-30116.49	-39931.47	-1.25819	5.964	0.00
0.00	-30116.43	-39931.64	-1.25780	-30116.43	-39931.64	-1.25780	5.669	0.00
0.00	-30116.37	-39931.82	-1.25749	-30116.37	-39931.82	-1.25749	5.535	0.00
0.00	-30116.31	-39932.01	-1.25722	-30116.31	-39932.01	-1.25722	14.496	0.00
0.00	-30116.24	-39932.22	-1.25697	-30116.24	-39932.22	-1.25697	9.422	0.00
0.00	-30116.17	-39932.46	-1.25666	-30116.17	-39932.46	-1.25666	7.293	0.00
0.00	-30116.09	-39932.70	-1.25627	-30116.09	-39932.70	-1.25627	5.918	0.00
0.00	-30116.00	-39932.97	-1.25579	-30116.00	-39932.97	-1.25579	6.888	0.00
0.00	-30115.92	-39933.21	-1.25525	-30115.92	-39933.21	-1.25525	7.207	0.00
0.00	-30115.86	-39933.38	-1.25465	-30115.86	-39933.38	-1.25465	7.166	0.00
0.00	-30115.80	-39933.56	-1.25413	-30115.80	-39933.56	-1.25413	6.109	0.00
0.00	-30115.74	-39933.75	-1.25380	-30115.74	-39933.75	-1.25380	7.885	0.00
0.00	-30115.65	-39934.03	-1.25347	-30115.65	-39934.03	-1.25347	14.652	0.00
0.00	-30115.58	-39934.23	-1.25319	-30115.58	-39934.23	-1.25319	6.411	0.00
0.00	-30115.52	-39934.41	-1.25288	-30115.52	-39934.41	-1.25288	5.989	0.00
0.00	-30115.45	-39934.62	-1.25247	-30115.45	-39934.62	-1.25247	6.237	0.00
0.00	-30115.37	-39934.86	-1.25198	-30115.37	-39934.86	-1.25198	6.083	0.00
0.00	-30115.30	-39935.08	-1.25150	-30115.30	-39935.08	-1.25150	5.976	0.00
0.00	-30115.24	-39935.26	-1.25107	-30115.24	-39935.26	-1.25107	6.316	0.00
0.00	-30115.16	-39935.50	-1.25066	-30115.16	-39935.50	-1.25066	6.272	0.00
0.00	-30115.08	-39935.72	-1.25029	-30115.08	-39935.72	-1.25029	6.598	0.00
0.00	-30115.01	-39935.93	-1.24986	-30115.01	-39935.93	-1.24986	10.906	0.00
0.00	-30114.93	-39936.16	-1.24941	-30114.93	-39936.16	-1.24941	6.553	0.00
0.00	-30114.86	-39936.38	-1.24897	-30114.86	-39936.38	-1.24897	6.468	0.00
0.00	-30114.78	-39936.61	-1.24853	-30114.78	-39936.61	-1.24853	6.166	0.00
0.00	-30114.70	-39936.84	-1.24810	-30114.70	-39936.84	-1.24810	8.910	0.00
0.00	-30114.64	-39937.02	-1.24787	-30114.64	-39937.02	-1.24787	6.967	0.00
0.00	-30114.57	-39937.21	-1.24768	-30114.57	-39937.21	-1.24768	6.638	0.00
0.00	-30114.52	-39937.37	-1.24746	-30114.52	-39937.37	-1.24746	10.060	0.00
0.00	-30114.45	-39937.58	-1.24718	-30114.45	-39937.58	-1.24718	8.453	0.00
0.00	-30114.38	-39937.79	-1.24688	-30114.38	-39937.79	-1.24688	8.056	0.00
0.00	-30114.31	-39937.98	-1.24657	-30114.31	-39937.98	-1.24657	8.945	0.00
0.00	-30114.25	-39938.17	-1.24612	-30114.25	-39938.17	-1.24612	7.925	0.00
0.00	-30114.16	-39938.42	-1.24567	-30114.16	-39938.42	-1.24567	8.152	0.00
0.00	-30114.08	-39938.65	-1.24524	-30114.08	-39938.65	-1.24524	8.091	0.00
0.00	-30114.00	-39938.90	-1.24486	-30114.00	-39938.90	-1.24486	7.755	0.00
0.00	-30113.93	-39939.10	-1.24472	-30113.93	-39939.10	-1.24472	8.717	0.00
0.00	-30113.86	-39939.30	-1.24474	-30113.86	-39939.30	-1.24474	7.568	0.00
0.00	-30113.79	-39939.51	-1.24466	-30113.79	-39939.51	-1.24466	8.669	0.00
0.00	-30113.72	-39939.71	-1.24443	-30113.72	-39939.71	-1.24443	8.822	0.00
0.00	-30113.65	-39939.92	-1.24412	-30113.65	-39939.92	-1.24412	7.964	0.00
0.00	-30113.57	-39940.15	-1.24374	-30113.57	-39940.15	-1.24374	9.852	0.00
0.00	-30113.50	-39940.38	-1.24333	-30113.50	-39940.38	-1.24333	8.126	0.00
0.00	-30113.41	-39940.63	-1.24299	-30113.41	-39940.63	-1.24299	9.674	0.00
0.00	-30113.33	-39940.86	-1.24275	-30113.33	-39940.86	-1.24275	9.413	0.00
0.00	-30113.27	-39941.04	-1.24262	-30113.27	-39941.04	-1.24262	8.590	0.00
0.00	-30113.20	-39941.25	-1.24258	-30113.20	-39941.25	-1.24258	10.017	0.00
0.00	-30113.13	-39941.46	-1.24258	-30113.13	-39941.46	-1.24258	8.878	0.00
0.00	-30113.05	-39941.67	-1.24257	-30113.05	-39941.67	-1.24257	9.014	0.00
0.00	-30112.98	-39941.88	-1.24245	-30112.98	-39941.88	-1.24245	9.007	0.00
0.00	-30112.91	-39942.09	-1.24224	-30112.91	-39942.09	-1.24224	10.183	0.00
0.00	-30112.85	-39942.28	-1.24206	-30112.85	-39942.28	-1.24206	9.236	0.00
0.00	-30112.78	-39942.48	-1.24198	-30112.78	-39942.48	-1.24198	9.459	0.00
0.00	-30112.69	-39942.74	-1.24201	-30112.69	-39942.74	-1.24201	9.395	0.00
0.00	-30112.62	-39942.95	-1.24208	-30112.62	-39942.95	-1.24208	10.270	0.00
0.00	-30112.54	-39943.17	-1.24206	-30112.54	-39943.17	-1.24206	9.428	0.00
0.00	-30112.46	-39943.40	-1.24188	-30112.46	-39943.40	-1.24188	9.872	0.00
0.00	-30112.38	-39943.63	-1.24157	-30112.38	-39943.63	-1.24157	9.049	0.00
0.00	-30112.30	-39943.88	-1.24118	-30112.30	-39943.88	-1.24118	11.151	0.00
0.00	-30112.24	-39944.04	-1.24078	-30112.24	-39944.04	-1.24078	9.629	0.00
0.00	-30112.18	-39944.23	-1.24048	-30112.18	-39944.23	-1.24048	9.233	0.00
0.00	-30112.10	-39944.44	-1.24032	-30112.10	-39944.44	-1.24032	10.046	0.00
0.00	-30112.02	-39944.67	-1.24029	-30112.02	-39944.67	-1.24029	11.206	0.00
0.00	-30111.96	-39944.86	-1.24024	-30111.96	-39944.86	-1.24024	9.975	0.00
0.00	-30111.89	-39945.05	-1.24001	-30111.89	-39945.05	-1.24001	10.142	0.00
0.00	-30111.83	-39945.24	-1.23966	-30111.83	-39945.24	-1.23966	9.413	0.00
0.00	-30111.76	-39945.43	-1.23922	-30111.76	-39945.43	-1.23922	12.305	0.00
0.00	-30111.69	-39945.63	-1.23880	-30111.69	-39945.63	-1.23880	10.352	0.00
0.00	-30111.63	-39945.79	-1.23860	-30111.63	-39945.79	-1.23860	11.076	0.00
0.00	-30111.56	-39946.01	-1.23866	-30111.56	-39946.01	-1.23866	11.116	0.00
0.00	-30111.48	-39946.22	-1.23878	-30111.48	-39946.22	-1.23878	11.600	0.00
0.00	-30111.41	-39946.43	-1.23882	-30111.41	-39946.43	-1.23882	11.284	0.00
0.00	-30111.34	-39946.64	-1.23882	-30111.34	-39946.64	-1.23882	10.946	0.00
0.00	-30111.27	-39946.85	-1.23888	-30111.27	-39946.85	-1.23888	10.870	0.00
0.00	-30111.19	-39947.07	-1.23905	-30111.19	-39947.07	-1.23905	13.101	0.00
0.00	-30111.11	-39947.30	-1.23921	-30111.11	-39947.30	-1.23921	12.059	0.00
0.00	-30111.04	-39947.50	-1.23930	-30111.04	-39947.50	-1.23930	11.669	0.00
0.00	-30110.96	-39947.73	-1.23944	-30110.96	-39947.73	-1.23944	11.266	0.00
0.00	-30110.89	-39947.95	-1.23965	-30110.89	-39947.95	-1.23965	12.389	0.00
0.00	-30110.82	-39948.16	-1.23992	-30110.82	-39948.16	-1.23992	11.443	0.00
0.00	-30110.71	-39948.47	-1.24031	-30110.71	-39948.47	-1.24031	11.505	0.00
0.00	-30110.68	-39948.56	-1.24054	-30110.68	-39948.56	-1.24054	11.461	0.00
0.00	-30110.59	-39948.83	-1.24073	-30110.59	-39948.83	-1.24073	12.298	0.00
0.00	-30110.55	-39948.94	-1.24070	-30110.55	-39948.94	-1.24070	12.586	0.00
0.00	-30110.47	-39949.16	-1.24060	-30110.47	-39949.16	-1.24060	12.269	0.00
0.00	-30110.40	-39949.38	-1.24055	-30110.40	-39949.38	-1.24055	11.744	0.00
0.00	-30110.33	-39949.60	-1.24063	-30110.33	-39949.60	-1.24063	13.739	0.00
0.00	-30110.26	-39949.80	-1.24084	-30110.26	-39949.80	-1.24084	11.856	0.00
0.00	-30110.19	-39950.01	-1.24119	-30110.19	-39950.01	-1.24119	12.627	0.00
0.00	-30110.11	-39950.24	-1.24156	-30110.11	-39950.24	-1.24156	12.634	0.00
0.00	-30110.04	-39950.45	-1.24204	-30110.04	-39950.45	-1.24204	13.066	0.00
0.00	-30109.97	-39950.66	-1.24245	-30109.97	-39950.66	-1.24245	13.286	0.00
0.00	-30109.90	-39950.87	-1.24273	-30109.90	-39950.87	-1.24273	12.746	0.00
0.00	-30109.82	-39951.09	-1.24288	-30109.82	-39951.09	-1.24288	13.246	0.00
0.00	-30109.75	-39951.30	-1.24288	-30109.75	-39951.30	-1.24288	13.963	0.00
0.00	-30109.68	-39951.51	-1.24296	-30109.68	-39951.51	-1.24296	13.280	0.00
0.00	-30109.61	-39951.72	-1.24319	-30109.61	-39951.72	-1.24319	12.735	0.00
0.00	-30109.54	-39951.94	-1.24363	-30109.54	-39951.94	-1.24363	13.232	0.00
0.00	-30109.47	-39952.15	-1.24426	-30109.47	-39952.15	-1.24426	14.273	0.00
0.00	-30109.39	-39952.37	-1.24488	-30109.39	-39952.37	-1.24488	14.091	0.00
0.00	-30109.32	-39952.59	-1.24541	-30109.32	-39952.59	-1.24541	13.396	0.00
0.00	-30109.24	-39952.83	-1.24588	-30109.24	-39952.83	-1.24588	13.916	0.00
0.00	-30109.16	-39953.06	-1.24641	-30109.16	-39953.06	-1.24641	14.704	0.00
0.00	-30109.10	-39953.26	-1.24709	-30109.10	-39953.26	-1.24709	14.374	0.00
0.00	-30109.01	-39953.53	-1.24790	-30109.01	-39953.53	-1.24790	14.288	0.00
0.00	-30108.94	-39953.75	-1.24878	-30108.94	-39953.75	-1.24878	13.493	0.00
0.00	-30108.88	-39953.94	-1.24963	-30108.88	-39953.94	-1.24963	15.284	0.00
0.00	-30108.81	-39954.14	-1.25052	-30108.81	-39954.14	-1.25052	14.041	0.00
0.00	-30108.75	-39954.32	-1.25139	-30108.75	-39954.32	-1.25139	13.574	0.00
0.00	-30108.69	-39954.51	-1.25219	-30108.69	-39954.51	-1.25219	14.218	0.00
0.00	-30108.61	-39954.76	-1.25280	-30108.61	-39954.76	-1.25280	14.787	0.00
0.00	-30108.53	-39954.99	-1.25322	-30108.53	-39954.99	-1.25322	15.014	0.00
0.00	-30108.47	-39955.19	-1.25355	-30108.47	-39955.19	-1.25355	14.543	0.00
0.00	-30108.40	-39955.41	-1.25388	-30108.40	-39955.41	-1.25388	15.028	0.00
0.00	-30108.34	-39955.59	-1.25439	-30108.34	-39955.59	-1.25439	15.787	0.00
0.00	-30108.28	-39955.78	-1.25503	-30108.28	-39955.78	-1.25503	15.099	0.00
0.00	-30108.22	-39955.97	-1.25557	-30108.22	-39955.97	-1.25557	15.145	0.00
0.00	-30108.15	-39956.16	-1.25591	-30108.15	-39956.16	-1.25591	14.731	0.00
0.00	-30108.08	-39956.38	-1.25607	-30108.08	-39956.38	-1.25607	16.203	0.00
0.00	-30108.01	-39956.60	-1.25621	-30108.01	-39956.60	-1.25621	15.573	0.00
0.00	-30107.95	-39956.81	-1.25654	-30107.95	-39956.81	-1.25654	15.798	0.00
0.00	-30107.88	-39957.03	-1.25707	-30107.88	-39957.03	-1.25707	15.621	0.00
0.00	-30107.81	-39957.24	-1.25759	-30107.81	-39957.24	-1.25759	16.029	0.00
0.00	-30107.74	-39957.46	-1.25812	-30107.74	-39957.46	-1.25812	15.721	0.00
0.00	-30107.67	-39957.68	-1.25844	-30107.67	-39957.68	-1.25844	15.970	0.00
0.00	-30107.60	-39957.89	-1.25876	-30107.60	-39957.89	-1.25876	15.553	0.00
0.00	-30107.53	-39958.12	-1.25913	-30107.53	-39958.12	-1.25913	16.618	0.00
0.00	-30107.45	-39958.39	-1.25963	-30107.45	-39958.39	-1.25963	16.202	0.00
0.00	-30107.38	-39958.60	-1.26018	-30107.38	-39958.60	-1.26018	15.687	0.00
0.00	-30107.31	-39958.82	-1.26056	-30107.31	-39958.82	-1.26056	16.370	0.00
0.00	-30107.26	-39958.97	-1.26073	-30107.26	-39958.97	-1.26073	16.200	0.00
0.00	-30107.21	-39959.13	-1.26078	-30107.21	-39959.13	-1.26078	16.911	0.00
0.00	-30107.15	-39959.30	-1.26084	-30107.15	-39959.30	-1.26084	16.220	0.00
0.00	-30107.10	-39959.48	-1.26100	-30107.10	-39959.48	-1.26100	16.437	0.00
0.00	-30107.03	-39959.70	-1.26125	-30107.03	-39959.70	-1.26125	17.587	0.00
0.00	-30106.96	-39959.91	-1.26155	-30106.96	-39959.91	-1.26155	16.491	0.00
0.00	-30106.90	-39960.10	-1.26185	-30106.90	-39960.10	-1.26185	16.510	0.00
0.00	-30106.83	-39960.32	-1.26222	-30106.83	-39960.32	-1.26222	16.106	0.00
0.00	-30106.76	-39960.53	-1.26263	-30106.76	-39960.53	-1.26263	17.991	0.00
0.00	-30106.70	-39960.71	-1.26299	-30106.70	-39960.71	-1.26299	17.627	0.00
0.00	-30106.64	-39960.92	-1.26315	-30106.64	-39960.92	-1.26315	17.730	0.00
0.00	-30106.57	-39961.13	-1.26320	-30106.57	-39961.13	-1.26320	17.889	0.00
0.00	-30106.50	-39961.35	-1.26309	-30106.50	-39961.35	-1.26309	17.602	0.00
0.00	-30106.43	-39961.58	-1.26293	-30106.43	-39961.58	-1.26293	18.459	0.00
0.00	-30106.36	-39961.80	-1.26290	-30106.36	-39961.80	-1.26290	17.669	0.00
0.00	-30106.29	-39962.02	-1.26296	-30106.29	-39962.02	-1.26296	17.664	0.00
0.00	-30106.21	-39962.25	-1.26309	-30106.21	-39962.25	-1.26309	18.739	0.00
0.00	-30106.14	-39962.47	-1.26318	-30106.14	-39962.47	-1.26318	17.198	0.00
0.00	-30106.06	-39962.72	-1.26322	-30106.06	-39962.72	-1.26322	18.143	0.00
0.00	-30106.04	-39962.80	-1.26318	-30106.04	-39962.80	-1.26318	17.561	0.00
0.00	-30105.98	-39962.97	-1.26322	-30105.98	-39962.97	-1.26322	18.704	0.00
0.00	-30105.89	-39963.26	-1.26329	-30105.89	-39963.26	-1.26329	18.759	0.00
0.00	-30105.82	-39963.48	-1.26334	-30105.82	-39963.48	-1.26334	16.698	0.00
0.00	-30105.75	-39963.69	-1.26333	-30105.75	-39963.69	-1.26333	18.567	0.00
0.00	-30105.69	-39963.89	-1.26333	-30105.69	-39963.89	-1.26333	19.312	0.00
0.00	-30105.62	-39964.10	-1.26343	-30105.62	-39964.10	-1.26343	18.746	0.00
0.00	-30105.57	-39964.26	-1.26350	-30105.57	-39964.26	-1.26350	19.049	0.00
0.00	-30105.50	-39964.46	-1.26359	-30105.50	-39964.46	-1.26359	18.936	0.00
0.00	-30105.44	-39964.66	-1.26369	-30105.44	-39964.66	-1.26369	19.222	0.00
0.00	-30105.37	-39964.86	-1.26376	-30105.37	-39964.86	-1.26376	18.667	0.00
0.00	-30105.31	-39965.07	-1.26388	-30105.31	-39965.07	-1.26388	18.905	0.00
0.00	-30105.25	-39965.24	-1.26412	-30105.25	-39965.24	-1.26412	19.460	0.00
0.00	-30105.20	-39965.42	-1.26441	-30105.20	-39965.42	-1.26441	19.985	0.00
0.00	-30105.14	-39965.60	-1.26467	-30105.14	-39965.60	-1.26467	19.251	0.00
0.00	-30105.08	-39965.79	-1.26490	-30105.08	-39965.79	-1.26490	19.839	0.00
0.00	-30105.02	-39965.98	-1.26511	-30105.02	-39965.98	-1.26511	19.365	0.00
0.00	-30104.96	-39966.18	-1.26535	-30104.96	-39966.18	-1.26535	20.623	0.00
0.00	-30104.91	-39966.35	-1.26567	-30104.91	-39966.35	-1.26567	18.523	0.00
0.00	-30104.84	-39966.56	-1.26594	-30104.84	-39966.56	-1.26594	19.626	0.00
0.00	-30104.76	-39966.82	-1.26644	-30104.76	-39966.82	-1.26644	20.049	0.00
0.00	-30104.68	-39967.08	-1.26694	-30104.68	-39967.08	-1.26694	20.164	0.00
0.00	-30104.60	-39967.34	-1.26747	-30104.60	-39967.34	-1.26747	20.123	0.00
0.00	-30104.52	-39967.60	-1.26801	-30104.52	-39967.60	-1.26801	19.877	0.00
0.00	-30104.47	-39967.79	-1.26875	-30104.47	-39967.79	-1.26875	20.249	0.00
0.00	-30104.41	-39968.00	-1.26972	-30104.41	-39968.00	-1.26972	21.006	0.00
0.00	-30104.35	-39968.19	-1.27066	-30104.35	-39968.19	-1.27066	19.735	0.00
0.00	-30104.27	-39968.47	-1.27196	-30104.27	-39968.47	-1.27196	19.925	0.00
0.00	-30104.21	-39968.66	-1.27309	-30104.21	-39968.66	-1.27309	19.656	0.00
0.00	-30104.16	-39968.84	-1.27424	-30104.16	-39968.84	-1.27424	21.102	0.00
0.00	-30104.11	-39969.02	-1.27541	-30104.11	-39969.02	-1.27541	20.762	0.00
0.00	-30104.06	-39969.21	-1.27673	-30104.06	-39969.21	-1.27673	20.201	0.00
0.00	-30104.01	-39969.40	-1.27819	-30104.01	-39969.40	-1.27819	20.791	0.00
0.00	-30103.95	-39969.59	-1.27965	-30103.95	-39969.59	-1.27965	21.628	0.00
0.00	-30103.90	-39969.79	-1.28107	-30103.90	-39969.79	-1.28107	21.085	0.00
0.00	-30103.84	-39969.98	-1.28248	-30103.84	-39969.98	-1.28248	21.240	0.00
0.00	-30103.79	-39970.19	-1.28394	-30103.79	-39970.19	-1.28394	21.545	0.00
0.00	-30103.73	-39970.39	-1.28553	-30103.73	-39970.39	-1.28553	21.958	0.00
0.00	-30103.67	-39970.61	-1.28677	-30103.67	-39970.61	-1.28677	20.794	0.00
0.00	-30103.61	-39970.82	-1.28777	-30103.61	-39970.82	-1.28777	21.913	0.00
0.00	-30103.56	-39971.00	-1.28878	-30103.56	-39971.00	-1.28878	21.480	0.00
0.00	-30103.52	-39971.17	-1.28969	-30103.52	-39971.17	-1.28969	22.200	0.00
0.00	-30103.47	-39971.33	-1.29032	-30103.47	-39971.33	-1.29032	22.342	0.00
0.00	-30103.41	-39971.54	-1.29071	-30103.41	-39971.54	-1.29071	21.833	0.00
0.00	-30103.35	-39971.71	-1.29097	-30103.35	-39971.71	-1.29097	22.042	0.00
0.00	-30103.29	-39971.91	-1.29104	-30103.29	-39971.91	-1.29104	23.234	0.00
0.00	-30103.23	-39972.12	-1.29111	-30103.23	-39972.12	-1.29111	22.008	0.00
0.00	-30103.16	-39972.32	-1.29122	-30103.16	-39972.32	-1.29122	22.286	0.00
0.00	-30103.10	-39972.52	-1.29136	-30103.10	-39972.52	-1.29136	21.454	0.00
0.00	-30103.08	-39972.59	-1.29126	-30103.08	-39972.59	-1.29126	22.579	0.00
0.00	-30103.02	-39972.78	-1.29188	-30103.02	-39972.78	-1.29188	22.634	0.00
0.00	-30102.96	-39972.97	-1.29270	-30102.96	-39972.97	-1.29270	21.683	0.00
0.00	-30102.90	-39973.15	-1.29365	-30102.90	-39973.15	-1.29365	23.484	0.00
0.00	-30102.84	-39973.34	-1.29471	-30102.84	-39973.34	-1.29471	22.441	0.00
0.00	-30102.78	-39973.53	-1.29590	-30102.78	-39973.53	-1.29590	22.401	0.00
0.00	-30102.72	-39973.74	-1.29718	-30102.72	-39973.74	-1.29718	23.568	0.00
0.00	-30102.65	-39973.95	-1.29869	-30102.65	-39973.95	-1.29869	21.767	0.00
0.00	-30102.59	-39974.16	-1.30060	-30102.59	-39974.16	-1.30060	23.741	0.00
0.00	-30102.52	-39974.38	-1.30294	-30102.52	-39974.38	-1.30294	22.820	0.00
0.00	-30102.46	-39974.59	-1.30594	-30102.46	-39974.59	-1.30594	23.490	0.00
0.00	-30102.40	-39974.80	-1.30919	-30102.40	-39974.80	-1.30919	23.174	0.00
0.00	-30102.33	-39975.03	-1.31292	-30102.33	-39975.03	-1.31292	24.287	0.00
0.00	-30102.28	-39975.24	-1.31684	-30102.28	-39975.24	-1.31684	23.764	0.00
0.00	-30102.23	-39975.41	-1.32147	-30102.23	-39975.41	-1.32147	22.936	0.00
0.00	-30102.19	-39975.58	-1.32652	-30102.19	-39975.58	-1.32652	24.352	0.00
0.00	-30102.14	-39975.75	-1.33203	-30102.14	-39975.75	-1.33203	24.762	0.00
0.00	-30102.10	-39975.93	-1.33789	-30102.10	-39975.93	-1.33789	24.637	0.00
0.00	-30102.06	-39976.13	-1.34399	-30102.06	-39976.13	-1.34399	24.664	0.00
0.00	-30102.01	-39976.32	-1.35044	-30102.01	-39976.32	-1.35044	23.824	0.00
0.00	-30101.97	-39976.51	-1.35709	-30101.97	-39976.51	-1.35709	25.200	0.00
0.00	-30101.93	-39976.74	-1.36398	-30101.93	-39976.74	-1.36398	25.768	0.00
0.00	-30101.89	-39976.92	-1.37106	-30101.89	-39976.92	-1.37106	23.853	0.00
0.00	-30101.85	-39977.12	-1.37806	-30101.85	-39977.12	-1.37806	24.514	0.00
0.00	-30101.82	-39977.30	-1.38499	-30101.82	-39977.30	-1.38499	24.991	0.00
0.00	-30101.78	-39977.50	-1.39173	-30101.78	-39977.50	-1.39173	24.733	0.00
0.00	-30101.75	-39977.71	-1.39836	-30101.75	-39977.71	-1.39836	24.854	0.00
0.00	-30101.72	-39977.89	-1.40507	-30101.72	-39977.89	-1.40507	24.355	0.00
0.00	-30101.70	-39978.06	-1.41200	-30101.70	-39978.06	-1.41200	26.497	0.00
0.00	-30101.67	-39978.24	-1.41917	-30101.67	-39978.24	-1.41917	23.801	0.00
0.00	-30101.64	-39978.44	-1.42645	-30101.64	-39978.44	-1.42645	24.284	0.00
0.00	-30101.61	-39978.63	-1.43394	-30101.61	-39978.63	-1.43394	25.386	0.00
0.00	-30101.59	-39978.83	-1.44118	-30101.59	-39978.83	-1.44118	24.670	0.00
0.00	-30101.56	-39979.03	-1.44831	-30101.56	-39979.03	-1.44831	26.039	0.00
0.00	-30101.55	-39979.16	-1.45522	-30101.55	-39979.16	-1.45522	25.605	0.00
0.00	-30101.53	-39979.32	-1.46207	-30101.53	-39979.32	-1.46207	25.904	0.00
0.00	-30101.51	-39979.47	-1.46889	-30101.51	-39979.47	-1.46889	26.784	0.00
0.00	-30101.49	-39979.67	-1.47575	-30101.49	-39979.67	-1.47575	25.540	0.00
0.00	-30101.47	-39979.88	-1.48277	-30101.47	-39979.88	-1.48277	26.377	0.00
0.00	-30101.45	-39980.04	-1.48959	-30101.45	-39980.04	-1.48959	25.674	0.00
0.00	-30101.44	-39980.22	-1.49687	-30101.44	-39980.22	-1.49687	27.509	0.00
0.00	-30101.42	-39980.44	-1.50414	-30101.42	-39980.44	-1.50414	25.762	0.00
0.00	-30101.40	-39980.64	-1.51133	-30101.40	-39980.64	-1.51133	26.633	0.00
0.00	-30101.39	-39980.80	-1.51875	-30101.39	-39980.80	-1.51875	26.692	0.00
0.00	-30101.37	-39981.04	-1.52784	-30101.37	-39981.04	-1.52784	25.481	0.00
0.00	-30101.36	-39981.15	-1.53418	-30101.36	-39981.15	-1.53418	26.480	0.00
0.00	-30101.35	-39981.36	-1.54262	-30101.35	-39981.36	-1.54262	26.411	0.00
0.00	-30101.34	-39981.56	-1.55119	-30101.34	-39981.56	-1.55119	25.833	0.00
0.00	-30101.34	-39981.73	-1.56005	-30101.34	-39981.73	-1.56005	27.022	0.00
0.00	-30101.33	-39981.94	-1.56905	-30101.33	-39981.94	-1.56905	25.398	0.00
0.00	-30101.33	-39982.15	-1.57840	-30101.33	-39982.15	-1.57840	26.419	0.00
0.00	-30101.33	-39982.32	-1.58794	-30101.33	-39982.32	-1.58794	27.193	0.00
0.00	-30101.33	-39982.50	-1.59767	-30101.33	-39982.50	-1.59767	27.044	0.00
0.00	-30101.34	-39982.71	-1.60790	-30101.34	-39982.71	-1.60790	27.148	0.00
0.00	-30101.34	-39982.91	-1.61780	-30101.34	-39982.91	-1.61780	26.748	0.00
0.00	-30101.35	-39983.11	-1.62936	-30101.35	-39983.11	-1.62936	26.609	0.00
0.00	-30101.36	-39983.33	-1.64067	-30101.36	-39983.33	-1.64067	28.538	0.00
0.00	-30101.38	-39983.54	-1.65180	-30101.38	-39983.54	-1.65180	27.416	0.00
0.00	-30101.39	-39983.69	-1.66301	-30101.39	-39983.69	-1.66301	28.261	0.00
0.00	-30101.41	-39983.86	-1.67436	-30101.41	-39983.86	-1.67436	27.751	0.00
0.00	-30101.43	-39984.06	-1.68596	-30101.43	-39984.06	-1.68596	27.473	0.00
0.00	-30101.45	-39984.28	-1.69783	-30101.45	-39984.28	-1.69783	27.734	0.00
0.00	-30101.48	-39984.48	-1.71008	-30101.48	-39984.48	-1.71008	27.158	0.00
0.00	-30101.51	-39984.69	-1.72266	-30101.51	-39984.69	-1.72266	27.997	0.00
0.00	-30101.54	-39984.89	-1.73566	-30101.54	-39984.89	-1.73566	29.468	0.00
0.00	-30101.57	-39985.05	-1.74881	-30101.57	-39985.05	-1.74881	27.804	0.00
0.00	-30101.60	-39985.23	-1.76120	-30101.60	-39985.23	-1.76120	28.335	0.00
0.00	-30101.65	-39985.45	-1.77544	-30101.65	-39985.45	-1.77544	28.049	0.00
0.00	-30101.67	-39985.57	-1.78878	-30101.67	-39985.57	-1.78878	29.178	0.00
0.00	-30101.71	-39985.72	-1.80226	-30101.71	-39985.72	-1.80226	28.438	0.00
0.00	-30101.74	-39985.86	-1.81593	-30101.74	-39985.86	-1.81593	28.049	0.00
0.00	-30101.79	-39986.02	-1.82986	-30101.79	-39986.02	-1.82986	28.184	0.00
0.00	-30101.83	-39986.21	-1.84409	-30101.83	-39986.21	-1.84409	30.409	0.00
0.00	-30101.87	-39986.34	-1.85729	-30101.87	-39986.34	-1.85729	30.652	0.00
0.00	-30101.94	-39986.55	-1.87217	-30101.94	-39986.55	-1.87217	28.121	0.00
0.00	-30101.99	-39986.73	-1.88635	-30101.99	-39986.73	-1.88635	29.500	0.00
0.00	-30102.04	-39986.88	-1.90084	-30102.04	-39986.88	-1.90084	31.353	0.00
0.00	-30102.09	-39987.03	-1.91535	-30102.09	-39987.03	-1.91535	30.592	0.00
0.00	-30102.14	-39987.17	-1.92998	-30102.14	-39987.17	-1.92998	31.265	0.00
0.00	-30102.19	-39987.30	-1.94422	-30102.19	-39987.30	-1.94422	30.558	0.00
0.00	-30102.24	-39987.44	-1.95866	-30102.24	-39987.44	-1.95866	31.100	0.00
0.00	-30102.30	-39987.58	-1.97313	-30102.30	-39987.58	-1.97313	29.845	0.00
0.00	-30102.36	-39987.73	-1.98761	-30102.36	-39987.73	-1.98761	29.946	0.00
0.00	-30102.43	-39987.88	-2.00188	-30102.43	-39987.88	-2.00188	30.749	0.00
0.00	-30102.50	-39988.03	-2.01600	-30102.50	-39988.03	-2.01600	30.809	0.00
0.00	-30102.57	-39988.19	-2.02979	-30102.57	-39988.19	-2.02979	29.765	0.00
0.00	-30102.64	-39988.35	-2.04345	-30102.64	-39988.35	-2.04345	29.860	0.00
0.00	-30102.72	-39988.51	-2.05733	-30102.72	-39988.51	-2.05733	29.897	0.00
0.00	-30102.80	-39988.65	-2.07138	-30102.80	-39988.65	-2.07138	30.830	0.00
0.00	-30102.95	-39988.94	-2.08992	-30102.95	-39988.94	-2.08992	30.565	0.00
0.00	-30103.00	-39989.04	-2.09948	-30103.00	-39989.04	-2.09948	35.645	0.00
0.00	-30103.09	-39989.20	-2.11367	-30103.09	-39989.20	-2.11367	30.791	0.00
0.00	-30103.18	-39989.35	-2.12759	-30103.18	-39989.35	-2.12759	30.206	0.00
0.00	-30103.27	-39989.51	-2.14201	-30103.27	-39989.51	-2.14201	31.351	0.00
0.00	-30103.36	-39989.66	-2.15541	-30103.36	-39989.66	-2.15541	30.999	0.00
0.00	-30103.46	-39989.82	-2.16917	-30103.46	-39989.82	-2.16917	30.371	0.00
0.00	-30103.56	-39989.97	-2.18282	-30103.56	-39989.97	-2.18282	31.820	0.00
0.00	-30103.67	-39990.13	-2.19675	-30103.67	-39990.13	-2.19675	31.394	0.00
0.00	-30103.77	-39990.27	-2.21035	-30103.77	-39990.27	-2.21035	31.205	0.00
0.00	-30103.87	-39990.42	-2.22389	-30103.87	-39990.42	-2.22389	31.270	0.00
0.00	-30103.99	-39990.58	-2.23764	-30103.99	-39990.58	-2.23764	30.908	0.00
0.00	-30104.10	-39990.72	-2.25103	-30104.10	-39990.72	-2.25103	30.484	0.00
0.00	-30104.22	-39990.87	-2.26479	-30104.22	-39990.87	-2.26479	31.674	0.00
0.00	-30104.33	-39991.02	-2.27842	-30104.33	-39991.02	-2.27842	32.229	0.00
0.00	-30104.45	-39991.16	-2.29139	-30104.45	-39991.16	-2.29139	31.797	0.00
0.00	-30104.57	-39991.30	-2.30464	-30104.57	-39991.30	-2.30464	31.147	0.00
0.00	-30104.75	-39991.51	-2.32071	-30104.75	-39991.51	-2.32071	31.622	0.00
0.00	-30104.80	-39991.56	-2.33010	-30104.80	-39991.56	-2.33010	31.238	0.00
0.00	-30104.92	-39991.69	-2.34306	-30104.92	-39991.69	-2.34306	32.691	0.00
0.00	-30105.06	-39991.84	-2.35626	-30105.06	-39991.84	-2.35626	31.391	0.00
0.00	-30105.21	-39991.98	-2.36931	-30105.21	-39991.98	-2.36931	32.073	0.00
0.00	-30105.34	-39992.12	-2.38238	-30105.34	-39992.12	-2.38238	32.572	0.00
0.00	-30105.54	-39992.29	-2.39887	-30105.54	-39992.29	-2.39887	31.510	0.00
0.00	-30105.59	-39992.34	-2.40844	-30105.59	-39992.34	-2.40844	32.849	0.00
0.00	-30105.71	-39992.44	-2.42142	-30105.71	-39992.44	-2.42142	31.521	0.00
0.00	-30105.85	-39992.55	-2.43417	-30105.85	-39992.55	-2.43417	31.531	0.00
0.00	-30105.98	-39992.66	-2.44684	-30105.98	-39992.66	-2.44684	32.927	0.00
0.00	-30106.12	-39992.77	-2.45963	-30106.12	-39992.77	-2.45963	32.424	0.00
0.00	-30106.27	-39992.88	-2.47228	-30106.27	-39992.88	-2.47228	32.839	0.00
0.00	-30106.42	-39992.99	-2.48487	-30106.42	-39992.99	-2.48487	32.386	0.00
0.00	-30106.56	-39993.10	-2.49806	-30106.56	-39993.10	-2.49806	35.263	0.00
0.00	-30106.72	-39993.20	-2.51059	-30106.72	-39993.20	-2.51059	33.353	0.00
0.00	-30106.87	-39993.30	-2.52341	-30106.87	-39993.30	-2.52341	32.607	0.00
0.00	-30107.02	-39993.40	-2.53589	-30107.02	-39993.40	-2.53589	33.094	0.00
0.00	-30107.18	-39993.50	-2.54820	-30107.18	-39993.50	-2.54820	33.948	0.00
0.00	-30107.33	-39993.60	-2.56045	-30107.33	-39993.60	-2.56045	32.060	0.00
0.00	-30107.49	-39993.69	-2.57274	-30107.49	-39993.69	-2.57274	33.308	0.00
0.00	-30107.65	-39993.79	-2.58457	-30107.65	-39993.79	-2.58457	33.520	0.00
0.00	-30107.83	-39993.90	-2.59533	-30107.83	-39993.90	-2.59533	34.504	0.00
0.00	-30108.02	-39994.01	-2.60585	-30108.02	-39994.01	-2.60585	35.107	0.00
0.00	-30108.21	-39994.12	-2.61595	-30108.21	-39994.12	-2.61595	33.544	0.00
0.00	-30108.37	-39994.21	-2.62554	-30108.37	-39994.21	-2.62554	34.434	0.00
0.00	-30108.52	-39994.29	-2.63458	-30108.52	-39994.29	-2.63458	34.190	0.00
0.00	-30108.67	-39994.37	-2.64331	-30108.67	-39994.37	-2.64331	34.236	0.00
0.00	-30108.83	-39994.46	-2.65137	-30108.83	-39994.46	-2.65137	34.006	0.00
0.00	-30109.11	-39994.61	-2.66276	-30109.11	-39994.61	-2.66276	33.451	0.00
0.00	-30109.17	-39994.64	-2.66757	-30109.17	-39994.64	-2.66757	34.941	0.00
0.00	-30109.38	-39994.76	-2.67522	-30109.38	-39994.76	-2.67522	33.867	0.00
0.00	-30109.50	-39994.82	-2.68001	-30109.50	-39994.82	-2.68001	34.975	0.00
0.00	-30109.68	-39994.91	-2.68603	-30109.68	-39994.91	-2.68603	33.582	0.00
0.00	-30109.85	-39995.00	-2.69165	-30109.85	-39995.00	-2.69165	34.819	0.00
0.00	-30110.01	-39995.08	-2.69639	-30110.01	-39995.08	-2.69639	34.241	0.00
0.00	-30110.18	-39995.16	-2.70091	-30110.18	-39995.16	-2.70091	35.709	0.00
0.00	-30110.35	-39995.25	-2.70501	-30110.35	-39995.25	-2.70501	34.469	0.00
0.00	-30110.53	-39995.34	-2.70995	-30110.53	-39995.34	-2.70995	34.728	0.00
0.00	-30110.70	-39995.42	-2.71528	-30110.70	-39995.42	-2.71528	34.437	0.00
0.00	-30110.86	-39995.49	-2.72020	-30110.86	-39995.49	-2.72020	34.090	0.00
0.00	-30111.02	-39995.57	-2.72478	-30111.02	-39995.57	-2.72478	35.078	0.00
0.00	-30111.22	-39995.66	-2.72927	-30111.22	-39995.66	-2.72927	36.417	0.00
0.00	-30111.40	-39995.74	-2.73349	-30111.40	-39995.74	-2.73349	35.358	0.00
0.00	-30111.59	-39995.82	-2.73773	-30111.59	-39995.82	-2.73773	34.664	0.00
0.00	-30111.75	-39995.89	-2.74201	-30111.75	-39995.89	-2.74201	34.816	0.00
0.00	-30111.90	-39995.95	-2.74639	-30111.90	-39995.95	-2.74639	35.828	0.00
0.00	-30112.06	-39996.02	-2.75091	-30112.06	-39996.02	-2.75091	35.230	0.00
0.00	-30112.23	-39996.08	-2.75556	-30112.23	-39996.08	-2.75556	35.706	0.00
0.00	-30112.39	-39996.14	-2.76043	-30112.39	-39996.14	-2.76043	34.989	0.00
0.00	-30112.56	-39996.20	-2.76533	-30112.56	-39996.20	-2.76533	38.000	0.00
0.00	-30112.73	-39996.27	-2.77020	-30112.73	-39996.27	-2.77020	35.627	0.00
0.00	-30112.92	-39996.33	-2.77554	-30112.92	-39996.33	-2.77554	35.516	0.00
0.00	-30113.13	-39996.40	-2.78079	-30113.13	-39996.40	-2.78079	34.876	0.00
0.00	-30113.34	-39996.47	-2.78682	-30113.34	-39996.47	-2.78682	36.146	0.00
0.00	-30113.43	-39996.49	-2.79124	-30113.43	-39996.49	-2.79124	36.300	0.00
0.00	-30113.61	-39996.55	-2.79593	-30113.61	-39996.55	-2.79593	34.986	0.00
0.00	-30113.78	-39996.60	-2.80046	-30113.78	-39996.60	-2.80046	36.167	0.00
0.00	-30113.96	-39996.65	-2.80498	-30113.96	-39996.65	-2.80498	36.693	0.00
0.00	-30114.14	-39996.70	-2.80929	-30114.14	-39996.70	-2.80929	35.968	0.00
0.00	-30114.32	-39996.76	-2.81332	-30114.32	-39996.76	-2.81332	35.941	0.00
0.00	-30114.49	-39996.81	-2.81707	-30114.49	-39996.81	-2.81707	35.708	0.00
0.00	-30114.71	-39996.87	-2.82064	-30114.71	-39996.87	-2.82064	38.197	0.00
0.00	-30114.93	-39996.94	-2.82403	-30114.93	-39996.94	-2.82403	37.242	0.00
0.00	-30115.14	-39997.00	-2.82679	-30115.14	-39997.00	-2.82679	36.147	0.00
0.00	-30115.30	-39997.04	-2.82939	-30115.30	-39997.04	-2.82939	37.176	0.00
0.00	-30115.45	-39997.09	-2.83228	-30115.45	-39997.09	-2.83228	37.687	0.00
0.00	-30115.62	-39997.13	-2.83482	-30115.62	-39997.13	-2.83482	37.342	0.00
0.00	-30115.80	-39997.18	-2.83701	-30115.80	-39997.18	-2.83701	37.626	0.00
0.00	-30115.98	-39997.24	-2.83880	-30115.98	-39997.24	-2.83880	37.790	0.00
0.00	-30116.17	-39997.30	-2.84010	-30116.17	-39997.30	-2.84010	38.041	0.00
0.00	-30116.36	-39997.35	-2.84093	-30116.36	-39997.35	-2.84093	37.087	0.00
0.00	-30116.55	-39997.41	-2.84144	-30116.55	-39997.41	-2.84144	37.502	0.00
0.00	-30116.74	-39997.47	-2.84177	-30116.74	-39997.47	-2.84177	36.610	0.00
0.00	-30116.95	-39997.54	-2.84195	-30116.95	-39997.54	-2.84195	39.958	0.00
0.00	-30117.15	-39997.60	-2.84197	-30117.15	-39997.60	-2.84197	38.403	0.00
0.00	-30117.38	-39997.68	-2.84186	-30117.38	-39997.68	-2.84186	37.718	0.00
0.00	-30117.56	-39997.74	-2.84165	-30117.56	-39997.74	-2.84165	38.629	0.00
0.00	-30117.74	-39997.80	-2.84133	-30117.74	-39997.80	-2.84133	39.947	0.00
0.00	-30117.92	-39997.86	-2.84090	-30117.92	-39997.86	-2.84090	37.282	0.00
0.00	-30118.12	-39997.92	-2.84035	-30118.12	-39997.92	-2.84035	38.443	0.00
0.00	-30118.31	-39997.98	-2.83988	-30118.31	-39997.98	-2.83988	38.045	0.00
0.00	-30118.56	-39998.06	-2.83912	-30118.56	-39998.06	-2.83912	40.830	0.00
0.00	-30118.80	-39998.14	-2.83848	-30118.80	-39998.14	-2.83848	37.991	0.00
0.00	-30119.03	-39998.22	-2.83767	-30119.03	-39998.22	-2.83767	37.351	0.00
0.00	-30119.23	-39998.28	-2.83703	-30119.23	-39998.28	-2.83703	39.628	0.00
0.00	-30119.42	-39998.35	-2.83644	-30119.42	-39998.35	-2.83644	38.703	0.00
0.00	-30119.61	-39998.41	-2.83566	-30119.61	-39998.41	-2.83566	39.395	0.00
0.00	-30119.80	-39998.48	-2.83493	-30119.80	-39998.48	-2.83493	38.830	0.00
0.00	-30119.99	-39998.54	-2.83427	-30119.99	-39998.54	-2.83427	37.278	0.00
0.00	-30120.19	-39998.60	-2.83375	-30120.19	-39998.60	-2.83375	40.050	0.00
0.00	-30120.36	-39998.66	-2.83328	-30120.36	-39998.66	-2.83328	39.302	0.00
0.00	-30120.56	-39998.73	-2.83300	-30120.56	-39998.73	-2.83300	39.372	0.00
0.00	-30120.77	-39998.80	-2.83276	-30120.77	-39998.80	-2.83276	39.009	0.00
0.00	-30120.98	-39998.87	-2.83244	-30120.98	-39998.87	-2.83244	41.226	0.00
0.00	-30121.19	-39998.93	-2.83197	-30121.19	-39998.93	-2.83197	39.753	0.00
0.00	-30121.40	-39999.00	-2.83147	-30121.40	-39999.00	-2.83147	39.222	0.00
0.00	-30121.61	-39999.07	-2.83095	-30121.61	-39999.07	-2.83095	39.273	0.00
0.00	-30121.92	-39999.17	-2.83032	-30121.92	-39999.17	-2.83032	43.504	0.00
0.00	-30122.03	-39999.20	-2.82991	-30122.03	-39999.20	-2.82991	42.129	0.00
0.00	-30122.30	-39999.29	-2.82961	-30122.30	-39999.29	-2.82961	41.469	0.00
0.00	-30122.40	-39999.32	-2.82956	-30122.40	-39999.32	-2.82956	38.996	0.00
0.00	-30122.65	-39999.40	-2.82949	-30122.65	-39999.40	-2.82949	42.042	0.00
0.00	-30122.88	-39999.48	-2.82937	-30122.88	-39999.48	-2.82937	39.319	0.00
0.00	-30123.10	-39999.55	-2.82922	-30123.10	-39999.55	-2.82922	40.143	0.00
0.00	-30123.29	-39999.61	-2.82912	-30123.29	-39999.61	-2.82912	39.183	0.00
0.00	-30123.50	-39999.67	-2.82891	-30123.50	-39999.67	-2.82891	41.126	0.00
0.00	-30123.69	-39999.73	-2.82891	-30123.69	-39999.73	-2.82891	40.215	0.00
0.00	-30123.87	-39999.79	-2.82902	-30123.87	-39999.79	-2.82902	39.907	0.00
0.00	-30124.08	-39999.85	-2.82911	-30124.08	-39999.85	-2.82911	39.365	0.00
0.00	-30124.28	-39999.92	-2.82928	-30124.28	-39999.92	-2.82928	40.988	0.00
0.00	-30124.48	-39999.98	-2.82954	-30124.48	-39999.98	-2.82954	39.404	0.00
0.00	-30124.69	-40000.04	-2.82968	-30124.69	-40000.04	-2.82968	40.334	0.00
0.00	-30124.89	-40000.10	-2.83001	-30124.89	-40000.10	-2.83001	39.923	0.00
0.00	-30125.09	-40000.17	-2.83030	-30125.09	-40000.17	-2.83030	48.718	0.00
0.00	-30125.29	-40000.23	-2.83049	-30125.29	-40000.23	-2.83049	39.719	0.00
0.00	-30125.50	-40000.29	-2.83058	-30125.50	-40000.29	-2.83058	41.025	0.00
0.00	-30125.69	-40000.35	-2.83077	-30125.69	-40000.35	-2.83077	40.223	0.00
0.00	-30125.90	-40000.41	-2.83081	-30125.90	-40000.41	-2.83081	42.172	0.00
0.00	-30126.10	-40000.48	-2.83091	-30126.10	-40000.48	-2.83091	41.370	0.00
0.00	-30126.30	-40000.54	-2.83111	-30126.30	-40000.54	-2.83111	40.280	0.00
0.00	-30126.51	-40000.60	-2.83158	-30126.51	-40000.60	-2.83158	41.865	0.00
0.00	-30126.78	-40000.68	-2.83213	-30126.78	-40000.68	-2.83213	42.677	0.00
0.00	-30126.99	-40000.75	-2.83267	-30126.99	-40000.75	-2.83267	39.295	0.00
0.00	-30127.19	-40000.81	-2.83301	-30127.19	-40000.81	-2.83301	42.906	0.00
0.00	-30127.38	-40000.87	-2.83332	-30127.38	-40000.87	-2.83332	41.891	0.00
0.00	-30127.58	-40000.93	-2.83359	-30127.58	-40000.93	-2.83359	42.749	0.00
0.00	-30127.77	-40000.99	-2.83385	-30127.77	-40000.99	-2.83385	46.722	0.00
0.00	-30127.97	-40001.05	-2.83414	-30127.97	-40001.05	-2.83414	42.352	0.00
0.00	-30128.16	-40001.11	-2.83447	-30128.16	-40001.11	-2.83447	42.316	0.00
0.00	-30128.36	-40001.17	-2.83482	-30128.36	-40001.17	-2.83482	44.000	0.00
0.00	-30128.56	-40001.23	-2.83515	-30128.56	-40001.23	-2.83515	41.916	0.00
0.00	-30128.76	-40001.29	-2.83537	-30128.76	-40001.29	-2.83537	42.487	0.00
0.00	-30128.95	-40001.35	-2.83546	-30128.95	-40001.35	-2.83546	42.474	0.00
0.00	-30129.15	-40001.41	-2.83558	-30129.15	-40001.41	-2.83558	42.520	0.00
0.00	-30129.35	-40001.47	-2.83572	-30129.35	-40001.47	-2.83572	42.421	0.00
0.00	-30129.54	-40001.53	-2.83584	-30129.54	-40001.53	-2.83584	42.434	0.00
0.00	-30129.73	-40001.58	-2.83606	-30129.73	-40001.58	-2.83606	42.273	0.00
0.00	-30129.93	-40001.65	-2.83615	-30129.93	-40001.65	-2.83615	44.077	0.00
0.00	-30130.13	-40001.71	-2.83622	-30130.13	-40001.71	-2.83622	42.662	0.00
0.00	-30130.32	-40001.77	-2.83628	-30130.32	-40001.77	-2.83628	42.206	0.00
0.00	-30130.53	-40001.83	-2.83635	-30130.53	-40001.83	-2.83635	43.004	0.00
0.00	-30130.76	-40001.90	-2.83644	-30130.76	-40001.90	-2.83644	44.266	0.00
0.00	-30130.99	-40001.97	-2.83662	-30130.99	-40001.97	-2.83662	43.336	0.00
0.00	-30131.28	-40002.06	-2.83675	-30131.28	-40002.06	-2.83675	43.072	0.00
0.00	-30131.36	-40002.09	-2.83687	-30131.36	-40002.09	-2.83687	43.313	0.00
0.00	-30131.54	-40002.14	-2.83692	-30131.54	-40002.14	-2.83692	44.704	0.00
0.00	-30131.74	-40002.20	-2.83688	-30131.74	-40002.20	-2.83688	43.268	0.00
0.00	-30131.93	-40002.26	-2.83677	-30131.93	-40002.26	-2.83677	43.378	0.00
0.00	-30132.12	-40002.32	-2.83664	-30132.12	-40002.32	-2.83664	42.999	0.00
0.00	-30132.31	-40002.38	-2.83652	-30132.31	-40002.38	-2.83652	43.713	0.00
0.00	-30132.50	-40002.44	-2.83644	-30132.50	-40002.44	-2.83644	42.793	0.00
0.00	-30132.69	-40002.50	-2.83634	-30132.69	-40002.50	-2.83634	43.875	0.00
0.00	-30132.88	-40002.56	-2.83621	-30132.88	-40002.56	-2.83621	44.180	0.00
0.00	-30133.07	-40002.62	-2.83622	-30133.07	-40002.62	-2.83622	44.822	0.00
0.00	-30133.26	-40002.68	-2.83629	-30133.26	-40002.68	-2.83629	44.283	0.00
0.00	-30133.45	-40002.74	-2.83636	-30133.45	-40002.74	-2.83636	44.205	0.00
0.00	-30133.65	-40002.80	-2.83638	-30133.65	-40002.80	-2.83638	45.257	0.00
0.00	-30133.84	-40002.86	-2.83630	-30133.84	-40002.86	-2.83630	45.215	0.00
0.00	-30134.03	-40002.92	-2.83614	-30134.03	-40002.92	-2.83614	45.226	0.00
0.00	-30134.21	-40002.98	-2.83603	-30134.21	-40002.98	-2.83603	45.224	0.00
0.00	-30134.43	-40003.05	-2.83590	-30134.43	-40003.05	-2.83590	44.266	0.00
0.00	-30134.66	-40003.12	-2.83573	-30134.66	-40003.12	-2.83573	44.876	0.00
0.00	-30134.90	-40003.20	-2.83559	-30134.90	-40003.20	-2.83559	45.247	0.00
0.00	-30135.07	-40003.25	-2.83548	-30135.07	-40003.25	-2.83548	43.715	0.00
0.00	-30135.17	-40003.28	-2.83540	-30135.17	-40003.28	-2.83540	45.713	0.00
0.00	-30135.40	-40003.36	-2.83531	-30135.40	-40003.36	-2.83531	45.212	0.00
0.00	-30135.52	-40003.39	-2.83503	-30135.52	-40003.39	-2.83503	45.117	0.00
0.00	-30135.78	-40003.48	-2.83468	-30135.78	-40003.48	-2.83468	44.762	0.00
0.00	-30136.00	-40003.55	-2.83440	-30136.00	-40003.55	-2.83440	44.978	0.00
0.00	-30136.13	-40003.59	-2.83422	-30136.13	-40003.59	-2.83422	46.032	0.00
0.00	-30136.25	-40003.63	-2.83395	-30136.25	-40003.63	-2.83395	46.962	0.00
0.00	-30136.55	-40003.72	-2.83371	-30136.55	-40003.72	-2.83371	45.588	0.00
0.00	-30136.64	-40003.75	-2.83357	-30136.64	-40003.75	-2.83357	51.689	0.00
0.00	-30136.91	-40003.84	-2.83357	-30136.91	-40003.84	-2.83357	53.214	0.00
0.00	-30137.00	-40003.87	-2.83356	-30137.00	-40003.87	-2.83356	46.758	0.00
0.00	-30137.30	-40003.96	-2.83345	-30137.30	-40003.96	-2.83345	44.966	0.00
0.00	-30137.38	-40003.99	-2.83314	-30137.38	-40003.99	-2.83314	45.993	0.00
0.00	-30137.62	-40004.07	-2.83270	-30137.62	-40004.07	-2.83270	47.178	0.00
0.00	-30137.76	-40004.11	-2.83206	-30137.76	-40004.11	-2.83206	47.080	0.00
0.00	-30137.99	-40004.19	-2.83160	-30137.99	-40004.19	-2.83160	46.581	0.00
0.00	-30138.16	-40004.24	-2.83124	-30138.16	-40004.24	-2.83124	47.685	0.00
0.00	-30138.38	-40004.32	-2.83118	-30138.38	-40004.32	-2.83118	47.005	0.00
0.00	-30138.59	-40004.38	-2.83115	-30138.59	-40004.38	-2.83115	48.279	0.00
0.00	-30138.77	-40004.44	-2.83125	-30138.77	-40004.44	-2.83125	46.288	0.00
0.00	-30138.92	-40004.49	-2.83117	-30138.92	-40004.49	-2.83117	52.412	0.00
0.00	-30139.14	-40004.56	-2.83104	-30139.14	-40004.56	-2.83104	47.822	0.00
0.00	-30139.25	-40004.60	-2.83078	-30139.25	-40004.60	-2.83078	48.058	0.00
0.00	-30139.48	-40004.67	-2.83048	-30139.48	-40004.67	-2.83048	46.354	0.00
0.00	-30139.61	-40004.71	-2.83002	-30139.61	-40004.71	-2.83002	47.265	0.00
0.00	-30139.84	-40004.79	-2.82959	-30139.84	-40004.79	-2.82959	47.674	0.00
0.00	-30140.02	-40004.84	-2.82903	-30140.02	-40004.84	-2.82903	54.719	0.00
0.00	-30140.21	-40004.91	-2.82867	-30140.21	-40004.91	-2.82867	46.185	0.00
0.00	-30140.39	-40004.97	-2.82833	-30140.39	-40004.97	-2.82833	48.259	0.00
0.00	-30140.58	-40005.03	-2.82814	-30140.58	-40005.03	-2.82814	48.920	0.00
0.00	-30140.76	-40005.09	-2.82795	-30140.76	-40005.09	-2.82795	45.787	0.00
0.00	-30140.95	-40005.15	-2.82789	-30140.95	-40005.15	-2.82789	47.522	0.00
0.00	-30141.13	-40005.21	-2.82783	-30141.13	-40005.21	-2.82783	46.800	0.00
0.00	-30141.32	-40005.27	-2.82797	-30141.32	-40005.27	-2.82797	48.931	0.00
0.00	-30141.51	-40005.33	-2.82814	-30141.51	-40005.33	-2.82814	47.511	0.00
0.00	-30141.70	-40005.39	-2.82835	-30141.70	-40005.39	-2.82835	46.770	0.00
0.00	-30141.92	-40005.47	-2.82869	-30141.92	-40005.47	-2.82869	47.149	0.00
0.00	-30142.14	-40005.54	-2.82909	-30142.14	-40005.54	-2.82909	48.569	0.00
0.00	-30142.31	-40005.59	-2.82948	-30142.31	-40005.59	-2.82948	47.567	0.00
0.00	-30142.51	-40005.66	-2.82995	-30142.51	-40005.66	-2.82995	47.450	0.00
0.00	-30142.69	-40005.71	-2.83054	-30142.69	-40005.71	-2.83054	47.926	0.00
0.00	-30142.89	-40005.78	-2.83123	-30142.89	-40005.78	-2.83123	55.277	0.00
0.00	-30143.08	-40005.84	-2.83211	-30143.08	-40005.84	-2.83211	49.214	0.00
0.00	-30143.33	-40005.92	-2.83287	-30143.33	-40005.92	-2.83287	47.405	0.00
0.00	-30143.46	-40005.96	-2.83347	-30143.46	-40005.96	-2.83347	49.417	0.00
0.00	-30143.71	-40006.04	-2.83394	-30143.71	-40006.04	-2.83394	49.097	0.00
0.00	-30143.84	-40006.08	-2.83423	-30143.84	-40006.08	-2.83423	48.958	0.00
0.00	-30144.09	-40006.16	-2.83445	-30144.09	-40006.16	-2.83445	48.949	0.00
0.00	-30144.22	-40006.20	-2.83464	-30144.22	-40006.20	-2.83464	48.165	0.00
0.00	-30144.47	-40006.28	-2.83488	-30144.47	-40006.28	-2.83488	49.605	0.00
0.00	-30144.64	-40006.33	-2.83519	-30144.64	-40006.33	-2.83519	49.476	0.00
0.00	-30144.84	-40006.40	-2.83555	-30144.84	-40006.40	-2.83555	49.002	0.00
0.00	-30145.02	-40006.45	-2.83582	-30145.02	-40006.45	-2.83582	48.590	0.00
0.00	-30145.22	-40006.52	-2.83616	-30145.22	-40006.52	-2.83616	50.616	0.00
0.00	-30145.40	-40006.57	-2.83660	-30145.40	-40006.57	-2.83660	48.226	0.00
0.00	-30145.59	-40006.63	-2.83696	-30145.59	-40006.63	-2.83696	48.599	0.00
0.00	-30145.78	-40006.69	-2.83712	-30145.78	-40006.69	-2.83712	48.785	0.00
0.00	-30145.99	-40006.76	-2.83709	-30145.99	-40006.76	-2.83709	50.225	0.00
0.00	-30146.18	-40006.82	-2.83695	-30146.18	-40006.82	-2.83695	48.146	0.00
0.00	-30146.38	-40006.88	-2.83692	-30146.38	-40006.88	-2.83692	48.896	0.00
0.00	-30146.55	-40006.94	-2.83701	-30146.55	-40006.94	-2.83701	49.598	0.00
0.00	-30146.76	-40007.00	-2.83729	-30146.76	-40007.00	-2.83729	51.416	0.00
0.00	-30146.94	-40007.06	-2.83756	-30146.94	-40007.06	-2.83756	49.583	0.00
0.00	-30147.19	-40007.14	-2.83781	-30147.19	-40007.14	-2.83781	55.593	0.00
0.00	-30147.33	-40007.18	-2.83797	-30147.33	-40007.18	-2.83797	49.895	0.00
0.00	-30147.59	-40007.26	-2.83812	-30147.59	-40007.26	-2.83812	50.630	0.00
0.00	-30147.72	-40007.31	-2.83820	-30147.72	-40007.31	-2.83820	57.408	0.00
0.00	-30148.03	-40007.40	-2.83838	-30148.03	-40007.40	-2.83838	52.742	0.00
0.00	-30148.11	-40007.43	-2.83849	-30148.11	-40007.43	-2.83849	51.979	0.00
0.00	-30148.48	-40007.54	-2.83856	-30148.48	-40007.54	-2.83856	52.319	0.00
0.00	-30148.53	-40007.56	-2.83857	-30148.53	-40007.56	-2.83857	53.817	0.00
0.00	-30148.94	-40007.69	-2.83853	-30148.94	-40007.69	-2.83853	50.061	0.00
0.00	-30149.10	-40007.74	-2.83848	-30149.10	-40007.74	-2.83848	54.928	0.00
0.00	-30149.30	-40007.80	-2.83849	-30149.30	-40007.80	-2.83849	54.564	0.00
0.00	-30149.48	-40007.86	-2.83858	-30149.48	-40007.86	-2.83858	50.408	0.00
0.00	-30149.67	-40007.92	-2.83861	-30149.67	-40007.92	-2.83861	51.437	0.00
0.00	-30149.94	-40008.00	-2.83854	-30149.94	-40008.00	-2.83854	54.811	0.00
0.00	-30150.14	-40008.07	-2.83844	-30150.14	-40008.07	-2.83844	60.912	0.00
0.00	-30150.39	-40008.14	-2.83833	-30150.39	-40008.14	-2.83833	54.674	0.00
0.00	-30150.52	-40008.19	-2.83813	-30150.52	-40008.19	-2.83813	52.495	0.00
0.00	-30150.82	-40008.28	-2.83810	-30150.82	-40008.28	-2.83810	50.255	0.00
0.00	-30150.90	-40008.31	-2.83809	-30150.90	-40008.31	-2.83809	58.141	0.00
0.00	-30151.25	-40008.42	-2.83810	-30151.25	-40008.42	-2.83810	51.096	0.00
0.00	-30151.29	-40008.43	-2.83810	-30151.29	-40008.43	-2.83810	52.082	0.00
0.00	-30151.69	-40008.56	-2.83807	-30151.69	-40008.56	-2.83807	51.666	0.00
0.00	-30151.84	-40008.60	-2.83811	-30151.84	-40008.60	-2.83811	54.574	0.00
0.00	-30152.05	-40008.67	-2.83815	-30152.05	-40008.67	-2.83815	53.203	0.00
0.00	-30152.25	-40008.73	-2.83804	-30152.25	-40008.73	-2.83804	54.530	0.00
0.00	-30152.42	-40008.78	-2.83765	-30152.42	-40008.78	-2.83765	51.146	0.00
0.00	-30152.42	-40008.78	-2.83765	-30152.42	-40008.78	-2.83765	59.668	0.00
0.00	-30152.90	-40008.94	-2.83687	-30152.90	-40008.94	-2.83687	52.565	0.00
0.00	-30153.14	-40009.01	-2.83665	-30153.14	-40009.01	-2.83665	52.568	0.00
0.00	-30153.17	-40009.02	-2.83654	-30153.17	-40009.02	-2.83654	57.263	0.00
0.00	-30153.57	-40009.15	-2.83647	-30153.57	-40009.15	-2.83647	53.278	0.00
0.00	-30153.80	-40009.22	-2.83635	-30153.80	-40009.22	-2.83635	54.311	0.00
0.00	-30153.99	-40009.28	-2.83615	-30153.99	-40009.28	-2.83615	62.748	0.00
0.00	-30154.23	-40009.36	-2.83587	-30154.23	-40009.36	-2.83587	58.561	0.00
0.00	-30154.37	-40009.40	-2.83561	-30154.37	-40009.40	-2.83561	63.426	0.00
0.00	-30154.65	-40009.49	-2.83534	-30154.65	-40009.49	-2.83534	51.720	0.00
0.00	-30154.73	-40009.51	-2.83511	-30154.73	-40009.51	-2.83511	53.483	0.00
0.00	-30155.07	-40009.62	-2.83491	-30155.07	-40009.62	-2.83491	61.177	0.00
0.00	-30155.27	-40009.69	-2.83479	-30155.27	-40009.69	-2.83479	59.161	0.00
0.00	-30155.47	-40009.75	-2.83482	-30155.47	-40009.75	-2.83482	53.281	0.00
0.00	-30155.71	-40009.83	-2.83476	-30155.71	-40009.83	-2.83476	51.697	0.00
0.00	-30155.85	-40009.87	-2.83460	-30155.85	-40009.87	-2.83460	54.034	0.00
0.00	-30156.10	-40009.95	-2.83436	-30156.10	-40009.95	-2.83436	60.331	0.00
0.00	-30156.24	-40009.99	-2.83416	-30156.24	-40009.99	-2.83416	53.840	0.00
0.00	-30156.57	-40010.10	-2.83403	-30156.57	-40010.10	-2.83403	59.677	0.00
0.00	-30156.62	-40010.11	-2.83396	-30156.62	-40010.11	-2.83396	52.326	0.00
0.00	-30156.97	-40010.22	-2.83389	-30156.97	-40010.22	-2.83389	54.189	0.00
0.00	-30157.13	-40010.27	-2.83379	-30157.13	-40010.27	-2.83379	57.933	0.00
0.00	-30157.37	-40010.35	-2.83361	-30157.37	-40010.35	-2.83361	53.678	0.00
0.00	-30157.65	-40010.44	-2.83343	-30157.65	-40010.44	-2.83343	54.407	0.00
0.00	-30157.79	-40010.48	-2.83337	-30157.79	-40010.48	-2.83337	58.068	0.00
0.00	-30158.10	-40010.58	-2.83333	-30158.10	-40010.58	-2.83333	56.392	0.00
0.00	-30158.17	-40010.60	-2.83332	-30158.17	-40010.60	-2.83332	58.738	0.00
0.00	-30158.53	-40010.72	-2.83324	-30158.53	-40010.72	-2.83324	55.377	0.00
0.00	-30158.67	-40010.76	-2.83307	-30158.67	-40010.76	-2.83307	66.069	0.00
0.00	-30158.88	-40010.83	-2.83274	-30158.88	-40010.83	-2.83274	55.539	0.00
0.00	-30159.15	-40010.92	-2.83241	-30159.15	-40010.92	-2.83241	60.037	0.00
0.00	-30159.24	-40010.95	-2.83211	-30159.24	-40010.95	-2.83211	59.641	0.00
0.00	-30159.64	-40011.07	-2.83185	-30159.64	-40011.07	-2.83185	65.061	0.00
0.00	-30159.86	-40011.14	-2.83151	-30159.86	-40011.14	-2.83151	52.233	0.00
0.00	-30159.99	-40011.19	-2.83113	-30159.99	-40011.19	-2.83113	58.584	0.00
0.00	-30160.27	-40011.28	-2.83073	-30160.27	-40011.28	-2.83073	55.215	0.00
0.00	-30160.36	-40011.31	-2.83042	-30160.36	-40011.31	-2.83042	60.763	0.00
0.00	-30160.70	-40011.42	-2.83020	-30160.70	-40011.42	-2.83020	57.256	0.00
0.00	-30160.70	-40011.42	-2.83020	-30160.70	-40011.42	-2.83020	53.964	0.00
