0.00	-46321.67	-33928.15	0.35000	64369.88	-61881.32	0.00000	69.492	0.00
0.00	-46321.67	-33928.15	0.35000	-46321.67	-33928.15	0.35000	539.706	0.00
0.00	-46321.67	-33928.15	0.35000	-46321.67	-33928.15	0.35000	1.682	0.00
0.00	-46321.67	-33928.15	0.35000	-46321.01	-33930.34	0.35000	25.408	0.14
0.00	-46321.67	-33928.15	0.35000	-46320.96	-33931.11	0.35000	20.117	0.12
0.00	-46321.67	-33928.15	0.35000	-46321.67	-33928.15	0.35000	1.667	0.12
0.00	-46321.67	-33928.15	0.35000	-46321.67	-33928.15	0.35000	1.739	0.12
0.00	-46321.67	-33928.15	0.35000	-46318.24	-33930.61	0.35000	19.260	0.21
0.00	-46321.67	-33928.15	0.35000	-46317.42	-33930.34	0.35000	20.902	0.12
0.00	-46321.67	-33928.15	0.35000	-46316.09	-33929.68	0.35000	19.610	0.12
0.00	-46321.67	-33928.15	0.35000	-46321.67	-33928.15	0.35000	1.744	0.12
0.00	-46321.67	-33928.15	0.35000	-46321.67	-33928.15	0.35000	1.800	0.12
0.00	-46321.67	-33928.15	0.35000	-46316.65	-33929.93	0.35000	22.896	0.12
0.00	-46321.67	-33928.15	0.35000	-46316.78	-33930.27	0.35000	21.028	0.11
0.00	-46321.67	-33928.15	0.35000	-46321.67	-33928.15	0.35000	1.729	0.11
0.00	-46321.67	-33928.12	0.35000	-46321.67	-33928.12	0.35000	1.726	0.11
0.00	-46321.66	-33928.10	0.34963	-46318.10	-33930.77	0.39707	18.813	0.13
0.00	-46321.66	-33928.08	1.06920	-46321.26	-33930.39	1.06920	32.949	0.35
0.00	-46321.66	-33928.07	1.49889	-46321.66	-33928.07	1.49889	1.716	0.35
0.00	-46321.66	-33928.05	1.86149	-46321.66	-33928.05	1.86149	1.730	0.35
0.00	-46321.67	-33928.04	1.98237	-46321.54	-33929.40	1.63593	23.198	0.21
0.00	-46321.67	-33928.01	1.84492	-46321.70	-33929.25	2.06385	48.193	0.73
0.00	-46321.67	-33928.00	1.75065	-46321.71	-33928.96	1.84238	29.083	0.33
0.00	-46321.67	-33927.98	1.46805	-46321.46	-33928.76	-0.30132	38.196	0.53
0.00	-46321.66	-33927.96	1.40818	-46321.44	-33928.76	-0.35328	17.680	0.13
0.00	-46321.66	-33927.94	1.40566	-46321.25	-33926.92	1.40566	47.156	0.75
0.00	-46321.66	-33927.92	1.43778	-46321.66	-33927.92	1.43778	1.599	0.75
0.00	-46321.66	-33927.90	1.47765	-46321.66	-33927.90	1.47765	1.716	0.75
0.00	-46321.66	-33927.88	1.49767	-46321.51	-33927.34	2.43449	40.907	0.93
0.00	-46321.66	-33927.84	1.54233	-46321.59	-33927.09	2.37436	20.307	0.15
0.00	-46321.66	-33927.80	1.56856	-46321.90	-33927.21	1.56856	49.095	0.85
0.00	-46321.66	-33927.77	1.57893	-46321.66	-33927.77	1.57893	1.557	0.85
0.00	-46321.66	-33927.74	1.57885	-46321.66	-33927.74	1.57885	1.634	0.85
0.00	-46321.66	-33927.70	1.57496	-46321.64	-33927.51	-0.26300	50.512	0.87
0.00	-46321.66	-33927.66	1.56891	-46321.71	-33927.46	0.48385	17.400	0.14
0.00	-46321.66	-33927.62	1.56466	-46321.80	-33927.70	1.56466	49.450	0.93
0.00	-46321.66	-33927.57	1.56410	-46321.66	-33927.57	1.56410	1.761	0.93
0.00	-46321.66	-33927.53	1.55880	-46321.66	-33927.53	1.55880	1.748	0.93
0.00	-46321.66	-33927.47	1.55591	-46321.55	-33927.60	-0.52501	18.687	0.92
0.00	-46321.65	-33927.41	1.55269	-46321.86	-33927.50	1.46141	24.136	0.17
0.00	-46321.65	-33927.36	1.55140	-46321.53	-33927.50	1.55140	49.838	0.91
0.00	-46321.65	-33927.30	1.55032	-46321.65	-33927.30	1.55032	1.518	0.91
0.00	-46321.65	-33927.24	1.54971	-46321.65	-33927.24	1.54971	1.759	0.91
0.00	-46321.65	-33927.18	1.54919	-46321.55	-33927.26	1.70520	48.864	0.89
0.00	-46321.65	-33927.12	1.54880	-46321.32	-33927.20	0.12433	47.505	0.74
0.00	-46321.65	-33927.06	1.54797	-46321.26	-33927.07	0.46315	15.958	0.07
0.00	-46321.64	-33926.99	1.54723	-46321.52	-33926.78	1.54723	18.933	0.93
0.00	-46321.64	-33926.92	1.54662	-46321.64	-33926.92	1.54662	1.765	0.93
0.00	-46321.64	-33926.85	1.54635	-46321.64	-33926.85	1.54635	1.658	0.93
0.00	-46321.64	-33926.77	1.54592	-46321.59	-33926.65	2.01384	13.118	0.92
0.00	-46321.63	-33926.68	1.54570	-46321.59	-33926.35	1.67294	30.219	0.20
0.00	-46321.63	-33926.60	1.54529	-46321.41	-33926.40	0.89756	49.880	0.74
0.00	-46321.63	-33926.51	1.54484	-46321.29	-33926.29	0.69320	29.743	0.24
0.00	-46321.63	-33926.46	1.54450	-46321.52	-33926.09	1.69372	14.068	0.24
0.00	-46321.63	-33926.38	1.54425	-46321.37	-33926.11	1.20045	47.363	0.72
0.00	-46321.62	-33926.30	1.54413	-46321.45	-33925.93	1.52748	39.346	0.50
0.00	-46321.62	-33926.20	1.54402	-46321.52	-33925.80	1.68515	47.867	0.93
0.00	-46321.62	-33926.15	1.54396	-46321.41	-33925.86	1.44251	47.637	0.81
0.00	-46321.62	-33926.04	1.54393	-46321.51	-33925.66	1.64763	47.155	0.85
0.00	-46321.62	-33925.96	1.54393	-46321.44	-33925.67	1.52024	50.111	0.91
0.00	-46321.61	-33925.84	1.54396	-46321.45	-33925.55	1.54874	48.303	0.87
0.00	-46321.61	-33925.75	1.54400	-46321.45	-33925.46	1.53915	14.148	0.97
0.00	-46321.61	-33925.65	1.54388	-46321.47	-33925.37	1.57057	34.420	0.98
0.00	-46321.61	-33925.58	1.54375	-46321.45	-33925.30	1.54942	51.472	0.92
0.00	-46321.60	-33925.47	1.54348	-46321.52	-33925.26	1.62601	49.985	0.91
0.00	-46321.60	-33925.35	1.54318	-46321.47	-33925.20	1.56612	51.863	0.85
0.00	-46321.60	-33925.24	1.54292	-46321.48	-33925.09	1.57374	51.154	0.92
0.00	-46321.59	-33925.15	1.54277	-46321.49	-33925.02	1.58532	54.849	0.92
0.00	-46321.59	-33924.96	1.54261	-46321.46	-33924.86	1.55323	51.460	0.91
0.00	-46321.59	-33924.86	1.54259	-46321.46	-33924.77	1.55868	56.697	0.97
0.00	-46321.58	-33924.71	1.54258	-46321.46	-33924.65	1.56176	22.361	0.94
0.00	-46321.58	-33924.70	1.54254	-46321.48	-33924.67	1.57077	51.089	0.89
0.00	-46321.58	-33924.54	1.54240	-46321.44	-33924.55	1.54765	50.070	0.89
0.00	-46321.58	-33924.49	1.54226	-46321.45	-33924.50	1.55272	25.156	0.96
0.00	-46321.57	-33924.35	1.54199	-46321.42	-33924.38	1.53629	52.860	0.86
0.00	-46321.57	-33924.31	1.54204	-46321.45	-33924.28	1.55191	52.562	0.96
0.00	-46321.57	-33924.12	1.54207	-46321.41	-33924.05	1.53523	51.326	0.87
0.00	-46321.57	-33924.03	1.54214	-46321.45	-33923.92	1.55653	52.899	0.96
0.00	-46321.57	-33923.91	1.54216	-46321.45	-33923.82	1.56007	51.045	0.94
0.00	-46321.56	-33923.81	1.54214	-46321.46	-33923.70	1.56514	53.290	0.93
0.00	-46321.56	-33923.68	1.54214	-46321.45	-33923.58	1.56005	21.056	0.98
0.00	-46321.56	-33923.68	1.54214	-46321.45	-33923.59	1.56047	41.229	0.91
0.00	-46321.56	-33923.51	1.54197	-46321.46	-33923.42	1.56257	28.056	0.98
0.00	-46321.56	-33923.47	1.54199	-46321.45	-33923.37	1.55921	44.294	0.97
0.00	-46321.55	-33923.33	1.54183	-46321.44	-33923.24	1.55357	51.311	0.96
0.00	-46321.55	-33923.23	1.54193	-46321.44	-33923.17	1.55614	51.539	0.92
0.00	-46321.55	-33923.09	1.54179	-46321.46	-33923.01	1.56544	51.507	0.90
0.00	-46321.55	-33923.01	1.54186	-46321.45	-33922.91	1.55898	45.242	0.95
0.00	-46321.54	-33922.87	1.54181	-46321.43	-33922.79	1.55122	40.836	0.90
0.00	-46321.54	-33922.78	1.54188	-46321.43	-33922.70	1.55458	16.027	0.97
0.00	-46321.54	-33922.66	1.54179	-46321.46	-33922.57	1.56370	32.522	0.91
0.00	-46321.54	-33922.54	1.54189	-46321.45	-33922.44	1.56013	50.849	0.97
0.00	-46321.53	-33922.42	1.54170	-46321.45	-33922.34	1.56109	50.229	0.95
0.00	-46321.53	-33922.32	1.54172	-46321.44	-33922.26	1.55732	51.243	0.93
0.00	-46321.53	-33922.16	1.54158	-46321.44	-33922.11	1.55788	49.230	0.93
0.00	-46321.53	-33922.07	1.54163	-46321.45	-33922.01	1.56034	52.584	0.97
0.00	-46321.52	-33921.88	1.54163	-46321.45	-33921.86	1.56135	24.217	0.98
0.00	-46321.52	-33921.83	1.54159	-46321.45	-33921.80	1.56212	51.876	0.97
0.00	-46321.52	-33921.68	1.54139	-46321.46	-33921.65	1.56423	26.903	0.97
0.00	-46321.52	-33921.59	1.54134	-46321.47	-33921.52	1.56905	49.657	0.95
0.00	-46321.51	-33921.46	1.54132	-46321.48	-33921.41	1.57073	18.064	0.98
0.00	-46321.51	-33921.33	1.54146	-46321.48	-33921.30	1.57136	33.879	0.97
0.00	-46321.51	-33921.20	1.54166	-46321.49	-33921.16	1.57216	44.811	0.94
0.00	-46321.51	-33921.07	1.54182	-46321.50	-33921.04	1.57403	49.460	0.97
0.00	-46321.50	-33920.93	1.54165	-46321.51	-33920.90	1.57660	30.741	0.96
0.00	-46321.50	-33920.81	1.54184	-46321.51	-33920.77	1.57646	35.591	0.97
0.00	-46321.50	-33920.64	1.54188	-46321.51	-33920.62	1.57691	48.314	0.97
0.00	-46321.49	-33920.51	1.54206	-46321.51	-33920.49	1.57609	49.286	0.97
0.00	-46321.49	-33920.36	1.54240	-46321.51	-33920.35	1.57534	31.317	0.93
0.00	-46321.49	-33920.21	1.54271	-46321.51	-33920.23	1.57520	50.043	0.96
0.00	-46321.48	-33920.04	1.54282	-46321.51	-33920.09	1.57513	51.041	0.97
0.00	-46321.48	-33919.90	1.54339	-46321.51	-33919.97	1.57467	28.454	0.96
0.00	-46321.48	-33919.75	1.54384	-46321.50	-33919.83	1.57408	48.112	0.96
0.00	-46321.48	-33919.62	1.54443	-46321.50	-33919.68	1.57337	27.517	0.97
0.00	-46321.48	-33919.47	1.54491	-46321.50	-33919.55	1.57267	42.008	0.93
0.00	-46321.47	-33919.34	1.54561	-46321.50	-33919.42	1.57259	50.292	0.97
0.00	-46321.47	-33919.15	1.54621	-46321.50	-33919.23	1.57281	20.752	0.95
0.00	-46321.47	-33919.05	1.54696	-46321.50	-33919.14	1.57347	48.952	0.91
0.00	-46321.47	-33918.89	1.54784	-46321.50	-33918.98	1.57397	13.496	0.94
0.00	-46321.47	-33918.74	1.54868	-46321.50	-33918.85	1.57417	49.610	0.96
0.00	-46321.46	-33918.55	1.54949	-46321.50	-33918.65	1.57469	21.806	0.96
0.00	-46321.46	-33918.44	1.55027	-46321.49	-33918.54	1.57359	43.362	0.97
0.00	-46321.46	-33918.27	1.55099	-46321.49	-33918.39	1.57358	30.630	0.93
0.00	-46321.46	-33918.11	1.55189	-46321.48	-33918.25	1.57142	50.148	0.89
0.00	-46321.46	-33917.92	1.55273	-46321.47	-33918.08	1.57043	49.780	0.94
0.00	-46321.46	-33917.80	1.55375	-46321.47	-33917.95	1.57034	19.599	0.96
0.00	-46321.46	-33917.60	1.55436	-46321.46	-33917.73	1.57055	46.770	0.90
0.00	-46321.46	-33917.49	1.55524	-46321.47	-33917.61	1.57125	48.258	0.93
0.00	-46321.46	-33917.28	1.55614	-46321.46	-33917.42	1.57074	29.693	0.92
0.00	-46321.46	-33916.98	1.55755	-46321.46	-33917.19	1.57100	31.442	0.94
0.00	-46321.46	-33916.89	1.55815	-46321.45	-33917.11	1.57030	29.763	0.95
0.00	-46321.46	-33916.74	1.55897	-46321.46	-33916.96	1.57100	13.984	0.95
0.00	-46321.46	-33916.64	1.55966	-46321.46	-33916.84	1.57157	28.794	0.97
0.00	-46321.46	-33916.49	1.56053	-46321.46	-33916.69	1.57174	24.032	0.96
0.00	-46321.46	-33916.33	1.56149	-46321.46	-33916.55	1.57199	44.609	0.90
0.00	-46321.46	-33916.18	1.56242	-46321.45	-33916.39	1.57169	23.450	0.98
0.00	-46321.46	-33915.99	1.56275	-46321.45	-33916.20	1.57164	25.626	0.94
0.00	-46321.46	-33915.91	1.56336	-46321.45	-33916.05	1.57179	27.476	0.98
0.00	-46321.46	-33915.74	1.56366	-46321.45	-33915.92	1.57217	43.410	0.86
0.00	-46321.46	-33915.58	1.56427	-46321.45	-33915.73	1.57200	46.821	0.96
0.00	-46321.46	-33915.42	1.56482	-46321.45	-33915.56	1.57232	47.932	0.97
0.00	-46321.46	-33915.26	1.56531	-46321.45	-33915.40	1.57239	23.727	0.97
0.00	-46321.46	-33915.10	1.56548	-46321.46	-33915.24	1.57258	18.032	0.93
0.00	-46321.46	-33914.95	1.56595	-46321.46	-33915.07	1.57269	15.206	0.97
0.00	-46321.47	-33914.79	1.56628	-46321.46	-33914.92	1.57290	18.504	0.95
0.00	-46321.47	-33914.63	1.56666	-46321.46	-33914.74	1.57333	489.069	0.97
0.00	-46321.48	-33912.41	1.56791	-46321.46	-33913.23	1.57080	50.966	0.99
0.00	-46321.48	-33913.03	1.56811	-46321.47	-33913.19	1.57091	22.956	0.88
0.00	-46321.48	-33912.82	1.56791	-46321.47	-33912.99	1.57128	25.189	0.89
0.00	-46321.48	-33912.77	1.56806	-46321.47	-33912.87	1.57113	47.195	0.97
0.00	-46321.48	-33912.61	1.56874	-46321.48	-33912.66	1.57140	47.048	0.94
0.00	-46321.49	-33912.45	1.56957	-46321.48	-33912.50	1.57185	32.154	0.98
0.00	-46321.49	-33912.36	1.56989	-46321.48	-33912.34	1.57177	50.664	0.97
0.00	-46321.49	-33912.16	1.57077	-46321.48	-33912.15	1.57169	11.264	0.94
0.00	-46321.49	-33912.14	1.57093	-46321.49	-33912.11	1.57184	17.296	0.95
0.00	-46321.49	-33911.97	1.57094	-46321.49	-33911.96	1.57161	47.258	0.92
0.00	-46321.49	-33911.84	1.57205	-46321.49	-33911.84	1.57169	44.344	0.93
0.00	-46321.50	-33911.68	1.57310	-46321.49	-33911.69	1.57183	17.185	0.94
0.00	-46321.50	-33911.51	1.57411	-46321.50	-33911.53	1.57204	32.675	0.98
0.00	-46321.51	-33911.34	1.57479	-46321.49	-33911.37	1.57145	39.059	0.98
0.00	-46321.51	-33911.18	1.57567	-46321.50	-33911.22	1.57149	19.734	0.96
0.00	-46321.51	-33911.00	1.57590	-46321.50	-33911.06	1.57125	30.637	0.98
0.00	-46321.52	-33910.81	1.57683	-46321.50	-33910.91	1.57108	20.342	0.83
0.00	-46321.52	-33910.60	1.57746	-46321.50	-33910.71	1.57074	46.606	0.95
0.00	-46321.52	-33910.49	1.57809	-46321.50	-33910.60	1.57070	40.842	0.92
0.00	-46321.53	-33910.31	1.57848	-46321.51	-33910.42	1.57124	45.480	0.89
0.00	-46321.53	-33910.21	1.57906	-46321.51	-33910.28	1.57140	47.925	0.97
0.00	-46321.53	-33910.01	1.57916	-46321.52	-33910.07	1.57229	20.331	0.98
0.00	-46321.54	-33909.87	1.57960	-46321.52	-33909.91	1.57218	47.828	0.98
0.00	-46321.54	-33909.72	1.57985	-46321.52	-33909.76	1.57218	27.288	0.94
0.00	-46321.54	-33909.56	1.58025	-46321.52	-33909.60	1.57223	31.528	0.97
0.00	-46321.55	-33909.40	1.58056	-46321.53	-33909.44	1.57247	21.311	0.88
0.00	-46321.55	-33909.23	1.58080	-46321.53	-33909.26	1.57270	21.199	0.96
0.00	-46321.56	-33909.06	1.58099	-46321.53	-33909.09	1.57236	23.156	0.95
0.00	-46321.56	-33908.89	1.58127	-46321.53	-33908.92	1.57216	45.134	0.95
0.00	-46321.56	-33908.73	1.58127	-46321.54	-33908.75	1.57233	42.718	0.99
0.00	-46321.57	-33908.58	1.58140	-46321.54	-33908.59	1.57239	26.690	0.97
0.00	-46321.57	-33908.41	1.58147	-46321.54	-33908.43	1.57213	41.053	0.95
0.00	-46321.57	-33908.24	1.58160	-46321.54	-33908.25	1.57179	48.654	0.99
0.00	-46321.57	-33908.08	1.58155	-46321.53	-33908.09	1.57027	45.303	0.96
0.00	-46321.58	-33907.93	1.58159	-46321.53	-33907.90	1.57048	38.548	0.98
0.00	-46321.58	-33907.73	1.58148	-46321.54	-33907.73	1.57129	32.780	0.97
0.00	-46321.58	-33907.53	1.58139	-46321.54	-33907.54	1.57125	46.979	0.95
0.00	-46321.59	-33907.34	1.58119	-46321.55	-33907.38	1.57135	40.412	0.97
0.00	-46321.59	-33907.19	1.58113	-46321.55	-33907.22	1.57109	29.923	0.98
0.00	-46321.59	-33907.02	1.58093	-46321.55	-33907.07	1.57077	32.477	0.96
0.00	-46321.59	-33906.88	1.58091	-46321.55	-33906.91	1.57036	35.521	0.98
0.00	-46321.60	-33906.67	1.58081	-46321.55	-33906.66	1.57046	44.030	0.90
0.00	-46321.60	-33906.56	1.58079	-46321.55	-33906.53	1.57101	38.015	0.96
0.00	-46321.60	-33906.35	1.58069	-46321.55	-33906.36	1.57048	44.457	0.88
0.00	-46321.60	-33906.08	1.58055	-46321.55	-33906.06	1.57049	47.407	0.88
0.00	-46321.61	-33905.94	1.58046	-46321.56	-33905.90	1.57088	47.148	0.96
0.00	-46321.61	-33905.88	1.58040	-46321.57	-33905.84	1.57162	26.170	0.98
0.00	-46321.61	-33905.66	1.58035	-46321.56	-33905.64	1.57023	36.357	0.92
0.00	-46321.61	-33905.54	1.58022	-46321.57	-33905.52	1.57135	45.618	0.98
0.00	-46321.61	-33905.37	1.57995	-46321.56	-33905.34	1.56977	44.223	0.93
0.00	-46321.62	-33905.20	1.57979	-46321.55	-33905.16	1.56882	38.195	0.98
0.00	-46321.62	-33905.01	1.57946	-46321.56	-33904.92	1.56957	43.798	0.82
0.00	-46321.62	-33904.89	1.57940	-46321.56	-33904.79	1.56887	44.007	0.94
0.00	-46321.62	-33904.70	1.57925	-46321.56	-33904.61	1.56938	15.543	0.93
0.00	-46321.62	-33904.54	1.57916	-46321.57	-33904.46	1.56941	43.018	0.95
0.00	-46321.63	-33904.33	1.57900	-46321.58	-33904.25	1.57032	42.806	0.82
0.00	-46321.63	-33904.13	1.57895	-46321.58	-33904.08	1.57112	29.236	0.94
0.00	-46321.63	-33903.94	1.57877	-46321.59	-33903.91	1.57167	42.342	0.93
0.00	-46321.63	-33903.80	1.57876	-46321.59	-33903.74	1.57127	28.134	0.93
0.00	-46321.64	-33903.63	1.57866	-46321.61	-33903.54	1.57302	40.816	0.73
0.00	-46321.64	-33903.48	1.57865	-46321.61	-33903.34	1.57348	41.419	0.92
0.00	-46321.64	-33903.31	1.57851	-46321.62	-33903.19	1.57341	35.792	0.92
0.00	-46321.64	-33903.15	1.57852	-46321.63	-33903.01	1.57410	39.917	0.90
0.00	-46321.65	-33902.93	1.57830	-46321.64	-33902.79	1.57492	26.976	0.96
0.00	-46321.65	-33902.82	1.57834	-46321.64	-33902.65	1.57489	40.166	0.96
0.00	-46321.65	-33902.62	1.57847	-46321.64	-33902.46	1.57457	28.559	0.91
0.00	-46321.65	-33902.49	1.57855	-46321.64	-33902.32	1.57451	26.103	0.91
0.00	-46321.66	-33902.28	1.57867	-46321.64	-33902.14	1.57419	38.405	0.94
0.00	-46321.66	-33902.11	1.57866	-46321.64	-33901.96	1.57417	39.287	0.97
0.00	-46321.66	-33901.94	1.57864	-46321.64	-33901.77	1.57337	40.757	0.96
0.00	-46321.67	-33901.77	1.57866	-46321.64	-33901.60	1.57332	41.918	0.93
0.00	-46321.67	-33901.53	1.57833	-46321.64	-33901.39	1.57255	31.408	0.97
0.00	-46321.67	-33901.46	1.57841	-46321.64	-33901.29	1.57225	39.817	0.93
0.00	-46321.67	-33901.27	1.57826	-46321.64	-33901.11	1.57206	40.785	0.96
0.00	-46321.68	-33901.08	1.57840	-46321.64	-33900.93	1.57176	29.788	0.92
0.00	-46321.68	-33900.87	1.57806	-46321.66	-33900.72	1.57328	39.630	0.85
0.00	-46321.68	-33900.65	1.57820	-46321.66	-33900.57	1.57236	20.504	0.95
0.00	-46321.69	-33900.47	1.57838	-46321.66	-33900.41	1.57214	24.774	0.96
0.00	-46321.69	-33900.31	1.57856	-46321.67	-33900.22	1.57214	38.617	0.98
0.00	-46321.70	-33900.15	1.57865	-46321.67	-33900.02	1.57258	17.419	0.91
0.00	-46321.70	-33899.99	1.57883	-46321.67	-33899.85	1.57230	20.499	0.92
0.00	-46321.70	-33899.81	1.57849	-46321.68	-33899.68	1.57228	38.293	0.95
0.00	-46321.71	-33899.66	1.57857	-46321.67	-33899.49	1.57090	38.337	0.92
0.00	-46321.71	-33899.47	1.57844	-46321.67	-33899.32	1.57011	27.981	0.90
0.00	-46321.71	-33899.30	1.57864	-46321.67	-33899.09	1.56993	38.991	0.87
0.00	-46321.72	-33899.09	1.57877	-46321.67	-33898.88	1.56942	38.689	0.94
0.00	-46321.72	-33898.96	1.57889	-46321.67	-33898.71	1.56925	39.875	0.92
0.00	-46321.72	-33898.74	1.57871	-46321.67	-33898.52	1.56849	31.301	0.94
0.00	-46321.73	-33898.62	1.57876	-46321.67	-33898.38	1.56775	27.170	0.88
0.00	-46321.73	-33898.40	1.57864	-46321.66	-33898.18	1.56722	18.451	0.89
0.00	-46321.74	-33898.24	1.57877	-46321.67	-33898.01	1.56698	18.127	0.93
0.00	-46321.74	-33898.07	1.57894	-46321.67	-33897.84	1.56697	37.218	0.94
0.00	-46321.74	-33897.90	1.57909	-46321.67	-33897.67	1.56662	37.531	0.99
0.00	-46321.74	-33897.72	1.57868	-46321.67	-33897.48	1.56612	27.396	0.92
0.00	-46321.75	-33897.55	1.57889	-46321.66	-33897.29	1.56528	23.950	0.92
0.00	-46321.75	-33897.35	1.57910	-46321.66	-33897.12	1.56519	39.900	0.94
0.00	-46321.76	-33897.13	1.57944	-46321.66	-33896.94	1.56462	29.254	0.90
0.00	-46321.76	-33896.96	1.57933	-46321.66	-33896.78	1.56420	37.978	0.94
0.00	-46321.77	-33896.82	1.57971	-46321.67	-33896.61	1.56443	37.126	0.89
0.00	-46321.77	-33896.64	1.57961	-46321.66	-33896.44	1.56363	26.558	0.90
0.00	-46321.77	-33896.50	1.57993	-46321.66	-33896.25	1.56368	37.517	0.91
0.00	-46321.78	-33896.32	1.58009	-46321.66	-33896.07	1.56295	37.195	0.86
0.00	-46321.78	-33896.16	1.58034	-46321.67	-33895.88	1.56334	34.888	0.93
0.00	-46321.79	-33895.98	1.58028	-46321.67	-33895.69	1.56361	38.320	0.83
0.00	-46321.79	-33895.81	1.58049	-46321.67	-33895.51	1.56332	33.506	0.88
0.00	-46321.80	-33895.64	1.58070	-46321.67	-33895.34	1.56255	25.536	0.90
0.00	-46321.80	-33895.47	1.58088	-46321.68	-33895.16	1.56316	37.951	0.89
0.00	-46321.80	-33895.29	1.58056	-46321.68	-33895.01	1.56268	38.237	0.87
0.00	-46321.81	-33895.14	1.58071	-46321.67	-33894.84	1.56224	39.308	0.85
0.00	-46321.81	-33894.93	1.58064	-46321.69	-33894.60	1.56351	36.967	0.78
0.00	-46321.82	-33894.80	1.58074	-46321.69	-33894.48	1.56350	33.259	0.95
0.00	-46321.82	-33894.58	1.58077	-46321.70	-33894.28	1.56371	12.962	0.85
0.00	-46321.82	-33894.44	1.58081	-46321.71	-33894.12	1.56420	38.783	0.85
0.00	-46321.83	-33894.22	1.58058	-46321.71	-33893.90	1.56427	10.604	0.90
0.00	-46321.83	-33894.04	1.58064	-46321.71	-33893.74	1.56441	33.849	0.88
0.00	-46321.84	-33893.83	1.58062	-46321.72	-33893.59	1.56433	37.192	0.94
0.00	-46321.84	-33893.64	1.58073	-46321.72	-33893.41	1.56479	30.310	0.90
0.00	-46321.84	-33893.48	1.58069	-46321.73	-33893.23	1.56486	38.220	0.90
0.00	-46321.85	-33893.33	1.58077	-46321.73	-33893.06	1.56488	37.167	0.91
0.00	-46321.85	-33893.16	1.58058	-46321.74	-33892.87	1.56510	37.373	0.89
0.00	-46321.86	-33893.01	1.58084	-46321.74	-33892.70	1.56489	24.536	0.88
0.00	-46321.86	-33892.83	1.58109	-46321.74	-33892.51	1.56460	10.682	0.87
0.00	-46321.87	-33892.65	1.58128	-46321.74	-33892.33	1.56478	36.243	0.86
0.00	-46321.87	-33892.47	1.58107	-46321.75	-33892.16	1.56475	15.783	0.88
0.00	-46321.87	-33892.30	1.58119	-46321.75	-33892.00	1.56421	37.511	0.88
0.00	-46321.88	-33892.13	1.58084	-46321.75	-33891.82	1.56447	37.652	0.90
0.00	-46321.88	-33891.96	1.58100	-46321.75	-33891.61	1.56352	38.555	0.78
0.00	-46321.88	-33891.77	1.58105	-46321.75	-33891.44	1.56322	18.761	0.93
0.00	-46321.89	-33891.59	1.58121	-46321.75	-33891.25	1.56290	39.107	0.88
0.00	-46321.89	-33891.41	1.58102	-46321.75	-33891.06	1.56317	39.161	0.88
0.00	-46321.90	-33891.24	1.58117	-46321.75	-33890.90	1.56321	38.833	0.91
0.00	-46321.90	-33891.06	1.58109	-46321.76	-33890.73	1.56312	31.053	0.91
0.00	-46321.90	-33890.88	1.58127	-46321.76	-33890.59	1.56296	37.656	0.89
0.00	-46321.91	-33890.66	1.58137	-46321.77	-33890.39	1.56362	38.945	0.93
0.00	-46321.91	-33890.49	1.58144	-46321.77	-33890.25	1.56368	38.711	0.89
0.00	-46321.92	-33890.23	1.58122	-46321.77	-33890.04	1.56337	32.570	0.87
0.00	-46321.92	-33890.03	1.58125	-46321.78	-33889.84	1.56422	38.526	0.87
0.00	-46321.92	-33889.87	1.58105	-46321.79	-33889.65	1.56461	36.520	0.92
0.00	-46321.93	-33889.72	1.58102	-46321.79	-33889.47	1.56495	37.547	0.89
0.00	-46321.93	-33889.55	1.58095	-46321.80	-33889.29	1.56477	36.917	0.93
0.00	-46321.94	-33889.37	1.58089	-46321.80	-33889.11	1.56474	25.316	0.90
0.00	-46321.94	-33889.19	1.58074	-46321.80	-33888.93	1.56466	36.729	0.90
0.00	-46321.94	-33889.02	1.58071	-46321.81	-33888.74	1.56482	26.216	0.97
0.00	-46321.95	-33888.84	1.58040	-46321.82	-33888.52	1.56525	37.829	0.86
0.00	-46321.95	-33888.66	1.58045	-46321.82	-33888.33	1.56541	29.218	0.88
0.00	-46321.95	-33888.46	1.58042	-46321.83	-33888.15	1.56544	37.035	0.88
0.00	-46321.96	-33888.27	1.58050	-46321.83	-33888.00	1.56563	37.209	0.90
0.00	-46321.96	-33888.09	1.58039	-46321.84	-33887.84	1.56581	36.801	0.91
0.00	-46321.97	-33887.90	1.58044	-46321.84	-33887.65	1.56580	23.190	0.85
0.00	-46321.97	-33887.69	1.58022	-46321.84	-33887.45	1.56537	35.493	0.85
0.00	-46321.97	-33887.45	1.58022	-46321.84	-33887.27	1.56539	24.478	0.92
0.00	-46321.98	-33887.23	1.57994	-46321.85	-33887.11	1.56564	36.896	0.95
0.00	-46321.98	-33887.05	1.58001	-46321.86	-33886.90	1.56583	23.570	0.87
0.00	-46321.99	-33886.85	1.58003	-46321.86	-33886.73	1.56541	29.432	0.90
0.00	-46321.99	-33886.65	1.58005	-46321.86	-33886.52	1.56554	36.061	0.91
0.00	-46321.99	-33886.44	1.58015	-46321.87	-33886.31	1.56574	37.584	0.90
0.00	-46322.00	-33886.25	1.58023	-46321.87	-33886.13	1.56582	20.266	0.90
0.00	-46322.00	-33886.03	1.57998	-46321.87	-33885.91	1.56565	32.840	0.89
0.00	-46322.00	-33885.92	1.57995	-46321.87	-33885.75	1.56554	37.100	0.93
0.00	-46322.01	-33885.69	1.57984	-46321.87	-33885.54	1.56506	36.436	0.89
0.00	-46322.01	-33885.52	1.57990	-46321.87	-33885.33	1.56453	20.493	0.87
0.00	-46322.02	-33885.34	1.57994	-46321.88	-33885.16	1.56489	35.962	0.91
0.00	-46322.02	-33885.11	1.57996	-46321.88	-33884.97	1.56457	32.318	0.86
0.00	-46322.02	-33884.89	1.57986	-46321.88	-33884.76	1.56440	518.340	0.91
0.00	-46322.08	-33882.06	1.57996	-46321.87	-33882.64	1.56094	27.758	0.81
0.00	-46322.07	-33882.74	1.58018	-46321.87	-33882.57	1.56089	38.103	0.89
0.00	-46322.07	-33882.55	1.57983	-46321.88	-33882.38	1.56150	36.721	0.89
0.00	-46322.08	-33882.47	1.58044	-46321.89	-33882.25	1.56206	34.195	0.79
0.00	-46322.08	-33882.40	1.58089	-46321.90	-33882.17	1.56279	35.859	0.89
0.00	-46322.08	-33882.14	1.58110	-46321.90	-33881.91	1.56288	12.725	0.89
0.00	-46322.09	-33881.99	1.58193	-46321.91	-33881.74	1.56370	34.105	0.89
0.00	-46322.10	-33881.73	1.58244	-46321.92	-33881.52	1.56449	34.075	0.95
0.00	-46322.10	-33881.59	1.58332	-46321.92	-33881.34	1.56466	16.485	0.86
0.00	-46322.11	-33881.34	1.58417	-46321.92	-33881.10	1.56450	19.633	0.88
0.00	-46322.11	-33881.19	1.58499	-46321.93	-33880.99	1.56455	35.817	0.93
0.00	-46322.12	-33880.94	1.58547	-46321.93	-33880.78	1.56441	35.997	0.82
0.00	-46322.13	-33880.68	1.58658	-46321.93	-33880.51	1.56433	27.558	0.85
0.00	-46322.13	-33880.57	1.58701	-46321.93	-33880.28	1.56433	35.997	0.89
0.00	-46322.14	-33880.38	1.58753	-46321.94	-33880.06	1.56524	35.631	0.92
0.00	-46322.14	-33880.17	1.58761	-46321.96	-33879.88	1.56715	34.101	0.82
0.00	-46322.15	-33879.99	1.58806	-46321.97	-33879.75	1.56809	35.339	0.78
0.00	-46322.15	-33879.77	1.58807	-46321.97	-33879.54	1.56839	35.446	0.89
0.00	-46322.16	-33879.59	1.58841	-46321.97	-33879.35	1.56812	37.790	0.92
0.00	-46322.16	-33879.37	1.58853	-46321.98	-33879.15	1.56884	36.176	0.92
0.00	-46322.17	-33879.17	1.58885	-46321.98	-33878.95	1.56862	26.263	0.83
0.00	-46322.18	-33878.98	1.58895	-46321.98	-33878.75	1.56879	33.776	0.84
0.00	-46322.18	-33878.76	1.58911	-46321.99	-33878.57	1.56928	35.580	0.89
0.00	-46322.19	-33878.52	1.58903	-46322.00	-33878.35	1.57064	26.273	0.89
0.00	-46322.19	-33878.33	1.58913	-46322.01	-33878.12	1.57142	32.034	0.88
0.00	-46322.20	-33878.13	1.58906	-46322.01	-33877.92	1.57118	21.259	0.88
0.00	-46322.20	-33877.97	1.58908	-46322.03	-33877.76	1.57242	36.804	0.81
0.00	-46322.21	-33877.77	1.58891	-46322.03	-33877.57	1.57243	20.548	0.89
0.00	-46322.21	-33877.60	1.58887	-46322.04	-33877.38	1.57297	32.130	0.93
0.00	-46322.22	-33877.40	1.58868	-46322.04	-33877.12	1.57228	36.633	0.85
0.00	-46322.22	-33877.22	1.58866	-46322.05	-33876.94	1.57311	38.070	0.92
0.00	-46322.23	-33876.98	1.58858	-46322.06	-33876.71	1.57418	17.800	0.93
0.00	-46322.23	-33876.84	1.58858	-46322.06	-33876.56	1.57428	22.660	0.91
0.00	-46322.24	-33876.60	1.58859	-46322.07	-33876.34	1.57423	37.169	0.99
0.00	-46322.24	-33876.42	1.58863	-46322.06	-33876.16	1.57346	36.513	0.82
0.00	-46322.25	-33876.23	1.58864	-46322.07	-33875.96	1.57371	18.377	0.90
0.00	-46322.25	-33876.04	1.58862	-46322.07	-33875.77	1.57365	36.201	0.94
0.00	-46322.25	-33875.83	1.58833	-46322.08	-33875.60	1.57465	34.799	0.81
0.00	-46322.26	-33875.65	1.58831	-46322.09	-33875.37	1.57542	29.541	0.92
0.00	-46322.26	-33875.44	1.58805	-46322.10	-33875.17	1.57517	21.258	0.86
0.00	-46322.27	-33875.25	1.58800	-46322.10	-33874.97	1.57524	32.317	0.91
0.00	-46322.27	-33875.03	1.58778	-46322.10	-33874.78	1.57399	29.609	0.81
0.00	-46322.28	-33874.78	1.58772	-46322.10	-33874.57	1.57431	24.427	0.91
0.00	-46322.29	-33874.54	1.58765	-46322.11	-33874.32	1.57418	35.408	0.89
0.00	-46322.29	-33874.35	1.58769	-46322.12	-33874.17	1.57545	33.952	0.89
0.00	-46322.30	-33874.17	1.58763	-46322.13	-33873.97	1.57561	16.692	0.96
0.00	-46322.30	-33873.99	1.58758	-46322.13	-33873.77	1.57592	34.291	0.88
0.00	-46322.31	-33873.80	1.58744	-46322.15	-33873.59	1.57712	34.168	0.97
0.00	-46322.31	-33873.61	1.58740	-46322.15	-33873.37	1.57699	34.706	0.88
0.00	-46322.31	-33873.41	1.58725	-46322.16	-33873.16	1.57698	35.108	0.84
0.00	-46322.32	-33873.22	1.58720	-46322.16	-33872.98	1.57698	32.397	0.91
0.00	-46322.32	-33873.01	1.58700	-46322.17	-33872.78	1.57699	36.510	0.93
0.00	-46322.33	-33872.82	1.58688	-46322.18	-33872.58	1.57730	34.247	0.96
0.00	-46322.33	-33872.57	1.58670	-46322.18	-33872.37	1.57736	35.319	0.92
0.00	-46322.34	-33872.42	1.58656	-46322.18	-33872.21	1.57622	34.185	0.75
0.00	-46322.34	-33872.17	1.58642	-46322.18	-33871.98	1.57616	35.574	0.91
0.00	-46322.35	-33871.99	1.58642	-46322.19	-33871.80	1.57662	26.582	0.94
0.00	-46322.35	-33871.80	1.58633	-46322.20	-33871.61	1.57775	36.559	0.90
0.00	-46322.35	-33871.62	1.58641	-46322.21	-33871.41	1.57763	18.905	0.92
0.00	-46322.36	-33871.41	1.58619	-46322.21	-33871.18	1.57751	14.493	0.94
0.00	-46322.36	-33871.28	1.58633	-46322.22	-33870.98	1.57824	26.018	0.99
0.00	-46322.37	-33871.04	1.58641	-46322.23	-33870.81	1.57915	35.043	0.85
0.00	-46322.37	-33870.80	1.58645	-46322.25	-33870.60	1.58034	37.465	0.88
0.00	-46322.38	-33870.57	1.58643	-46322.25	-33870.39	1.58033	17.069	0.93
0.00	-46322.38	-33870.36	1.58645	-46322.26	-33870.19	1.58077	18.676	0.96
0.00	-46322.39	-33870.17	1.58618	-46322.26	-33870.01	1.58027	27.299	0.87
0.00	-46322.39	-33870.02	1.58624	-46322.27	-33869.82	1.57997	18.796	0.91
0.00	-46322.39	-33869.81	1.58618	-46322.27	-33869.61	1.58002	12.013	0.88
0.00	-46322.40	-33869.63	1.58633	-46322.27	-33869.42	1.57946	27.190	0.88
0.00	-46322.40	-33869.42	1.58647	-46322.28	-33869.22	1.57973	21.621	0.94
0.00	-46322.41	-33869.22	1.58652	-46322.29	-33869.00	1.58110	38.198	0.89
0.00	-46322.41	-33869.03	1.58631	-46322.30	-33868.82	1.58079	20.236	0.91
0.00	-46322.42	-33868.85	1.58614	-46322.29	-33868.63	1.57980	34.782	0.86
0.00	-46322.42	-33868.61	1.58579	-46322.30	-33868.39	1.57949	24.696	0.94
0.00	-46322.42	-33868.47	1.58556	-46322.30	-33868.24	1.57896	37.981	0.91
0.00	-46322.43	-33868.22	1.58543	-46322.30	-33868.01	1.57873	19.117	0.99
0.00	-46322.43	-33868.08	1.58542	-46322.30	-33867.85	1.57824	32.184	0.86
0.00	-46322.44	-33867.84	1.58534	-46322.31	-33867.61	1.57899	32.304	0.82
0.00	-46322.44	-33867.69	1.58527	-46322.32	-33867.46	1.57884	21.187	0.92
0.00	-46322.45	-33867.45	1.58515	-46322.32	-33867.24	1.57852	38.659	0.85
0.00	-46322.45	-33867.28	1.58506	-46322.32	-33867.04	1.57826	18.736	0.88
0.00	-46322.45	-33867.05	1.58502	-46322.32	-33866.85	1.57819	18.529	0.91
0.00	-46322.46	-33866.82	1.58509	-46322.33	-33866.66	1.57835	18.624	0.92
0.00	-46322.46	-33866.60	1.58505	-46322.34	-33866.50	1.57846	39.332	0.79
0.00	-46322.47	-33866.42	1.58507	-46322.34	-33866.31	1.57814	38.857	0.93
0.00	-46322.47	-33866.28	1.58516	-46322.35	-33866.13	1.57821	38.791	0.94
0.00	-46322.48	-33866.07	1.58531	-46322.35	-33865.92	1.57830	29.643	0.93
0.00	-46322.48	-33865.87	1.58545	-46322.37	-33865.71	1.57949	38.340	0.82
0.00	-46322.49	-33865.68	1.58571	-46322.37	-33865.53	1.57929	16.850	0.93
0.00	-46322.49	-33865.48	1.58583	-46322.38	-33865.36	1.57941	38.931	0.83
0.00	-46322.50	-33865.28	1.58587	-46322.38	-33865.16	1.57927	29.595	0.96
0.00	-46322.50	-33865.08	1.58576	-46322.38	-33864.98	1.57903	34.458	0.96
0.00	-46322.51	-33864.89	1.58583	-46322.39	-33864.79	1.57894	35.425	0.92
0.00	-46322.51	-33864.70	1.58581	-46322.40	-33864.60	1.57899	39.983	0.94
0.00	-46322.52	-33864.50	1.58596	-46322.39	-33864.42	1.57843	34.728	0.92
0.00	-46322.52	-33864.28	1.58596	-46322.40	-33864.20	1.57831	20.468	0.89
0.00	-46322.53	-33864.09	1.58615	-46322.40	-33864.01	1.57820	16.716	0.95
0.00	-46322.53	-33863.87	1.58600	-46322.40	-33863.79	1.57776	29.816	0.86
0.00	-46322.54	-33863.69	1.58606	-46322.41	-33863.60	1.57764	26.962	0.94
0.00	-46322.54	-33863.45	1.58607	-46322.42	-33863.37	1.57802	16.234	0.95
0.00	-46322.55	-33863.32	1.58614	-46322.43	-33863.25	1.57913	38.256	0.85
0.00	-46322.55	-33863.09	1.58625	-46322.44	-33863.04	1.57947	35.970	0.90
0.00	-46322.56	-33862.90	1.58638	-46322.44	-33862.88	1.57947	40.988	0.89
0.00	-46322.56	-33862.69	1.58627	-46322.45	-33862.67	1.57922	26.828	0.86
0.00	-46322.57	-33862.50	1.58638	-46322.46	-33862.45	1.57954	38.263	0.94
0.00	-46322.57	-33862.29	1.58642	-46322.46	-33862.26	1.57974	29.594	0.97
0.00	-46322.58	-33862.10	1.58652	-46322.47	-33862.07	1.58006	15.940	0.94
0.00	-46322.58	-33861.89	1.58634	-46322.48	-33861.84	1.58062	23.771	0.91
0.00	-46322.59	-33861.70	1.58649	-46322.49	-33861.65	1.58069	9.662	0.92
0.00	-46322.59	-33861.50	1.58629	-46322.49	-33861.48	1.58056	40.609	0.87
0.00	-46322.60	-33861.31	1.58651	-46322.50	-33861.29	1.58084	17.838	0.92
0.00	-46322.60	-33861.09	1.58677	-46322.51	-33861.09	1.58139	39.516	0.97
0.00	-46322.61	-33860.90	1.58719	-46322.51	-33860.86	1.58080	32.708	0.88
0.00	-46322.62	-33860.70	1.58761	-46322.52	-33860.69	1.58139	36.406	0.84
0.00	-46322.62	-33860.50	1.58793	-46322.53	-33860.49	1.58147	12.830	0.94
0.00	-46322.63	-33860.29	1.58784	-46322.53	-33860.28	1.58137	18.687	0.96
0.00	-46322.63	-33860.10	1.58802	-46322.54	-33860.07	1.58132	20.999	0.93
0.00	-46322.64	-33859.89	1.58797	-46322.54	-33859.84	1.58124	35.670	0.94
0.00	-46322.64	-33859.70	1.58814	-46322.55	-33859.64	1.58149	18.030	0.93
0.00	-46322.65	-33859.50	1.58817	-46322.56	-33859.45	1.58144	39.546	0.93
0.00	-46322.66	-33859.32	1.58824	-46322.56	-33859.22	1.58120	40.007	0.89
0.00	-46322.66	-33859.07	1.58827	-46322.57	-33859.02	1.58115	20.601	0.92
0.00	-46322.67	-33858.83	1.58844	-46322.57	-33858.82	1.58120	21.536	0.96
0.00	-46322.67	-33858.59	1.58833	-46322.58	-33858.56	1.58126	39.802	0.93
0.00	-46322.68	-33858.46	1.58853	-46322.58	-33858.39	1.58139	25.988	0.93
0.00	-46322.68	-33858.22	1.58851	-46322.59	-33858.15	1.58138	22.603	0.96
0.00	-46322.69	-33858.05	1.58844	-46322.60	-33857.95	1.58133	13.998	0.96
0.00	-46322.70	-33857.87	1.58825	-46322.61	-33857.75	1.58120	14.559	0.91
0.00	-46322.70	-33857.67	1.58800	-46322.61	-33857.55	1.58077	22.486	0.94
0.00	-46322.71	-33857.47	1.58717	-46322.61	-33857.36	1.58001	22.260	0.95
0.00	-46322.71	-33857.30	1.58695	-46322.62	-33857.16	1.57954	25.385	0.97
0.00	-46322.72	-33857.08	1.58639	-46322.63	-33856.96	1.57907	37.039	0.95
0.00	-46322.72	-33856.88	1.58612	-46322.63	-33856.75	1.57849	31.279	0.98
0.00	-46322.73	-33856.67	1.58565	-46322.63	-33856.55	1.57776	39.929	0.97
0.00	-46322.74	-33856.47	1.58536	-46322.64	-33856.35	1.57714	21.283	0.98
0.00	-46322.74	-33856.25	1.58495	-46322.64	-33856.15	1.57641	21.120	0.99
0.00	-46322.75	-33856.06	1.58467	-46322.65	-33855.98	1.57556	41.827	0.93
0.00	-46322.75	-33855.86	1.58434	-46322.65	-33855.77	1.57488	12.663	0.95
0.00	-46322.76	-33855.66	1.58404	-46322.66	-33855.59	1.57504	41.150	0.89
0.00	-46322.76	-33855.44	1.58334	-46322.67	-33855.40	1.57441	11.933	0.92
0.00	-46322.77	-33855.25	1.58303	-46322.67	-33855.21	1.57346	22.931	0.88
0.00	-46322.78	-33855.01	1.58258	-46322.67	-33855.01	1.57258	9.739	0.99
0.00	-46322.78	-33854.78	1.58222	-46322.68	-33854.83	1.57272	37.086	0.89
0.00	-46322.79	-33854.53	1.58166	-46322.68	-33854.59	1.57155	387.080	0.53
0.00	-46322.83	-33852.61	1.57488	-46322.69	-33853.21	1.56230	45.543	0.96
0.00	-46322.82	-33852.75	1.57387	-46322.70	-33852.86	1.56181	35.234	0.91
0.00	-46322.83	-33852.71	1.57308	-46322.70	-33852.75	1.56153	50.177	0.97
0.00	-46322.83	-33852.49	1.57200	-46322.72	-33852.53	1.56097	41.159	0.92
0.00	-46322.83	-33852.31	1.57110	-46322.73	-33852.32	1.56065	40.423	0.95
0.00	-46322.84	-33852.16	1.57019	-46322.72	-33852.13	1.55855	44.872	0.79
0.00	-46322.84	-33851.96	1.56912	-46322.73	-33851.93	1.55842	52.566	0.95
0.00	-46322.84	-33851.71	1.56787	-46322.73	-33851.70	1.55595	28.259	0.91
0.00	-46322.84	-33851.60	1.56709	-46322.72	-33851.54	1.55463	51.186	0.79
0.00	-46322.84	-33851.38	1.56594	-46322.72	-33851.34	1.55201	29.941	0.87
0.00	-46322.84	-33851.25	1.56507	-46322.71	-33851.21	1.55023	46.895	0.80
0.00	-46322.84	-33851.01	1.56349	-46322.70	-33851.03	1.54798	37.176	0.85
0.00	-46322.84	-33850.82	1.56268	-46322.70	-33850.87	1.54606	31.733	0.83
0.00	-46322.85	-33850.66	1.56192	-46322.70	-33850.71	1.54613	47.090	0.98
0.00	-46322.85	-33850.48	1.56066	-46322.69	-33850.51	1.54376	47.963	0.87
0.00	-46322.85	-33850.42	1.55935	-46322.69	-33850.42	1.54143	27.800	0.87
0.00	-46322.85	-33850.18	1.55846	-46322.68	-33850.17	1.54024	40.400	0.78
0.00	-46322.85	-33850.06	1.55730	-46322.67	-33849.99	1.53826	23.034	0.78
0.00	-46322.84	-33849.82	1.55566	-46322.66	-33849.73	1.53634	31.211	0.87
0.00	-46322.84	-33849.68	1.55421	-46322.66	-33849.58	1.53444	18.256	0.88
0.00	-46322.84	-33849.44	1.55284	-46322.65	-33849.36	1.53278	16.184	0.80
0.00	-46322.84	-33849.29	1.55138	-46322.64	-33849.18	1.53062	50.471	0.85
0.00	-46322.84	-33849.03	1.54988	-46322.63	-33848.95	1.52874	20.926	0.82
0.00	-46322.83	-33848.85	1.54855	-46322.63	-33848.76	1.52701	31.791	0.86
0.00	-46322.83	-33848.66	1.54698	-46322.62	-33848.57	1.52535	28.956	0.88
0.00	-46322.83	-33848.47	1.54550	-46322.61	-33848.38	1.52333	24.155	0.85
0.00	-46322.82	-33848.28	1.54380	-46322.60	-33848.17	1.52162	18.926	0.88
0.00	-46322.82	-33848.11	1.54231	-46322.59	-33847.97	1.52001	34.748	0.86
0.00	-46322.81	-33847.91	1.54079	-46322.58	-33847.74	1.51846	42.240	0.84
0.00	-46322.81	-33847.72	1.53923	-46322.57	-33847.55	1.51665	45.912	0.91
0.00	-46322.80	-33847.51	1.53754	-46322.56	-33847.36	1.51486	38.957	0.87
0.00	-46322.80	-33847.28	1.53617	-46322.56	-33847.11	1.51475	45.608	0.87
0.00	-46322.79	-33847.01	1.53391	-46322.55	-33846.82	1.51275	35.508	0.83
0.00	-46322.79	-33846.92	1.53289	-46322.54	-33846.71	1.51198	23.290	0.94
0.00	-46322.78	-33846.71	1.53173	-46322.53	-33846.50	1.51066	34.223	0.84
0.00	-46322.77	-33846.52	1.53052	-46322.53	-33846.31	1.50931	26.693	0.91
0.00	-46322.77	-33846.33	1.52915	-46322.52	-33846.13	1.50777	42.660	0.91
0.00	-46322.76	-33846.15	1.52801	-46322.51	-33845.93	1.50650	26.872	0.86
0.00	-46322.76	-33845.96	1.52687	-46322.50	-33845.74	1.50543	44.370	0.88
0.00	-46322.75	-33845.77	1.52601	-46322.48	-33845.53	1.50415	30.031	0.83
0.00	-46322.74	-33845.55	1.52514	-46322.47	-33845.30	1.50338	37.675	0.91
0.00	-46322.74	-33845.40	1.52424	-46322.47	-33845.16	1.50264	45.005	0.95
0.00	-46322.73	-33845.16	1.52313	-46322.46	-33844.92	1.50189	49.525	0.88
0.00	-46322.72	-33845.02	1.52229	-46322.45	-33844.78	1.50079	47.387	0.88
0.00	-46322.71	-33844.79	1.52115	-46322.44	-33844.56	1.49973	45.944	0.85
0.00	-46322.71	-33844.63	1.52040	-46322.42	-33844.34	1.49881	46.791	0.87
0.00	-46322.70	-33844.44	1.51960	-46322.42	-33844.18	1.49838	45.622	0.92
0.00	-46322.69	-33844.25	1.51908	-46322.41	-33844.04	1.49825	46.534	0.88
0.00	-46322.68	-33844.06	1.51825	-46322.41	-33843.87	1.49780	47.103	0.90
0.00	-46322.68	-33843.88	1.51798	-46322.39	-33843.68	1.49700	28.001	0.90
0.00	-46322.67	-33843.69	1.51755	-46322.39	-33843.50	1.49701	46.624	0.87
0.00	-46322.66	-33843.46	1.51724	-46322.39	-33843.28	1.49836	49.138	0.84
0.00	-46322.65	-33843.23	1.51666	-46322.38	-33843.11	1.49804	21.308	0.91
0.00	-46322.64	-33843.04	1.51658	-46322.38	-33842.95	1.49780	38.702	0.91
0.00	-46322.63	-33842.86	1.51644	-46322.36	-33842.75	1.49750	10.246	0.91
0.00	-46322.63	-33842.70	1.51665	-46322.35	-33842.56	1.49709	20.848	0.88
0.00	-46322.62	-33842.53	1.51669	-46322.34	-33842.39	1.49710	49.702	0.90
0.00	-46322.61	-33842.35	1.51716	-46322.33	-33842.20	1.49719	38.335	0.88
0.00	-46322.60	-33842.14	1.51748	-46322.32	-33842.00	1.49743	14.982	0.91
0.00	-46322.60	-33841.95	1.51804	-46322.32	-33841.79	1.49952	49.572	0.91
0.00	-46322.59	-33841.72	1.51857	-46322.32	-33841.56	1.50072	10.831	0.87
0.00	-46322.58	-33841.58	1.51918	-46322.31	-33841.41	1.50114	26.190	0.78
0.00	-46322.57	-33841.38	1.51959	-46322.30	-33841.22	1.50183	47.648	0.94
0.00	-46322.57	-33841.20	1.52030	-46322.29	-33841.04	1.50249	43.429	0.96
0.00	-46322.56	-33840.97	1.52092	-46322.28	-33840.84	1.50307	49.274	0.90
0.00	-46322.55	-33840.80	1.52154	-46322.27	-33840.66	1.50401	27.854	0.97
0.00	-46322.54	-33840.60	1.52197	-46322.26	-33840.46	1.50468	24.789	0.88
0.00	-46322.54	-33840.47	1.52256	-46322.27	-33840.31	1.50626	15.214	0.95
0.00	-46322.53	-33840.24	1.52291	-46322.25	-33840.08	1.50658	21.734	0.92
0.00	-46322.52	-33840.07	1.52352	-46322.24	-33839.89	1.50683	35.923	0.93
0.00	-46322.51	-33839.90	1.52395	-46322.23	-33839.73	1.50746	52.957	0.89
0.00	-46322.50	-33839.67	1.52454	-46322.24	-33839.53	1.50903	52.795	0.96
0.00	-46322.49	-33839.39	1.52512	-46322.23	-33839.31	1.51055	55.853	0.94
0.00	-46322.49	-33839.25	1.52574	-46322.23	-33839.18	1.51070	54.182	0.82
0.00	-46322.48	-33838.94	1.52613	-46322.21	-33838.89	1.51052	35.066	0.87
0.00	-46322.48	-33838.92	1.52641	-46322.22	-33838.82	1.51228	53.749	0.93
0.00	-46322.47	-33838.61	1.52685	-46322.22	-33838.56	1.51396	61.761	0.97
0.00	-46322.46	-33838.42	1.52730	-46322.22	-33838.36	1.51535	55.679	0.96
0.00	-46322.45	-33838.22	1.52782	-46322.21	-33838.14	1.51576	22.841	0.90
0.00	-46322.45	-33838.22	1.52782	-46322.22	-33838.13	1.51662	53.500	0.94
0.00	-46322.44	-33837.87	1.52864	-46322.20	-33837.84	1.51724	38.040	0.96
0.00	-46322.44	-33837.85	1.52922	-46322.21	-33837.77	1.51848	30.606	0.96
0.00	-46322.43	-33837.62	1.52970	-46322.21	-33837.57	1.51976	44.934	0.93
0.00	-46322.43	-33837.50	1.53058	-46322.21	-33837.45	1.52136	54.340	0.98
0.00	-46322.42	-33837.24	1.53185	-46322.21	-33837.19	1.52315	55.595	0.93
0.00	-46322.42	-33837.14	1.53315	-46322.21	-33837.06	1.52505	47.591	0.93
0.00	-46322.41	-33836.81	1.53422	-46322.20	-33836.75	1.52676	55.130	0.94
0.00	-46322.40	-33836.63	1.53574	-46322.20	-33836.55	1.52861	44.966	0.92
0.00	-46322.40	-33836.47	1.53721	-46322.20	-33836.37	1.53076	25.254	0.91
0.00	-46322.40	-33836.46	1.53818	-46322.21	-33836.32	1.53218	21.402	0.96
0.00	-46322.39	-33836.24	1.53952	-46322.20	-33836.10	1.53414	44.043	0.97
0.00	-46322.38	-33835.92	1.54255	-46322.20	-33835.85	1.53738	13.825	0.94
0.00	-46322.38	-33835.87	1.54352	-46322.21	-33835.78	1.53922	54.263	0.95
0.00	-46322.38	-33835.68	1.54604	-46322.20	-33835.62	1.54137	25.761	0.90
0.00	-46322.38	-33835.50	1.54799	-46322.21	-33835.43	1.54393	28.276	0.89
0.00	-46322.37	-33835.33	1.55064	-46322.20	-33835.26	1.54629	17.022	0.88
0.00	-46322.37	-33835.15	1.55344	-46322.20	-33835.08	1.54921	37.495	0.94
0.00	-46322.37	-33834.98	1.55659	-46322.20	-33834.91	1.55280	32.023	0.94
0.00	-46322.37	-33834.80	1.55975	-46322.20	-33834.74	1.55555	11.828	0.52
0.00	-46322.37	-33834.63	1.56329	-46322.20	-33834.56	1.55860	15.978	0.95
0.00	-46322.37	-33834.45	1.56662	-46322.20	-33834.43	1.56194	51.645	0.91
0.00	-46322.37	-33834.29	1.57090	-46322.19	-33834.26	1.56580	52.157	0.88
0.00	-46322.37	-33834.07	1.57555	-46322.20	-33834.07	1.57110	13.012	0.95
0.00	-46322.37	-33833.95	1.57952	-46322.20	-33833.95	1.57455	52.020	0.89
0.00	-46322.38	-33833.73	1.58489	-46322.20	-33833.74	1.57985	16.710	0.52
0.00	-46322.38	-33833.61	1.58968	-46322.20	-33833.62	1.58375	35.528	0.93
0.00	-46322.39	-33833.44	1.59500	-46322.20	-33833.45	1.58799	34.942	0.82
0.00	-46322.39	-33833.28	1.60075	-46322.21	-33833.29	1.59410	30.480	0.86
0.00	-46322.40	-33833.11	1.60683	-46322.22	-33833.10	1.60103	21.548	0.92
0.00	-46322.41	-33832.98	1.61328	-46322.22	-33832.96	1.60715	42.259	0.92
0.00	-46322.42	-33832.75	1.62009	-46322.24	-33832.76	1.61465	39.297	1.00
0.00	-46322.43	-33832.61	1.62722	-46322.25	-33832.65	1.62232	20.346	0.91
0.00	-46322.44	-33832.39	1.63447	-46322.27	-33832.44	1.63041	42.727	0.97
0.00	-46322.45	-33832.28	1.64192	-46322.29	-33832.31	1.63886	46.423	0.92
0.00	-46322.46	-33832.10	1.64936	-46322.31	-33832.13	1.64672	52.010	0.96
0.00	-46322.49	-33831.83	1.66248	-46322.34	-33831.85	1.66015	16.066	0.94
0.00	-46322.49	-33831.85	1.66550	-46322.35	-33831.82	1.66376	20.114	0.89
0.00	-46322.50	-33831.71	1.67257	-46322.37	-33831.67	1.67130	20.220	0.91
0.00	-46322.52	-33831.57	1.68048	-46322.38	-33831.54	1.67854	42.237	0.83
0.00	-46322.54	-33831.43	1.68862	-46322.40	-33831.39	1.68717	30.441	0.94
0.00	-46322.55	-33831.29	1.69663	-46322.41	-33831.25	1.69437	31.975	0.93
0.00	-46322.57	-33831.16	1.70482	-46322.44	-33831.12	1.70344	32.588	0.92
0.00	-46322.59	-33831.01	1.71326	-46322.45	-33831.01	1.71133	46.555	0.86
0.00	-46322.61	-33830.88	1.72200	-46322.48	-33830.87	1.72074	31.987	0.89
0.00	-46322.64	-33830.74	1.73057	-46322.50	-33830.74	1.72931	36.191	0.93
0.00	-46322.66	-33830.61	1.73977	-46322.53	-33830.59	1.73901	15.522	0.91
0.00	-46322.68	-33830.47	1.74901	-46322.57	-33830.44	1.74876	33.324	0.97
0.00	-46322.71	-33830.34	1.75873	-46322.60	-33830.31	1.75906	44.142	0.96
0.00	-46322.74	-33830.20	1.76807	-46322.62	-33830.19	1.76854	40.197	0.91
0.00	-46322.76	-33830.08	1.77813	-46322.65	-33830.07	1.77769	38.375	0.82
0.00	-46322.80	-33829.90	1.78811	-46322.68	-33829.93	1.78792	47.199	0.92
0.00	-46322.83	-33829.79	1.79790	-46322.71	-33829.82	1.79838	18.106	0.96
0.00	-46322.87	-33829.60	1.80804	-46322.76	-33829.65	1.80900	23.254	0.93
0.00	-46322.90	-33829.51	1.81835	-46322.79	-33829.54	1.82009	46.640	0.96
0.00	-46322.94	-33829.36	1.82926	-46322.84	-33829.36	1.83155	43.564	0.96
0.00	-46322.96	-33829.27	1.84033	-46322.88	-33829.23	1.84307	34.127	0.94
0.00	-46323.01	-33829.11	1.85165	-46322.93	-33829.08	1.85488	28.873	0.91
0.00	-46323.03	-33829.03	1.86323	-46322.97	-33828.97	1.86683	27.298	0.91
0.00	-46323.08	-33828.87	1.87502	-46323.03	-33828.81	1.87903	42.197	0.92
0.00	-46323.12	-33828.75	1.88729	-46323.07	-33828.68	1.89158	22.479	0.91
0.00	-46323.16	-33828.63	1.89942	-46323.10	-33828.59	1.90296	39.138	0.92
0.00	-46323.20	-33828.52	1.91212	-46323.15	-33828.46	1.91601	28.144	0.90
0.00	-46323.26	-33828.37	1.92498	-46323.19	-33828.37	1.92928	39.447	0.89
0.00	-46323.31	-33828.22	1.93798	-46323.23	-33828.27	1.94196	30.949	0.92
0.00	-46323.37	-33828.08	1.95101	-46323.29	-33828.13	1.95471	25.922	0.96
0.00	-46323.42	-33827.97	1.96401	-46323.33	-33828.01	1.96697	22.545	0.91
0.00	-46323.47	-33827.84	1.97646	-46323.38	-33827.89	1.97955	13.123	0.92
0.00	-46323.51	-33827.77	1.98934	-46323.43	-33827.79	1.99212	17.552	0.96
0.00	-46323.56	-33827.65	2.00226	-46323.48	-33827.68	2.00490	13.325	0.92
0.00	-46323.61	-33827.55	2.01414	-46323.54	-33827.56	2.01642	15.468	0.95
0.00	-46323.68	-33827.41	2.02893	-46323.59	-33827.45	2.03094	19.914	0.95
0.00	-46323.75	-33827.27	2.04257	-46323.65	-33827.33	2.04409	12.420	0.94
0.00	-46323.82	-33827.13	2.05626	-46323.72	-33827.22	2.05769	15.800	0.95
0.00	-46323.88	-33827.03	2.06982	-46323.78	-33827.10	2.07085	24.772	0.88
0.00	-46323.94	-33826.92	2.08330	-46323.85	-33826.98	2.08437	11.694	0.90
0.00	-46324.00	-33826.82	2.09705	-46323.92	-33826.86	2.09787	16.383	0.91
0.00	-46324.07	-33826.71	2.11026	-46323.96	-33826.77	2.10998	35.840	0.80
0.00	-46324.13	-33826.60	2.12398	-46324.04	-33826.66	2.12364	14.265	0.87
0.00	-46324.22	-33826.47	2.13764	-46324.12	-33826.53	2.13728	26.920	0.86
0.00	-46324.27	-33826.40	2.15143	-46324.17	-33826.46	2.15108	17.297	0.85
0.00	-46324.36	-33826.26	2.16517	-46324.25	-33826.34	2.16472	15.450	0.83
0.00	-46324.42	-33826.18	2.17881	-46324.33	-33826.22	2.17867	33.358	0.89
0.00	-46324.49	-33826.07	2.19260	-46324.42	-33826.10	2.19257	21.671	0.90
0.00	-46324.57	-33825.96	2.20629	-46324.49	-33826.00	2.20609	20.292	0.93
0.00	-46324.66	-33825.85	2.22001	-46324.58	-33825.89	2.22030	33.603	0.85
0.00	-46324.75	-33825.74	2.23391	-46324.68	-33825.78	2.23463	27.767	0.91
0.00	-46324.83	-33825.63	2.24734	-46324.77	-33825.68	2.24879	25.453	0.81
0.00	-46324.92	-33825.52	2.26109	-46324.86	-33825.57	2.26279	25.256	0.87
0.00	-46325.01	-33825.42	2.27436	-46324.94	-33825.47	2.27521	31.235	0.69
0.00	-46325.08	-33825.34	2.28763	-46325.04	-33825.36	2.28863	19.052	0.85
0.00	-46325.17	-33825.23	2.30068	-46325.14	-33825.24	2.30181	25.754	0.90
0.00	-46325.27	-33825.13	2.31376	-46325.24	-33825.12	2.31485	15.359	0.88
0.00	-46325.37	-33825.02	2.32695	-46325.35	-33825.02	2.32847	13.622	0.82
0.00	-46325.50	-33824.89	2.34000	-46325.46	-33824.91	2.34152	12.293	0.91
0.00	-46325.61	-33824.77	2.35315	-46325.55	-33824.82	2.35537	377.636	0.81
0.00	-46326.70	-33823.76	2.45086	-46326.36	-33824.11	2.45086	30.595	0.85
0.00	-46326.47	-33823.99	2.45912	-46326.43	-33824.05	2.45899	13.199	0.87
0.00	-46326.48	-33823.98	2.46339	-46326.48	-33824.02	2.46370	23.744	0.83
0.00	-46326.52	-33823.95	2.47011	-46326.53	-33823.97	2.47017	17.124	0.58
0.00	-46326.67	-33823.83	2.48078	-46326.68	-33823.86	2.48087	12.278	0.83
0.00	-46326.79	-33823.74	2.49254	-46326.81	-33823.75	2.49207	28.558	0.85
0.00	-46326.93	-33823.63	2.50516	-46326.96	-33823.65	2.50477	17.039	0.85
0.00	-46327.01	-33823.58	2.51490	-46327.03	-33823.60	2.51465	23.387	0.83
0.00	-46327.15	-33823.48	2.52612	-46327.15	-33823.52	2.52562	15.607	0.88
0.00	-46327.26	-33823.41	2.53746	-46327.28	-33823.44	2.53683	26.651	0.81
0.00	-46327.40	-33823.31	2.54855	-46327.41	-33823.35	2.54746	8.313	0.83
0.00	-46327.55	-33823.21	2.55957	-46327.53	-33823.27	2.55755	12.247	0.81
0.00	-46327.69	-33823.13	2.56983	-46327.65	-33823.19	2.56772	21.396	0.87
0.00	-46327.81	-33823.05	2.58035	-46327.78	-33823.11	2.57763	19.833	0.85
0.00	-46327.94	-33822.97	2.59029	-46327.90	-33823.04	2.58726	14.773	0.90
0.00	-46328.06	-33822.90	2.60080	-46328.02	-33822.96	2.59647	14.273	0.84
0.00	-46328.20	-33822.82	2.61088	-46328.15	-33822.89	2.60639	19.423	0.91
0.00	-46328.32	-33822.76	2.62112	-46328.27	-33822.82	2.61551	21.910	0.87
0.00	-46328.46	-33822.68	2.63111	-46328.43	-33822.73	2.62563	27.134	0.80
0.00	-46328.58	-33822.62	2.64115	-46328.57	-33822.66	2.63550	20.705	0.87
0.00	-46328.72	-33822.54	2.65086	-46328.70	-33822.59	2.64491	17.379	0.90
0.00	-46328.85	-33822.48	2.66066	-46328.82	-33822.53	2.65427	13.715	0.92
0.00	-46329.02	-33822.39	2.67026	-46328.98	-33822.44	2.66334	18.526	0.86
0.00	-46329.11	-33822.35	2.67981	-46329.09	-33822.39	2.67257	25.376	0.89
0.00	-46329.28	-33822.27	2.68937	-46329.25	-33822.32	2.68196	18.873	0.85
0.00	-46329.48	-33822.18	2.70304	-46329.44	-33822.22	2.69461	6.658	0.52
0.00	-46329.54	-33822.15	2.70864	-46329.51	-33822.19	2.70020	23.460	0.87
0.00	-46329.67	-33822.09	2.71851	-46329.65	-33822.12	2.70967	8.659	0.97
0.00	-46329.82	-33822.03	2.72809	-46329.77	-33822.07	2.71858	23.024	0.83
0.00	-46329.95	-33821.98	2.73811	-46329.91	-33822.01	2.72853	6.043	0.85
0.00	-46330.10	-33821.91	2.74761	-46330.04	-33821.96	2.73770	26.915	0.89
0.00	-46330.28	-33821.84	2.75744	-46330.19	-33821.90	2.74738	21.773	0.83
0.00	-46330.43	-33821.78	2.76701	-46330.33	-33821.84	2.75721	19.792	0.88
0.00	-46330.56	-33821.73	2.77660	-46330.51	-33821.78	2.76764	25.095	0.77
0.00	-46330.71	-33821.68	2.78624	-46330.65	-33821.73	2.77717	13.289	0.86
0.00	-46330.83	-33821.63	2.79616	-46330.80	-33821.68	2.78725	7.159	0.85
0.00	-46330.99	-33821.58	2.80614	-46330.94	-33821.63	2.79736	21.599	0.85
0.00	-46331.13	-33821.53	2.81619	-46331.07	-33821.58	2.80693	27.188	0.83
0.00	-46331.29	-33821.48	2.82587	-46331.23	-33821.53	2.81629	10.948	0.97
0.00	-46331.44	-33821.43	2.83596	-46331.39	-33821.47	2.82629	20.338	0.84
0.00	-46331.61	-33821.38	2.84548	-46331.56	-33821.42	2.83517	16.909	0.83
0.00	-46331.76	-33821.34	2.85515	-46331.71	-33821.37	2.84467	22.605	0.85
0.00	-46331.92	-33821.29	2.86452	-46331.85	-33821.33	2.85348	28.427	0.83
0.00	-46332.08	-33821.25	2.87401	-46332.02	-33821.28	2.86260	18.571	0.92
0.00	-46332.25	-33821.20	2.88335	-46332.20	-33821.22	2.87136	27.014	0.83
0.00	-46332.40	-33821.17	2.89251	-46332.40	-33821.17	2.88137	29.319	0.79
0.00	-46332.61	-33821.12	2.90118	-46332.61	-33821.13	2.89119	29.051	0.80
0.00	-46332.73	-33821.09	2.90930	-46332.76	-33821.10	2.89966	28.249	0.85
0.00	-46332.94	-33821.04	2.91698	-46332.96	-33821.05	2.90716	25.037	0.90
0.00	-46333.19	-33820.99	2.92726	-46333.19	-33821.00	2.91729	11.021	0.85
0.00	-46333.29	-33820.97	2.93180	-46333.28	-33820.97	2.92145	23.266	0.89
0.00	-46333.47	-33820.93	2.93899	-46333.42	-33820.94	2.92744	28.563	0.87
0.00	-46333.64	-33820.90	2.94576	-46333.59	-33820.91	2.93457	28.815	0.98
0.00	-46333.78	-33820.87	2.95243	-46333.75	-33820.88	2.94153	19.064	0.83
0.00	-46333.95	-33820.84	2.95856	-46333.91	-33820.85	2.94746	7.628	0.83
0.00	-46334.10	-33820.82	2.96473	-46334.03	-33820.83	2.95235	32.161	0.80
0.00	-46334.27	-33820.79	2.97039	-46334.19	-33820.80	2.95841	29.921	0.86
0.00	-46334.42	-33820.77	2.97624	-46334.37	-33820.77	2.96364	24.173	0.90
0.00	-46334.60	-33820.73	2.98119	-46334.56	-33820.73	2.96861	18.386	0.93
0.00	-46334.71	-33820.72	2.98627	-46334.72	-33820.71	2.97343	25.964	0.89
0.00	-46334.89	-33820.70	2.99112	-46334.89	-33820.68	2.97829	19.650	0.88
0.00	-46335.07	-33820.67	2.99616	-46335.05	-33820.66	2.98274	23.374	0.85
0.00	-46335.25	-33820.65	3.00034	-46335.23	-33820.64	2.98701	524.945	0.88
0.00	-46337.80	-33820.37	3.03781	-46336.98	-33820.40	3.01536	27.825	0.84
0.00	-46337.15	-33820.45	3.03964	-46337.13	-33820.39	3.01760	29.581	0.90
0.00	-46337.27	-33820.44	3.04129	-46337.27	-33820.38	3.01901	21.856	0.87
0.00	-46337.32	-33820.44	3.04247	-46337.36	-33820.37	3.02040	35.212	0.88
0.00	-46337.45	-33820.43	3.04492	-46337.54	-33820.35	3.02209	35.645	0.86
0.00	-46337.62	-33820.42	3.04749	-46337.72	-33820.33	3.02431	26.022	0.86
0.00	-46337.79	-33820.41	3.05109	-46337.91	-33820.32	3.02666	23.682	0.87
0.00	-46337.96	-33820.39	3.05382	-46338.09	-33820.30	3.02907	20.971	0.86
0.00	-46338.13	-33820.39	3.05754	-46338.25	-33820.29	3.03103	25.895	0.85
0.00	-46338.29	-33820.38	3.06012	-46338.42	-33820.27	3.03302	24.611	0.90
0.00	-46338.46	-33820.37	3.06378	-46338.58	-33820.26	3.03489	35.866	0.87
0.00	-46338.63	-33820.36	3.06630	-46338.75	-33820.25	3.03698	33.407	0.84
0.00	-46338.79	-33820.35	3.06993	-46338.91	-33820.24	3.03948	35.478	0.94
0.00	-46338.98	-33820.34	3.07304	-46339.07	-33820.22	3.04159	35.768	0.88
0.00	-46339.15	-33820.34	3.07636	-46339.23	-33820.20	3.04255	37.315	0.95
0.00	-46339.33	-33820.33	3.07911	-46339.41	-33820.19	3.04498	32.985	0.86
