0.00	-29562.65	-40077.39	0.00000	-29562.65	-40077.39	0.00000	2.342	0.00
0.00	-29562.58	-40077.38	0.00311	-29562.58	-40077.38	0.00311	2.298	0.00
0.00	-29562.53	-40077.35	0.38602	-29562.53	-40077.35	0.38602	2.351	0.00
0.00	-29562.48	-40077.33	0.36593	-29562.48	-40077.33	0.36593	2.410	0.00
0.00	-29562.43	-40077.31	0.35810	-29562.43	-40077.31	0.35810	2.177	0.00
0.00	-29562.37	-40077.29	0.35546	-29562.37	-40077.29	0.35546	2.099	0.00
0.00	-29562.32	-40077.27	0.35418	-29562.32	-40077.27	0.35418	2.064	0.00
0.00	-29562.25	-40077.25	0.35461	-29562.25	-40077.25	0.35461	2.159	0.00
0.00	-29562.19	-40077.23	0.35676	-29562.19	-40077.23	0.35676	2.280	0.00
0.00	-29562.11	-40077.20	0.36104	-29562.11	-40077.20	0.36104	2.155	0.00
0.00	-29562.01	-40077.16	0.36581	-29562.01	-40077.16	0.36581	2.355	0.00
0.00	-29561.93	-40077.13	0.36992	-29561.93	-40077.13	0.36992	2.112	0.00
0.00	-29561.85	-40077.10	0.37388	-29561.85	-40077.10	0.37388	2.187	0.00
0.00	-29561.76	-40077.06	0.37746	-29561.76	-40077.06	0.37746	2.101	0.00
0.00	-29561.65	-40077.02	0.38039	-29561.65	-40077.02	0.38039	2.126	0.00
0.00	-29561.54	-40076.98	0.38234	-29561.54	-40076.98	0.38234	2.228	0.00
0.00	-29561.43	-40076.94	0.38451	-29561.43	-40076.94	0.38451	2.245	0.00
0.00	-29561.31	-40076.90	0.38732	-29561.31	-40076.90	0.38732	2.084	0.00
0.00	-29561.19	-40076.85	0.39033	-29561.19	-40076.85	0.39033	2.070	0.00
0.00	-29561.05	-40076.80	0.39342	-29561.05	-40076.80	0.39342	2.321	0.00
0.00	-29560.89	-40076.74	0.39644	-29560.89	-40076.74	0.39644	2.258	0.00
0.00	-29560.75	-40076.68	0.39966	-29560.75	-40076.68	0.39966	2.169	0.00
0.00	-29560.63	-40076.63	0.40273	-29560.63	-40076.63	0.40273	2.059	0.00
0.00	-29560.50	-40076.58	0.40521	-29560.50	-40076.58	0.40521	2.045	0.00
0.00	-29560.36	-40076.52	0.40759	-29560.36	-40076.52	0.40759	2.175	0.00
0.00	-29560.22	-40076.46	0.41008	-29560.22	-40076.46	0.41008	2.029	0.00
0.00	-29560.07	-40076.40	0.41235	-29560.07	-40076.40	0.41235	2.076	0.00
0.00	-29559.93	-40076.34	0.41439	-29559.93	-40076.34	0.41439	2.119	0.00
0.00	-29559.77	-40076.27	0.41645	-29559.77	-40076.27	0.41645	2.106	0.00
0.00	-29559.62	-40076.21	0.41836	-29559.62	-40076.21	0.41836	2.163	0.00
0.00	-29559.44	-40076.13	0.42008	-29559.44	-40076.13	0.42008	2.089	0.00
0.00	-29559.30	-40076.07	0.42171	-29559.30	-40076.07	0.42171	2.195	0.00
0.00	-29559.14	-40076.00	0.42329	-29559.14	-40076.00	0.42329	2.146	0.00
0.00	-29559.00	-40075.94	0.42494	-29559.00	-40075.94	0.42494	2.188	0.00
0.00	-29558.84	-40075.87	0.42683	-29558.84	-40075.87	0.42683	2.108	0.00
0.00	-29558.69	-40075.79	0.42873	-29558.69	-40075.79	0.42873	2.072	0.00
0.00	-29558.53	-40075.72	0.43035	-29558.53	-40075.72	0.43035	2.131	0.00
0.00	-29558.38	-40075.65	0.43151	-29558.38	-40075.65	0.43151	2.021	0.00
0.00	-29558.23	-40075.58	0.43349	-29558.23	-40075.58	0.43349	2.167	0.00
0.00	-29558.08	-40075.51	0.43548	-29558.08	-40075.51	0.43548	2.165	0.00
0.00	-29557.90	-40075.43	0.43524	-29557.90	-40075.43	0.43524	2.080	0.00
0.00	-29557.77	-40075.37	0.43524	-29557.77	-40075.37	0.43524	2.127	0.00
0.00	-29557.64	-40075.31	0.43738	-29557.64	-40075.31	0.43738	2.193	0.00
0.00	-29557.46	-40075.22	0.43858	-29557.46	-40075.22	0.43858	2.254	0.00
0.00	-29557.30	-40075.14	0.43677	-29557.30	-40075.14	0.43677	2.120	0.00
0.00	-29557.13	-40075.07	0.43491	-29557.13	-40075.07	0.43491	2.061	0.00
0.00	-29556.97	-40074.99	0.43485	-29556.97	-40074.99	0.43485	2.241	0.00
0.00	-29556.82	-40074.92	0.43437	-29556.82	-40074.92	0.43437	2.260	0.00
0.00	-29556.67	-40074.85	0.43255	-29556.67	-40074.85	0.43255	2.286	0.00
0.00	-29556.51	-40074.78	0.43092	-29556.51	-40074.78	0.43092	2.342	0.00
0.00	-29556.31	-40074.69	0.43014	-29556.31	-40074.69	0.43014	2.257	0.00
0.00	-29556.16	-40074.62	0.42901	-29556.16	-40074.62	0.42901	2.360	0.00
0.00	-29556.00	-40074.55	0.42684	-29556.00	-40074.55	0.42684	2.693	0.00
0.00	-29555.83	-40074.47	0.42471	-29555.83	-40074.47	0.42471	2.432	0.00
0.00	-29555.64	-40074.39	0.42273	-29555.64	-40074.39	0.42273	2.443	0.00
0.00	-29555.49	-40074.32	0.42044	-29555.49	-40074.32	0.42044	2.762	0.00
0.00	-29555.30	-40074.24	0.41917	-29555.30	-40074.24	0.41917	2.521	0.00
0.00	-29555.15	-40074.17	0.41831	-29555.15	-40074.17	0.41831	2.544	0.00
0.00	-29554.94	-40074.08	0.41426	-29554.94	-40074.08	0.41426	2.640	0.00
0.00	-29554.73	-40073.99	0.40930	-29554.73	-40073.99	0.40930	2.701	0.00
0.00	-29554.52	-40073.90	0.40658	-29554.52	-40073.90	0.40658	2.661	0.00
0.00	-29554.36	-40073.84	0.40380	-29554.36	-40073.84	0.40380	2.832	0.00
0.00	-29554.19	-40073.77	0.39919	-29554.19	-40073.77	0.39919	2.838	0.00
0.00	-29553.99	-40073.69	0.39415	-29553.99	-40073.69	0.39415	2.864	0.00
0.00	-29553.78	-40073.61	0.39004	-29553.78	-40073.61	0.39004	2.918	0.00
0.00	-29553.56	-40073.52	0.38614	-29553.56	-40073.52	0.38614	3.133	0.00
0.00	-29553.39	-40073.46	0.38173	-29553.39	-40073.46	0.38173	2.863	0.00
0.00	-29553.16	-40073.37	0.37692	-29553.16	-40073.37	0.37692	3.446	0.00
0.00	-29552.97	-40073.30	0.37266	-29552.97	-40073.30	0.37266	3.340	0.00
0.00	-29552.77	-40073.22	0.36870	-29552.77	-40073.22	0.36870	3.301	0.00
0.00	-29552.53	-40073.13	0.36483	-29552.53	-40073.13	0.36483	3.541	0.00
0.00	-29552.35	-40073.07	0.36117	-29552.35	-40073.07	0.36117	3.563	0.00
0.00	-29552.15	-40073.00	0.35760	-29552.15	-40073.00	0.35760	3.408	0.00
0.00	-29551.95	-40072.92	0.35430	-29551.95	-40072.92	0.35430	3.604	0.00
0.00	-29551.74	-40072.85	0.35129	-29551.74	-40072.85	0.35129	3.599	0.00
0.00	-29551.52	-40072.77	0.34827	-29551.52	-40072.77	0.34827	3.740	0.00
0.00	-29551.30	-40072.69	0.34546	-29551.30	-40072.69	0.34546	4.007	0.00
0.00	-29551.06	-40072.61	0.34327	-29551.06	-40072.61	0.34327	4.118	0.00
0.00	-29550.86	-40072.54	0.34174	-29550.86	-40072.54	0.34174	5.511	0.00
0.00	-29550.63	-40072.46	0.34067	-29550.63	-40072.46	0.34067	4.071	0.00
0.00	-29550.39	-40072.38	0.33991	-29550.39	-40072.38	0.33991	3.962	0.00
0.00	-29550.20	-40072.31	0.33945	-29550.20	-40072.31	0.33945	4.541	0.00
0.00	-29550.00	-40072.25	0.33919	-29550.00	-40072.25	0.33919	4.027	0.00
0.00	-29549.80	-40072.18	0.33901	-29549.80	-40072.18	0.33901	4.171	0.00
0.00	-29549.59	-40072.10	0.33873	-29549.59	-40072.10	0.33873	4.180	0.00
0.00	-29549.38	-40072.03	0.33847	-29549.38	-40072.03	0.33847	4.248	0.00
0.00	-29549.17	-40071.96	0.33846	-29549.17	-40071.96	0.33846	4.277	0.00
0.00	-29548.96	-40071.89	0.33848	-29548.96	-40071.89	0.33848	4.465	0.00
0.00	-29548.75	-40071.81	0.33825	-29548.75	-40071.81	0.33825	4.654	0.00
0.00	-29548.51	-40071.73	0.33799	-29548.51	-40071.73	0.33799	4.046	0.00
0.00	-29548.25	-40071.64	0.33776	-29548.25	-40071.64	0.33776	4.706	0.00
0.00	-29548.07	-40071.58	0.33764	-29548.07	-40071.58	0.33764	4.845	0.00
0.00	-29547.86	-40071.51	0.33739	-29547.86	-40071.51	0.33739	4.562	0.00
0.00	-29547.65	-40071.44	0.33698	-29547.65	-40071.44	0.33698	4.854	0.00
0.00	-29547.43	-40071.37	0.33663	-29547.43	-40071.37	0.33663	4.734	0.00
0.00	-29547.21	-40071.29	0.33630	-29547.21	-40071.29	0.33630	5.065	0.00
0.00	-29546.99	-40071.22	0.33581	-29546.99	-40071.22	0.33581	4.849	0.00
0.00	-29546.77	-40071.15	0.33510	-29546.77	-40071.15	0.33510	5.018	0.00
0.00	-29546.55	-40071.08	0.33452	-29546.55	-40071.08	0.33452	4.362	0.00
0.00	-29546.32	-40071.00	0.33402	-29546.32	-40071.00	0.33402	3.899	0.00
0.00	-29546.09	-40070.92	0.33329	-29546.09	-40070.92	0.33329	4.037	0.00
0.00	-29545.90	-40070.86	0.33249	-29545.90	-40070.86	0.33249	4.025	0.00
0.00	-29545.67	-40070.79	0.33197	-29545.67	-40070.79	0.33197	5.121	0.00
0.00	-29545.47	-40070.72	0.33167	-29545.47	-40070.72	0.33167	4.959	0.00
0.00	-29545.26	-40070.65	0.33136	-29545.26	-40070.65	0.33136	5.138	0.00
0.00	-29545.05	-40070.58	0.33106	-29545.05	-40070.58	0.33106	5.470	0.00
0.00	-29544.83	-40070.50	0.33091	-29544.83	-40070.50	0.33091	5.156	0.00
0.00	-29544.61	-40070.43	0.33094	-29544.61	-40070.43	0.33094	5.161	0.00
0.00	-29544.39	-40070.36	0.33092	-29544.39	-40070.36	0.33092	5.762	0.00
0.00	-29544.13	-40070.27	0.33067	-29544.13	-40070.27	0.33067	4.493	0.00
0.00	-29543.89	-40070.19	0.33040	-29543.89	-40070.19	0.33040	5.559	0.00
0.00	-29543.69	-40070.13	0.33037	-29543.69	-40070.13	0.33037	4.339	0.00
0.00	-29543.48	-40070.06	0.33021	-29543.48	-40070.06	0.33021	5.073	0.00
0.00	-29543.23	-40069.97	0.32979	-29543.23	-40069.97	0.32979	5.334	0.00
0.00	-29543.01	-40069.90	0.32950	-29543.01	-40069.90	0.32950	4.900	0.00
0.00	-29542.78	-40069.83	0.32926	-29542.78	-40069.83	0.32926	5.195	0.00
0.00	-29542.55	-40069.75	0.32882	-29542.55	-40069.75	0.32882	4.969	0.00
0.00	-29542.31	-40069.67	0.32837	-29542.31	-40069.67	0.32837	5.052	0.00
0.00	-29542.08	-40069.60	0.32790	-29542.08	-40069.60	0.32790	5.109	0.00
0.00	-29541.80	-40069.51	0.32735	-29541.80	-40069.51	0.32735	5.208	0.00
0.00	-29541.56	-40069.43	0.32700	-29541.56	-40069.43	0.32700	5.689	0.00
0.00	-29541.36	-40069.36	0.32684	-29541.36	-40069.36	0.32684	5.110	0.00
0.00	-29541.12	-40069.28	0.32656	-29541.12	-40069.28	0.32656	5.082	0.00
0.00	-29540.89	-40069.21	0.32631	-29540.89	-40069.21	0.32631	6.234	0.00
0.00	-29540.63	-40069.13	0.32616	-29540.63	-40069.13	0.32616	5.156	0.00
0.00	-29540.41	-40069.05	0.32608	-29540.41	-40069.05	0.32608	5.425	0.00
0.00	-29540.18	-40068.98	0.32598	-29540.18	-40068.98	0.32598	5.267	0.00
0.00	-29539.95	-40068.90	0.32570	-29539.95	-40068.90	0.32570	5.131	0.00
0.00	-29539.73	-40068.83	0.32536	-29539.73	-40068.83	0.32536	5.304	0.00
0.00	-29539.44	-40068.74	0.32515	-29539.44	-40068.74	0.32515	4.942	0.00
0.00	-29539.20	-40068.66	0.32495	-29539.20	-40068.66	0.32495	5.488	0.00
0.00	-29538.98	-40068.59	0.32479	-29538.98	-40068.59	0.32479	5.268	0.00
0.00	-29538.74	-40068.51	0.32459	-29538.74	-40068.51	0.32459	6.008	0.00
0.00	-29538.50	-40068.43	0.32422	-29538.50	-40068.43	0.32422	5.543	0.00
0.00	-29538.24	-40068.35	0.32381	-29538.24	-40068.35	0.32381	5.643	0.00
0.00	-29537.98	-40068.26	0.32349	-29537.98	-40068.26	0.32349	5.810	0.00
0.00	-29537.73	-40068.18	0.32310	-29537.73	-40068.18	0.32310	5.465	0.00
0.00	-29537.45	-40068.09	0.32293	-29537.45	-40068.09	0.32293	5.743	0.00
0.00	-29537.21	-40068.01	0.32295	-29537.21	-40068.01	0.32295	5.443	0.00
0.00	-29536.91	-40067.91	0.32263	-29536.91	-40067.91	0.32263	5.212	0.00
0.00	-29536.66	-40067.84	0.32222	-29536.66	-40067.84	0.32222	5.744	0.00
0.00	-29536.44	-40067.76	0.32199	-29536.44	-40067.76	0.32199	5.765	0.00
0.00	-29536.20	-40067.69	0.32174	-29536.20	-40067.69	0.32174	5.880	0.00
0.00	-29535.96	-40067.61	0.32143	-29535.96	-40067.61	0.32143	5.972	0.00
0.00	-29535.71	-40067.53	0.32125	-29535.71	-40067.53	0.32125	6.150	0.00
0.00	-29535.46	-40067.45	0.32101	-29535.46	-40067.45	0.32101	6.314	0.00
0.00	-29535.20	-40067.37	0.32051	-29535.20	-40067.37	0.32051	6.197	0.00
0.00	-29534.95	-40067.29	0.32007	-29534.95	-40067.29	0.32007	6.127	0.00
0.00	-29534.68	-40067.20	0.31969	-29534.68	-40067.20	0.31969	5.692	0.00
0.00	-29534.39	-40067.11	0.31925	-29534.39	-40067.11	0.31925	5.711	0.00
0.00	-29534.16	-40067.03	0.31895	-29534.16	-40067.03	0.31895	6.020	0.00
0.00	-29533.93	-40066.96	0.31855	-29533.93	-40066.96	0.31855	5.856	0.00
0.00	-29533.68	-40066.88	0.31791	-29533.68	-40066.88	0.31791	6.316	0.00
0.00	-29533.42	-40066.80	0.31757	-29533.42	-40066.80	0.31757	6.123	0.00
0.00	-29533.16	-40066.72	0.31749	-29533.16	-40066.72	0.31749	6.395	0.00
0.00	-29532.90	-40066.63	0.31716	-29532.90	-40066.63	0.31716	6.332	0.00
0.00	-29532.62	-40066.55	0.31667	-29532.62	-40066.55	0.31667	6.256	0.00
0.00	-29532.35	-40066.46	0.31631	-29532.35	-40066.46	0.31631	6.502	0.00
0.00	-29532.08	-40066.38	0.31607	-29532.08	-40066.38	0.31607	6.231	0.00
0.00	-29531.75	-40066.28	0.31570	-29531.75	-40066.28	0.31570	6.788	0.00
0.00	-29531.48	-40066.19	0.31497	-29531.48	-40066.19	0.31497	6.653	0.00
0.00	-29531.24	-40066.12	0.31409	-29531.24	-40066.12	0.31409	6.431	0.00
0.00	-29530.99	-40066.04	0.31342	-29530.99	-40066.04	0.31342	6.658	0.00
0.00	-29530.72	-40065.96	0.31293	-29530.72	-40065.96	0.31293	6.378	0.00
0.00	-29530.45	-40065.88	0.31232	-29530.45	-40065.88	0.31232	6.331	0.00
0.00	-29530.18	-40065.79	0.31181	-29530.18	-40065.79	0.31181	6.588	0.00
0.00	-29529.92	-40065.71	0.31154	-29529.92	-40065.71	0.31154	6.308	0.00
0.00	-29529.65	-40065.63	0.31138	-29529.65	-40065.63	0.31138	7.013	0.00
0.00	-29529.38	-40065.54	0.31137	-29529.38	-40065.54	0.31137	6.800	0.00
0.00	-29529.04	-40065.44	0.31125	-29529.04	-40065.44	0.31125	6.792	0.00
0.00	-29528.77	-40065.35	0.31089	-29528.77	-40065.35	0.31089	6.779	0.00
0.00	-29528.53	-40065.28	0.31057	-29528.53	-40065.28	0.31057	6.643	0.00
0.00	-29528.27	-40065.20	0.31037	-29528.27	-40065.20	0.31037	7.014	0.00
0.00	-29528.01	-40065.12	0.31020	-29528.01	-40065.12	0.31020	6.512	0.00
0.00	-29527.74	-40065.03	0.31007	-29527.74	-40065.03	0.31007	6.551	0.00
0.00	-29527.47	-40064.95	0.31012	-29527.47	-40064.95	0.31012	6.540	0.00
0.00	-29527.20	-40064.86	0.31035	-29527.20	-40064.86	0.31035	7.110	0.00
0.00	-29526.92	-40064.78	0.31062	-29526.92	-40064.78	0.31062	7.122	0.00
0.00	-29526.64	-40064.69	0.31102	-29526.64	-40064.69	0.31102	7.235	0.00
0.00	-29526.32	-40064.59	0.31144	-29526.32	-40064.59	0.31144	7.185	0.00
0.00	-29526.08	-40064.51	0.31219	-29526.08	-40064.51	0.31219	7.163	0.00
0.00	-29525.80	-40064.42	0.31335	-29525.80	-40064.42	0.31335	6.921	0.00
0.00	-29525.54	-40064.34	0.31446	-29525.54	-40064.34	0.31446	7.195	0.00
0.00	-29525.27	-40064.25	0.31540	-29525.27	-40064.25	0.31540	7.298	0.00
0.00	-29525.00	-40064.16	0.31635	-29525.00	-40064.16	0.31635	6.751	0.00
0.00	-29524.73	-40064.07	0.31718	-29524.73	-40064.07	0.31718	7.113	0.00
0.00	-29524.45	-40063.99	0.31770	-29524.45	-40063.99	0.31770	6.990	0.00
0.00	-29524.18	-40063.90	0.31797	-29524.18	-40063.90	0.31797	6.720	0.00
0.00	-29523.90	-40063.81	0.31814	-29523.90	-40063.81	0.31814	7.205	0.00
0.00	-29523.57	-40063.70	0.31834	-29523.57	-40063.70	0.31834	7.121	0.00
0.00	-29523.33	-40063.63	0.31864	-29523.33	-40063.63	0.31864	7.068	0.00
0.00	-29523.06	-40063.54	0.31904	-29523.06	-40063.54	0.31904	7.568	0.00
0.00	-29522.77	-40063.45	0.31969	-29522.77	-40063.45	0.31969	6.981	0.00
0.00	-29522.49	-40063.35	0.32040	-29522.49	-40063.35	0.32040	8.248	0.00
0.00	-29522.19	-40063.25	0.32096	-29522.19	-40063.25	0.32096	7.934	0.00
0.00	-29521.92	-40063.17	0.32131	-29521.92	-40063.17	0.32131	7.508	0.00
0.00	-29521.64	-40063.08	0.32153	-29521.64	-40063.08	0.32153	7.706	0.00
0.00	-29521.36	-40062.99	0.32168	-29521.36	-40062.99	0.32168	6.847	0.00
0.00	-29521.05	-40062.89	0.32167	-29521.05	-40062.89	0.32167	8.665	0.00
0.00	-29520.73	-40062.78	0.32148	-29520.73	-40062.78	0.32148	7.394	0.00
0.00	-29520.48	-40062.70	0.32146	-29520.48	-40062.70	0.32146	8.253	0.00
0.00	-29520.21	-40062.62	0.32163	-29520.21	-40062.62	0.32163	8.621	0.00
0.00	-29519.94	-40062.53	0.32176	-29519.94	-40062.53	0.32176	7.749	0.00
0.00	-29519.66	-40062.44	0.32180	-29519.66	-40062.44	0.32180	8.213	0.00
0.00	-29519.37	-40062.35	0.32176	-29519.37	-40062.35	0.32176	8.198	0.00
0.00	-29519.09	-40062.26	0.32168	-29519.09	-40062.26	0.32168	8.183	0.00
0.00	-29518.78	-40062.16	0.32144	-29518.78	-40062.16	0.32144	9.232	0.00
0.00	-29518.53	-40062.08	0.32128	-29518.53	-40062.08	0.32128	7.460	0.00
0.00	-29518.22	-40061.98	0.32121	-29518.22	-40061.98	0.32121	9.517	0.00
0.00	-29517.91	-40061.88	0.32109	-29517.91	-40061.88	0.32109	7.371	0.00
0.00	-29517.67	-40061.80	0.32104	-29517.67	-40061.80	0.32104	9.468	0.00
0.00	-29517.42	-40061.72	0.32123	-29517.42	-40061.72	0.32123	8.509	0.00
0.00	-29517.15	-40061.63	0.32165	-29517.15	-40061.63	0.32165	8.663	0.00
0.00	-29516.87	-40061.54	0.32197	-29516.87	-40061.54	0.32197	8.619	0.00
0.00	-29516.58	-40061.45	0.32211	-29516.58	-40061.45	0.32211	9.711	0.00
0.00	-29516.30	-40061.36	0.32241	-29516.30	-40061.36	0.32241	8.658	0.00
0.00	-29516.01	-40061.26	0.32261	-29516.01	-40061.26	0.32261	9.488	0.00
0.00	-29515.73	-40061.17	0.32241	-29515.73	-40061.17	0.32241	8.935	0.00
0.00	-29515.39	-40061.06	0.32210	-29515.39	-40061.06	0.32210	9.357	0.00
0.00	-29515.09	-40060.96	0.32211	-29515.09	-40060.96	0.32211	8.683	0.00
0.00	-29514.84	-40060.88	0.32222	-29514.84	-40060.88	0.32222	9.611	0.00
0.00	-29514.58	-40060.80	0.32229	-29514.58	-40060.80	0.32229	8.683	0.00
0.00	-29514.30	-40060.71	0.32250	-29514.30	-40060.71	0.32250	9.738	0.00
0.00	-29514.02	-40060.62	0.32282	-29514.02	-40060.62	0.32282	9.247	0.00
0.00	-29513.75	-40060.53	0.32291	-29513.75	-40060.53	0.32291	9.847	0.00
0.00	-29513.47	-40060.45	0.32276	-29513.47	-40060.45	0.32276	8.831	0.00
0.00	-29513.20	-40060.36	0.32268	-29513.20	-40060.36	0.32268	10.633	0.00
0.00	-29512.93	-40060.27	0.32274	-29512.93	-40060.27	0.32274	8.961	0.00
0.00	-29512.60	-40060.17	0.32242	-29512.60	-40060.17	0.32242	10.431	0.00
0.00	-29512.28	-40060.06	0.32202	-29512.28	-40060.06	0.32202	9.516	0.00
0.00	-29512.06	-40059.99	0.32197	-29512.06	-40059.99	0.32197	9.677	0.00
0.00	-29511.80	-40059.91	0.32191	-29511.80	-40059.91	0.32191	9.122	0.00
0.00	-29511.53	-40059.83	0.32160	-29511.53	-40059.83	0.32160	10.138	0.00
0.00	-29511.26	-40059.74	0.32124	-29511.26	-40059.74	0.32124	10.068	0.00
0.00	-29510.98	-40059.65	0.32096	-29510.98	-40059.65	0.32096	10.488	0.00
0.00	-29510.69	-40059.56	0.32075	-29510.69	-40059.56	0.32075	9.270	0.00
0.00	-29510.41	-40059.47	0.32040	-29510.41	-40059.47	0.32040	10.430	0.00
0.00	-29510.14	-40059.38	0.32000	-29510.14	-40059.38	0.32000	9.622	0.00
0.00	-29509.78	-40059.27	0.31963	-29509.78	-40059.27	0.31963	10.633	0.00
0.00	-29509.49	-40059.18	0.31933	-29509.49	-40059.18	0.31933	9.564	0.00
0.00	-29509.24	-40059.10	0.31916	-29509.24	-40059.10	0.31916	10.322	0.00
0.00	-29508.94	-40059.00	0.31896	-29508.94	-40059.00	0.31896	10.482	0.00
0.00	-29508.66	-40058.91	0.31882	-29508.66	-40058.91	0.31882	10.435	0.00
0.00	-29508.36	-40058.82	0.31883	-29508.36	-40058.82	0.31883	10.027	0.00
0.00	-29508.07	-40058.73	0.31885	-29508.07	-40058.73	0.31885	11.418	0.00
0.00	-29507.78	-40058.63	0.31888	-29507.78	-40058.63	0.31888	10.303	0.00
0.00	-29507.48	-40058.54	0.31906	-29507.48	-40058.54	0.31906	11.055	0.00
0.00	-29507.19	-40058.44	0.31916	-29507.19	-40058.44	0.31916	10.376	0.00
0.00	-29506.84	-40058.33	0.31918	-29506.84	-40058.33	0.31918	11.464	0.00
0.00	-29506.53	-40058.23	0.31926	-29506.53	-40058.23	0.31926	10.181	0.00
0.00	-29506.27	-40058.15	0.31941	-29506.27	-40058.15	0.31941	11.073	0.00
0.00	-29505.98	-40058.06	0.31951	-29505.98	-40058.06	0.31951	10.117	0.00
0.00	-29505.66	-40057.95	0.31960	-29505.66	-40057.95	0.31960	11.871	0.00
0.00	-29505.38	-40057.86	0.31995	-29505.38	-40057.86	0.31995	10.989	0.00
0.00	-29505.09	-40057.76	0.32064	-29505.09	-40057.76	0.32064	11.981	0.00
0.00	-29504.80	-40057.67	0.32125	-29504.80	-40057.67	0.32125	10.610	0.00
0.00	-29504.50	-40057.57	0.32170	-29504.50	-40057.57	0.32170	12.253	0.00
0.00	-29504.21	-40057.47	0.32224	-29504.21	-40057.47	0.32224	10.962	0.00
0.00	-29503.86	-40057.36	0.32288	-29503.86	-40057.36	0.32288	12.072	0.00
0.00	-29503.57	-40057.26	0.32318	-29503.57	-40057.26	0.32318	11.304	0.00
0.00	-29503.29	-40057.17	0.32324	-29503.29	-40057.17	0.32324	12.038	0.00
0.00	-29503.00	-40057.08	0.32355	-29503.00	-40057.08	0.32355	11.040	0.00
0.00	-29502.68	-40056.97	0.32405	-29502.68	-40056.97	0.32405	11.796	0.00
0.00	-29502.39	-40056.87	0.32446	-29502.39	-40056.87	0.32446	10.978	0.00
0.00	-29502.04	-40056.76	0.32471	-29502.04	-40056.76	0.32471	12.270	0.00
0.00	-29501.74	-40056.66	0.32500	-29501.74	-40056.66	0.32500	11.280	0.00
0.00	-29501.44	-40056.56	0.32527	-29501.44	-40056.56	0.32527	12.744	0.00
0.00	-29501.13	-40056.46	0.32543	-29501.13	-40056.46	0.32543	11.487	0.00
0.00	-29500.75	-40056.33	0.32560	-29500.75	-40056.33	0.32560	12.554	0.00
0.00	-29500.45	-40056.23	0.32590	-29500.45	-40056.23	0.32590	12.385	0.00
0.00	-29500.17	-40056.14	0.32624	-29500.17	-40056.14	0.32624	12.312	0.00
0.00	-29499.86	-40056.04	0.32652	-29499.86	-40056.04	0.32652	12.004	0.00
0.00	-29499.56	-40055.94	0.32668	-29499.56	-40055.94	0.32668	12.697	0.00
0.00	-29499.24	-40055.83	0.32671	-29499.24	-40055.83	0.32671	11.654	0.00
0.00	-29498.89	-40055.72	0.32673	-29498.89	-40055.72	0.32673	12.612	0.00
0.00	-29498.59	-40055.62	0.32678	-29498.59	-40055.62	0.32678	12.463	0.00
0.00	-29498.28	-40055.52	0.32676	-29498.28	-40055.52	0.32676	12.411	0.00
0.00	-29497.96	-40055.41	0.32672	-29497.96	-40055.41	0.32672	11.659	0.00
0.00	-29497.59	-40055.29	0.32679	-29497.59	-40055.29	0.32679	13.085	0.00
0.00	-29497.31	-40055.20	0.32680	-29497.31	-40055.20	0.32680	12.870	0.00
0.00	-29497.02	-40055.10	0.32672	-29497.02	-40055.10	0.32672	13.823	0.00
0.00	-29496.72	-40055.00	0.32661	-29496.72	-40055.00	0.32661	12.615	0.00
0.00	-29496.41	-40054.90	0.32651	-29496.41	-40054.90	0.32651	13.659	0.00
0.00	-29496.10	-40054.80	0.32629	-29496.10	-40054.80	0.32629	12.660	0.00
0.00	-29495.79	-40054.70	0.32608	-29495.79	-40054.70	0.32608	13.643	0.00
0.00	-29495.46	-40054.59	0.32596	-29495.46	-40054.59	0.32596	12.855	0.00
0.00	-29495.12	-40054.48	0.32585	-29495.12	-40054.48	0.32585	14.518	0.00
0.00	-29494.81	-40054.38	0.32562	-29494.81	-40054.38	0.32562	13.073	0.00
0.00	-29494.45	-40054.26	0.32507	-29494.45	-40054.26	0.32507	14.054	0.00
0.00	-29494.17	-40054.17	0.32468	-29494.17	-40054.17	0.32468	13.583	0.00
0.00	-29493.87	-40054.08	0.32454	-29493.87	-40054.08	0.32454	14.028	0.00
0.00	-29493.57	-40053.98	0.32430	-29493.57	-40053.98	0.32430	13.533	0.00
0.00	-29493.26	-40053.88	0.32391	-29493.26	-40053.88	0.32391	14.310	0.00
0.00	-29492.95	-40053.78	0.32363	-29492.95	-40053.78	0.32363	14.223	0.00
0.00	-29492.63	-40053.68	0.32337	-29492.63	-40053.68	0.32337	15.063	0.00
0.00	-29492.33	-40053.58	0.32273	-29492.33	-40053.58	0.32273	12.982	0.00
0.00	-29492.02	-40053.48	0.32203	-29492.02	-40053.48	0.32203	15.000	0.00
0.00	-29491.65	-40053.36	0.32168	-29491.65	-40053.36	0.32168	13.390	0.00
0.00	-29491.29	-40053.25	0.32165	-29491.29	-40053.25	0.32165	15.122	0.00
0.00	-29491.03	-40053.16	0.32150	-29491.03	-40053.16	0.32150	14.511	0.00
0.00	-29490.74	-40053.07	0.32139	-29490.74	-40053.07	0.32139	14.036	0.00
0.00	-29490.45	-40052.98	0.32147	-29490.45	-40052.98	0.32147	14.676	0.00
0.00	-29490.14	-40052.88	0.32159	-29490.14	-40052.88	0.32159	14.787	0.00
0.00	-29489.83	-40052.78	0.32152	-29489.83	-40052.78	0.32152	14.287	0.00
0.00	-29489.52	-40052.68	0.32134	-29489.52	-40052.68	0.32134	16.245	0.00
0.00	-29489.22	-40052.58	0.32120	-29489.22	-40052.58	0.32120	13.966	0.00
0.00	-29488.91	-40052.48	0.32104	-29488.91	-40052.48	0.32104	15.353	0.00
0.00	-29488.60	-40052.38	0.32091	-29488.60	-40052.38	0.32091	14.955	0.00
0.00	-29488.24	-40052.26	0.32088	-29488.24	-40052.26	0.32088	16.466	0.00
0.00	-29487.97	-40052.18	0.32078	-29487.97	-40052.18	0.32078	14.948	0.00
0.00	-29487.64	-40052.07	0.32067	-29487.64	-40052.07	0.32067	15.283	0.00
0.00	-29487.37	-40051.98	0.32072	-29487.37	-40051.98	0.32072	15.346	0.00
0.00	-29487.09	-40051.89	0.32062	-29487.09	-40051.89	0.32062	16.309	0.00
0.00	-29486.76	-40051.79	0.32059	-29486.76	-40051.79	0.32059	14.655	0.00
0.00	-29486.46	-40051.69	0.32070	-29486.46	-40051.69	0.32070	16.639	0.00
0.00	-29486.20	-40051.61	0.32083	-29486.20	-40051.61	0.32083	14.781	0.00
0.00	-29485.88	-40051.50	0.32079	-29485.88	-40051.50	0.32079	17.398	0.00
0.00	-29485.56	-40051.40	0.32064	-29485.56	-40051.40	0.32064	15.349	0.00
0.00	-29485.22	-40051.29	0.32053	-29485.22	-40051.29	0.32053	16.533	0.00
0.00	-29484.96	-40051.21	0.32064	-29484.96	-40051.21	0.32064	16.290	0.00
0.00	-29484.69	-40051.12	0.32087	-29484.69	-40051.12	0.32087	16.701	0.00
0.00	-29484.36	-40051.01	0.32088	-29484.36	-40051.01	0.32088	16.539	0.00
0.00	-29484.08	-40050.92	0.32116	-29484.08	-40050.92	0.32116	16.828	0.00
0.00	-29483.79	-40050.82	0.32168	-29483.79	-40050.82	0.32168	16.117	0.00
0.00	-29483.49	-40050.73	0.32181	-29483.49	-40050.73	0.32181	17.039	0.00
0.00	-29483.16	-40050.62	0.32173	-29483.16	-40050.62	0.32173	15.631	0.00
0.00	-29482.86	-40050.52	0.32148	-29482.86	-40050.52	0.32148	17.183	0.00
0.00	-29482.52	-40050.41	0.32137	-29482.52	-40050.41	0.32137	15.859	0.00
0.00	-29482.18	-40050.30	0.32141	-29482.18	-40050.30	0.32141	17.222	0.00
0.00	-29481.90	-40050.21	0.32150	-29481.90	-40050.21	0.32150	17.118	0.00
0.00	-29481.59	-40050.11	0.32150	-29481.59	-40050.11	0.32150	17.346	0.00
0.00	-29481.26	-40050.00	0.32145	-29481.26	-40050.00	0.32145	16.984	0.00
0.00	-29480.87	-40049.88	0.32128	-29480.87	-40049.88	0.32128	18.281	0.00
0.00	-29480.55	-40049.78	0.32090	-29480.55	-40049.78	0.32090	17.179	0.00
0.00	-29480.21	-40049.67	0.32031	-29480.21	-40049.67	0.32031	18.321	0.00
0.00	-29479.87	-40049.56	0.31991	-29479.87	-40049.56	0.31991	17.057	0.00
0.00	-29479.53	-40049.45	0.31974	-29479.53	-40049.45	0.31974	18.177	0.00
0.00	-29479.16	-40049.33	0.31945	-29479.16	-40049.33	0.31945	17.970	0.00
0.00	-29478.77	-40049.21	0.31911	-29478.77	-40049.21	0.31911	19.279	0.00
0.00	-29478.44	-40049.10	0.31900	-29478.44	-40049.10	0.31900	18.083	0.00
0.00	-29478.10	-40048.99	0.31876	-29478.10	-40048.99	0.31876	18.334	0.00
0.00	-29477.74	-40048.88	0.31832	-29477.74	-40048.88	0.31832	18.312	0.00
0.00	-29477.35	-40048.76	0.31773	-29477.35	-40048.76	0.31773	18.674	0.00
0.00	-29476.99	-40048.64	0.31742	-29476.99	-40048.64	0.31742	18.479	0.00
0.00	-29476.62	-40048.52	0.31725	-29476.62	-40048.52	0.31725	19.469	0.00
0.00	-29476.25	-40048.41	0.31714	-29476.25	-40048.41	0.31714	17.948	0.00
0.00	-29475.90	-40048.30	0.31688	-29475.90	-40048.30	0.31688	20.639	0.00
0.00	-29475.48	-40048.16	0.31666	-29475.48	-40048.16	0.31666	18.562	0.00
0.00	-29475.09	-40048.04	0.31661	-29475.09	-40048.04	0.31661	19.301	0.00
0.00	-29474.76	-40047.94	0.31640	-29474.76	-40047.94	0.31640	19.479	0.00
0.00	-29474.39	-40047.82	0.31608	-29474.39	-40047.82	0.31608	19.965	0.00
0.00	-29474.03	-40047.71	0.31578	-29474.03	-40047.71	0.31578	19.294	0.00
0.00	-29473.66	-40047.59	0.31564	-29473.66	-40047.59	0.31564	19.860	0.00
0.00	-29473.28	-40047.47	0.31532	-29473.28	-40047.47	0.31532	19.890	0.00
0.00	-29472.91	-40047.35	0.31498	-29472.91	-40047.35	0.31498	20.817	0.00
0.00	-29472.49	-40047.22	0.31473	-29472.49	-40047.22	0.31473	18.329	0.00
0.00	-29472.15	-40047.11	0.31455	-29472.15	-40047.11	0.31455	19.068	0.00
0.00	-29471.72	-40046.98	0.31431	-29471.72	-40046.98	0.31431	18.947	0.00
0.00	-29471.34	-40046.86	0.31420	-29471.34	-40046.86	0.31420	20.521	0.00
0.00	-29470.99	-40046.75	0.31409	-29470.99	-40046.75	0.31409	19.818	0.00
0.00	-29470.63	-40046.64	0.31389	-29470.63	-40046.64	0.31389	21.132	0.00
0.00	-29470.27	-40046.52	0.31366	-29470.27	-40046.52	0.31366	20.172	0.00
0.00	-29469.93	-40046.41	0.31352	-29469.93	-40046.41	0.31352	21.202	0.00
0.00	-29469.57	-40046.30	0.31355	-29469.57	-40046.30	0.31355	20.326	0.00
0.00	-29469.19	-40046.18	0.31368	-29469.19	-40046.18	0.31368	22.227	0.00
0.00	-29468.84	-40046.07	0.31387	-29468.84	-40046.07	0.31387	20.553	0.00
0.00	-29468.49	-40045.96	0.31404	-29468.49	-40045.96	0.31404	21.657	0.00
0.00	-29467.99	-40045.80	0.31416	-29467.99	-40045.80	0.31416	20.632	0.00
0.00	-29467.66	-40045.70	0.31428	-29467.66	-40045.70	0.31428	21.555	0.00
0.00	-29467.35	-40045.60	0.31454	-29467.35	-40045.60	0.31454	20.987	0.00
0.00	-29466.99	-40045.48	0.31508	-29466.99	-40045.48	0.31508	21.071	0.00
0.00	-29466.65	-40045.37	0.31584	-29466.65	-40045.37	0.31584	20.723	0.00
0.00	-29466.30	-40045.26	0.31681	-29466.30	-40045.26	0.31681	21.577	0.00
0.00	-29465.94	-40045.14	0.31760	-29465.94	-40045.14	0.31760	21.235	0.00
0.00	-29465.59	-40045.03	0.31810	-29465.59	-40045.03	0.31810	20.908	0.00
0.00	-29465.23	-40044.91	0.31864	-29465.23	-40044.91	0.31864	21.128	0.00
0.00	-29464.88	-40044.80	0.31919	-29464.88	-40044.80	0.31919	22.591	0.00
0.00	-29464.46	-40044.67	0.31954	-29464.46	-40044.67	0.31954	20.935	0.00
0.00	-29464.05	-40044.53	0.31982	-29464.05	-40044.53	0.31982	22.170	0.00
0.00	-29463.74	-40044.43	0.32018	-29463.74	-40044.43	0.32018	21.941	0.00
0.00	-29463.43	-40044.33	0.32052	-29463.43	-40044.33	0.32052	22.283	0.00
0.00	-29463.08	-40044.22	0.32079	-29463.08	-40044.22	0.32079	22.054	0.00
0.00	-29462.73	-40044.10	0.32121	-29462.73	-40044.10	0.32121	21.872	0.00
0.00	-29462.37	-40043.99	0.32170	-29462.37	-40043.99	0.32170	28.798	0.00
0.00	-29462.04	-40043.88	0.32183	-29462.04	-40043.88	0.32183	23.467	0.00
0.00	-29461.67	-40043.76	0.32193	-29461.67	-40043.76	0.32193	20.956	0.00
0.00	-29461.31	-40043.64	0.32199	-29461.31	-40043.64	0.32199	23.767	0.00
0.00	-29460.91	-40043.51	0.32171	-29460.91	-40043.51	0.32171	22.034	0.00
0.00	-29460.57	-40043.40	0.32135	-29460.57	-40043.40	0.32135	23.236	0.00
0.00	-29460.25	-40043.30	0.32120	-29460.25	-40043.30	0.32120	22.344	0.00
0.00	-29459.86	-40043.17	0.32110	-29459.86	-40043.17	0.32110	22.832	0.00
0.00	-29459.51	-40043.06	0.32099	-29459.51	-40043.06	0.32099	22.084	0.00
0.00	-29459.16	-40042.95	0.32085	-29459.16	-40042.95	0.32085	23.405	0.00
0.00	-29458.79	-40042.83	0.32073	-29458.79	-40042.83	0.32073	22.682	0.00
0.00	-29458.43	-40042.71	0.32053	-29458.43	-40042.71	0.32053	24.301	0.00
0.00	-29458.06	-40042.60	0.32025	-29458.06	-40042.60	0.32025	22.024	0.00
0.00	-29457.68	-40042.48	0.31992	-29457.68	-40042.48	0.31992	24.287	0.00
0.00	-29457.24	-40042.33	0.31941	-29457.24	-40042.33	0.31941	22.834	0.00
0.00	-29456.89	-40042.22	0.31901	-29456.89	-40042.22	0.31901	23.709	0.00
0.00	-29456.56	-40042.12	0.31863	-29456.56	-40042.12	0.31863	23.517	0.00
0.00	-29456.19	-40042.00	0.31825	-29456.19	-40042.00	0.31825	24.183	0.00
0.00	-29455.82	-40041.88	0.31770	-29455.82	-40041.88	0.31770	23.261	0.00
0.00	-29455.39	-40041.74	0.31705	-29455.39	-40041.74	0.31705	24.144	0.00
0.00	-29455.04	-40041.63	0.31650	-29455.04	-40041.63	0.31650	23.637	0.00
0.00	-29454.66	-40041.51	0.31611	-29454.66	-40041.51	0.31611	24.494	0.00
0.00	-29454.28	-40041.39	0.31578	-29454.28	-40041.39	0.31578	23.670	0.00
0.00	-29453.88	-40041.26	0.31548	-29453.88	-40041.26	0.31548	24.928	0.00
0.00	-29453.44	-40041.12	0.31516	-29453.44	-40041.12	0.31516	24.506	0.00
0.00	-29453.13	-40041.02	0.31480	-29453.13	-40041.02	0.31480	24.398	0.00
0.00	-29452.79	-40040.91	0.31448	-29452.79	-40040.91	0.31448	24.437	0.00
0.00	-29452.44	-40040.80	0.31416	-29452.44	-40040.80	0.31416	25.258	0.00
0.00	-29452.02	-40040.67	0.31376	-29452.02	-40040.67	0.31376	25.099	0.00
0.00	-29451.67	-40040.56	0.31341	-29451.67	-40040.56	0.31341	25.114	0.00
0.00	-29451.30	-40040.44	0.31291	-29451.30	-40040.44	0.31291	23.402	0.00
0.00	-29450.94	-40040.33	0.31234	-29450.94	-40040.33	0.31234	25.444	0.00
0.00	-29450.57	-40040.21	0.31183	-29450.57	-40040.21	0.31183	24.910	0.00
0.00	-29450.19	-40040.09	0.31148	-29450.19	-40040.09	0.31148	25.258	0.00
0.00	-29449.75	-40039.95	0.31125	-29449.75	-40039.95	0.31125	24.686	0.00
0.00	-29449.44	-40039.86	0.31115	-29449.44	-40039.86	0.31115	26.591	0.00
0.00	-29449.12	-40039.76	0.31122	-29449.12	-40039.76	0.31122	24.300	0.00
0.00	-29448.78	-40039.65	0.31123	-29448.78	-40039.65	0.31123	24.432	0.00
0.00	-29448.43	-40039.54	0.31135	-29448.43	-40039.54	0.31135	25.400	0.00
0.00	-29448.04	-40039.42	0.31173	-29448.04	-40039.42	0.31173	25.941	0.00
0.00	-29447.67	-40039.31	0.31197	-29447.67	-40039.31	0.31197	24.925	0.00
0.00	-29447.31	-40039.19	0.31188	-29447.31	-40039.19	0.31188	25.202	0.00
0.00	-29446.94	-40039.08	0.31166	-29446.94	-40039.08	0.31166	63.649	0.00
0.00	-29446.56	-40038.96	0.31159	-29446.56	-40038.96	0.31159	26.865	0.00
0.00	-29446.14	-40038.83	0.31174	-29446.14	-40038.83	0.31174	26.110	0.00
0.00	-29445.82	-40038.73	0.31225	-29445.82	-40038.73	0.31225	27.169	0.00
0.00	-29445.48	-40038.62	0.31313	-29445.48	-40038.62	0.31313	26.354	0.00
0.00	-29445.11	-40038.50	0.31421	-29445.11	-40038.50	0.31421	26.407	0.00
0.00	-29444.74	-40038.38	0.31535	-29444.74	-40038.38	0.31535	26.170	0.00
0.00	-29444.36	-40038.26	0.31645	-29444.36	-40038.26	0.31645	27.396	0.00
0.00	-29443.99	-40038.14	0.31743	-29443.99	-40038.14	0.31743	26.344	0.00
0.00	-29443.56	-40038.00	0.31826	-29443.56	-40038.00	0.31826	27.666	0.00
0.00	-29443.20	-40037.88	0.31912	-29443.20	-40037.88	0.31912	25.930	0.00
0.00	-29442.78	-40037.75	0.31983	-29442.78	-40037.75	0.31983	27.744	0.00
0.00	-29442.34	-40037.61	0.32030	-29442.34	-40037.61	0.32030	26.064	0.00
0.00	-29442.01	-40037.50	0.32088	-29442.01	-40037.50	0.32088	27.847	0.00
0.00	-29441.65	-40037.38	0.32160	-29441.65	-40037.38	0.32160	27.699	0.00
0.00	-29441.27	-40037.26	0.32230	-29441.27	-40037.26	0.32230	27.489	0.00
0.00	-29440.88	-40037.13	0.32295	-29440.88	-40037.13	0.32295	27.994	0.00
0.00	-29440.48	-40037.00	0.32374	-29440.48	-40037.00	0.32374	28.149	0.00
0.00	-29440.08	-40036.86	0.32470	-29440.08	-40036.86	0.32470	26.855	0.00
0.00	-29439.68	-40036.73	0.32564	-29439.68	-40036.73	0.32564	28.427	0.00
0.00	-29439.24	-40036.59	0.32632	-29439.24	-40036.59	0.32632	26.538	0.00
0.00	-29438.82	-40036.45	0.32659	-29438.82	-40036.45	0.32659	28.843	0.00
0.00	-29438.37	-40036.30	0.32657	-29438.37	-40036.30	0.32657	27.133	0.00
0.00	-29438.01	-40036.18	0.32678	-29438.01	-40036.18	0.32678	28.674	0.00
0.00	-29437.63	-40036.06	0.32730	-29437.63	-40036.06	0.32730	28.152	0.00
0.00	-29437.22	-40035.92	0.32795	-29437.22	-40035.92	0.32795	27.755	0.00
0.00	-29436.81	-40035.79	0.32839	-29436.81	-40035.79	0.32839	28.441	0.00
0.00	-29436.41	-40035.65	0.32864	-29436.41	-40035.65	0.32864	28.488	0.00
0.00	-29436.01	-40035.52	0.32885	-29436.01	-40035.52	0.32885	27.805	0.00
0.00	-29435.62	-40035.39	0.32894	-29435.62	-40035.39	0.32894	29.765	0.00
0.00	-29435.22	-40035.26	0.32889	-29435.22	-40035.26	0.32889	28.965	0.00
0.00	-29434.69	-40035.09	0.32859	-29434.69	-40035.09	0.32859	28.750	0.00
0.00	-29434.27	-40034.95	0.32846	-29434.27	-40034.95	0.32846	27.734	0.00
0.00	-29433.92	-40034.84	0.32869	-29433.92	-40034.84	0.32869	29.668	0.00
0.00	-29433.54	-40034.71	0.32893	-29433.54	-40034.71	0.32893	28.795	0.00
0.00	-29433.16	-40034.59	0.32903	-29433.16	-40034.59	0.32903	29.817	0.00
0.00	-29432.77	-40034.46	0.32909	-29432.77	-40034.46	0.32909	29.494	0.00
0.00	-29432.37	-40034.32	0.32936	-29432.37	-40034.32	0.32936	28.936	0.00
0.00	-29431.96	-40034.19	0.32995	-29431.96	-40034.19	0.32995	28.804	0.00
0.00	-29431.55	-40034.05	0.33057	-29431.55	-40034.05	0.33057	31.261	0.00
0.00	-29431.15	-40033.92	0.33111	-29431.15	-40033.92	0.33111	29.669	0.00
0.00	-29430.67	-40033.76	0.33162	-29430.67	-40033.76	0.33162	30.963	0.00
0.00	-29430.20	-40033.60	0.33210	-29430.20	-40033.60	0.33210	28.792	0.00
0.00	-29429.86	-40033.48	0.33266	-29429.86	-40033.48	0.33266	29.772	0.00
0.00	-29429.46	-40033.35	0.33316	-29429.46	-40033.35	0.33316	30.993	0.00
0.00	-29429.03	-40033.20	0.33356	-29429.03	-40033.20	0.33356	30.241	0.00
0.00	-29428.61	-40033.06	0.33426	-29428.61	-40033.06	0.33426	30.202	0.00
0.00	-29428.19	-40032.91	0.33509	-29428.19	-40032.91	0.33509	30.921	0.00
0.00	-29427.77	-40032.77	0.33591	-29427.77	-40032.77	0.33591	29.099	0.00
0.00	-29427.34	-40032.62	0.33683	-29427.34	-40032.62	0.33683	31.272	0.00
0.00	-29426.94	-40032.48	0.33756	-29426.94	-40032.48	0.33756	30.199	0.00
0.00	-29426.43	-40032.31	0.33809	-29426.43	-40032.31	0.33809	31.552	0.00
0.00	-29426.00	-40032.16	0.33861	-29426.00	-40032.16	0.33861	29.672	0.00
0.00	-29425.62	-40032.03	0.33925	-29425.62	-40032.03	0.33925	31.723	0.00
0.00	-29425.18	-40031.88	0.33985	-29425.18	-40031.88	0.33985	29.632	0.00
0.00	-29424.76	-40031.74	0.34019	-29424.76	-40031.74	0.34019	30.059	0.00
0.00	-29424.34	-40031.59	0.34038	-29424.34	-40031.59	0.34038	30.684	0.00
0.00	-29423.91	-40031.44	0.34072	-29423.91	-40031.44	0.34072	31.231	0.00
0.00	-29423.48	-40031.30	0.34100	-29423.48	-40031.30	0.34100	31.271	0.00
0.00	-29423.06	-40031.15	0.34123	-29423.06	-40031.15	0.34123	31.137	0.00
0.00	-29422.64	-40031.00	0.34141	-29422.64	-40031.00	0.34141	30.712	0.00
0.00	-29422.13	-40030.83	0.34145	-29422.13	-40030.83	0.34145	32.086	0.00
0.00	-29421.71	-40030.68	0.34161	-29421.71	-40030.68	0.34161	31.293	0.00
0.00	-29421.33	-40030.55	0.34180	-29421.33	-40030.55	0.34180	32.131	0.00
0.00	-29420.92	-40030.41	0.34208	-29420.92	-40030.41	0.34208	31.964	0.00
0.00	-29420.46	-40030.25	0.34248	-29420.46	-40030.25	0.34248	31.719	0.00
0.00	-29420.05	-40030.11	0.34280	-29420.05	-40030.11	0.34280	31.571	0.00
0.00	-29419.60	-40029.95	0.34310	-29419.60	-40029.95	0.34310	32.392	0.00
0.00	-29419.18	-40029.81	0.34348	-29419.18	-40029.81	0.34348	31.629	0.00
0.00	-29418.75	-40029.66	0.34382	-29418.75	-40029.66	0.34382	32.868	0.00
0.00	-29418.33	-40029.51	0.34408	-29418.33	-40029.51	0.34408	31.946	0.00
0.00	-29417.83	-40029.34	0.34429	-29417.83	-40029.34	0.34429	34.037	0.00
0.00	-29417.42	-40029.19	0.34460	-29417.42	-40029.19	0.34460	32.487	0.00
0.00	-29417.04	-40029.06	0.34495	-29417.04	-40029.06	0.34495	31.695	0.00
0.00	-29416.63	-40028.91	0.34531	-29416.63	-40028.91	0.34531	33.153	0.00
0.00	-29416.20	-40028.76	0.34586	-29416.20	-40028.76	0.34586	32.779	0.00
0.00	-29415.78	-40028.61	0.34660	-29415.78	-40028.61	0.34660	33.418	0.00
0.00	-29415.35	-40028.46	0.34743	-29415.35	-40028.46	0.34743	33.006	0.00
0.00	-29414.88	-40028.29	0.34841	-29414.88	-40028.29	0.34841	32.709	0.00
0.00	-29414.45	-40028.14	0.34965	-29414.45	-40028.14	0.34965	34.871	0.00
0.00	-29414.01	-40027.98	0.35086	-29414.01	-40027.98	0.35086	32.840	0.00
0.00	-29413.50	-40027.80	0.35177	-29413.50	-40027.80	0.35177	33.346	0.00
0.00	-29413.10	-40027.65	0.35288	-29413.10	-40027.65	0.35288	32.830	0.00
0.00	-29412.70	-40027.51	0.35428	-29412.70	-40027.51	0.35428	515.849	0.00
0.00	-29409.63	-40026.38	0.36208	-29409.63	-40026.38	0.36208	1.963	0.00
0.00	-29409.63	-40026.38	0.36208	-29409.63	-40026.38	0.36208	1.938	0.00
0.00	-29410.10	-40026.55	0.36272	-29410.10	-40026.55	0.36272	2.190	0.00
0.00	-29409.66	-40026.39	0.36314	-29409.66	-40026.39	0.36314	2.304	0.00
0.00	-29409.13	-40026.20	0.36344	-29409.13	-40026.20	0.36344	2.271	0.00
0.00	-29408.74	-40026.06	0.36372	-29408.74	-40026.06	0.36372	2.160	0.00
0.00	-29408.34	-40025.91	0.36395	-29408.34	-40025.91	0.36395	2.342	0.00
0.00	-29407.93	-40025.76	0.36438	-29407.93	-40025.76	0.36438	2.378	0.00
0.00	-29407.50	-40025.60	0.36535	-29407.50	-40025.60	0.36535	2.380	0.00
0.00	-29407.07	-40025.43	0.36678	-29407.07	-40025.43	0.36678	2.244	0.00
0.00	-29406.67	-40025.29	0.36804	-29406.67	-40025.29	0.36804	2.307	0.00
0.00	-29406.26	-40025.13	0.36905	-29406.26	-40025.13	0.36905	2.538	0.00
0.00	-29405.84	-40024.97	0.37013	-29405.84	-40024.97	0.37013	2.538	0.00
0.00	-29405.36	-40024.78	0.37128	-29405.36	-40024.78	0.37128	2.653	0.00
0.00	-29404.86	-40024.59	0.37228	-29404.86	-40024.59	0.37228	2.672	0.00
0.00	-29404.49	-40024.45	0.37312	-29404.49	-40024.45	0.37312	2.784	0.00
0.00	-29404.09	-40024.29	0.37381	-29404.09	-40024.29	0.37381	2.882	0.00
0.00	-29403.66	-40024.13	0.37466	-29403.66	-40024.13	0.37466	2.749	0.00
0.00	-29403.24	-40023.97	0.37552	-29403.24	-40023.97	0.37552	2.900	0.00
0.00	-29402.81	-40023.80	0.37596	-29402.81	-40023.80	0.37596	2.906	0.00
0.00	-29402.38	-40023.63	0.37588	-29402.38	-40023.63	0.37588	3.196	0.00
0.00	-29401.95	-40023.47	0.37547	-29401.95	-40023.47	0.37547	3.292	0.00
0.00	-29401.52	-40023.30	0.37513	-29401.52	-40023.30	0.37513	2.984	0.00
0.00	-29401.08	-40023.13	0.37502	-29401.08	-40023.13	0.37502	3.172	0.00
0.00	-29400.57	-40022.93	0.37495	-29400.57	-40022.93	0.37495	3.124	0.00
0.00	-29400.16	-40022.77	0.37518	-29400.16	-40022.77	0.37518	2.729	0.00
0.00	-29399.76	-40022.62	0.37559	-29399.76	-40022.62	0.37559	2.700	0.00
0.00	-29399.33	-40022.45	0.37556	-29399.33	-40022.45	0.37556	3.471	0.00
0.00	-29398.90	-40022.29	0.37518	-29398.90	-40022.29	0.37518	3.630	0.00
0.00	-29398.48	-40022.12	0.37480	-29398.48	-40022.12	0.37480	3.518	0.00
0.00	-29398.06	-40021.96	0.37440	-29398.06	-40021.96	0.37440	3.561	0.00
0.00	-29397.64	-40021.80	0.37409	-29397.64	-40021.80	0.37409	3.500	0.00
0.00	-29397.23	-40021.64	0.37376	-29397.23	-40021.64	0.37376	3.512	0.00
0.00	-29396.77	-40021.47	0.37320	-29396.77	-40021.47	0.37320	3.723	0.00
0.00	-29396.27	-40021.28	0.37244	-29396.27	-40021.28	0.37244	4.436	0.00
0.00	-29395.90	-40021.14	0.37195	-29395.90	-40021.14	0.37195	3.069	0.00
0.00	-29395.46	-40020.97	0.37152	-29395.46	-40020.97	0.37152	4.011	0.00
0.00	-29395.07	-40020.82	0.37052	-29395.07	-40020.82	0.37052	3.316	0.00
0.00	-29394.66	-40020.67	0.36885	-29394.66	-40020.67	0.36885	3.398	0.00
0.00	-29394.23	-40020.50	0.36693	-29394.23	-40020.50	0.36693	3.975	0.00
0.00	-29393.82	-40020.35	0.36528	-29393.82	-40020.35	0.36528	3.910	0.00
0.00	-29393.40	-40020.19	0.36386	-29393.40	-40020.19	0.36386	4.036	0.00
0.00	-29392.98	-40020.04	0.36240	-29392.98	-40020.04	0.36240	4.341	0.00
0.00	-29392.52	-40019.87	0.36081	-29392.52	-40019.87	0.36081	3.931	0.00
0.00	-29392.03	-40019.69	0.35926	-29392.03	-40019.69	0.35926	4.133	0.00
0.00	-29391.62	-40019.53	0.35783	-29391.62	-40019.53	0.35783	4.167	0.00
0.00	-29391.22	-40019.39	0.35637	-29391.22	-40019.39	0.35637	3.732	0.00
0.00	-29390.80	-40019.23	0.35511	-29390.80	-40019.23	0.35511	3.135	0.00
0.00	-29390.37	-40019.08	0.35415	-29390.37	-40019.08	0.35415	3.798	0.00
0.00	-29389.93	-40018.92	0.35286	-29389.93	-40018.92	0.35286	3.459	0.00
0.00	-29389.48	-40018.75	0.35118	-29389.48	-40018.75	0.35118	4.693	0.00
0.00	-29389.05	-40018.60	0.34953	-29389.05	-40018.60	0.34953	4.700	0.00
0.00	-29388.62	-40018.44	0.34796	-29388.62	-40018.44	0.34796	4.575	0.00
0.00	-29388.12	-40018.26	0.34624	-29388.12	-40018.26	0.34624	4.532	0.00
0.00	-29387.63	-40018.09	0.34407	-29387.63	-40018.09	0.34407	4.714	0.00
0.00	-29387.24	-40017.96	0.34172	-29387.24	-40017.96	0.34172	3.637	0.00
0.00	-29386.82	-40017.81	0.33931	-29386.82	-40017.81	0.33931	4.756	0.00
0.00	-29386.37	-40017.65	0.33694	-29386.37	-40017.65	0.33694	4.735	0.00
0.00	-29385.92	-40017.50	0.33427	-29385.92	-40017.50	0.33427	4.848	0.00
0.00	-29385.42	-40017.33	0.33134	-29385.42	-40017.33	0.33134	4.044	0.00
0.00	-29384.96	-40017.18	0.32822	-29384.96	-40017.18	0.32822	5.089	0.00
0.00	-29384.51	-40017.04	0.32495	-29384.51	-40017.04	0.32495	4.085	0.00
0.00	-29384.06	-40016.89	0.32185	-29384.06	-40016.89	0.32185	4.907	0.00
0.00	-29383.52	-40016.72	0.31889	-29383.52	-40016.72	0.31889	4.939	0.00
0.00	-29383.03	-40016.56	0.31568	-29383.03	-40016.56	0.31568	6.867	0.00
0.00	-29382.62	-40016.43	0.31241	-29382.62	-40016.43	0.31241	5.497	0.00
0.00	-29382.18	-40016.29	0.30908	-29382.18	-40016.29	0.30908	5.224	0.00
0.00	-29381.71	-40016.15	0.30559	-29381.71	-40016.15	0.30559	5.145	0.00
0.00	-29381.25	-40016.01	0.30227	-29381.25	-40016.01	0.30227	4.448	0.00
0.00	-29380.78	-40015.87	0.29912	-29380.78	-40015.87	0.29912	3.860	0.00
0.00	-29380.31	-40015.73	0.29611	-29380.31	-40015.73	0.29611	5.554	0.00
0.00	-29379.79	-40015.57	0.29316	-29379.79	-40015.57	0.29316	5.119	0.00
0.00	-29379.34	-40015.44	0.29030	-29379.34	-40015.44	0.29030	4.139	0.00
0.00	-29378.76	-40015.27	0.28750	-29378.76	-40015.27	0.28750	5.748	0.00
0.00	-29378.29	-40015.13	0.28476	-29378.29	-40015.13	0.28476	5.607	0.00
0.00	-29377.89	-40015.02	0.28206	-29377.89	-40015.02	0.28206	5.696	0.00
0.00	-29377.42	-40014.89	0.27946	-29377.42	-40014.89	0.27946	5.615	0.00
0.00	-29376.95	-40014.76	0.27693	-29376.95	-40014.76	0.27693	5.427	0.00
0.00	-29376.49	-40014.63	0.27441	-29376.49	-40014.63	0.27441	5.827	0.00
0.00	-29376.01	-40014.50	0.27190	-29376.01	-40014.50	0.27190	4.262	0.00
0.00	-29375.54	-40014.37	0.26950	-29375.54	-40014.37	0.26950	5.829	0.00
0.00	-29375.05	-40014.24	0.26727	-29375.05	-40014.24	0.26727	4.243	0.00
0.00	-29374.57	-40014.12	0.26510	-29374.57	-40014.12	0.26510	6.319	0.00
0.00	-29374.03	-40013.98	0.26324	-29374.03	-40013.98	0.26324	4.967	0.00
0.00	-29373.57	-40013.86	0.26196	-29373.57	-40013.86	0.26196	4.985	0.00
0.00	-29373.14	-40013.75	0.26127	-29373.14	-40013.75	0.26127	6.494	0.00
0.00	-29372.69	-40013.63	0.26110	-29372.69	-40013.63	0.26110	6.138	0.00
0.00	-29372.22	-40013.51	0.26100	-29372.22	-40013.51	0.26100	5.884	0.00
0.00	-29371.75	-40013.39	0.26087	-29371.75	-40013.39	0.26087	5.960	0.00
0.00	-29371.27	-40013.27	0.26097	-29371.27	-40013.27	0.26097	6.109	0.00
0.00	-29370.80	-40013.15	0.26140	-29370.80	-40013.15	0.26140	6.307	0.00
0.00	-29370.32	-40013.03	0.26180	-29370.32	-40013.03	0.26180	4.321	0.00
0.00	-29369.85	-40012.91	0.26215	-29369.85	-40012.91	0.26215	6.581	0.00
0.00	-29369.24	-40012.75	0.26301	-29369.24	-40012.75	0.26301	5.970	0.00
0.00	-29368.79	-40012.63	0.26461	-29368.79	-40012.63	0.26461	4.825	0.00
0.00	-29368.37	-40012.52	0.26627	-29368.37	-40012.52	0.26627	3.969	0.00
0.00	-29367.89	-40012.39	0.26754	-29367.89	-40012.39	0.26754	6.539	0.00
0.00	-29367.42	-40012.27	0.26883	-29367.42	-40012.27	0.26883	6.746	0.00
0.00	-29366.93	-40012.14	0.27040	-29366.93	-40012.14	0.27040	6.586	0.00
0.00	-29366.45	-40012.01	0.27187	-29366.45	-40012.01	0.27187	6.699	0.00
0.00	-29365.96	-40011.88	0.27307	-29365.96	-40011.88	0.27307	6.966	0.00
0.00	-29365.49	-40011.75	0.27429	-29365.49	-40011.75	0.27429	6.869	0.00
0.00	-29365.01	-40011.62	0.27567	-29365.01	-40011.62	0.27567	4.809	0.00
0.00	-29364.43	-40011.46	0.27701	-29364.43	-40011.46	0.27701	7.082	0.00
0.00	-29363.97	-40011.33	0.27823	-29363.97	-40011.33	0.27823	6.577	0.00
0.00	-29363.50	-40011.20	0.27938	-29363.50	-40011.20	0.27938	4.948	0.00
0.00	-29363.07	-40011.08	0.28024	-29363.07	-40011.08	0.28024	6.996	0.00
0.00	-29362.59	-40010.94	0.28089	-29362.59	-40010.94	0.28089	6.165	0.00
0.00	-29362.09	-40010.80	0.28165	-29362.09	-40010.80	0.28165	7.109	0.00
0.00	-29361.60	-40010.66	0.28270	-29361.60	-40010.66	0.28270	7.696	0.00
0.00	-29361.13	-40010.52	0.28366	-29361.13	-40010.52	0.28366	7.470	0.00
0.00	-29360.66	-40010.39	0.28425	-29360.66	-40010.39	0.28425	7.323	0.00
0.00	-29360.20	-40010.25	0.28460	-29360.20	-40010.25	0.28460	7.396	0.00
0.00	-29359.64	-40010.09	0.28474	-29359.64	-40010.09	0.28474	6.033	0.00
0.00	-29359.21	-40009.97	0.28498	-29359.21	-40009.97	0.28498	5.342	0.00
0.00	-29358.79	-40009.85	0.28557	-29358.79	-40009.85	0.28557	7.857	0.00
0.00	-29358.30	-40009.70	0.28612	-29358.30	-40009.70	0.28612	6.846	0.00
0.00	-29357.85	-40009.57	0.28638	-29357.85	-40009.57	0.28638	5.351	0.00
0.00	-29357.40	-40009.44	0.28644	-29357.40	-40009.44	0.28644	5.166	0.00
0.00	-29356.92	-40009.30	0.28648	-29356.92	-40009.30	0.28648	8.153	0.00
0.00	-29356.46	-40009.17	0.28692	-29356.46	-40009.17	0.28692	6.079	0.00
0.00	-29356.00	-40009.04	0.28786	-29356.00	-40009.04	0.28786	7.985	0.00
0.00	-29355.53	-40008.90	0.28840	-29355.53	-40008.90	0.28840	8.205	0.00
0.00	-29354.98	-40008.75	0.28806	-29354.98	-40008.75	0.28806	8.085	0.00
0.00	-29354.57	-40008.63	0.28769	-29354.57	-40008.63	0.28769	9.051	0.00
0.00	-29354.15	-40008.51	0.28764	-29354.15	-40008.51	0.28764	5.327	0.00
0.00	-29353.71	-40008.39	0.28764	-29353.71	-40008.39	0.28764	8.577	0.00
0.00	-29353.27	-40008.26	0.28705	-29353.27	-40008.26	0.28705	6.543	0.00
0.00	-29352.82	-40008.13	0.28608	-29352.82	-40008.13	0.28608	5.660	0.00
0.00	-29352.32	-40007.99	0.28569	-29352.32	-40007.99	0.28569	8.382	0.00
0.00	-29351.89	-40007.87	0.28565	-29351.89	-40007.87	0.28565	8.203	0.00
0.00	-29351.45	-40007.75	0.28544	-29351.45	-40007.75	0.28544	8.018	0.00
0.00	-29350.97	-40007.61	0.28530	-29350.97	-40007.61	0.28530	8.406	0.00
0.00	-29350.43	-40007.46	0.28539	-29350.43	-40007.46	0.28539	8.541	0.00
0.00	-29350.04	-40007.35	0.28558	-29350.04	-40007.35	0.28558	9.415	0.00
0.00	-29349.62	-40007.23	0.28567	-29349.62	-40007.23	0.28567	8.543	0.00
0.00	-29349.18	-40007.11	0.28555	-29349.18	-40007.11	0.28555	6.074	0.00
0.00	-29348.74	-40006.98	0.28556	-29348.74	-40006.98	0.28556	9.007	0.00
0.00	-29348.30	-40006.85	0.28581	-29348.30	-40006.85	0.28581	8.367	0.00
0.00	-29347.86	-40006.72	0.28622	-29347.86	-40006.72	0.28622	6.148	0.00
0.00	-29347.37	-40006.58	0.28682	-29347.37	-40006.58	0.28682	5.911	0.00
0.00	-29346.95	-40006.46	0.28728	-29346.95	-40006.46	0.28728	6.112	0.00
0.00	-29346.47	-40006.32	0.28746	-29346.47	-40006.32	0.28746	8.845	0.00
0.00	-29345.96	-40006.17	0.28762	-29345.96	-40006.17	0.28762	8.157	0.00
0.00	-29345.58	-40006.06	0.28780	-29345.58	-40006.06	0.28780	6.346	0.00
0.00	-29345.17	-40005.94	0.28801	-29345.17	-40005.94	0.28801	9.329	0.00
0.00	-29344.75	-40005.82	0.28838	-29344.75	-40005.82	0.28838	5.773	0.00
0.00	-29344.32	-40005.70	0.28896	-29344.32	-40005.70	0.28896	8.882	0.00
0.00	-29343.89	-40005.57	0.28948	-29343.89	-40005.57	0.28948	8.337	0.00
0.00	-29343.46	-40005.45	0.28964	-29343.46	-40005.45	0.28964	6.249	0.00
0.00	-29343.02	-40005.32	0.28955	-29343.02	-40005.32	0.28955	5.698	0.00
0.00	-29342.55	-40005.18	0.28960	-29342.55	-40005.18	0.28960	6.411	0.00
0.00	-29342.11	-40005.06	0.28986	-29342.11	-40005.06	0.28986	6.157	0.00
0.00	-29341.62	-40004.91	0.28993	-29341.62	-40004.91	0.28993	6.699	0.00
0.00	-29341.25	-40004.81	0.28978	-29341.25	-40004.81	0.28978	9.598	0.00
0.00	-29340.84	-40004.69	0.28952	-29340.84	-40004.69	0.28952	8.373	0.00
0.00	-29340.42	-40004.57	0.28934	-29340.42	-40004.57	0.28934	8.079	0.00
0.00	-29340.01	-40004.45	0.28921	-29340.01	-40004.45	0.28921	9.830	0.00
0.00	-29339.59	-40004.33	0.28905	-29339.59	-40004.33	0.28905	8.131	0.00
0.00	-29339.17	-40004.21	0.28885	-29339.17	-40004.21	0.28885	6.700	0.00
0.00	-29338.75	-40004.09	0.28886	-29338.75	-40004.09	0.28886	9.505	0.00
0.00	-29338.29	-40003.96	0.28907	-29338.29	-40003.96	0.28907	6.383	0.00
0.00	-29337.89	-40003.85	0.28930	-29337.89	-40003.85	0.28930	7.912	0.00
0.00	-29337.37	-40003.70	0.28922	-29337.37	-40003.70	0.28922	5.694	0.00
0.00	-29337.03	-40003.60	0.28910	-29337.03	-40003.60	0.28910	10.660	0.00
0.00	-29336.64	-40003.49	0.28896	-29336.64	-40003.49	0.28896	9.708	0.00
0.00	-29336.23	-40003.37	0.28894	-29336.23	-40003.37	0.28894	6.586	0.00
0.00	-29335.82	-40003.25	0.28911	-29335.82	-40003.25	0.28911	10.163	0.00
0.00	-29335.42	-40003.14	0.28935	-29335.42	-40003.14	0.28935	6.243	0.00
0.00	-29335.02	-40003.02	0.28943	-29335.02	-40003.02	0.28943	10.108	0.00
0.00	-29334.62	-40002.90	0.28952	-29334.62	-40002.90	0.28952	8.644	0.00
0.00	-29334.22	-40002.79	0.28992	-29334.22	-40002.79	0.28992	7.307	0.00
0.00	-29333.78	-40002.66	0.29046	-29333.78	-40002.66	0.29046	6.251	0.00
0.00	-29333.31	-40002.52	0.29088	-29333.31	-40002.52	0.29088	7.825	0.00
0.00	-29332.99	-40002.42	0.29116	-29332.99	-40002.42	0.29116	7.214	0.00
0.00	-29332.62	-40002.32	0.29139	-29332.62	-40002.32	0.29139	6.605	0.00
0.00	-29332.24	-40002.20	0.29172	-29332.24	-40002.20	0.29172	10.790	0.00
0.00	-29331.86	-40002.09	0.29220	-29331.86	-40002.09	0.29220	9.495	0.00
0.00	-29331.49	-40001.98	0.29285	-29331.49	-40001.98	0.29285	7.269	0.00
0.00	-29331.13	-40001.88	0.29345	-29331.13	-40001.88	0.29345	10.540	0.00
0.00	-29330.78	-40001.77	0.29403	-29330.78	-40001.77	0.29403	10.618	0.00
0.00	-29330.46	-40001.68	0.29460	-29330.46	-40001.68	0.29460	6.967	0.00
0.00	-29330.09	-40001.57	0.29493	-29330.09	-40001.57	0.29493	8.896	0.00
0.00	-29329.77	-40001.47	0.29502	-29329.77	-40001.47	0.29502	6.138	0.00
0.00	-29329.50	-40001.40	0.29502	-29329.50	-40001.40	0.29502	7.121	0.00
0.00	-29329.22	-40001.32	0.29510	-29329.22	-40001.32	0.29510	9.167	0.00
0.00	-29328.91	-40001.23	0.29524	-29328.91	-40001.23	0.29524	5.917	0.00
0.00	-29328.64	-40001.15	0.29541	-29328.64	-40001.15	0.29541	7.060	0.00
0.00	-29328.38	-40001.07	0.29551	-29328.38	-40001.07	0.29551	11.255	0.00
0.00	-29328.09	-40000.98	0.29576	-29328.09	-40000.98	0.29576	11.040	0.00
0.00	-29327.80	-40000.90	0.29562	-29327.80	-40000.90	0.29562	6.874	0.00
0.00	-29327.55	-40000.83	0.29511	-29327.55	-40000.83	0.29511	10.968	0.00
0.00	-29327.22	-40000.73	0.29473	-29327.22	-40000.73	0.29473	6.188	0.00
0.00	-29326.93	-40000.65	0.29457	-29326.93	-40000.65	0.29457	11.579	0.00
0.00	-29326.68	-40000.58	0.29433	-29326.68	-40000.58	0.29433	7.388	0.00
0.00	-29326.41	-40000.50	0.29394	-29326.41	-40000.50	0.29394	10.996	0.00
0.00	-29326.14	-40000.42	0.29384	-29326.14	-40000.42	0.29384	6.213	0.00
0.00	-29325.88	-40000.34	0.29437	-29325.88	-40000.34	0.29437	11.568	0.00
0.00	-29325.61	-40000.26	0.29575	-29325.61	-40000.26	0.29575	12.642	0.00
0.00	-29325.32	-40000.18	0.29734	-29325.32	-40000.18	0.29734	9.476	0.00
0.00	-29325.07	-40000.10	0.29955	-29325.07	-40000.10	0.29955	11.983	0.00
0.00	-29324.81	-40000.02	0.30329	-29324.81	-40000.02	0.30329	12.136	0.00
0.00	-29324.47	-39999.92	0.30803	-29324.47	-39999.92	0.30803	9.762	0.00
0.00	-29324.20	-39999.84	0.31293	-29324.20	-39999.84	0.31293	8.055	0.00
0.00	-29323.98	-39999.77	0.31885	-29323.98	-39999.77	0.31885	12.034	0.00
0.00	-29323.73	-39999.69	0.32640	-29323.73	-39999.69	0.32640	10.809	0.00
0.00	-29323.44	-39999.59	0.33510	-29323.44	-39999.59	0.33510	10.182	0.00
0.00	-29323.22	-39999.51	0.34419	-29323.22	-39999.51	0.34419	7.836	0.00
0.00	-29322.91	-39999.40	0.35420	-29322.91	-39999.40	0.35420	10.607	0.00
0.00	-29322.65	-39999.31	0.36465	-29322.65	-39999.31	0.36465	12.322	0.00
0.00	-29322.39	-39999.21	0.37587	-29322.39	-39999.21	0.37587	9.378	0.00
0.00	-29322.12	-39999.10	0.38792	-29322.12	-39999.10	0.38792	8.666	0.00
0.00	-29321.77	-39998.96	0.40105	-29321.77	-39998.96	0.40105	7.440	0.00
0.00	-29321.50	-39998.85	0.41549	-29321.50	-39998.85	0.41549	10.319	0.00
0.00	-29321.24	-39998.74	0.43115	-29321.24	-39998.74	0.43115	6.845	0.00
0.00	-29320.97	-39998.61	0.44703	-29320.97	-39998.61	0.44703	10.062	0.00
0.00	-29320.69	-39998.48	0.46464	-29320.69	-39998.48	0.46464	8.702	0.00
0.00	-29320.40	-39998.34	0.48231	-29320.40	-39998.34	0.48231	8.733	0.00
0.00	-29320.11	-39998.19	0.50037	-29320.11	-39998.19	0.50037	10.693	0.00
0.00	-29319.83	-39998.04	0.51962	-29319.83	-39998.04	0.51962	7.177	0.00
0.00	-29319.54	-39997.87	0.54020	-29319.54	-39997.87	0.54020	9.737	0.00
0.00	-29319.23	-39997.69	0.56151	-29319.23	-39997.69	0.56151	8.596	0.00
0.00	-29318.90	-39997.48	0.58328	-29318.90	-39997.48	0.58328	7.771	0.00
0.00	-29318.64	-39997.31	0.60547	-29318.64	-39997.31	0.60547	13.293	0.00
0.00	-29318.40	-39997.15	0.62866	-29318.40	-39997.15	0.62866	12.649	0.00
0.00	-29318.13	-39996.96	0.65293	-29318.13	-39996.96	0.65293	12.927	0.00
0.00	-29317.88	-39996.76	0.67748	-29317.88	-39996.76	0.67748	11.803	0.00
0.00	-29317.63	-39996.57	0.70248	-29317.63	-39996.57	0.70248	8.333	0.00
0.00	-29317.39	-39996.36	0.72944	-29317.39	-39996.36	0.72944	12.938	0.00
0.00	-29317.15	-39996.15	0.75734	-29317.15	-39996.15	0.75734	13.385	0.00
0.00	-29316.93	-39995.93	0.78517	-29316.93	-39995.93	0.78517	12.664	0.00
0.00	-29316.71	-39995.71	0.81197	-29316.71	-39995.71	0.81197	13.030	0.00
0.00	-29316.42	-39995.42	0.83879	-29316.42	-39995.42	0.83879	13.720	0.00
0.00	-29316.25	-39995.22	0.86636	-29316.25	-39995.22	0.86636	13.035	0.00
0.00	-29316.07	-39995.01	0.89442	-29316.07	-39995.01	0.89442	13.170	0.00
0.00	-29315.87	-39994.77	0.92223	-29315.87	-39994.77	0.92223	13.961	0.00
0.00	-29315.69	-39994.53	0.95002	-29315.69	-39994.53	0.95002	13.565	0.00
0.00	-29315.50	-39994.26	0.97862	-29315.50	-39994.26	0.97862	8.259	0.00
0.00	-29315.32	-39993.99	1.00736	-29315.32	-39993.99	1.00736	14.073	0.00
0.00	-29315.15	-39993.73	1.03610	-29315.15	-39993.73	1.03610	10.720	0.00
0.00	-29314.99	-39993.45	1.06413	-29314.99	-39993.45	1.06413	9.604	0.00
0.00	-29314.84	-39993.17	1.09324	-29314.84	-39993.17	1.09324	6.613	0.00
0.00	-29314.66	-39992.83	1.12210	-29314.66	-39992.83	1.12210	9.945	0.00
0.00	-29314.52	-39992.54	1.15166	-29314.52	-39992.54	1.15166	9.067	0.00
0.00	-29314.41	-39992.28	1.18084	-29314.41	-39992.28	1.18084	6.344	0.00
0.00	-29314.30	-39991.99	1.21061	-29314.30	-39991.99	1.21061	8.195	0.00
0.00	-29314.18	-39991.67	1.24093	-29314.18	-39991.67	1.24093	14.069	0.00
0.00	-29314.08	-39991.36	1.27064	-29314.08	-39991.36	1.27064	13.910	0.00
0.00	-29313.98	-39991.05	1.30022	-29313.98	-39991.05	1.30022	13.718	0.00
0.00	-29313.90	-39990.73	1.32951	-29313.90	-39990.73	1.32951	11.310	0.00
0.00	-29313.82	-39990.41	1.35929	-29313.82	-39990.41	1.35929	7.072	0.00
0.00	-29313.75	-39990.07	1.38858	-29313.75	-39990.07	1.38858	13.444	0.00
0.00	-29313.68	-39989.69	1.41680	-29313.68	-39989.69	1.41680	13.382	0.00
0.00	-29313.63	-39989.36	1.44445	-29313.63	-39989.36	1.44445	13.290	0.00
0.00	-29313.60	-39989.09	1.47090	-29313.60	-39989.09	1.47090	7.478	0.00
0.00	-29313.56	-39988.71	1.49722	-29313.56	-39988.71	1.49722	12.007	0.00
0.00	-29313.54	-39988.38	1.52165	-29313.54	-39988.38	1.52165	6.764	0.00
0.00	-29313.53	-39988.03	1.54339	-29313.53	-39988.03	1.54339	6.673	0.00
0.00	-29313.52	-39987.68	1.56408	-29313.52	-39987.68	1.56408	13.340	0.00
0.00	-29313.52	-39987.33	1.58323	-29313.52	-39987.33	1.58323	14.030	0.00
0.00	-29313.53	-39986.95	1.60051	-29313.53	-39986.95	1.60051	14.288	0.00
0.00	-29313.54	-39986.56	1.61569	-29313.54	-39986.56	1.61569	14.309	0.00
0.00	-29313.55	-39986.13	1.62963	-29313.55	-39986.13	1.62963	9.142	0.00
0.00	-29313.57	-39985.80	1.64257	-29313.57	-39985.80	1.64257	14.620	0.00
0.00	-29313.60	-39985.45	1.65496	-29313.60	-39985.45	1.65496	8.312	0.00
0.00	-29313.63	-39985.05	1.66715	-29313.63	-39985.05	1.66715	6.607	0.00
0.00	-29313.66	-39984.69	1.67895	-29313.66	-39984.69	1.67895	12.388	0.00
0.00	-29313.70	-39984.31	1.69054	-29313.70	-39984.31	1.69054	13.783	0.00
0.00	-29313.75	-39983.93	1.70183	-29313.75	-39983.93	1.70183	14.698	0.00
0.00	-29313.80	-39983.55	1.71331	-29313.80	-39983.55	1.71331	8.050	0.00
0.00	-29313.85	-39983.16	1.72523	-29313.85	-39983.16	1.72523	13.893	0.00
0.00	-29313.92	-39982.73	1.73678	-29313.92	-39982.73	1.73678	14.690	0.00
0.00	-29313.99	-39982.29	1.74774	-29313.99	-39982.29	1.74774	13.537	0.00
0.00	-29314.05	-39981.95	1.75813	-29314.05	-39981.95	1.75813	15.858	0.00
0.00	-29314.12	-39981.58	1.76809	-29314.12	-39981.58	1.76809	14.331	0.00
0.00	-29314.20	-39981.20	1.77799	-29314.20	-39981.20	1.77799	15.234	0.00
0.00	-29314.28	-39980.81	1.78759	-29314.28	-39980.81	1.78759	15.391	0.00
0.00	-29314.38	-39980.37	1.79685	-29314.38	-39980.37	1.79685	14.106	0.00
0.00	-29314.47	-39979.99	1.80561	-29314.47	-39979.99	1.80561	15.124	0.00
0.00	-29314.57	-39979.58	1.81401	-29314.57	-39979.58	1.81401	16.168	0.00
0.00	-29314.67	-39979.18	1.82190	-29314.67	-39979.18	1.82190	14.169	0.00
0.00	-29314.79	-39978.74	1.82881	-29314.79	-39978.74	1.82881	15.700	0.00
0.00	-29314.91	-39978.28	1.83507	-29314.91	-39978.28	1.83507	14.946	0.00
0.00	-29315.01	-39977.92	1.84118	-29315.01	-39977.92	1.84118	15.622	0.00
0.00	-29315.12	-39977.53	1.84695	-29315.12	-39977.53	1.84695	8.424	0.00
0.00	-29315.24	-39977.11	1.85180	-29315.24	-39977.11	1.85180	14.728	0.00
0.00	-29315.36	-39976.70	1.85576	-29315.36	-39976.70	1.85576	15.726	0.00
0.00	-29315.49	-39976.29	1.85891	-29315.49	-39976.29	1.85891	15.482	0.00
0.00	-29315.61	-39975.87	1.86120	-29315.61	-39975.87	1.86120	16.461	0.00
0.00	-29315.75	-39975.42	1.86244	-29315.75	-39975.42	1.86244	16.273	0.00
0.00	-29315.86	-39975.02	1.86302	-29315.86	-39975.02	1.86302	14.770	0.00
0.00	-29316.01	-39974.51	1.86366	-29316.01	-39974.51	1.86366	17.194	0.00
0.00	-29316.14	-39974.09	1.86448	-29316.14	-39974.09	1.86448	15.483	0.00
0.00	-29316.25	-39973.72	1.86544	-29316.25	-39973.72	1.86544	8.568	0.00
0.00	-29316.37	-39973.32	1.86633	-29316.37	-39973.32	1.86633	7.637	0.00
0.00	-29316.50	-39972.90	1.86686	-29316.50	-39972.90	1.86686	15.023	0.00
0.00	-29316.62	-39972.48	1.86724	-29316.62	-39972.48	1.86724	16.795	0.00
0.00	-29316.74	-39972.06	1.86762	-29316.74	-39972.06	1.86762	15.467	0.00
0.00	-29316.87	-39971.65	1.86804	-29316.87	-39971.65	1.86804	16.768	0.00
0.00	-29316.99	-39971.24	1.86826	-29316.99	-39971.24	1.86826	17.097	0.00
0.00	-29317.12	-39970.78	1.86835	-29317.12	-39970.78	1.86835	15.304	0.00
0.00	-29317.26	-39970.31	1.86833	-29317.26	-39970.31	1.86833	8.863	0.00
0.00	-29317.38	-39969.91	1.86815	-29317.38	-39969.91	1.86815	16.595	0.00
0.00	-29317.49	-39969.56	1.86807	-29317.49	-39969.56	1.86807	15.587	0.00
0.00	-29317.60	-39969.17	1.86808	-29317.60	-39969.17	1.86808	16.471	0.00
0.00	-29317.73	-39968.74	1.86780	-29317.73	-39968.74	1.86780	15.642	0.00
0.00	-29317.86	-39968.31	1.86737	-29317.86	-39968.31	1.86737	16.973	0.00
0.00	-29318.01	-39967.79	1.86687	-29318.01	-39967.79	1.86687	16.368	0.00
0.00	-29318.13	-39967.39	1.86635	-29318.13	-39967.39	1.86635	17.303	0.00
0.00	-29318.23	-39967.03	1.86615	-29318.23	-39967.03	1.86615	17.833	0.00
0.00	-29318.36	-39966.61	1.86617	-29318.36	-39966.61	1.86617	16.371	0.00
0.00	-29318.49	-39966.14	1.86579	-29318.49	-39966.14	1.86579	17.090	0.00
0.00	-29318.62	-39965.70	1.86502	-29318.62	-39965.70	1.86502	17.247	0.00
0.00	-29318.75	-39965.25	1.86415	-29318.75	-39965.25	1.86415	8.371	0.00
0.00	-29318.89	-39964.79	1.86340	-29318.89	-39964.79	1.86340	14.831	0.00
0.00	-29319.01	-39964.34	1.86299	-29319.01	-39964.34	1.86299	20.764	0.00
0.00	-29319.13	-39963.96	1.86291	-29319.13	-39963.96	1.86291	12.554	0.00
0.00	-29319.22	-39963.64	1.86274	-29319.22	-39963.64	1.86274	16.790	0.00
0.00	-29319.33	-39963.25	1.86257	-29319.33	-39963.25	1.86257	17.479	0.00
0.00	-29319.46	-39962.83	1.86271	-29319.46	-39962.83	1.86271	7.925	0.00
0.00	-29319.57	-39962.44	1.86300	-29319.57	-39962.44	1.86300	21.563	0.00
0.00	-29319.72	-39961.95	1.86332	-29319.72	-39961.95	1.86332	17.087	0.00
0.00	-29319.85	-39961.52	1.86344	-29319.85	-39961.52	1.86344	17.459	0.00
0.00	-29319.95	-39961.16	1.86336	-29319.95	-39961.16	1.86336	16.906	0.00
0.00	-29320.07	-39960.76	1.86346	-29320.07	-39960.76	1.86346	9.385	0.00
0.00	-29320.19	-39960.34	1.86374	-29320.19	-39960.34	1.86374	16.390	0.00
0.00	-29320.32	-39959.93	1.86405	-29320.32	-39959.93	1.86405	17.143	0.00
0.00	-29320.47	-39959.43	1.86440	-29320.47	-39959.43	1.86440	17.957	0.00
0.00	-29320.60	-39958.98	1.86459	-29320.60	-39958.98	1.86459	16.880	0.00
0.00	-29320.71	-39958.59	1.86452	-29320.71	-39958.59	1.86452	9.452	0.00
0.00	-29320.84	-39958.15	1.86432	-29320.84	-39958.15	1.86432	22.513	0.00
0.00	-29320.97	-39957.71	1.86413	-29320.97	-39957.71	1.86413	16.498	0.00
0.00	-29321.11	-39957.22	1.86376	-29321.11	-39957.22	1.86376	17.051	0.00
0.00	-29321.23	-39956.81	1.86329	-29321.23	-39956.81	1.86329	17.074	0.00
0.00	-29321.36	-39956.37	1.86278	-29321.36	-39956.37	1.86278	9.603	0.00
0.00	-29321.50	-39955.90	1.86235	-29321.50	-39955.90	1.86235	22.413	0.00
0.00	-29321.62	-39955.46	1.86198	-29321.62	-39955.46	1.86198	17.962	0.00
0.00	-29321.76	-39954.99	1.86159	-29321.76	-39954.99	1.86159	18.948	0.00
0.00	-29321.89	-39954.55	1.86151	-29321.89	-39954.55	1.86151	18.343	0.00
0.00	-29322.03	-39954.06	1.86165	-29322.03	-39954.06	1.86165	9.925	0.00
0.00	-29322.14	-39953.68	1.86176	-29322.14	-39953.68	1.86176	23.622	0.00
0.00	-29322.28	-39953.22	1.86200	-29322.28	-39953.22	1.86200	16.552	0.00
0.00	-29322.41	-39952.78	1.86214	-29322.41	-39952.78	1.86214	18.295	0.00
0.00	-29322.54	-39952.35	1.86201	-29322.54	-39952.35	1.86201	19.619	0.00
0.00	-29322.65	-39951.94	1.86186	-29322.65	-39951.94	1.86186	8.437	0.00
0.00	-29322.77	-39951.54	1.86158	-29322.77	-39951.54	1.86158	23.175	0.00
0.00	-29322.91	-39951.06	1.86117	-29322.91	-39951.06	1.86117	19.463	0.00
0.00	-29323.04	-39950.61	1.86073	-29323.04	-39950.61	1.86073	9.665	0.00
0.00	-29323.18	-39950.12	1.86030	-29323.18	-39950.12	1.86030	23.074	0.00
0.00	-29323.31	-39949.67	1.85984	-29323.31	-39949.67	1.85984	18.584	0.00
0.00	-29323.42	-39949.29	1.85942	-29323.42	-39949.29	1.85942	19.163	0.00
0.00	-29323.54	-39948.87	1.85924	-29323.54	-39948.87	1.85924	18.427	0.00
0.00	-29323.69	-39948.37	1.85898	-29323.69	-39948.37	1.85898	9.952	0.00
0.00	-29323.80	-39947.96	1.85876	-29323.80	-39947.96	1.85876	18.270	0.00
0.00	-29323.94	-39947.50	1.85871	-29323.94	-39947.50	1.85871	10.692	0.00
0.00	-29324.06	-39947.10	1.85886	-29324.06	-39947.10	1.85886	19.814	0.00
0.00	-29324.15	-39946.76	1.85917	-29324.15	-39946.76	1.85917	19.631	0.00
0.00	-29324.28	-39946.32	1.85912	-29324.28	-39946.32	1.85912	19.802	0.00
0.00	-29324.39	-39945.93	1.85868	-29324.39	-39945.93	1.85868	20.128	0.00
0.00	-29324.51	-39945.53	1.85857	-29324.51	-39945.53	1.85857	41.452	0.00
0.00	-29324.63	-39945.10	1.85896	-29324.63	-39945.10	1.85896	22.007	0.00
0.00	-29324.74	-39944.74	1.85912	-29324.74	-39944.74	1.85912	23.373	0.00
0.00	-29324.82	-39944.46	1.85916	-29324.82	-39944.46	1.85916	17.584	0.00
0.00	-29324.91	-39944.15	1.85915	-29324.91	-39944.15	1.85915	22.333	0.00
0.00	-29325.00	-39943.82	1.85906	-29325.00	-39943.82	1.85906	17.523	0.00
0.00	-29325.09	-39943.50	1.85892	-29325.09	-39943.50	1.85892	9.656	0.00
0.00	-29325.19	-39943.16	1.85889	-29325.19	-39943.16	1.85889	25.344	0.00
0.00	-29325.28	-39942.84	1.85929	-29325.28	-39942.84	1.85929	10.750	0.00
0.00	-29325.35	-39942.58	1.85970	-29325.35	-39942.58	1.85970	8.706	0.00
0.00	-29325.43	-39942.29	1.85991	-29325.43	-39942.29	1.85991	18.278	0.00
0.00	-29325.51	-39942.04	1.86047	-29325.51	-39942.04	1.86047	23.006	0.00
0.00	-29325.59	-39941.76	1.86103	-29325.59	-39941.76	1.86103	19.902	0.00
0.00	-29325.66	-39941.49	1.86133	-29325.66	-39941.49	1.86133	18.112	0.00
0.00	-29325.72	-39941.30	1.86161	-29325.72	-39941.30	1.86161	9.931	0.00
0.00	-29325.77	-39941.11	1.86202	-29325.77	-39941.11	1.86202	18.157	0.00
0.00	-29325.83	-39940.91	1.86256	-29325.83	-39940.91	1.86256	9.797	0.00
0.00	-29325.89	-39940.72	1.86314	-29325.89	-39940.72	1.86314	21.081	0.00
0.00	-29325.94	-39940.54	1.86377	-29325.94	-39940.54	1.86377	18.003	0.00
0.00	-29326.00	-39940.34	1.86454	-29326.00	-39940.34	1.86454	10.070	0.00
0.00	-29326.05	-39940.18	1.86524	-29326.05	-39940.18	1.86524	27.292	0.00
0.00	-29326.09	-39940.02	1.86585	-29326.09	-39940.02	1.86585	21.859	0.00
0.00	-29326.13	-39939.88	1.86656	-29326.13	-39939.88	1.86656	18.165	0.00
0.00	-29326.18	-39939.75	1.86747	-29326.18	-39939.75	1.86747	19.034	0.00
0.00	-29326.21	-39939.62	1.86824	-29326.21	-39939.62	1.86824	18.923	0.00
0.00	-29326.25	-39939.50	1.86879	-29326.25	-39939.50	1.86879	17.627	0.00
0.00	-29326.28	-39939.38	1.86934	-29326.28	-39939.38	1.86934	19.379	0.00
0.00	-29326.32	-39939.27	1.86989	-29326.32	-39939.27	1.86989	19.402	0.00
0.00	-29326.35	-39939.17	1.87037	-29326.35	-39939.17	1.87037	18.246	0.00
0.00	-29326.38	-39939.07	1.87069	-29326.38	-39939.07	1.87069	22.142	0.00
0.00	-29326.41	-39938.97	1.87096	-29326.41	-39938.97	1.87096	19.026	0.00
0.00	-29326.44	-39938.87	1.87135	-29326.44	-39938.87	1.87135	19.910	0.00
0.00	-29326.47	-39938.76	1.87174	-29326.47	-39938.76	1.87174	19.369	0.00
0.00	-29326.50	-39938.66	1.87199	-29326.50	-39938.66	1.87199	23.082	0.00
0.00	-29326.53	-39938.56	1.87228	-29326.53	-39938.56	1.87228	19.496	0.00
0.00	-29326.55	-39938.48	1.87271	-29326.55	-39938.48	1.87271	22.065	0.00
0.00	-29326.57	-39938.40	1.87313	-29326.57	-39938.40	1.87313	19.986	0.00
0.00	-29326.59	-39938.33	1.87348	-29326.59	-39938.33	1.87348	20.359	0.00
0.00	-29326.62	-39938.26	1.87378	-29326.62	-39938.26	1.87378	20.588	0.00
0.00	-29326.63	-39938.19	1.87417	-29326.63	-39938.19	1.87417	19.270	0.00
0.00	-29326.65	-39938.13	1.87466	-29326.65	-39938.13	1.87466	23.922	0.00
0.00	-29326.67	-39938.07	1.87509	-29326.67	-39938.07	1.87509	27.217	0.00
0.00	-29326.69	-39938.01	1.87553	-29326.69	-39938.01	1.87553	20.573	0.00
0.00	-29326.70	-39937.96	1.87605	-29326.70	-39937.96	1.87605	19.854	0.00
0.00	-29326.72	-39937.92	1.87658	-29326.72	-39937.92	1.87658	20.059	0.00
0.00	-29326.73	-39937.88	1.87709	-29326.73	-39937.88	1.87709	18.917	0.00
0.00	-29326.73	-39937.86	1.87757	-29326.73	-39937.86	1.87757	21.696	0.00
0.00	-29326.74	-39937.82	1.87806	-29326.74	-39937.82	1.87806	20.337	0.00
0.00	-29326.75	-39937.79	1.87856	-29326.75	-39937.79	1.87856	20.773	0.00
0.00	-29326.76	-39937.77	1.87912	-29326.76	-39937.77	1.87912	20.249	0.00
0.00	-29326.76	-39937.76	1.87975	-29326.76	-39937.76	1.87975	20.345	0.00
0.00	-29326.76	-39937.75	1.88039	-29326.76	-39937.75	1.88039	32.478	0.00
0.00	-29326.77	-39937.74	1.88107	-29326.77	-39937.74	1.88107	22.005	0.00
0.00	-29326.77	-39937.74	1.88169	-29326.77	-39937.74	1.88169	2.173	0.00
0.00	-29326.77	-39937.74	1.88169	-29326.77	-39937.74	1.88169	2.187	0.00
0.00	-29326.77	-39937.74	1.88169	-29326.77	-39937.74	1.88169	2.190	0.00
0.00	-29326.77	-39937.74	1.88169	-29326.77	-39937.74	1.88169	2.314	0.00
0.00	-29326.77	-39937.74	1.88169	-29326.77	-39937.74	1.88169	3.547	0.00
0.00	-29326.77	-39937.74	1.88169	-29326.77	-39937.74	1.88169	2.413	0.00
0.00	-29326.77	-39937.74	1.88169	-29326.77	-39937.74	1.88169	2.370	0.00
0.00	-29326.77	-39937.74	1.88169	-29326.77	-39937.74	1.88169	1.997	0.00
0.00	-29326.77	-39937.74	1.88169	-29326.77	-39937.74	1.88169	2.190	0.00
0.00	-29326.77	-39937.74	1.88169	-29326.77	-39937.74	1.88169	2.286	0.00
0.00	-29326.77	-39937.74	1.88169	-29326.77	-39937.74	1.88169	2.119	0.00
0.00	-29326.78	-39937.71	1.88153	-29326.78	-39937.71	1.88153	20.416	0.00
0.00	-29326.80	-39937.63	1.88219	-29326.80	-39937.63	1.88219	20.392	0.00
0.00	-29326.81	-39937.59	1.88294	-29326.81	-39937.59	1.88294	492.182	0.00
0.00	-29326.92	-39937.26	1.88789	-29326.92	-39937.26	1.88789	2.206	0.00
0.00	-29326.90	-39937.31	1.88821	-29326.90	-39937.31	1.88821	2.490	0.00
0.00	-29326.91	-39937.29	1.88843	-29326.91	-39937.29	1.88843	3.707	0.00
0.00	-29326.93	-39937.24	1.88883	-29326.93	-39937.24	1.88883	2.326	0.00
0.00	-29326.96	-39937.13	1.88951	-29326.96	-39937.13	1.88951	2.196	0.00
0.00	-29326.99	-39937.03	1.88985	-29326.99	-39937.03	1.88985	2.706	0.00
0.00	-29327.03	-39936.91	1.88951	-29327.03	-39936.91	1.88951	2.538	0.00
0.00	-29327.07	-39936.78	1.88864	-29327.07	-39936.78	1.88864	2.625	0.00
0.00	-29327.11	-39936.65	1.88728	-29327.11	-39936.65	1.88728	2.607	0.00
0.00	-29327.16	-39936.50	1.88548	-29327.16	-39936.50	1.88548	2.826	0.00
0.00	-29327.20	-39936.33	1.88336	-29327.20	-39936.33	1.88336	3.809	0.00
0.00	-29327.25	-39936.17	1.88105	-29327.25	-39936.17	1.88105	2.723	0.00
0.00	-29327.31	-39935.98	1.87880	-29327.31	-39935.98	1.87880	2.598	0.00
0.00	-29327.37	-39935.77	1.87678	-29327.37	-39935.77	1.87678	2.797	0.00
0.00	-29327.43	-39935.57	1.87513	-29327.43	-39935.57	1.87513	3.032	0.00
0.00	-29327.50	-39935.34	1.87362	-29327.50	-39935.34	1.87362	2.683	0.00
0.00	-29327.57	-39935.10	1.87258	-29327.57	-39935.10	1.87258	2.818	0.00
0.00	-29327.64	-39934.87	1.87195	-29327.64	-39934.87	1.87195	2.766	0.00
0.00	-29327.72	-39934.60	1.87154	-29327.72	-39934.60	1.87154	2.846	0.00
0.00	-29327.80	-39934.32	1.87124	-29327.80	-39934.32	1.87124	3.113	0.00
0.00	-29327.89	-39934.03	1.87140	-29327.89	-39934.03	1.87140	3.523	0.00
0.00	-29327.98	-39933.72	1.87173	-29327.98	-39933.72	1.87173	3.302	0.00
0.00	-29328.07	-39933.42	1.87206	-29328.07	-39933.42	1.87206	3.012	0.00
0.00	-29328.16	-39933.14	1.87239	-29328.16	-39933.14	1.87239	2.987	0.00
0.00	-29328.26	-39932.83	1.87281	-29328.26	-39932.83	1.87281	3.312	0.00
0.00	-29328.36	-39932.47	1.87340	-29328.36	-39932.47	1.87340	3.048	0.00
0.00	-29328.46	-39932.16	1.87392	-29328.46	-39932.16	1.87392	2.989	0.00
0.00	-29328.56	-39931.82	1.87431	-29328.56	-39931.82	1.87431	3.007	0.00
0.00	-29328.68	-39931.47	1.87471	-29328.68	-39931.47	1.87471	3.045	0.00
0.00	-29328.78	-39931.12	1.87527	-29328.78	-39931.12	1.87527	3.127	0.00
0.00	-29328.90	-39930.75	1.87600	-29328.90	-39930.75	1.87600	3.047	0.00
0.00	-29329.01	-39930.38	1.87732	-29329.01	-39930.38	1.87732	3.467	0.00
0.00	-29329.13	-39930.00	1.87911	-29329.13	-39930.00	1.87911	3.237	0.00
0.00	-29329.26	-39929.60	1.88080	-29329.26	-39929.60	1.88080	3.190	0.00
0.00	-29329.37	-39929.23	1.88229	-29329.37	-39929.23	1.88229	3.452	0.00
0.00	-29329.49	-39928.86	1.88414	-29329.49	-39928.86	1.88414	3.371	0.00
0.00	-29329.61	-39928.49	1.88654	-29329.61	-39928.49	1.88654	3.335	0.00
0.00	-29329.74	-39928.09	1.88931	-29329.74	-39928.09	1.88931	3.407	0.00
0.00	-29329.85	-39927.74	1.89223	-29329.85	-39927.74	1.89223	3.345	0.00
0.00	-29329.97	-39927.37	1.89523	-29329.97	-39927.37	1.89523	3.643	0.00
0.00	-29330.09	-39926.99	1.89814	-29330.09	-39926.99	1.89814	3.475	0.00
0.00	-29330.20	-39926.66	1.90089	-29330.20	-39926.66	1.90089	3.474	0.00
0.00	-29330.33	-39926.27	1.90350	-29330.33	-39926.27	1.90350	3.440	0.00
0.00	-29330.46	-39925.89	1.90582	-29330.46	-39925.89	1.90582	3.515	0.00
0.00	-29330.59	-39925.50	1.90781	-29330.59	-39925.50	1.90781	3.472	0.00
0.00	-29330.72	-39925.12	1.90971	-29330.72	-39925.12	1.90971	3.651	0.00
0.00	-29330.84	-39924.75	1.91115	-29330.84	-39924.75	1.91115	3.728	0.00
0.00	-29330.97	-39924.37	1.91175	-29330.97	-39924.37	1.91175	3.766	0.00
0.00	-29331.11	-39923.97	1.91184	-29331.11	-39923.97	1.91184	4.103	0.00
0.00	-29331.24	-39923.59	1.91186	-29331.24	-39923.59	1.91186	3.696	0.00
0.00	-29331.37	-39923.21	1.91203	-29331.37	-39923.21	1.91203	3.795	0.00
0.00	-29331.49	-39922.86	1.91216	-29331.49	-39922.86	1.91216	3.629	0.00
0.00	-29331.63	-39922.46	1.91200	-29331.63	-39922.46	1.91200	3.796	0.00
0.00	-29331.77	-39922.06	1.91177	-29331.77	-39922.06	1.91177	3.624	0.00
0.00	-29331.90	-39921.67	1.91159	-29331.90	-39921.67	1.91159	3.642	0.00
0.00	-29332.03	-39921.28	1.91141	-29332.03	-39921.28	1.91141	4.011	0.00
0.00	-29332.17	-39920.88	1.91123	-29332.17	-39920.88	1.91123	4.012	0.00
0.00	-29332.30	-39920.50	1.91104	-29332.30	-39920.50	1.91104	4.002	0.00
0.00	-29332.43	-39920.14	1.91055	-29332.43	-39920.14	1.91055	4.183	0.00
0.00	-29332.56	-39919.76	1.90979	-29332.56	-39919.76	1.90979	3.921	0.00
0.00	-29332.70	-39919.33	1.90910	-29332.70	-39919.33	1.90910	3.926	0.00
0.00	-29332.83	-39918.97	1.90845	-29332.83	-39918.97	1.90845	4.002	0.00
0.00	-29332.97	-39918.55	1.90762	-29332.97	-39918.55	1.90762	3.854	0.00
0.00	-29333.12	-39918.12	1.90677	-29333.12	-39918.12	1.90677	3.786	0.00
0.00	-29333.23	-39917.77	1.90609	-29333.23	-39917.77	1.90609	4.042	0.00
0.00	-29333.36	-39917.41	1.90560	-29333.36	-39917.41	1.90560	4.169	0.00
0.00	-29333.48	-39917.03	1.90514	-29333.48	-39917.03	1.90514	4.371	0.00
0.00	-29333.61	-39916.66	1.90481	-29333.61	-39916.66	1.90481	4.567	0.00
0.00	-29333.74	-39916.27	1.90461	-29333.74	-39916.27	1.90461	4.408	0.00
0.00	-29333.87	-39915.90	1.90442	-29333.87	-39915.90	1.90442	4.417	0.00
0.00	-29334.00	-39915.50	1.90420	-29334.00	-39915.50	1.90420	4.210	0.00
0.00	-29334.13	-39915.15	1.90388	-29334.13	-39915.15	1.90388	4.190	0.00
0.00	-29334.28	-39914.69	1.90336	-29334.28	-39914.69	1.90336	4.299	0.00
0.00	-29334.41	-39914.30	1.90297	-29334.41	-39914.30	1.90297	4.349	0.00
0.00	-29334.54	-39913.91	1.90247	-29334.54	-39913.91	1.90247	4.182	0.00
0.00	-29334.68	-39913.52	1.90157	-29334.68	-39913.52	1.90157	4.058	0.00
0.00	-29334.81	-39913.13	1.90069	-29334.81	-39913.13	1.90069	4.405	0.00
0.00	-29334.94	-39912.73	1.90024	-29334.94	-39912.73	1.90024	4.345	0.00
0.00	-29335.08	-39912.32	1.89989	-29335.08	-39912.32	1.89989	4.547	0.00
0.00	-29335.21	-39911.93	1.89934	-29335.21	-39911.93	1.89934	4.589	0.00
0.00	-29335.34	-39911.55	1.89846	-29335.34	-39911.55	1.89846	4.233	0.00
0.00	-29335.47	-39911.14	1.89754	-29335.47	-39911.14	1.89754	4.479	0.00
0.00	-29335.62	-39910.69	1.89710	-29335.62	-39910.69	1.89710	4.470	0.00
0.00	-29335.75	-39910.30	1.89683	-29335.75	-39910.30	1.89683	4.434	0.00
0.00	-29335.87	-39909.94	1.89603	-29335.87	-39909.94	1.89603	4.471	0.00
0.00	-29335.99	-39909.57	1.89495	-29335.99	-39909.57	1.89495	4.757	0.00
0.00	-29336.11	-39909.18	1.89406	-29336.11	-39909.18	1.89406	4.772	0.00
0.00	-29336.24	-39908.80	1.89338	-29336.24	-39908.80	1.89338	6.034	0.00
0.00	-29336.36	-39908.41	1.89280	-29336.36	-39908.41	1.89280	4.658	0.00
0.00	-29336.49	-39908.01	1.89214	-29336.49	-39908.01	1.89214	4.627	0.00
0.00	-29336.61	-39907.64	1.89126	-29336.61	-39907.64	1.89126	4.866	0.00
0.00	-29336.73	-39907.27	1.89050	-29336.73	-39907.27	1.89050	4.692	0.00
0.00	-29336.86	-39906.86	1.88997	-29336.86	-39906.86	1.88997	5.103	0.00
0.00	-29336.97	-39906.49	1.88955	-29336.97	-39906.49	1.88955	5.965	0.00
0.00	-29337.11	-39906.06	1.88897	-29337.11	-39906.06	1.88897	6.146	0.00
0.00	-29337.23	-39905.69	1.88832	-29337.23	-39905.69	1.88832	4.557	0.00
0.00	-29337.36	-39905.27	1.88783	-29337.36	-39905.27	1.88783	4.649	0.00
0.00	-29337.50	-39904.83	1.88751	-29337.50	-39904.83	1.88751	4.749	0.00
0.00	-29337.61	-39904.50	1.88734	-29337.61	-39904.50	1.88734	5.038	0.00
0.00	-29337.72	-39904.14	1.88712	-29337.72	-39904.14	1.88712	5.177	0.00
0.00	-29337.84	-39903.76	1.88679	-29337.84	-39903.76	1.88679	4.767	0.00
0.00	-29337.95	-39903.42	1.88650	-29337.95	-39903.42	1.88650	4.991	0.00
0.00	-29338.10	-39902.95	1.88640	-29338.10	-39902.95	1.88640	4.844	0.00
0.00	-29338.22	-39902.58	1.88664	-29338.22	-39902.58	1.88664	4.833	0.00
0.00	-29338.34	-39902.23	1.88735	-29338.34	-39902.23	1.88735	5.273	0.00
0.00	-29338.46	-39901.85	1.88826	-29338.46	-39901.85	1.88826	5.025	0.00
0.00	-29338.61	-39901.42	1.88902	-29338.61	-39901.42	1.88902	5.086	0.00
0.00	-29338.73	-39901.03	1.88968	-29338.73	-39901.03	1.88968	4.859	0.00
0.00	-29338.86	-39900.63	1.89021	-29338.86	-39900.63	1.89021	4.998	0.00
0.00	-29338.99	-39900.24	1.89035	-29338.99	-39900.24	1.89035	5.141	0.00
0.00	-29339.10	-39899.87	1.89022	-29339.10	-39899.87	1.89022	5.517	0.00
0.00	-29339.24	-39899.46	1.89024	-29339.24	-39899.46	1.89024	5.264	0.00
0.00	-29339.36	-39899.07	1.89051	-29339.36	-39899.07	1.89051	5.231	0.00
0.00	-29339.50	-39898.63	1.89055	-29339.50	-39898.63	1.89055	5.143	0.00
0.00	-29339.63	-39898.22	1.89056	-29339.63	-39898.22	1.89056	5.140	0.00
0.00	-29339.76	-39897.83	1.89059	-29339.76	-39897.83	1.89059	5.329	0.00
0.00	-29339.89	-39897.43	1.89036	-29339.89	-39897.43	1.89036	5.281	0.00
0.00	-29340.02	-39897.00	1.88978	-29340.02	-39897.00	1.88978	5.038	0.00
0.00	-29340.14	-39896.61	1.88889	-29340.14	-39896.61	1.88889	5.002	0.00
0.00	-29340.26	-39896.22	1.88770	-29340.26	-39896.22	1.88770	5.158	0.00
0.00	-29340.38	-39895.83	1.88652	-29340.38	-39895.83	1.88652	5.300	0.00
0.00	-29340.49	-39895.46	1.88536	-29340.49	-39895.46	1.88536	5.203	0.00
0.00	-29340.63	-39895.00	1.88386	-29340.63	-39895.00	1.88386	5.372	0.00
0.00	-29340.75	-39894.59	1.88210	-29340.75	-39894.59	1.88210	5.405	0.00
0.00	-29340.88	-39894.15	1.88035	-29340.88	-39894.15	1.88035	5.169	0.00
0.00	-29340.98	-39893.77	1.87854	-29340.98	-39893.77	1.87854	5.512	0.00
0.00	-29341.08	-39893.42	1.87713	-29341.08	-39893.42	1.87713	5.474	0.00
0.00	-29341.21	-39893.00	1.87587	-29341.21	-39893.00	1.87587	5.614	0.00
0.00	-29341.33	-39892.55	1.87451	-29341.33	-39892.55	1.87451	5.256	0.00
0.00	-29341.46	-39892.12	1.87329	-29341.46	-39892.12	1.87329	5.406	0.00
0.00	-29341.58	-39891.68	1.87213	-29341.58	-39891.68	1.87213	5.490	0.00
0.00	-29341.69	-39891.29	1.87068	-29341.69	-39891.29	1.87068	5.150	0.00
0.00	-29341.83	-39890.83	1.86907	-29341.83	-39890.83	1.86907	5.193	0.00
0.00	-29341.96	-39890.37	1.86799	-29341.96	-39890.37	1.86799	5.248	0.00
0.00	-29342.09	-39889.92	1.86771	-29342.09	-39889.92	1.86771	5.462	0.00
0.00	-29342.22	-39889.47	1.86772	-29342.22	-39889.47	1.86772	6.032	0.00
0.00	-29342.36	-39889.02	1.86782	-29342.36	-39889.02	1.86782	5.780	0.00
0.00	-29342.49	-39888.59	1.86830	-29342.49	-39888.59	1.86830	5.878	0.00
0.00	-29342.63	-39888.17	1.86973	-29342.63	-39888.17	1.86973	5.641	0.00
0.00	-29342.76	-39887.75	1.87210	-29342.76	-39887.75	1.87210	5.652	0.00
0.00	-29342.91	-39887.32	1.87471	-29342.91	-39887.32	1.87471	5.637	0.00
0.00	-29343.06	-39886.87	1.87734	-29343.06	-39886.87	1.87734	5.920	0.00
0.00	-29343.21	-39886.43	1.88024	-29343.21	-39886.43	1.88024	5.572	0.00
0.00	-29343.35	-39886.04	1.88400	-29343.35	-39886.04	1.88400	5.599	0.00
0.00	-29343.49	-39885.64	1.88810	-29343.49	-39885.64	1.88810	6.219	0.00
0.00	-29343.65	-39885.22	1.89229	-29343.65	-39885.22	1.89229	5.863	0.00
0.00	-29343.79	-39884.84	1.89626	-29343.79	-39884.84	1.89626	5.967	0.00
0.00	-29343.93	-39884.45	1.89985	-29343.93	-39884.45	1.89985	5.682	0.00
0.00	-29344.09	-39884.04	1.90350	-29344.09	-39884.04	1.90350	5.739	0.00
0.00	-29344.24	-39883.65	1.90667	-29344.24	-39883.65	1.90667	5.703	0.00
0.00	-29344.37	-39883.28	1.90900	-29344.37	-39883.28	1.90900	5.831	0.00
0.00	-29344.53	-39882.85	1.91064	-29344.53	-39882.85	1.91064	5.765	0.00
0.00	-29344.69	-39882.40	1.91202	-29344.69	-39882.40	1.91202	5.962	0.00
0.00	-29344.83	-39882.01	1.91318	-29344.83	-39882.01	1.91318	5.420	0.00
0.00	-29344.97	-39881.62	1.91396	-29344.97	-39881.62	1.91396	5.443	0.00
0.00	-29345.12	-39881.19	1.91417	-29345.12	-39881.19	1.91417	5.377	0.00
0.00	-29345.27	-39880.77	1.91385	-29345.27	-39880.77	1.91385	5.559	0.00
0.00	-29345.41	-39880.35	1.91336	-29345.41	-39880.35	1.91336	5.814	0.00
0.00	-29345.55	-39879.94	1.91262	-29345.55	-39879.94	1.91262	5.846	0.00
0.00	-29345.69	-39879.51	1.91134	-29345.69	-39879.51	1.91134	5.844	0.00
0.00	-29345.81	-39879.13	1.90969	-29345.81	-39879.13	1.90969	5.899	0.00
0.00	-29345.98	-39878.62	1.90738	-29345.98	-39878.62	1.90738	6.129	0.00
0.00	-29346.14	-39878.12	1.90524	-29346.14	-39878.12	1.90524	6.197	0.00
0.00	-29346.29	-39877.65	1.90346	-29346.29	-39877.65	1.90346	5.924	0.00
0.00	-29346.44	-39877.16	1.90183	-29346.44	-39877.16	1.90183	5.709	0.00
0.00	-29346.54	-39876.84	1.90067	-29346.54	-39876.84	1.90067	5.739	0.00
0.00	-29346.66	-39876.45	1.89975	-29346.66	-39876.45	1.89975	5.819	0.00
0.00	-29346.81	-39875.97	1.89889	-29346.81	-39875.97	1.89889	5.786	0.00
0.00	-29346.95	-39875.52	1.89800	-29346.95	-39875.52	1.89800	5.840	0.00
0.00	-29347.11	-39875.02	1.89706	-29347.11	-39875.02	1.89706	5.842	0.00
0.00	-29347.24	-39874.61	1.89641	-29347.24	-39874.61	1.89641	5.969	0.00
0.00	-29347.37	-39874.21	1.89630	-29347.37	-39874.21	1.89630	6.118	0.00
0.00	-29347.53	-39873.71	1.89621	-29347.53	-39873.71	1.89621	6.179	0.00
0.00	-29347.68	-39873.23	1.89619	-29347.68	-39873.23	1.89619	6.288	0.00
0.00	-29347.80	-39872.86	1.89645	-29347.80	-39872.86	1.89645	5.843	0.00
0.00	-29347.94	-39872.45	1.89708	-29347.94	-39872.45	1.89708	5.682	0.00
0.00	-29348.10	-39871.99	1.89798	-29348.10	-39871.99	1.89798	5.931	0.00
0.00	-29348.24	-39871.56	1.89890	-29348.24	-39871.56	1.89890	5.763	0.00
0.00	-29348.38	-39871.14	1.89976	-29348.38	-39871.14	1.89976	5.623	0.00
0.00	-29348.52	-39870.72	1.90060	-29348.52	-39870.72	1.90060	5.702	0.00
0.00	-29348.66	-39870.34	1.90143	-29348.66	-39870.34	1.90143	6.599	0.00
0.00	-29348.80	-39869.91	1.90221	-29348.80	-39869.91	1.90221	5.604	0.00
0.00	-29348.96	-39869.44	1.90276	-29348.96	-39869.44	1.90276	5.974	0.00
0.00	-29349.13	-39868.96	1.90300	-29349.13	-39868.96	1.90300	6.268	0.00
0.00	-29349.28	-39868.51	1.90319	-29349.28	-39868.51	1.90319	6.281	0.00
0.00	-29349.44	-39868.04	1.90338	-29349.44	-39868.04	1.90338	6.158	0.00
0.00	-29349.58	-39867.62	1.90349	-29349.58	-39867.62	1.90349	6.041	0.00
0.00	-29349.75	-39867.13	1.90346	-29349.75	-39867.13	1.90346	5.818	0.00
0.00	-29349.87	-39866.76	1.90336	-29349.87	-39866.76	1.90336	5.787	0.00
0.00	-29349.99	-39866.41	1.90323	-29349.99	-39866.41	1.90323	5.714	0.00
0.00	-29350.13	-39865.99	1.90308	-29350.13	-39865.99	1.90308	5.720	0.00
0.00	-29350.29	-39865.52	1.90289	-29350.29	-39865.52	1.90289	5.987	0.00
0.00	-29350.41	-39865.14	1.90275	-29350.41	-39865.14	1.90275	5.819	0.00
0.00	-29350.55	-39864.73	1.90251	-29350.55	-39864.73	1.90251	6.063	0.00
0.00	-29350.69	-39864.31	1.90214	-29350.69	-39864.31	1.90214	6.002	0.00
0.00	-29350.83	-39863.89	1.90187	-29350.83	-39863.89	1.90187	6.548	0.00
0.00	-29350.97	-39863.45	1.90163	-29350.97	-39863.45	1.90163	6.044	0.00
0.00	-29351.11	-39863.03	1.90135	-29351.11	-39863.03	1.90135	6.619	0.00
0.00	-29351.26	-39862.58	1.90097	-29351.26	-39862.58	1.90097	6.025	0.00
0.00	-29351.40	-39862.17	1.90069	-29351.40	-39862.17	1.90069	6.226	0.00
0.00	-29351.53	-39861.76	1.90042	-29351.53	-39861.76	1.90042	6.031	0.00
0.00	-29351.67	-39861.34	1.89999	-29351.67	-39861.34	1.89999	5.728	0.00
0.00	-29351.81	-39860.92	1.89942	-29351.81	-39860.92	1.89942	6.765	0.00
0.00	-29351.95	-39860.49	1.89881	-29351.95	-39860.49	1.89881	6.364	0.00
0.00	-29352.09	-39860.06	1.89833	-29352.09	-39860.06	1.89833	6.368	0.00
0.00	-29352.22	-39859.64	1.89796	-29352.22	-39859.64	1.89796	11.740	0.00
0.00	-29352.36	-39859.23	1.89757	-29352.36	-39859.23	1.89757	6.675	0.00
0.00	-29352.50	-39858.80	1.89691	-29352.50	-39858.80	1.89691	11.671	0.00
0.00	-29352.63	-39858.38	1.89612	-29352.63	-39858.38	1.89612	6.525	0.00
0.00	-29352.78	-39857.92	1.89553	-29352.78	-39857.92	1.89553	6.278	0.00
0.00	-29352.91	-39857.52	1.89535	-29352.91	-39857.52	1.89535	6.051	0.00
0.00	-29353.05	-39857.11	1.89516	-29353.05	-39857.11	1.89516	6.003	0.00
0.00	-29353.18	-39856.69	1.89483	-29353.18	-39856.69	1.89483	6.129	0.00
0.00	-29353.31	-39856.28	1.89440	-29353.31	-39856.28	1.89440	6.758	0.00
0.00	-29353.45	-39855.86	1.89405	-29353.45	-39855.86	1.89405	6.135	0.00
0.00	-29353.58	-39855.44	1.89383	-29353.58	-39855.44	1.89383	6.355	0.00
0.00	-29353.72	-39855.02	1.89355	-29353.72	-39855.02	1.89355	6.663	0.00
0.00	-29353.85	-39854.60	1.89322	-29353.85	-39854.60	1.89322	12.164	0.00
0.00	-29353.99	-39854.18	1.89295	-29353.99	-39854.18	1.89295	7.235	0.00
0.00	-29354.13	-39853.74	1.89251	-29354.13	-39853.74	1.89251	12.410	0.00
0.00	-29354.27	-39853.31	1.89202	-29354.27	-39853.31	1.89202	6.933	0.00
0.00	-29354.40	-39852.89	1.89162	-29354.40	-39852.89	1.89162	6.832	0.00
0.00	-29354.55	-39852.43	1.89134	-29354.55	-39852.43	1.89134	6.189	0.00
0.00	-29354.68	-39852.02	1.89126	-29354.68	-39852.02	1.89126	6.264	0.00
0.00	-29354.81	-39851.61	1.89109	-29354.81	-39851.61	1.89109	7.331	0.00
0.00	-29354.94	-39851.21	1.89078	-29354.94	-39851.21	1.89078	6.661	0.00
0.00	-29355.07	-39850.79	1.89048	-29355.07	-39850.79	1.89048	6.577	0.00
0.00	-29355.21	-39850.37	1.89024	-29355.21	-39850.37	1.89024	6.500	0.00
0.00	-29355.34	-39849.95	1.89011	-29355.34	-39849.95	1.89011	6.511	0.00
0.00	-29355.47	-39849.53	1.88982	-29355.47	-39849.53	1.88982	12.519	0.00
0.00	-29355.61	-39849.10	1.88910	-29355.61	-39849.10	1.88910	6.799	0.00
0.00	-29355.74	-39848.68	1.88816	-29355.74	-39848.68	1.88816	12.485	0.00
0.00	-29355.89	-39848.23	1.88739	-29355.89	-39848.23	1.88739	7.163	0.00
0.00	-29356.01	-39847.84	1.88692	-29356.01	-39847.84	1.88692	6.470	0.00
0.00	-29356.14	-39847.43	1.88657	-29356.14	-39847.43	1.88657	6.680	0.00
0.00	-29356.27	-39847.02	1.88623	-29356.27	-39847.02	1.88623	6.680	0.00
0.00	-29356.40	-39846.61	1.88586	-29356.40	-39846.61	1.88586	6.555	0.00
0.00	-29356.53	-39846.21	1.88543	-29356.53	-39846.21	1.88543	7.039	0.00
0.00	-29356.66	-39845.80	1.88503	-29356.66	-39845.80	1.88503	7.431	0.00
0.00	-29356.78	-39845.39	1.88454	-29356.78	-39845.39	1.88454	13.131	0.00
0.00	-29356.91	-39844.97	1.88400	-29356.91	-39844.97	1.88400	7.340	0.00
0.00	-29357.04	-39844.56	1.88386	-29357.04	-39844.56	1.88386	13.545	0.00
0.00	-29357.17	-39844.16	1.88366	-29357.17	-39844.16	1.88366	7.551	0.00
0.00	-29357.31	-39843.72	1.88329	-29357.31	-39843.72	1.88329	6.904	0.00
0.00	-29357.42	-39843.34	1.88288	-29357.42	-39843.34	1.88288	7.439	0.00
0.00	-29357.55	-39842.95	1.88229	-29357.55	-39842.95	1.88229	6.773	0.00
0.00	-29357.67	-39842.55	1.88168	-29357.67	-39842.55	1.88168	6.953	0.00
0.00	-29357.79	-39842.16	1.88126	-29357.79	-39842.16	1.88126	6.975	0.00
0.00	-29357.92	-39841.76	1.88101	-29357.92	-39841.76	1.88101	6.903	0.00
0.00	-29358.04	-39841.37	1.88068	-29358.04	-39841.37	1.88068	7.093	0.00
0.00	-29358.52	-39839.87	1.88237	-29358.52	-39839.87	1.88237	8.567	0.00
0.00	-29358.67	-39839.41	1.88269	-29358.67	-39839.41	1.88269	7.010	0.00
0.00	-29358.68	-39839.36	1.88273	-29358.68	-39839.36	1.88273	7.392	0.00
0.00	-29358.67	-39839.40	1.88225	-29358.67	-39839.40	1.88225	6.932	0.00
0.00	-29358.68	-39839.35	1.88132	-29358.68	-39839.35	1.88132	7.031	0.00
0.00	-29358.73	-39839.18	1.87982	-29358.73	-39839.18	1.87982	15.017	0.00
0.00	-29358.88	-39838.67	1.87752	-29358.88	-39838.67	1.87752	7.811	0.00
0.00	-29358.98	-39838.30	1.87637	-29358.98	-39838.30	1.87637	13.763	0.00
0.00	-29359.14	-39837.81	1.87630	-29359.14	-39837.81	1.87630	7.394	0.00
0.00	-29359.23	-39837.49	1.87594	-29359.23	-39837.49	1.87594	7.042	0.00
0.00	-29359.36	-39837.09	1.87560	-29359.36	-39837.09	1.87560	7.648	0.00
0.00	-29359.47	-39836.72	1.87517	-29359.47	-39836.72	1.87517	14.889	0.00
0.00	-29359.58	-39836.35	1.87518	-29359.58	-39836.35	1.87518	22.039	0.00
0.00	-29359.69	-39835.99	1.87529	-29359.69	-39835.99	1.87529	8.707	0.00
0.00	-29359.81	-39835.60	1.87546	-29359.81	-39835.60	1.87546	8.944	0.00
0.00	-29359.94	-39835.20	1.87575	-29359.94	-39835.20	1.87575	7.662	0.00
0.00	-29360.05	-39834.81	1.87593	-29360.05	-39834.81	1.87593	7.237	0.00
0.00	-29360.16	-39834.47	1.87609	-29360.16	-39834.47	1.87609	7.615	0.00
0.00	-29360.28	-39834.09	1.87631	-29360.28	-39834.09	1.87631	7.271	0.00
0.00	-29360.39	-39833.72	1.87655	-29360.39	-39833.72	1.87655	7.422	0.00
0.00	-29360.59	-39833.07	1.87763	-29360.59	-39833.07	1.87763	7.504	0.00
0.00	-29360.63	-39832.96	1.87797	-29360.63	-39832.96	1.87797	22.736	0.00
0.00	-29360.75	-39832.57	1.87813	-29360.75	-39832.57	1.87813	9.183	0.00
0.00	-29360.86	-39832.22	1.87800	-29360.86	-39832.22	1.87800	14.728	0.00
0.00	-29360.97	-39831.86	1.87779	-29360.97	-39831.86	1.87779	8.671	0.00
0.00	-29361.09	-39831.46	1.87772	-29361.09	-39831.46	1.87772	8.029	0.00
0.00	-29361.20	-39831.10	1.87765	-29361.20	-39831.10	1.87765	14.856	0.00
0.00	-29361.31	-39830.74	1.87767	-29361.31	-39830.74	1.87767	8.566	0.00
0.00	-29361.44	-39830.33	1.87755	-29361.44	-39830.33	1.87755	8.070	0.00
0.00	-29361.55	-39829.97	1.87764	-29361.55	-39829.97	1.87764	8.261	0.00
0.00	-29361.65	-39829.64	1.87791	-29361.65	-39829.64	1.87791	14.344	0.00
0.00	-29361.83	-39829.09	1.87856	-29361.83	-39829.09	1.87856	22.794	0.00
0.00	-29361.91	-39828.83	1.87853	-29361.91	-39828.83	1.87853	9.215	0.00
0.00	-29362.02	-39828.48	1.87835	-29362.02	-39828.48	1.87835	22.737	0.00
0.00	-29362.13	-39828.11	1.87846	-29362.13	-39828.11	1.87846	8.866	0.00
0.00	-29362.25	-39827.72	1.87878	-29362.25	-39827.72	1.87878	7.804	0.00
0.00	-29362.38	-39827.30	1.87950	-29362.38	-39827.30	1.87950	7.777	0.00
0.00	-29362.49	-39826.96	1.88010	-29362.49	-39826.96	1.88010	26.371	0.00
0.00	-29362.60	-39826.60	1.88083	-29362.60	-39826.60	1.88083	9.102	0.00
0.00	-29362.74	-39826.17	1.88145	-29362.74	-39826.17	1.88145	15.849	0.00
0.00	-29362.85	-39825.80	1.88194	-29362.85	-39825.80	1.88194	8.720	0.00
0.00	-29363.15	-39824.86	1.88343	-29363.15	-39824.86	1.88343	8.262	0.00
0.00	-29363.16	-39824.84	1.88353	-29363.16	-39824.84	1.88353	8.424	0.00
0.00	-29363.20	-39824.71	1.88361	-29363.20	-39824.71	1.88361	8.017	0.00
0.00	-29363.33	-39824.30	1.88389	-29363.33	-39824.30	1.88389	22.402	0.00
0.00	-29363.46	-39823.89	1.88442	-29363.46	-39823.89	1.88442	16.188	0.00
0.00	-29363.58	-39823.50	1.88516	-29363.58	-39823.50	1.88516	8.928	0.00
0.00	-29363.69	-39823.15	1.88593	-29363.69	-39823.15	1.88593	8.502	0.00
0.00	-29363.81	-39822.79	1.88656	-29363.81	-39822.79	1.88656	15.719	0.00
0.00	-29363.92	-39822.42	1.88743	-29363.92	-39822.42	1.88743	8.544	0.00
0.00	-29364.05	-39822.03	1.88842	-29364.05	-39822.03	1.88842	22.923	0.00
0.00	-29364.18	-39821.64	1.88953	-29364.18	-39821.64	1.88953	9.177	0.00
0.00	-29364.31	-39821.24	1.89066	-29364.31	-39821.24	1.89066	8.119	0.00
0.00	-29364.42	-39820.90	1.89170	-29364.42	-39820.90	1.89170	8.277	0.00
0.00	-29364.54	-39820.53	1.89259	-29364.54	-39820.53	1.89259	7.867	0.00
0.00	-29364.67	-39820.14	1.89360	-29364.67	-39820.14	1.89360	8.122	0.00
0.00	-29364.78	-39819.78	1.89434	-29364.78	-39819.78	1.89434	15.921	0.00
0.00	-29364.90	-39819.42	1.89512	-29364.90	-39819.42	1.89512	9.233	0.00
0.00	-29365.02	-39819.07	1.89581	-29365.02	-39819.07	1.89581	24.733	0.00
0.00	-29365.13	-39818.71	1.89630	-29365.13	-39818.71	1.89630	16.902	0.00
0.00	-29365.27	-39818.32	1.89717	-29365.27	-39818.32	1.89717	9.288	0.00
0.00	-29365.38	-39817.97	1.89791	-29365.38	-39817.97	1.89791	23.553	0.00
0.00	-29365.50	-39817.62	1.89848	-29365.50	-39817.62	1.89848	9.153	0.00
0.00	-29365.62	-39817.26	1.89905	-29365.62	-39817.26	1.89905	15.760	0.00
0.00	-29365.74	-39816.91	1.89985	-29365.74	-39816.91	1.89985	8.546	0.00
0.00	-29365.86	-39816.54	1.90082	-29365.86	-39816.54	1.90082	8.306	0.00
0.00	-29366.01	-39816.09	1.90185	-29366.01	-39816.09	1.90185	10.204	0.00
0.00	-29366.09	-39815.85	1.90264	-29366.09	-39815.85	1.90264	13.050	0.00
0.00	-29366.22	-39815.49	1.90355	-29366.22	-39815.49	1.90355	16.045	0.00
0.00	-29366.34	-39815.14	1.90480	-29366.34	-39815.14	1.90480	9.319	0.00
0.00	-29366.47	-39814.75	1.90608	-29366.47	-39814.75	1.90608	9.056	0.00
0.00	-29366.58	-39814.43	1.90707	-29366.58	-39814.43	1.90707	8.540	0.00
0.00	-29366.70	-39814.09	1.90789	-29366.70	-39814.09	1.90789	8.589	0.00
0.00	-29366.82	-39813.75	1.90874	-29366.82	-39813.75	1.90874	17.229	0.00
0.00	-29366.95	-39813.37	1.90945	-29366.95	-39813.37	1.90945	9.054	0.00
0.00	-29367.05	-39813.08	1.91004	-29367.05	-39813.08	1.91004	9.470	0.00
0.00	-29367.18	-39812.71	1.91036	-29367.18	-39812.71	1.91036	17.641	0.00
0.00	-29367.31	-39812.32	1.91052	-29367.31	-39812.32	1.91052	9.071	0.00
0.00	-29367.41	-39812.02	1.91079	-29367.41	-39812.02	1.91079	8.624	0.00
0.00	-29367.54	-39811.66	1.91127	-29367.54	-39811.66	1.91127	8.877	0.00
0.00	-29367.66	-39811.30	1.91207	-29367.66	-39811.30	1.91207	9.434	0.00
0.00	-29367.77	-39811.00	1.91224	-29367.77	-39811.00	1.91224	9.034	0.00
0.00	-29367.87	-39810.69	1.91222	-29367.87	-39810.69	1.91222	18.329	0.00
0.00	-29367.99	-39810.36	1.91244	-29367.99	-39810.36	1.91244	10.035	0.00
0.00	-29368.11	-39810.02	1.91254	-29368.11	-39810.02	1.91254	10.294	0.00
0.00	-29368.22	-39809.68	1.91278	-29368.22	-39809.68	1.91278	18.317	0.00
0.00	-29368.35	-39809.32	1.91339	-29368.35	-39809.32	1.91339	17.823	0.00
0.00	-29368.47	-39808.97	1.91407	-29368.47	-39808.97	1.91407	10.043	0.00
0.00	-29368.56	-39808.71	1.91412	-29368.56	-39808.71	1.91412	9.214	0.00
0.00	-29368.78	-39808.07	1.91439	-29368.78	-39808.07	1.91439	17.900	0.00
0.00	-29368.79	-39808.06	1.91449	-29368.79	-39808.06	1.91449	11.118	0.00
0.00	-29368.92	-39807.68	1.91464	-29368.92	-39807.68	1.91464	9.402	0.00
0.00	-29369.03	-39807.37	1.91443	-29369.03	-39807.37	1.91443	10.535	0.00
0.00	-29369.14	-39807.05	1.91446	-29369.14	-39807.05	1.91446	18.107	0.00
0.00	-29369.25	-39806.73	1.91486	-29369.25	-39806.73	1.91486	9.853	0.00
0.00	-29369.36	-39806.41	1.91529	-29369.36	-39806.41	1.91529	18.142	0.00
0.00	-29369.48	-39806.08	1.91539	-29369.48	-39806.08	1.91539	10.859	0.00
0.00	-29369.60	-39805.72	1.91528	-29369.60	-39805.72	1.91528	17.640	0.00
0.00	-29369.71	-39805.42	1.91499	-29369.71	-39805.42	1.91499	11.096	0.00
0.00	-29369.82	-39805.10	1.91476	-29369.82	-39805.10	1.91476	16.941	0.00
0.00	-29369.93	-39804.79	1.91446	-29369.93	-39804.79	1.91446	10.205	0.00
0.00	-29370.04	-39804.47	1.91408	-29370.04	-39804.47	1.91408	26.787	0.00
0.00	-29370.15	-39804.15	1.91355	-29370.15	-39804.15	1.91355	10.078	0.00
0.00	-29370.25	-39803.84	1.91289	-29370.25	-39803.84	1.91289	18.040	0.00
0.00	-29370.36	-39803.53	1.91281	-29370.36	-39803.53	1.91281	18.457	0.00
0.00	-29370.47	-39803.21	1.91294	-29370.47	-39803.21	1.91294	18.728	0.00
0.00	-29370.58	-39802.89	1.91282	-29370.58	-39802.89	1.91282	9.736	0.00
0.00	-29370.80	-39802.45	1.92731	-29370.80	-39802.45	1.92731	23.724	0.00
0.00	-29371.03	-39802.01	1.94476	-29371.03	-39802.01	1.94476	18.829	0.00
0.00	-29371.19	-39801.73	1.95746	-29371.19	-39801.73	1.95746	19.170	0.00
0.00	-29371.37	-39801.38	1.96716	-29371.37	-39801.38	1.96716	9.374	0.00
0.00	-29371.51	-39801.12	1.97451	-29371.51	-39801.12	1.97451	8.862	0.00
0.00	-29371.64	-39800.86	1.98040	-29371.64	-39800.86	1.98040	27.746	0.00
0.00	-29371.77	-39800.58	1.98434	-29371.77	-39800.58	1.98434	10.613	0.00
0.00	-29371.92	-39800.27	1.98561	-29371.92	-39800.27	1.98561	9.423	0.00
0.00	-29372.04	-39799.99	1.98535	-29372.04	-39799.99	1.98535	18.691	0.00
0.00	-29372.17	-39799.66	1.98437	-29372.17	-39799.66	1.98437	10.306	0.00
0.00	-29372.28	-39799.39	1.98283	-29372.28	-39799.39	1.98283	19.013	0.00
0.00	-29372.38	-39799.13	1.98018	-29372.38	-39799.13	1.98018	21.787	0.00
0.00	-29372.53	-39798.74	1.97674	-29372.53	-39798.74	1.97674	19.834	0.00
0.00	-29372.64	-39798.46	1.97428	-29372.64	-39798.46	1.97428	9.799	0.00
0.00	-29372.76	-39798.14	1.97044	-29372.76	-39798.14	1.97044	9.181	0.00
0.00	-29372.84	-39797.89	1.96574	-29372.84	-39797.89	1.96574	28.360	0.00
0.00	-29372.93	-39797.63	1.96160	-29372.93	-39797.63	1.96160	20.657	0.00
0.00	-29373.02	-39797.36	1.95767	-29373.02	-39797.36	1.95767	22.915	0.00
0.00	-29373.12	-39797.07	1.95324	-29373.12	-39797.07	1.95324	10.479	0.00
0.00	-29373.22	-39796.78	1.94841	-29373.22	-39796.78	1.94841	29.055	0.00
0.00	-29373.31	-39796.49	1.94387	-29373.31	-39796.49	1.94387	21.905	0.00
0.00	-29373.41	-39796.20	1.93990	-29373.41	-39796.20	1.93990	20.539	0.00
0.00	-29373.52	-39795.86	1.93571	-29373.52	-39795.86	1.93571	19.898	0.00
0.00	-29373.61	-39795.59	1.93132	-29373.61	-39795.59	1.93132	10.395	0.00
0.00	-29373.69	-39795.31	1.92633	-29373.69	-39795.31	1.92633	19.276	0.00
0.00	-29373.79	-39795.00	1.92152	-29373.79	-39795.00	1.92152	19.712	0.00
0.00	-29373.87	-39794.73	1.91717	-29373.87	-39794.73	1.91717	19.957	0.00
0.00	-29373.96	-39794.44	1.91308	-29373.96	-39794.44	1.91308	20.388	0.00
0.00	-29374.07	-39794.10	1.90938	-29374.07	-39794.10	1.90938	10.340	0.00
0.00	-29374.16	-39793.81	1.90631	-29374.16	-39793.81	1.90631	9.191	0.00
0.00	-29374.25	-39793.53	1.90346	-29374.25	-39793.53	1.90346	20.245	0.00
0.00	-29374.33	-39793.28	1.90085	-29374.33	-39793.28	1.90085	21.017	0.00
0.00	-29374.43	-39792.96	1.89838	-29374.43	-39792.96	1.89838	489.169	0.00
0.00	-29375.02	-39791.10	1.89057	-29375.02	-39791.10	1.89057	3.321	0.00
0.00	-29375.03	-39791.07	1.89057	-29375.03	-39791.07	1.89057	2.122	0.00
0.00	-29374.89	-39791.49	1.89015	-29374.89	-39791.49	1.89015	2.195	0.00
0.00	-29374.96	-39791.27	1.88883	-29374.96	-39791.27	1.88883	2.074	0.00
0.00	-29375.05	-39790.97	1.88735	-29375.05	-39790.97	1.88735	2.075	0.00
0.00	-29375.13	-39790.74	1.88611	-29375.13	-39790.74	1.88611	2.011	0.00
0.00	-29375.21	-39790.47	1.88483	-29375.21	-39790.47	1.88483	2.433	0.00
