0.00	-30219.39	-39913.41	0.35000	-30219.39	-39913.41	0.35000	3.076	0.00
0.00	-30219.31	-39913.40	0.34810	-30219.31	-39913.40	0.34810	2.558	0.00
0.00	-30219.31	-39913.48	0.10986	-30219.31	-39913.48	0.10986	2.470	0.00
0.00	-30219.36	-39913.59	-0.09587	-30219.36	-39913.59	-0.09587	2.163	0.00
0.00	-30219.46	-39913.72	-0.28850	-30219.46	-39913.72	-0.28850	2.232	0.00
0.00	-30219.59	-39913.84	-0.47015	-30219.59	-39913.84	-0.47015	2.122	0.00
0.00	-30219.73	-39913.97	-0.64487	-30219.73	-39913.97	-0.64487	2.247	0.00
0.00	-30219.88	-39914.08	-0.81118	-30219.88	-39914.08	-0.81118	2.256	0.00
0.00	-30220.04	-39914.19	-0.96775	-30220.04	-39914.19	-0.96775	2.254	0.00
0.00	-30220.19	-39914.30	-1.11372	-30220.19	-39914.30	-1.11372	2.107	0.00
0.00	-30220.35	-39914.40	-1.24883	-30220.35	-39914.40	-1.24883	2.201	0.00
0.00	-30220.51	-39914.50	-1.37321	-30220.51	-39914.50	-1.37321	2.370	0.00
0.00	-30220.66	-39914.60	-1.47951	-30220.66	-39914.60	-1.47951	2.329	0.00
0.00	-30220.83	-39914.72	-1.59730	-30220.83	-39914.72	-1.59730	2.160	0.00
0.00	-30221.02	-39914.84	-1.70457	-30221.02	-39914.84	-1.70457	2.221	0.00
0.00	-30221.20	-39914.96	-1.79890	-30221.20	-39914.96	-1.79890	3.364	0.00
0.00	-30221.36	-39915.05	-1.87381	-30221.36	-39915.05	-1.87381	2.155	0.00
0.00	-30221.53	-39915.14	-1.93997	-30221.53	-39915.14	-1.93997	2.373	0.00
0.00	-30221.69	-39915.24	-2.00011	-30221.69	-39915.24	-2.00011	2.233	0.00
0.00	-30221.88	-39915.32	-2.06632	-30221.88	-39915.32	-2.06632	2.198	0.00
0.00	-30222.06	-39915.41	-2.12192	-30222.06	-39915.41	-2.12192	2.270	0.00
0.00	-30222.26	-39915.53	-2.17005	-30222.26	-39915.53	-2.17005	2.258	0.00
0.00	-30222.43	-39915.63	-2.20711	-30222.43	-39915.63	-2.20711	2.275	0.00
0.00	-30222.59	-39915.72	-2.24212	-30222.59	-39915.72	-2.24212	2.718	0.00
0.00	-30222.76	-39915.80	-2.27491	-30222.76	-39915.80	-2.27491	2.627	0.00
0.00	-30222.94	-39915.88	-2.31064	-30222.94	-39915.88	-2.31064	2.136	0.00
0.00	-30223.11	-39915.97	-2.33739	-30223.11	-39915.97	-2.33739	2.259	0.00
0.00	-30223.29	-39916.06	-2.36245	-30223.29	-39916.06	-2.36245	2.285	0.00
0.00	-30223.47	-39916.15	-2.38592	-30223.47	-39916.15	-2.38592	2.335	0.00
0.00	-30223.64	-39916.23	-2.40779	-30223.64	-39916.23	-2.40779	2.101	0.00
0.00	-30223.82	-39916.31	-2.42804	-30223.82	-39916.31	-2.42804	2.440	0.00
0.00	-30224.00	-39916.38	-2.45036	-30224.00	-39916.38	-2.45036	2.250	0.00
0.00	-30224.16	-39916.45	-2.46671	-30224.16	-39916.45	-2.46671	2.157	0.00
0.00	-30224.37	-39916.56	-2.48289	-30224.37	-39916.56	-2.48289	2.196	0.00
0.00	-30224.58	-39916.65	-2.50091	-30224.58	-39916.65	-2.50091	2.139	0.00
0.00	-30224.77	-39916.75	-2.51431	-30224.77	-39916.75	-2.51431	2.040	0.00
0.00	-30224.93	-39916.82	-2.52661	-30224.93	-39916.82	-2.52661	2.228	0.00
0.00	-30225.10	-39916.89	-2.53781	-30225.10	-39916.89	-2.53781	2.202	0.00
0.00	-30225.26	-39916.97	-2.54768	-30225.26	-39916.97	-2.54768	2.078	0.00
0.00	-30225.43	-39917.04	-2.55656	-30225.43	-39917.04	-2.55656	2.149	0.00
0.00	-30225.60	-39917.12	-2.56498	-30225.60	-39917.12	-2.56498	2.280	0.00
0.00	-30225.78	-39917.20	-2.57318	-30225.78	-39917.20	-2.57318	2.771	0.00
0.00	-30225.95	-39917.28	-2.58110	-30225.95	-39917.28	-2.58110	2.254	0.00
0.00	-30226.13	-39917.36	-2.58863	-30226.13	-39917.36	-2.58863	2.312	0.00
0.00	-30226.30	-39917.44	-2.59558	-30226.30	-39917.44	-2.59558	2.306	0.00
0.00	-30226.52	-39917.54	-2.60315	-30226.52	-39917.54	-2.60315	2.457	0.00
0.00	-30226.69	-39917.61	-2.60885	-30226.69	-39917.61	-2.60885	2.447	0.00
0.00	-30226.86	-39917.69	-2.61417	-30226.86	-39917.69	-2.61417	2.304	0.00
0.00	-30227.03	-39917.77	-2.61920	-30227.03	-39917.77	-2.61920	2.184	0.00
0.00	-30227.20	-39917.84	-2.62409	-30227.20	-39917.84	-2.62409	2.113	0.00
0.00	-30227.37	-39917.92	-2.62887	-30227.37	-39917.92	-2.62887	2.245	0.00
0.00	-30227.54	-39918.00	-2.63345	-30227.54	-39918.00	-2.63345	2.056	0.00
0.00	-30227.71	-39918.07	-2.63779	-30227.71	-39918.07	-2.63779	2.144	0.00
0.00	-30227.91	-39918.16	-2.64268	-30227.91	-39918.16	-2.64268	2.143	0.00
0.00	-30228.11	-39918.26	-2.64665	-30228.11	-39918.26	-2.64665	2.352	0.00
0.00	-30228.29	-39918.34	-2.65048	-30228.29	-39918.34	-2.65048	2.593	0.00
0.00	-30228.45	-39918.41	-2.65420	-30228.45	-39918.41	-2.65420	2.213	0.00
0.00	-30228.60	-39918.48	-2.65788	-30228.60	-39918.48	-2.65788	2.233	0.00
0.00	-30228.76	-39918.55	-2.66146	-30228.76	-39918.55	-2.66146	2.137	0.00
0.00	-30228.93	-39918.62	-2.66494	-30228.93	-39918.62	-2.66494	2.100	0.00
0.00	-30229.09	-39918.69	-2.66828	-30229.09	-39918.69	-2.66828	2.059	0.00
0.00	-30229.25	-39918.76	-2.67191	-30229.25	-39918.76	-2.67191	2.111	0.00
0.00	-30229.42	-39918.84	-2.67493	-30229.42	-39918.84	-2.67493	2.201	0.00
0.00	-30229.58	-39918.91	-2.67788	-30229.58	-39918.91	-2.67788	2.191	0.00
0.00	-30229.75	-39918.98	-2.68121	-30229.75	-39918.98	-2.68121	2.222	0.00
0.00	-30229.92	-39919.06	-2.68410	-30229.92	-39919.06	-2.68410	2.171	0.00
0.00	-30230.08	-39919.14	-2.68702	-30230.08	-39919.14	-2.68702	2.197	0.00
0.00	-30230.29	-39919.23	-2.69044	-30230.29	-39919.23	-2.69044	2.246	0.00
0.00	-30230.45	-39919.30	-2.69342	-30230.45	-39919.30	-2.69342	2.196	0.00
0.00	-30230.62	-39919.37	-2.69608	-30230.62	-39919.37	-2.69608	2.257	0.00
0.00	-30230.79	-39919.45	-2.69867	-30230.79	-39919.45	-2.69867	2.152	0.00
0.00	-30230.95	-39919.52	-2.70147	-30230.95	-39919.52	-2.70147	2.113	0.00
0.00	-30231.13	-39919.60	-2.70402	-30231.13	-39919.60	-2.70402	2.097	0.00
0.00	-30231.33	-39919.68	-2.70681	-30231.33	-39919.68	-2.70681	2.031	0.00
0.00	-30231.52	-39919.77	-2.70936	-30231.52	-39919.77	-2.70936	1.994	0.00
0.00	-30231.69	-39919.84	-2.71178	-30231.69	-39919.84	-2.71178	2.246	0.00
0.00	-30231.83	-39919.90	-2.71458	-30231.83	-39919.90	-2.71458	2.135	0.00
0.00	-30231.99	-39919.97	-2.71705	-30231.99	-39919.97	-2.71705	3.076	0.00
0.00	-30232.15	-39920.03	-2.71939	-30232.15	-39920.03	-2.71939	2.062	0.00
0.00	-30232.31	-39920.10	-2.72169	-30232.31	-39920.10	-2.72169	2.005	0.00
0.00	-30232.47	-39920.17	-2.72400	-30232.47	-39920.17	-2.72400	2.116	0.00
0.00	-30232.64	-39920.24	-2.72635	-30232.64	-39920.24	-2.72635	2.131	0.00
0.00	-30232.81	-39920.31	-2.72877	-30232.81	-39920.31	-2.72877	2.066	0.00
0.00	-30232.97	-39920.38	-2.73122	-30232.97	-39920.38	-2.73122	2.030	0.00
0.00	-30233.14	-39920.45	-2.73348	-30233.14	-39920.45	-2.73348	2.075	0.00
0.00	-30233.30	-39920.52	-2.73605	-30233.30	-39920.52	-2.73605	2.037	0.00
0.00	-30233.47	-39920.59	-2.73854	-30233.47	-39920.59	-2.73854	2.063	0.00
0.00	-30233.63	-39920.65	-2.74109	-30233.63	-39920.65	-2.74109	2.037	0.00
0.00	-30233.79	-39920.72	-2.74368	-30233.79	-39920.72	-2.74368	2.084	0.00
0.00	-30233.96	-39920.79	-2.74630	-30233.96	-39920.79	-2.74630	1.999	0.00
0.00	-30234.12	-39920.85	-2.74894	-30234.12	-39920.85	-2.74894	2.040	0.00
0.00	-30234.31	-39920.93	-2.75172	-30234.31	-39920.93	-2.75172	2.224	0.00
0.00	-30234.50	-39921.00	-2.75427	-30234.50	-39921.00	-2.75427	2.192	0.00
0.00	-30234.69	-39921.08	-2.75684	-30234.69	-39921.08	-2.75684	2.168	0.00
0.00	-30234.88	-39921.15	-2.75937	-30234.88	-39921.15	-2.75937	2.249	0.00
0.00	-30235.03	-39921.21	-2.76195	-30235.03	-39921.21	-2.76195	2.086	0.00
0.00	-30235.18	-39921.27	-2.76448	-30235.18	-39921.27	-2.76448	2.052	0.00
0.00	-30235.33	-39921.33	-2.76700	-30235.33	-39921.33	-2.76700	2.077	0.00
0.00	-30235.49	-39921.39	-2.76950	-30235.49	-39921.39	-2.76950	2.063	0.00
0.00	-30235.65	-39921.45	-2.77195	-30235.65	-39921.45	-2.77195	2.084	0.00
0.00	-30235.80	-39921.51	-2.77440	-30235.80	-39921.51	-2.77440	2.084	0.00
0.00	-30235.96	-39921.57	-2.77670	-30235.96	-39921.57	-2.77670	2.205	0.00
0.00	-30236.13	-39921.63	-2.77894	-30236.13	-39921.63	-2.77894	2.152	0.00
0.00	-30236.28	-39921.69	-2.78118	-30236.28	-39921.69	-2.78118	2.058	0.00
0.00	-30236.45	-39921.75	-2.78340	-30236.45	-39921.75	-2.78340	2.088	0.00
0.00	-30236.61	-39921.81	-2.78558	-30236.61	-39921.81	-2.78558	2.077	0.00
0.00	-30236.77	-39921.87	-2.78778	-30236.77	-39921.87	-2.78778	2.155	0.00
0.00	-30236.93	-39921.93	-2.78982	-30236.93	-39921.93	-2.78982	2.195	0.00
0.00	-30237.10	-39921.99	-2.79166	-30237.10	-39921.99	-2.79166	2.223	0.00
0.00	-30237.25	-39922.04	-2.79345	-30237.25	-39922.04	-2.79345	2.090	0.00
0.00	-30237.42	-39922.10	-2.79509	-30237.42	-39922.10	-2.79509	2.050	0.00
0.00	-30237.57	-39922.15	-2.79672	-30237.57	-39922.15	-2.79672	2.077	0.00
0.00	-30237.75	-39922.22	-2.79832	-30237.75	-39922.22	-2.79832	2.169	0.00
0.00	-30237.95	-39922.29	-2.79996	-30237.95	-39922.29	-2.79996	2.139	0.00
0.00	-30238.17	-39922.37	-2.80154	-30238.17	-39922.37	-2.80154	2.434	0.00
0.00	-30238.32	-39922.42	-2.80284	-30238.32	-39922.42	-2.80284	2.318	0.00
0.00	-30238.46	-39922.47	-2.80399	-30238.46	-39922.47	-2.80399	2.173	0.00
0.00	-30238.60	-39922.52	-2.80507	-30238.60	-39922.52	-2.80507	2.258	0.00
0.00	-30238.76	-39922.57	-2.80614	-30238.76	-39922.57	-2.80614	2.050	0.00
0.00	-30238.91	-39922.63	-2.80724	-30238.91	-39922.63	-2.80724	2.060	0.00
0.00	-30239.07	-39922.68	-2.80834	-30239.07	-39922.68	-2.80834	2.085	0.00
0.00	-30239.23	-39922.74	-2.80940	-30239.23	-39922.74	-2.80940	2.071	0.00
0.00	-30239.38	-39922.79	-2.81041	-30239.38	-39922.79	-2.81041	2.220	0.00
0.00	-30239.55	-39922.85	-2.81131	-30239.55	-39922.85	-2.81131	2.181	0.00
0.00	-30239.71	-39922.90	-2.81210	-30239.71	-39922.90	-2.81210	2.041	0.00
0.00	-30239.87	-39922.96	-2.81286	-30239.87	-39922.96	-2.81286	1.960	0.00
0.00	-30240.03	-39923.01	-2.81369	-30240.03	-39923.01	-2.81369	2.039	0.00
0.00	-30240.18	-39923.06	-2.81463	-30240.18	-39923.06	-2.81463	2.108	0.00
0.00	-30240.34	-39923.12	-2.81557	-30240.34	-39923.12	-2.81557	2.040	0.00
0.00	-30240.49	-39923.17	-2.81642	-30240.49	-39923.17	-2.81642	3.191	0.00
0.00	-30240.65	-39923.22	-2.81706	-30240.65	-39923.22	-2.81706	2.257	0.00
0.00	-30240.80	-39923.27	-2.81754	-30240.80	-39923.27	-2.81754	2.020	0.00
0.00	-30240.97	-39923.33	-2.81801	-30240.97	-39923.33	-2.81801	2.130	0.00
0.00	-30241.16	-39923.40	-2.81858	-30241.16	-39923.40	-2.81858	2.062	0.00
0.00	-30241.34	-39923.46	-2.81924	-30241.34	-39923.46	-2.81924	2.100	0.00
0.00	-30241.49	-39923.51	-2.81994	-30241.49	-39923.51	-2.81994	2.095	0.00
0.00	-30241.63	-39923.55	-2.82061	-30241.63	-39923.55	-2.82061	2.084	0.00
0.00	-30241.80	-39923.61	-2.82108	-30241.80	-39923.61	-2.82108	2.220	0.00
0.00	-30241.96	-39923.66	-2.82148	-30241.96	-39923.66	-2.82148	2.134	0.00
0.00	-30242.10	-39923.71	-2.82188	-30242.10	-39923.71	-2.82188	2.130	0.00
0.00	-30242.26	-39923.76	-2.82234	-30242.26	-39923.76	-2.82234	2.122	0.00
0.00	-30242.41	-39923.81	-2.82292	-30242.41	-39923.81	-2.82292	2.047	0.00
0.00	-30242.57	-39923.86	-2.82357	-30242.57	-39923.86	-2.82357	2.062	0.00
0.00	-30242.69	-39923.90	-2.82415	-30242.69	-39923.90	-2.82415	2.101	0.00
0.00	-30242.89	-39923.97	-2.82475	-30242.89	-39923.97	-2.82475	2.045	0.00
0.00	-30243.05	-39924.02	-2.82519	-30243.05	-39924.02	-2.82519	2.566	0.00
0.00	-30243.19	-39924.07	-2.82559	-30243.19	-39924.07	-2.82559	2.087	0.00
0.00	-30243.35	-39924.12	-2.82599	-30243.35	-39924.12	-2.82599	2.171	0.00
0.00	-30243.51	-39924.17	-2.82646	-30243.51	-39924.17	-2.82646	1.987	0.00
0.00	-30243.66	-39924.22	-2.82698	-30243.66	-39924.22	-2.82698	2.068	0.00
0.00	-30243.82	-39924.27	-2.82747	-30243.82	-39924.27	-2.82747	2.144	0.00
0.00	-30243.96	-39924.32	-2.82793	-30243.96	-39924.32	-2.82793	2.164	0.00
0.00	-30244.15	-39924.38	-2.82839	-30244.15	-39924.38	-2.82839	2.102	0.00
0.00	-30244.34	-39924.44	-2.82893	-30244.34	-39924.44	-2.82893	2.112	0.00
0.00	-30244.50	-39924.49	-2.82943	-30244.50	-39924.49	-2.82943	2.249	0.00
0.00	-30244.64	-39924.54	-2.82991	-30244.64	-39924.54	-2.82991	2.130	0.00
0.00	-30244.78	-39924.59	-2.83046	-30244.78	-39924.59	-2.83046	2.061	0.00
0.00	-30244.92	-39924.63	-2.83100	-30244.92	-39924.63	-2.83100	2.004	0.00
0.00	-30245.07	-39924.68	-2.83157	-30245.07	-39924.68	-2.83157	2.112	0.00
0.00	-30245.26	-39924.74	-2.83217	-30245.26	-39924.74	-2.83217	3.550	0.00
0.00	-30245.41	-39924.79	-2.83278	-30245.41	-39924.79	-2.83278	2.358	0.00
0.00	-30245.56	-39924.83	-2.83340	-30245.56	-39924.83	-2.83340	2.323	0.00
0.00	-30245.70	-39924.88	-2.83392	-30245.70	-39924.88	-2.83392	2.150	0.00
0.00	-30245.85	-39924.93	-2.83437	-30245.85	-39924.93	-2.83437	2.166	0.00
0.00	-30246.00	-39924.97	-2.83486	-30246.00	-39924.97	-2.83486	2.087	0.00
0.00	-30246.16	-39925.02	-2.83541	-30246.16	-39925.02	-2.83541	2.167	0.00
0.00	-30246.30	-39925.07	-2.83600	-30246.30	-39925.07	-2.83600	1.943	0.00
0.00	-30246.45	-39925.12	-2.83662	-30246.45	-39925.12	-2.83662	2.052	0.00
0.00	-30246.61	-39925.17	-2.83715	-30246.61	-39925.17	-2.83715	2.422	0.00
0.00	-30246.76	-39925.21	-2.83755	-30246.76	-39925.21	-2.83755	2.229	0.00
0.00	-30246.91	-39925.26	-2.83797	-30246.91	-39925.26	-2.83797	2.039	0.00
0.00	-30247.05	-39925.30	-2.83834	-30247.05	-39925.30	-2.83834	2.101	0.00
0.00	-30247.23	-39925.36	-2.83873	-30247.23	-39925.36	-2.83873	2.101	0.00
0.00	-30247.40	-39925.42	-2.83915	-30247.40	-39925.42	-2.83915	2.091	0.00
0.00	-30247.56	-39925.47	-2.83960	-30247.56	-39925.47	-2.83960	2.074	0.00
0.00	-30247.69	-39925.51	-2.84006	-30247.69	-39925.51	-2.84006	2.142	0.00
0.00	-30247.82	-39925.55	-2.84046	-30247.82	-39925.55	-2.84046	2.205	0.00
0.00	-30247.96	-39925.59	-2.84090	-30247.96	-39925.59	-2.84090	2.059	0.00
0.00	-30248.10	-39925.63	-2.84131	-30248.10	-39925.63	-2.84131	2.248	0.00
0.00	-30248.24	-39925.68	-2.84176	-30248.24	-39925.68	-2.84176	2.031	0.00
0.00	-30248.40	-39925.72	-2.84221	-30248.40	-39925.72	-2.84221	2.115	0.00
0.00	-30248.54	-39925.77	-2.84263	-30248.54	-39925.77	-2.84263	2.185	0.00
0.00	-30248.69	-39925.81	-2.84308	-30248.69	-39925.81	-2.84308	2.110	0.00
0.00	-30248.87	-39925.87	-2.84362	-30248.87	-39925.87	-2.84362	2.190	0.00
0.00	-30249.01	-39925.91	-2.84412	-30249.01	-39925.91	-2.84412	2.261	0.00
0.00	-30249.12	-39925.95	-2.84454	-30249.12	-39925.95	-2.84454	2.119	0.00
0.00	-30249.30	-39926.00	-2.84502	-30249.30	-39926.00	-2.84502	2.124	0.00
0.00	-30249.45	-39926.05	-2.84541	-30249.45	-39926.05	-2.84541	2.195	0.00
0.00	-30249.60	-39926.09	-2.84580	-30249.60	-39926.09	-2.84580	2.177	0.00
0.00	-30249.74	-39926.13	-2.84624	-30249.74	-39926.13	-2.84624	2.015	0.00
0.00	-30249.89	-39926.18	-2.84668	-30249.89	-39926.18	-2.84668	2.111	0.00
0.00	-30250.02	-39926.22	-2.84714	-30250.02	-39926.22	-2.84714	2.144	0.00
0.00	-30250.19	-39926.27	-2.84761	-30250.19	-39926.27	-2.84761	2.101	0.00
0.00	-30250.36	-39926.32	-2.84808	-30250.36	-39926.32	-2.84808	2.179	0.00
0.00	-30250.50	-39926.37	-2.84858	-30250.50	-39926.37	-2.84858	2.194	0.00
0.00	-30250.64	-39926.41	-2.84913	-30250.64	-39926.41	-2.84913	2.081	0.00
0.00	-30250.77	-39926.45	-2.84967	-30250.77	-39926.45	-2.84967	2.173	0.00
0.00	-30250.90	-39926.48	-2.85019	-30250.90	-39926.48	-2.85019	2.198	0.00
0.00	-30251.04	-39926.53	-2.85066	-30251.04	-39926.53	-2.85066	2.337	0.00
0.00	-30251.18	-39926.57	-2.85107	-30251.18	-39926.57	-2.85107	2.225	0.00
0.00	-30251.33	-39926.61	-2.85151	-30251.33	-39926.61	-2.85151	2.091	0.00
0.00	-30251.47	-39926.65	-2.85198	-30251.47	-39926.65	-2.85198	2.142	0.00
0.00	-30251.61	-39926.70	-2.85252	-30251.61	-39926.70	-2.85252	2.007	0.00
0.00	-30251.75	-39926.74	-2.85316	-30251.75	-39926.74	-2.85316	2.072	0.00
0.00	-30251.89	-39926.78	-2.85384	-30251.89	-39926.78	-2.85384	2.085	0.00
0.00	-30252.03	-39926.82	-2.85446	-30252.03	-39926.82	-2.85446	2.079	0.00
0.00	-30252.22	-39926.88	-2.85508	-30252.22	-39926.88	-2.85508	2.291	0.00
0.00	-30252.35	-39926.92	-2.85574	-30252.35	-39926.92	-2.85574	2.180	0.00
0.00	-30252.45	-39926.95	-2.85639	-30252.45	-39926.95	-2.85639	2.264	0.00
0.00	-30252.63	-39927.00	-2.85719	-30252.63	-39927.00	-2.85719	2.130	0.00
0.00	-30252.76	-39927.03	-2.85800	-30252.76	-39927.03	-2.85800	2.145	0.00
0.00	-30252.91	-39927.08	-2.85881	-30252.91	-39927.08	-2.85881	2.108	0.00
0.00	-30253.04	-39927.12	-2.85955	-30253.04	-39927.12	-2.85955	2.223	0.00
0.00	-30253.25	-39927.18	-2.86042	-30253.25	-39927.18	-2.86042	2.050	0.00
0.00	-30253.38	-39927.21	-2.86126	-30253.38	-39927.21	-2.86126	2.113	0.00
0.00	-30253.50	-39927.25	-2.86206	-30253.50	-39927.25	-2.86206	2.153	0.00
0.00	-30253.63	-39927.29	-2.86293	-30253.63	-39927.29	-2.86293	2.257	0.00
0.00	-30253.76	-39927.32	-2.86393	-30253.76	-39927.32	-2.86393	2.142	0.00
0.00	-30253.89	-39927.36	-2.86500	-30253.89	-39927.36	-2.86500	2.053	0.00
0.00	-30254.03	-39927.40	-2.86615	-30254.03	-39927.40	-2.86615	2.234	0.00
0.00	-30254.17	-39927.44	-2.86730	-30254.17	-39927.44	-2.86730	2.085	0.00
0.00	-30254.31	-39927.48	-2.86843	-30254.31	-39927.48	-2.86843	2.183	0.00
0.00	-30254.45	-39927.52	-2.86952	-30254.45	-39927.52	-2.86952	2.140	0.00
0.00	-30254.58	-39927.56	-2.87064	-30254.58	-39927.56	-2.87064	2.088	0.00
0.00	-30254.73	-39927.60	-2.87179	-30254.73	-39927.60	-2.87179	2.069	0.00
0.00	-30254.86	-39927.63	-2.87296	-30254.86	-39927.63	-2.87296	2.172	0.00
0.00	-30255.00	-39927.67	-2.87422	-30255.00	-39927.67	-2.87422	2.126	0.00
0.00	-30255.13	-39927.71	-2.87551	-30255.13	-39927.71	-2.87551	2.231	0.00
0.00	-30255.27	-39927.75	-2.87690	-30255.27	-39927.75	-2.87690	2.128	0.00
0.00	-30255.44	-39927.79	-2.87833	-30255.44	-39927.79	-2.87833	2.301	0.00
0.00	-30255.56	-39927.83	-2.87980	-30255.56	-39927.83	-2.87980	2.328	0.00
0.00	-30255.72	-39927.87	-2.88128	-30255.72	-39927.87	-2.88128	2.163	0.00
0.00	-30255.88	-39927.91	-2.88286	-30255.88	-39927.91	-2.88286	2.122	0.00
0.00	-30256.03	-39927.95	-2.88454	-30256.03	-39927.95	-2.88454	2.118	0.00
0.00	-30256.12	-39927.98	-2.88614	-30256.12	-39927.98	-2.88614	2.138	0.00
0.00	-30256.28	-39928.02	-2.88803	-30256.28	-39928.02	-2.88803	2.029	0.00
0.00	-30256.40	-39928.05	-2.88995	-30256.40	-39928.05	-2.88995	1.990	0.00
0.00	-30256.52	-39928.08	-2.89185	-30256.52	-39928.08	-2.89185	2.158	0.00
0.00	-30256.65	-39928.11	-2.89373	-30256.65	-39928.11	-2.89373	2.131	0.00
0.00	-30256.77	-39928.15	-2.89566	-30256.77	-39928.15	-2.89566	2.136	0.00
0.00	-30256.90	-39928.18	-2.89767	-30256.90	-39928.18	-2.89767	2.103	0.00
0.00	-30257.02	-39928.21	-2.89977	-30257.02	-39928.21	-2.89977	2.026	0.00
0.00	-30257.14	-39928.24	-2.90189	-30257.14	-39928.24	-2.90189	2.033	0.00
0.00	-30257.27	-39928.27	-2.90399	-30257.27	-39928.27	-2.90399	1.993	0.00
0.00	-30257.39	-39928.30	-2.90617	-30257.39	-39928.30	-2.90617	2.121	0.00
0.00	-30257.51	-39928.33	-2.90842	-30257.51	-39928.33	-2.90842	2.061	0.00
0.00	-30257.63	-39928.36	-2.91077	-30257.63	-39928.36	-2.91077	2.181	0.00
0.00	-30257.75	-39928.39	-2.91312	-30257.75	-39928.39	-2.91312	2.224	0.00
0.00	-30257.86	-39928.41	-2.91546	-30257.86	-39928.41	-2.91546	2.139	0.00
0.00	-30257.98	-39928.44	-2.91777	-30257.98	-39928.44	-2.91777	2.049	0.00
0.00	-30258.09	-39928.47	-2.92012	-30258.09	-39928.47	-2.92012	2.058	0.00
0.00	-30258.25	-39928.50	-2.92244	-30258.25	-39928.50	-2.92244	2.147	0.00
0.00	-30258.39	-39928.54	-2.92486	-30258.39	-39928.54	-2.92486	2.190	0.00
0.00	-30258.52	-39928.57	-2.92741	-30258.52	-39928.57	-2.92741	2.655	0.00
0.00	-30258.63	-39928.59	-2.93000	-30258.63	-39928.59	-2.93000	2.385	0.00
0.00	-30258.74	-39928.61	-2.93262	-30258.74	-39928.61	-2.93262	2.157	0.00
0.00	-30258.85	-39928.64	-2.93523	-30258.85	-39928.64	-2.93523	2.165	0.00
0.00	-30258.97	-39928.66	-2.93785	-30258.97	-39928.66	-2.93785	2.130	0.00
0.00	-30259.08	-39928.69	-2.94057	-30259.08	-39928.69	-2.94057	1.951	0.00
0.00	-30259.20	-39928.71	-2.94349	-30259.20	-39928.71	-2.94349	2.064	0.00
0.00	-30259.32	-39928.74	-2.94664	-30259.32	-39928.74	-2.94664	2.055	0.00
0.00	-30259.44	-39928.76	-2.95009	-30259.44	-39928.76	-2.95009	2.190	0.00
0.00	-30259.55	-39928.78	-2.95373	-30259.55	-39928.78	-2.95373	2.081	0.00
0.00	-30259.67	-39928.81	-2.95750	-30259.67	-39928.81	-2.95750	2.093	0.00
0.00	-30259.79	-39928.83	-2.96135	-30259.79	-39928.83	-2.96135	2.041	0.00
0.00	-30259.91	-39928.85	-2.96526	-30259.91	-39928.85	-2.96526	2.073	0.00
0.00	-30260.03	-39928.87	-2.96917	-30260.03	-39928.87	-2.96917	2.097	0.00
0.00	-30260.15	-39928.89	-2.97306	-30260.15	-39928.89	-2.97306	2.117	0.00
0.00	-30260.26	-39928.91	-2.97703	-30260.26	-39928.91	-2.97703	2.104	0.00
0.00	-30260.38	-39928.93	-2.98104	-30260.38	-39928.93	-2.98104	2.118	0.00
0.00	-30260.49	-39928.95	-2.98514	-30260.49	-39928.95	-2.98514	2.031	0.00
0.00	-30260.63	-39928.97	-2.98934	-30260.63	-39928.97	-2.98934	2.762	0.00
0.00	-30260.77	-39928.99	-2.99356	-30260.77	-39928.99	-2.99356	2.702	0.00
0.00	-30260.89	-39929.01	-2.99776	-30260.89	-39929.01	-2.99776	2.054	0.00
0.00	-30261.03	-39929.03	-3.00190	-30261.03	-39929.03	-3.00190	2.253	0.00
0.00	-30261.12	-39929.05	-3.00609	-30261.12	-39929.05	-3.00609	2.311	0.00
0.00	-30261.23	-39929.06	-3.01024	-30261.23	-39929.06	-3.01024	2.211	0.00
0.00	-30261.34	-39929.08	-3.01444	-30261.34	-39929.08	-3.01444	2.224	0.00
0.00	-30261.45	-39929.09	-3.01849	-30261.45	-39929.09	-3.01849	2.257	0.00
0.00	-30261.56	-39929.10	-3.02244	-30261.56	-39929.10	-3.02244	2.234	0.00
0.00	-30261.68	-39929.12	-3.02617	-30261.68	-39929.12	-3.02617	2.053	0.00
0.00	-30261.80	-39929.13	-3.02991	-30261.80	-39929.13	-3.02991	2.070	0.00
0.00	-30261.91	-39929.15	-3.03372	-30261.91	-39929.15	-3.03372	2.196	0.00
0.00	-30262.03	-39929.16	-3.03755	-30262.03	-39929.16	-3.03755	2.190	0.00
0.00	-30262.14	-39929.17	-3.04142	-30262.14	-39929.17	-3.04142	2.219	0.00
0.00	-30262.27	-39929.18	-3.04492	-30262.27	-39929.18	-3.04492	2.193	0.00
0.00	-30262.41	-39929.20	-3.04871	-30262.41	-39929.20	-3.04871	2.179	0.00
0.00	-30262.55	-39929.21	-3.05199	-30262.55	-39929.21	-3.05199	2.197	0.00
0.00	-30262.67	-39929.22	-3.05490	-30262.67	-39929.22	-3.05490	2.170	0.00
0.00	-30262.77	-39929.23	-3.05761	-30262.77	-39929.23	-3.05761	2.164	0.00
0.00	-30262.90	-39929.24	-3.06017	-30262.90	-39929.24	-3.06017	2.111	0.00
0.00	-30263.03	-39929.25	-3.06255	-30263.03	-39929.25	-3.06255	2.386	0.00
0.00	-30263.15	-39929.26	-3.06471	-30263.15	-39929.26	-3.06471	2.167	0.00
0.00	-30263.28	-39929.27	-3.06666	-30263.28	-39929.27	-3.06666	2.081	0.00
0.00	-30263.41	-39929.28	-3.06834	-30263.41	-39929.28	-3.06834	2.227	0.00
0.00	-30263.54	-39929.29	-3.06974	-30263.54	-39929.29	-3.06974	2.205	0.00
0.00	-30263.65	-39929.29	-3.07083	-30263.65	-39929.29	-3.07083	2.246	0.00
0.00	-30263.76	-39929.30	-3.07158	-30263.76	-39929.30	-3.07158	2.264	0.00
0.00	-30263.90	-39929.31	-3.07203	-30263.90	-39929.31	-3.07203	2.346	0.00
0.00	-30264.02	-39929.32	-3.07219	-30264.02	-39929.32	-3.07219	2.852	0.00
0.00	-30264.15	-39929.33	-3.07201	-30264.15	-39929.33	-3.07201	2.499	0.00
0.00	-30264.28	-39929.33	-3.07153	-30264.28	-39929.33	-3.07153	2.452	0.00
0.00	-30264.40	-39929.34	-3.07073	-30264.40	-39929.34	-3.07073	2.451	0.00
0.00	-30264.54	-39929.35	-3.06965	-30264.54	-39929.35	-3.06965	2.468	0.00
0.00	-30264.67	-39929.36	-3.06835	-30264.67	-39929.36	-3.06835	2.585	0.00
0.00	-30264.80	-39929.37	-3.06686	-30264.80	-39929.37	-3.06686	2.573	0.00
0.00	-30264.93	-39929.38	-3.06520	-30264.93	-39929.38	-3.06520	2.479	0.00
0.00	-30265.07	-39929.38	-3.06340	-30265.07	-39929.38	-3.06340	2.613	0.00
0.00	-30265.20	-39929.39	-3.06147	-30265.20	-39929.39	-3.06147	2.457	0.00
0.00	-30265.34	-39929.40	-3.05937	-30265.34	-39929.40	-3.05937	2.617	0.00
0.00	-30265.48	-39929.41	-3.05715	-30265.48	-39929.41	-3.05715	2.706	0.00
0.00	-30265.64	-39929.42	-3.05479	-30265.64	-39929.42	-3.05479	2.671	0.00
0.00	-30265.78	-39929.43	-3.05222	-30265.78	-39929.43	-3.05222	2.673	0.00
0.00	-30265.93	-39929.44	-3.04970	-30265.93	-39929.44	-3.04970	2.793	0.00
0.00	-30266.08	-39929.46	-3.04710	-30266.08	-39929.46	-3.04710	2.658	0.00
0.00	-30266.22	-39929.47	-3.04437	-30266.22	-39929.47	-3.04437	2.722	0.00
0.00	-30266.34	-39929.48	-3.04145	-30266.34	-39929.48	-3.04145	2.686	0.00
0.00	-30266.47	-39929.49	-3.03835	-30266.47	-39929.49	-3.03835	3.242	0.00
0.00	-30266.60	-39929.50	-3.03504	-30266.60	-39929.50	-3.03504	3.109	0.00
0.00	-30266.74	-39929.51	-3.03155	-30266.74	-39929.51	-3.03155	3.661	0.00
0.00	-30266.87	-39929.52	-3.02805	-30266.87	-39929.52	-3.02805	3.674	0.00
0.00	-30267.04	-39929.54	-3.02462	-30267.04	-39929.54	-3.02462	3.577	0.00
0.00	-30267.18	-39929.55	-3.02116	-30267.18	-39929.55	-3.02116	3.428	0.00
0.00	-30267.32	-39929.57	-3.01771	-30267.32	-39929.57	-3.01771	3.740	0.00
0.00	-30267.46	-39929.58	-3.01428	-30267.46	-39929.58	-3.01428	3.773	0.00
0.00	-30267.61	-39929.60	-3.01078	-30267.61	-39929.60	-3.01078	3.698	0.00
0.00	-30267.76	-39929.62	-3.00730	-30267.76	-39929.62	-3.00730	3.594	0.00
0.00	-30267.90	-39929.63	-3.00382	-30267.90	-39929.63	-3.00382	3.658	0.00
0.00	-30268.05	-39929.65	-3.00032	-30268.05	-39929.65	-3.00032	4.162	0.00
0.00	-30268.19	-39929.67	-2.99688	-30268.19	-39929.67	-2.99688	3.833	0.00
0.00	-30268.35	-39929.69	-2.99345	-30268.35	-39929.69	-2.99345	3.409	0.00
0.00	-30268.53	-39929.72	-2.98999	-30268.53	-39929.72	-2.98999	3.297	0.00
0.00	-30268.70	-39929.74	-2.98661	-30268.70	-39929.74	-2.98661	3.380	0.00
0.00	-30268.84	-39929.76	-2.98324	-30268.84	-39929.76	-2.98324	3.144	0.00
0.00	-30268.97	-39929.78	-2.97988	-30268.97	-39929.78	-2.97988	3.158	0.00
0.00	-30269.11	-39929.80	-2.97653	-30269.11	-39929.80	-2.97653	3.179	0.00
0.00	-30269.25	-39929.82	-2.97313	-30269.25	-39929.82	-2.97313	3.338	0.00
0.00	-30269.40	-39929.84	-2.96969	-30269.40	-39929.84	-2.96969	3.303	0.00
0.00	-30269.54	-39929.87	-2.96627	-30269.54	-39929.87	-2.96627	3.313	0.00
0.00	-30269.69	-39929.89	-2.96286	-30269.69	-39929.89	-2.96286	3.161	0.00
0.00	-30269.84	-39929.92	-2.95944	-30269.84	-39929.92	-2.95944	3.102	0.00
0.00	-30269.99	-39929.95	-2.95610	-30269.99	-39929.95	-2.95610	4.472	0.00
0.00	-30270.14	-39929.97	-2.95272	-30270.14	-39929.97	-2.95272	4.482	0.00
0.00	-30270.29	-39930.00	-2.94938	-30270.29	-39930.00	-2.94938	4.645	0.00
0.00	-30270.50	-39930.04	-2.94593	-30270.50	-39930.04	-2.94593	4.634	0.00
0.00	-30270.67	-39930.07	-2.94236	-30270.67	-39930.07	-2.94236	4.663	0.00
0.00	-30270.83	-39930.10	-2.93881	-30270.83	-39930.10	-2.93881	4.764	0.00
0.00	-30270.96	-39930.13	-2.93528	-30270.96	-39930.13	-2.93528	4.746	0.00
0.00	-30271.09	-39930.16	-2.93169	-30271.09	-39930.16	-2.93169	4.532	0.00
0.00	-30271.21	-39930.18	-2.92815	-30271.21	-39930.18	-2.92815	4.820	0.00
0.00	-30271.37	-39930.22	-2.92467	-30271.37	-39930.22	-2.92467	4.766	0.00
0.00	-30271.54	-39930.25	-2.92116	-30271.54	-39930.25	-2.92116	4.753	0.00
0.00	-30271.70	-39930.29	-2.91773	-30271.70	-39930.29	-2.91773	3.748	0.00
0.00	-30271.83	-39930.32	-2.91440	-30271.83	-39930.32	-2.91440	3.881	0.00
0.00	-30271.96	-39930.35	-2.91114	-30271.96	-39930.35	-2.91114	5.061	0.00
0.00	-30272.09	-39930.38	-2.90796	-30272.09	-39930.38	-2.90796	3.688	0.00
0.00	-30272.23	-39930.42	-2.90483	-30272.23	-39930.42	-2.90483	4.531	0.00
0.00	-30272.37	-39930.45	-2.90174	-30272.37	-39930.45	-2.90174	4.071	0.00
0.00	-30272.51	-39930.49	-2.89877	-30272.51	-39930.49	-2.89877	3.966	0.00
0.00	-30272.65	-39930.52	-2.89588	-30272.65	-39930.52	-2.89588	4.540	0.00
0.00	-30272.79	-39930.56	-2.89305	-30272.79	-39930.56	-2.89305	5.749	0.00
0.00	-30272.93	-39930.60	-2.89035	-30272.93	-39930.60	-2.89035	5.429	0.00
0.00	-30273.07	-39930.63	-2.88770	-30273.07	-39930.63	-2.88770	5.361	0.00
0.00	-30273.22	-39930.67	-2.88503	-30273.22	-39930.67	-2.88503	5.428	0.00
0.00	-30273.36	-39930.71	-2.88230	-30273.36	-39930.71	-2.88230	5.591	0.00
0.00	-30273.50	-39930.75	-2.87964	-30273.50	-39930.75	-2.87964	5.567	0.00
0.00	-30273.66	-39930.80	-2.87707	-30273.66	-39930.80	-2.87707	5.506	0.00
0.00	-30273.76	-39930.83	-2.87486	-30273.76	-39930.83	-2.87486	5.757	0.00
0.00	-30273.94	-39930.87	-2.87242	-30273.94	-39930.87	-2.87242	5.812	0.00
0.00	-30274.06	-39930.91	-2.87039	-30274.06	-39930.91	-2.87039	5.845	0.00
0.00	-30274.22	-39930.96	-2.86831	-30274.22	-39930.96	-2.86831	5.706	0.00
0.00	-30274.38	-39931.00	-2.86620	-30274.38	-39931.00	-2.86620	5.708	0.00
0.00	-30274.53	-39931.05	-2.86410	-30274.53	-39931.05	-2.86410	5.547	0.00
0.00	-30274.65	-39931.08	-2.86210	-30274.65	-39931.08	-2.86210	5.193	0.00
0.00	-30274.77	-39931.12	-2.86012	-30274.77	-39931.12	-2.86012	4.805	0.00
0.00	-30274.90	-39931.16	-2.85812	-30274.90	-39931.16	-2.85812	5.014	0.00
0.00	-30275.03	-39931.20	-2.85611	-30275.03	-39931.20	-2.85611	5.057	0.00
0.00	-30275.16	-39931.24	-2.85404	-30275.16	-39931.24	-2.85404	4.942	0.00
0.00	-30275.29	-39931.28	-2.85196	-30275.29	-39931.28	-2.85196	5.277	0.00
0.00	-30275.43	-39931.32	-2.84991	-30275.43	-39931.32	-2.84991	4.956	0.00
0.00	-30275.56	-39931.36	-2.84811	-30275.56	-39931.36	-2.84811	5.693	0.00
0.00	-30275.70	-39931.40	-2.84662	-30275.70	-39931.40	-2.84662	4.933	0.00
0.00	-30275.83	-39931.45	-2.84528	-30275.83	-39931.45	-2.84528	7.521	0.00
0.00	-30275.97	-39931.49	-2.84404	-30275.97	-39931.49	-2.84404	5.180	0.00
0.00	-30276.10	-39931.53	-2.84272	-30276.10	-39931.53	-2.84272	5.503	0.00
0.00	-30276.24	-39931.57	-2.84147	-30276.24	-39931.57	-2.84147	5.350	0.00
0.00	-30276.37	-39931.62	-2.84035	-30276.37	-39931.62	-2.84035	5.512	0.00
0.00	-30276.50	-39931.66	-2.83964	-30276.50	-39931.66	-2.83964	5.585	0.00
0.00	-30276.63	-39931.70	-2.83911	-30276.63	-39931.70	-2.83911	5.303	0.00
0.00	-30276.74	-39931.73	-2.83841	-30276.74	-39931.73	-2.83841	5.314	0.00
0.00	-30276.92	-39931.79	-2.83777	-30276.92	-39931.79	-2.83777	5.753	0.00
0.00	-30277.08	-39931.84	-2.83735	-30277.08	-39931.84	-2.83735	5.476	0.00
0.00	-30277.22	-39931.89	-2.83725	-30277.22	-39931.89	-2.83725	5.457	0.00
0.00	-30277.34	-39931.93	-2.83705	-30277.34	-39931.93	-2.83705	6.115	0.00
0.00	-30277.46	-39931.97	-2.83681	-30277.46	-39931.97	-2.83681	6.561	0.00
0.00	-30277.57	-39932.00	-2.83648	-30277.57	-39932.00	-2.83648	5.594	0.00
0.00	-30277.69	-39932.04	-2.83596	-30277.69	-39932.04	-2.83596	6.199	0.00
0.00	-30277.82	-39932.08	-2.83530	-30277.82	-39932.08	-2.83530	6.509	0.00
0.00	-30277.94	-39932.13	-2.83474	-30277.94	-39932.13	-2.83474	6.609	0.00
0.00	-30278.07	-39932.17	-2.83462	-30278.07	-39932.17	-2.83462	6.719	0.00
0.00	-30278.20	-39932.21	-2.83498	-30278.20	-39932.21	-2.83498	7.003	0.00
0.00	-30278.32	-39932.25	-2.83567	-30278.32	-39932.25	-2.83567	6.809	0.00
0.00	-30278.45	-39932.29	-2.83623	-30278.45	-39932.29	-2.83623	6.589	0.00
0.00	-30278.57	-39932.33	-2.83661	-30278.57	-39932.33	-2.83661	7.033	0.00
0.00	-30278.70	-39932.37	-2.83693	-30278.70	-39932.37	-2.83693	6.804	0.00
0.00	-30278.83	-39932.41	-2.83738	-30278.83	-39932.41	-2.83738	7.357	0.00
0.00	-30278.95	-39932.45	-2.83813	-30278.95	-39932.45	-2.83813	7.019	0.00
0.00	-30279.07	-39932.49	-2.83907	-30279.07	-39932.49	-2.83907	7.104	0.00
0.00	-30279.20	-39932.53	-2.84013	-30279.20	-39932.53	-2.84013	6.893	0.00
0.00	-30279.32	-39932.57	-2.84137	-30279.32	-39932.57	-2.84137	7.998	0.00
0.00	-30279.47	-39932.62	-2.84306	-30279.47	-39932.62	-2.84306	7.551	0.00
0.00	-30279.62	-39932.66	-2.84514	-30279.62	-39932.66	-2.84514	7.255	0.00
0.00	-30279.78	-39932.71	-2.84697	-30279.78	-39932.71	-2.84697	7.638	0.00
0.00	-30279.88	-39932.74	-2.84807	-30279.88	-39932.74	-2.84807	7.427	0.00
0.00	-30279.99	-39932.78	-2.84851	-30279.99	-39932.78	-2.84851	8.239	0.00
0.00	-30280.12	-39932.81	-2.84909	-30280.12	-39932.81	-2.84909	8.093	0.00
0.00	-30280.24	-39932.85	-2.85041	-30280.24	-39932.85	-2.85041	7.187	0.00
0.00	-30280.36	-39932.89	-2.85268	-30280.36	-39932.89	-2.85268	8.180	0.00
0.00	-30280.49	-39932.93	-2.85549	-30280.49	-39932.93	-2.85549	7.882	0.00
0.00	-30280.61	-39932.96	-2.85820	-30280.61	-39932.96	-2.85820	8.677	0.00
0.00	-30280.73	-39933.00	-2.86041	-30280.73	-39933.00	-2.86041	8.093	0.00
0.00	-30280.85	-39933.03	-2.86214	-30280.85	-39933.03	-2.86214	7.815	0.00
0.00	-30280.97	-39933.07	-2.86382	-30280.97	-39933.07	-2.86382	8.680	0.00
0.00	-30281.09	-39933.10	-2.86585	-30281.09	-39933.10	-2.86585	7.960	0.00
0.00	-30281.21	-39933.13	-2.86843	-30281.21	-39933.13	-2.86843	9.062	0.00
0.00	-30281.36	-39933.17	-2.87155	-30281.36	-39933.17	-2.87155	8.539	0.00
0.00	-30281.51	-39933.21	-2.87505	-30281.51	-39933.21	-2.87505	9.191	0.00
0.00	-30281.65	-39933.25	-2.87866	-30281.65	-39933.25	-2.87866	8.213	0.00
0.00	-30281.77	-39933.28	-2.88230	-30281.77	-39933.28	-2.88230	8.555	0.00
0.00	-30281.88	-39933.31	-2.88593	-30281.88	-39933.31	-2.88593	9.072	0.00
0.00	-30282.01	-39933.35	-2.88961	-30282.01	-39933.35	-2.88961	8.362	0.00
0.00	-30282.15	-39933.38	-2.89355	-30282.15	-39933.38	-2.89355	9.551	0.00
0.00	-30282.29	-39933.41	-2.89778	-30282.29	-39933.41	-2.89778	9.469	0.00
0.00	-30282.43	-39933.45	-2.90232	-30282.43	-39933.45	-2.90232	9.360	0.00
0.00	-30282.53	-39933.47	-2.90708	-30282.53	-39933.47	-2.90708	10.000	0.00
0.00	-30282.63	-39933.50	-2.91206	-30282.63	-39933.50	-2.91206	9.671	0.00
0.00	-30282.76	-39933.53	-2.91720	-30282.76	-39933.53	-2.91720	9.572	0.00
0.00	-30282.88	-39933.55	-2.92233	-30282.88	-39933.55	-2.92233	9.900	0.00
0.00	-30283.02	-39933.59	-2.92746	-30283.02	-39933.59	-2.92746	9.469	0.00
0.00	-30283.16	-39933.62	-2.93286	-30283.16	-39933.62	-2.93286	9.591	0.00
0.00	-30283.30	-39933.65	-2.93838	-30283.30	-39933.65	-2.93838	9.383	0.00
0.00	-30283.40	-39933.67	-2.94400	-30283.40	-39933.67	-2.94400	9.258	0.00
0.00	-30283.51	-39933.69	-2.94969	-30283.51	-39933.69	-2.94969	10.654	0.00
0.00	-30283.63	-39933.72	-2.95524	-30283.63	-39933.72	-2.95524	10.153	0.00
0.00	-30283.74	-39933.74	-2.96079	-30283.74	-39933.74	-2.96079	10.336	0.00
0.00	-30283.85	-39933.76	-2.96648	-30283.85	-39933.76	-2.96648	10.820	0.00
0.00	-30283.97	-39933.78	-2.97248	-30283.97	-39933.78	-2.97248	9.895	0.00
0.00	-30284.11	-39933.81	-2.97890	-30284.11	-39933.81	-2.97890	10.446	0.00
0.00	-30284.25	-39933.83	-2.98580	-30284.25	-39933.83	-2.98580	11.835	0.00
0.00	-30284.38	-39933.86	-2.99256	-30284.38	-39933.86	-2.99256	10.038	0.00
0.00	-30284.51	-39933.88	-2.99965	-30284.51	-39933.88	-2.99965	11.719	0.00
0.00	-30284.64	-39933.90	-3.00668	-30284.64	-39933.90	-3.00668	10.847	0.00
0.00	-30284.74	-39933.91	-3.01382	-30284.74	-39933.91	-3.01382	10.919	0.00
0.00	-30284.86	-39933.93	-3.02089	-30284.86	-39933.93	-3.02089	11.549	0.00
0.00	-30284.99	-39933.95	-3.02797	-30284.99	-39933.95	-3.02797	10.911	0.00
0.00	-30285.12	-39933.97	-3.03466	-30285.12	-39933.97	-3.03466	11.038	0.00
0.00	-30285.25	-39933.98	-3.04257	-30285.25	-39933.98	-3.04257	11.342	0.00
0.00	-30285.38	-39934.00	-3.05023	-30285.38	-39934.00	-3.05023	11.304	0.00
0.00	-30285.50	-39934.01	-3.05783	-30285.50	-39934.01	-3.05783	11.834	0.00
0.00	-30285.59	-39934.02	-3.06559	-30285.59	-39934.02	-3.06559	11.805	0.00
0.00	-30285.70	-39934.03	-3.07345	-30285.70	-39934.03	-3.07345	10.934	0.00
0.00	-30285.82	-39934.04	-3.08157	-30285.82	-39934.04	-3.08157	11.631	0.00
0.00	-30285.93	-39934.05	-3.08982	-30285.93	-39934.05	-3.08982	12.475	0.00
0.00	-30286.07	-39934.06	-3.09831	-30286.07	-39934.06	-3.09831	12.041	0.00
0.00	-30286.19	-39934.07	-3.10713	-30286.19	-39934.07	-3.10713	11.695	0.00
0.00	-30286.29	-39934.07	-3.11591	-30286.29	-39934.07	-3.11591	11.349	0.00
0.00	-30286.39	-39934.08	-3.12504	-30286.39	-39934.08	-3.12504	11.467	0.00
0.00	-30286.49	-39934.08	-3.13435	-30286.49	-39934.08	-3.13435	12.157	0.00
0.00	-30286.59	-39934.08	3.13913	-30286.59	-39934.08	3.13913	12.886	0.00
0.00	-30286.71	-39934.09	3.12936	-30286.71	-39934.09	3.12936	12.396	0.00
0.00	-30286.84	-39934.09	3.11933	-30286.84	-39934.09	3.11933	12.691	0.00
0.00	-30286.97	-39934.09	3.10974	-30286.97	-39934.09	3.10974	12.340	0.00
0.00	-30287.11	-39934.09	3.09850	-30287.11	-39934.09	3.09850	12.878	0.00
0.00	-30287.24	-39934.08	3.08793	-30287.24	-39934.08	3.08793	12.880	0.00
0.00	-30287.36	-39934.08	3.07713	-30287.36	-39934.08	3.07713	13.072	0.00
0.00	-30287.48	-39934.07	3.06620	-30287.48	-39934.07	3.06620	13.089	0.00
0.00	-30287.60	-39934.07	3.05515	-30287.60	-39934.07	3.05515	13.700	0.00
0.00	-30287.69	-39934.06	3.04383	-30287.69	-39934.06	3.04383	13.066	0.00
0.00	-30287.80	-39934.05	3.03240	-30287.80	-39934.05	3.03240	12.921	0.00
0.00	-30287.91	-39934.04	3.02097	-30287.91	-39934.04	3.02097	12.938	0.00
0.00	-30288.04	-39934.03	3.00934	-30288.04	-39934.03	3.00934	13.822	0.00
0.00	-30288.18	-39934.01	2.99767	-30288.18	-39934.01	2.99767	13.963	0.00
0.00	-30288.28	-39934.00	2.98575	-30288.28	-39934.00	2.98575	13.796	0.00
0.00	-30288.38	-39933.98	2.97382	-30288.38	-39933.98	2.97382	13.239	0.00
0.00	-30288.47	-39933.97	2.96175	-30288.47	-39933.97	2.96175	13.607	0.00
0.00	-30288.55	-39933.95	2.94964	-30288.55	-39933.95	2.94964	13.475	0.00
0.00	-30288.65	-39933.94	2.93714	-30288.65	-39933.94	2.93714	14.646	0.00
0.00	-30288.75	-39933.92	2.92538	-30288.75	-39933.92	2.92538	14.100	0.00
0.00	-30288.84	-39933.90	2.91301	-30288.84	-39933.90	2.91301	13.843	0.00
0.00	-30288.97	-39933.87	2.90074	-30288.97	-39933.87	2.90074	14.090	0.00
0.00	-30289.10	-39933.84	2.88841	-30289.10	-39933.84	2.88841	17.177	0.00
0.00	-30289.22	-39933.81	2.87602	-30289.22	-39933.81	2.87602	16.758	0.00
0.00	-30289.34	-39933.78	2.86419	-30289.34	-39933.78	2.86419	14.585	0.00
0.00	-30289.46	-39933.75	2.85194	-30289.46	-39933.75	2.85194	14.017	0.00
0.00	-30289.54	-39933.72	2.83988	-30289.54	-39933.72	2.83988	14.119	0.00
0.00	-30289.63	-39933.69	2.82754	-30289.63	-39933.69	2.82754	14.954	0.00
0.00	-30289.72	-39933.66	2.81511	-30289.72	-39933.66	2.81511	14.411	0.00
0.00	-30289.81	-39933.63	2.80260	-30289.81	-39933.63	2.80260	14.984	0.00
0.00	-30289.91	-39933.60	2.79027	-30289.91	-39933.60	2.79027	14.135	0.00
0.00	-30290.01	-39933.56	2.77778	-30290.01	-39933.56	2.77778	14.513	0.00
0.00	-30290.11	-39933.53	2.76521	-30290.11	-39933.53	2.76521	14.840	0.00
0.00	-30290.21	-39933.48	2.75228	-30290.21	-39933.48	2.75228	14.838	0.00
0.00	-30290.32	-39933.44	2.73936	-30290.32	-39933.44	2.73936	16.281	0.00
0.00	-30290.41	-39933.40	2.72623	-30290.41	-39933.40	2.72623	15.335	0.00
0.00	-30290.50	-39933.36	2.71308	-30290.50	-39933.36	2.71308	15.849	0.00
0.00	-30290.61	-39933.31	2.69963	-30290.61	-39933.31	2.69963	16.571	0.00
0.00	-30290.71	-39933.27	2.68622	-30290.71	-39933.27	2.68622	15.998	0.00
0.00	-30290.81	-39933.21	2.67243	-30290.81	-39933.21	2.67243	16.033	0.00
0.00	-30290.92	-39933.16	2.65840	-30290.92	-39933.16	2.65840	14.976	0.00
0.00	-30291.03	-39933.11	2.64443	-30291.03	-39933.11	2.64443	15.924	0.00
0.00	-30291.11	-39933.06	2.63034	-30291.11	-39933.06	2.63034	15.597	0.00
0.00	-30291.20	-39933.01	2.61641	-30291.20	-39933.01	2.61641	15.639	0.00
0.00	-30291.28	-39932.96	2.60253	-30291.28	-39932.96	2.60253	16.367	0.00
0.00	-30291.35	-39932.92	2.58813	-30291.35	-39932.92	2.58813	16.718	0.00
0.00	-30291.43	-39932.87	2.57541	-30291.43	-39932.87	2.57541	15.967	0.00
0.00	-30291.51	-39932.82	2.56061	-30291.51	-39932.82	2.56061	16.050	0.00
0.00	-30291.59	-39932.76	2.54684	-30291.59	-39932.76	2.54684	17.098	0.00
0.00	-30291.67	-39932.71	2.53280	-30291.67	-39932.71	2.53280	16.444	0.00
0.00	-30291.77	-39932.64	2.51871	-30291.77	-39932.64	2.51871	17.140	0.00
0.00	-30291.87	-39932.57	2.50428	-30291.87	-39932.57	2.50428	16.626	0.00
0.00	-30291.95	-39932.51	2.49015	-30291.95	-39932.51	2.49015	16.494	0.00
0.00	-30292.02	-39932.45	2.47574	-30292.02	-39932.45	2.47574	16.692	0.00
0.00	-30292.10	-39932.39	2.46133	-30292.10	-39932.39	2.46133	16.984	0.00
0.00	-30292.17	-39932.33	2.44683	-30292.17	-39932.33	2.44683	16.873	0.00
0.00	-30292.27	-39932.25	2.43215	-30292.27	-39932.25	2.43215	17.516	0.00
0.00	-30292.34	-39932.19	2.41726	-30292.34	-39932.19	2.41726	17.289	0.00
0.00	-30292.41	-39932.12	2.40233	-30292.41	-39932.12	2.40233	17.275	0.00
0.00	-30292.49	-39932.05	2.38737	-30292.49	-39932.05	2.38737	17.120	0.00
0.00	-30292.57	-39931.98	2.37254	-30292.57	-39931.98	2.37254	17.509	0.00
0.00	-30292.66	-39931.89	2.35781	-30292.66	-39931.89	2.35781	16.989	0.00
0.00	-30292.77	-39931.79	2.34318	-30292.77	-39931.79	2.34318	17.552	0.00
0.00	-30292.86	-39931.69	2.32869	-30292.86	-39931.69	2.32869	17.457	0.00
0.00	-30292.95	-39931.59	2.31430	-30292.95	-39931.59	2.31430	17.483	0.00
0.00	-30293.03	-39931.50	2.29995	-30293.03	-39931.50	2.29995	17.300	0.00
0.00	-30293.10	-39931.42	2.28574	-30293.10	-39931.42	2.28574	17.481	0.00
0.00	-30293.16	-39931.35	2.27148	-30293.16	-39931.35	2.27148	18.390	0.00
0.00	-30293.22	-39931.28	2.25724	-30293.22	-39931.28	2.25724	18.100	0.00
0.00	-30293.29	-39931.19	2.24316	-30293.29	-39931.19	2.24316	18.232	0.00
0.00	-30293.36	-39931.10	2.22907	-30293.36	-39931.10	2.22907	18.797	0.00
0.00	-30293.43	-39931.01	2.21521	-30293.43	-39931.01	2.21521	18.860	0.00
0.00	-30293.51	-39930.91	2.20147	-30293.51	-39930.91	2.20147	17.874	0.00
0.00	-30293.58	-39930.81	2.18796	-30293.58	-39930.81	2.18796	18.806	0.00
0.00	-30293.65	-39930.71	2.17459	-30293.65	-39930.71	2.17459	18.119	0.00
0.00	-30293.72	-39930.60	2.16148	-30293.72	-39930.60	2.16148	18.152	0.00
0.00	-30293.79	-39930.49	2.14851	-30293.79	-39930.49	2.14851	18.472	0.00
0.00	-30293.86	-39930.39	2.13573	-30293.86	-39930.39	2.13573	19.423	0.00
0.00	-30293.93	-39930.28	2.12330	-30293.93	-39930.28	2.12330	18.448	0.00
0.00	-30294.01	-39930.14	2.11099	-30294.01	-39930.14	2.11099	19.079	0.00
0.00	-30294.08	-39930.03	2.09886	-30294.08	-39930.03	2.09886	19.637	0.00
0.00	-30294.16	-39929.89	2.08713	-30294.16	-39929.89	2.08713	19.179	0.00
0.00	-30294.24	-39929.76	2.07581	-30294.24	-39929.76	2.07581	20.463	0.00
0.00	-30294.30	-39929.65	2.06505	-30294.30	-39929.65	2.06505	19.333	0.00
0.00	-30294.36	-39929.53	2.05466	-30294.36	-39929.53	2.05466	19.775	0.00
0.00	-30294.42	-39929.42	2.04468	-30294.42	-39929.42	2.04468	19.410	0.00
0.00	-30294.47	-39929.31	2.03516	-30294.47	-39929.31	2.03516	19.262	0.00
0.00	-30294.53	-39929.18	2.02601	-30294.53	-39929.18	2.02601	20.480	0.00
0.00	-30294.59	-39929.06	2.01724	-30294.59	-39929.06	2.01724	19.921	0.00
0.00	-30294.65	-39928.93	2.00890	-30294.65	-39928.93	2.00890	20.027	0.00
0.00	-30294.71	-39928.81	2.00114	-30294.71	-39928.81	2.00114	20.504	0.00
0.00	-30294.77	-39928.68	1.99407	-30294.77	-39928.68	1.99407	21.538	0.00
0.00	-30294.84	-39928.53	1.98768	-30294.84	-39928.53	1.98768	20.253	0.00
0.00	-30294.90	-39928.37	1.98182	-30294.90	-39928.37	1.98182	21.217	0.00
0.00	-30294.96	-39928.23	1.97628	-30294.96	-39928.23	1.97628	20.707	0.00
0.00	-30295.02	-39928.09	1.97085	-30295.02	-39928.09	1.97085	20.363	0.00
0.00	-30295.07	-39927.98	1.96540	-30295.07	-39927.98	1.96540	21.109	0.00
0.00	-30295.11	-39927.87	1.95977	-30295.11	-39927.87	1.95977	20.504	0.00
0.00	-30295.16	-39927.75	1.95417	-30295.16	-39927.75	1.95417	21.079	0.00
0.00	-30295.20	-39927.64	1.94876	-30295.20	-39927.64	1.94876	20.762	0.00
0.00	-30295.25	-39927.51	1.94398	-30295.25	-39927.51	1.94398	24.952	0.00
0.00	-30295.31	-39927.35	1.93951	-30295.31	-39927.35	1.93951	21.239	0.00
0.00	-30295.36	-39927.20	1.93580	-30295.36	-39927.20	1.93580	21.210	0.00
0.00	-30295.42	-39927.05	1.93192	-30295.42	-39927.05	1.93192	21.186	0.00
0.00	-30295.46	-39926.94	1.92836	-30295.46	-39926.94	1.92836	21.534	0.00
0.00	-30295.50	-39926.82	1.92482	-30295.50	-39926.82	1.92482	21.806	0.00
0.00	-30295.54	-39926.70	1.92133	-30295.54	-39926.70	1.92133	21.514	0.00
0.00	-30295.59	-39926.56	1.91782	-30295.59	-39926.56	1.91782	21.585	0.00
0.00	-30295.64	-39926.43	1.91460	-30295.64	-39926.43	1.91460	21.537	0.00
0.00	-30295.68	-39926.29	1.91161	-30295.68	-39926.29	1.91161	21.949	0.00
0.00	-30295.73	-39926.16	1.90883	-30295.73	-39926.16	1.90883	21.659	0.00
0.00	-30295.77	-39926.02	1.90620	-30295.77	-39926.02	1.90620	21.667	0.00
0.00	-30295.81	-39925.89	1.90375	-30295.81	-39925.89	1.90375	21.850	0.00
0.00	-30295.86	-39925.75	1.90156	-30295.86	-39925.75	1.90156	23.120	0.00
0.00	-30295.90	-39925.61	1.89969	-30295.90	-39925.61	1.89969	22.335	0.00
0.00	-30295.94	-39925.48	1.89814	-30295.94	-39925.48	1.89814	22.316	0.00
0.00	-30295.99	-39925.34	1.89689	-30295.99	-39925.34	1.89689	23.034	0.00
0.00	-30296.03	-39925.20	1.89588	-30296.03	-39925.20	1.89588	22.169	0.00
0.00	-30296.08	-39925.03	1.89503	-30296.08	-39925.03	1.89503	22.718	0.00
0.00	-30296.13	-39924.87	1.89435	-30296.13	-39924.87	1.89435	22.979	0.00
0.00	-30296.17	-39924.75	1.89367	-30296.17	-39924.75	1.89367	22.239	0.00
0.00	-30296.21	-39924.62	1.89295	-30296.21	-39924.62	1.89295	23.320	0.00
0.00	-30296.25	-39924.50	1.89229	-30296.25	-39924.50	1.89229	22.124	0.00
0.00	-30296.30	-39924.33	1.89172	-30296.30	-39924.33	1.89172	23.303	0.00
0.00	-30296.35	-39924.17	1.89117	-30296.35	-39924.17	1.89117	23.094	0.00
0.00	-30296.40	-39923.99	1.89061	-30296.40	-39923.99	1.89061	23.568	0.00
0.00	-30296.44	-39923.88	1.89016	-30296.44	-39923.88	1.89016	24.270	0.00
0.00	-30296.47	-39923.76	1.88967	-30296.47	-39923.76	1.88967	23.508	0.00
0.00	-30296.51	-39923.64	1.88916	-30296.51	-39923.64	1.88916	23.851	0.00
0.00	-30296.55	-39923.51	1.88866	-30296.55	-39923.51	1.88866	23.966	0.00
0.00	-30296.59	-39923.38	1.88814	-30296.59	-39923.38	1.88814	23.819	0.00
0.00	-30296.63	-39923.23	1.88737	-30296.63	-39923.23	1.88737	23.654	0.00
0.00	-30296.67	-39923.09	1.88657	-30296.67	-39923.09	1.88657	25.252	0.00
0.00	-30296.72	-39922.95	1.88572	-30296.72	-39922.95	1.88572	23.799	0.00
0.00	-30296.76	-39922.80	1.88489	-30296.76	-39922.80	1.88489	24.009	0.00
0.00	-30296.82	-39922.63	1.88405	-30296.82	-39922.63	1.88405	24.070	0.00
0.00	-30296.86	-39922.46	1.88325	-30296.86	-39922.46	1.88325	23.788	0.00
0.00	-30296.91	-39922.31	1.88254	-30296.91	-39922.31	1.88254	24.930	0.00
0.00	-30296.95	-39922.19	1.88189	-30296.95	-39922.19	1.88189	24.671	0.00
0.00	-30296.98	-39922.08	1.88135	-30296.98	-39922.08	1.88135	24.512	0.00
0.00	-30297.03	-39921.92	1.88087	-30297.03	-39921.92	1.88087	24.504	0.00
0.00	-30297.07	-39921.76	1.88033	-30297.07	-39921.76	1.88033	25.590	0.00
0.00	-30297.12	-39921.61	1.87963	-30297.12	-39921.61	1.87963	24.559	0.00
0.00	-30297.16	-39921.49	1.87887	-30297.16	-39921.49	1.87887	25.103	0.00
0.00	-30297.20	-39921.36	1.87816	-30297.20	-39921.36	1.87816	25.039	0.00
0.00	-30297.24	-39921.22	1.87756	-30297.24	-39921.22	1.87756	25.669	0.00
0.00	-30297.28	-39921.08	1.87708	-30297.28	-39921.08	1.87708	25.042	0.00
0.00	-30297.32	-39920.94	1.87667	-30297.32	-39920.94	1.87667	25.493	0.00
0.00	-30297.37	-39920.77	1.87623	-30297.37	-39920.77	1.87623	25.555	0.00
0.00	-30297.42	-39920.63	1.87577	-30297.42	-39920.63	1.87577	25.818	0.00
0.00	-30297.46	-39920.49	1.87519	-30297.46	-39920.49	1.87519	25.448	0.00
0.00	-30297.50	-39920.34	1.87484	-30297.50	-39920.34	1.87484	25.864	0.00
0.00	-30297.55	-39920.20	1.87484	-30297.55	-39920.20	1.87484	25.220	0.00
0.00	-30297.59	-39920.05	1.87477	-30297.59	-39920.05	1.87477	25.875	0.00
0.00	-30297.64	-39919.89	1.87436	-30297.64	-39919.89	1.87436	26.159	0.00
0.00	-30297.69	-39919.74	1.87358	-30297.69	-39919.74	1.87358	26.263	0.00
0.00	-30297.74	-39919.58	1.87246	-30297.74	-39919.58	1.87246	25.741	0.00
0.00	-30297.78	-39919.43	1.87138	-30297.78	-39919.43	1.87138	25.798	0.00
0.00	-30297.83	-39919.28	1.87055	-30297.83	-39919.28	1.87055	26.012	0.00
0.00	-30297.87	-39919.13	1.86999	-30297.87	-39919.13	1.86999	26.862	0.00
0.00	-30297.93	-39918.95	1.86948	-30297.93	-39918.95	1.86948	26.525	0.00
0.00	-30297.99	-39918.76	1.86884	-30297.99	-39918.76	1.86884	26.334	0.00
0.00	-30298.04	-39918.60	1.86790	-30298.04	-39918.60	1.86790	26.953	0.00
0.00	-30298.08	-39918.46	1.86688	-30298.08	-39918.46	1.86688	25.999	0.00
0.00	-30298.12	-39918.32	1.86579	-30298.12	-39918.32	1.86579	26.770	0.00
0.00	-30298.17	-39918.16	1.86475	-30298.17	-39918.16	1.86475	26.455	0.00
0.00	-30298.23	-39917.97	1.86378	-30298.23	-39917.97	1.86378	26.597	0.00
0.00	-30298.28	-39917.81	1.86283	-30298.28	-39917.81	1.86283	26.885	0.00
0.00	-30298.32	-39917.67	1.86187	-30298.32	-39917.67	1.86187	26.460	0.00
0.00	-30298.37	-39917.50	1.86087	-30298.37	-39917.50	1.86087	27.243	0.00
0.00	-30298.42	-39917.34	1.85977	-30298.42	-39917.34	1.85977	26.715	0.00
0.00	-30298.48	-39917.14	1.85854	-30298.48	-39917.14	1.85854	27.968	0.00
0.00	-30298.53	-39916.97	1.85730	-30298.53	-39916.97	1.85730	27.641	0.00
0.00	-30298.58	-39916.82	1.85630	-30298.58	-39916.82	1.85630	27.884	0.00
0.00	-30298.62	-39916.68	1.85546	-30298.62	-39916.68	1.85546	27.799	0.00
0.00	-30298.67	-39916.53	1.85463	-30298.67	-39916.53	1.85463	27.769	0.00
0.00	-30298.71	-39916.37	1.85377	-30298.71	-39916.37	1.85377	27.844	0.00
0.00	-30298.76	-39916.21	1.85278	-30298.76	-39916.21	1.85278	27.544	0.00
0.00	-30298.81	-39916.05	1.85168	-30298.81	-39916.05	1.85168	28.174	0.00
0.00	-30298.86	-39915.89	1.85060	-30298.86	-39915.89	1.85060	27.399	0.00
0.00	-30298.92	-39915.68	1.84948	-30298.92	-39915.68	1.84948	27.202	0.00
0.00	-30298.98	-39915.48	1.84836	-30298.98	-39915.48	1.84836	28.853	0.00
0.00	-30299.03	-39915.29	1.84726	-30299.03	-39915.29	1.84726	28.620	0.00
0.00	-30299.09	-39915.09	1.84622	-30299.09	-39915.09	1.84622	27.679	0.00
0.00	-30299.14	-39914.92	1.84524	-30299.14	-39914.92	1.84524	27.733	0.00
0.00	-30299.19	-39914.77	1.84412	-30299.19	-39914.77	1.84412	29.036	0.00
0.00	-30299.23	-39914.60	1.84290	-30299.23	-39914.60	1.84290	28.572	0.00
0.00	-30299.29	-39914.42	1.84173	-30299.29	-39914.42	1.84173	29.340	0.00
0.00	-30299.34	-39914.24	1.84050	-30299.34	-39914.24	1.84050	28.574	0.00
0.00	-30299.39	-39914.06	1.83927	-30299.39	-39914.06	1.83927	29.396	0.00
0.00	-30299.43	-39913.91	1.83813	-30299.43	-39913.91	1.83813	28.334	0.00
0.00	-30299.47	-39913.77	1.83700	-30299.47	-39913.77	1.83700	29.195	0.00
0.00	-30299.51	-39913.62	1.83584	-30299.51	-39913.62	1.83584	29.245	0.00
0.00	-30299.55	-39913.47	1.83453	-30299.55	-39913.47	1.83453	29.042	0.00
0.00	-30299.61	-39913.26	1.83319	-30299.61	-39913.26	1.83319	29.677	0.00
0.00	-30299.65	-39913.10	1.83199	-30299.65	-39913.10	1.83199	29.491	0.00
0.00	-30299.70	-39912.94	1.83100	-30299.70	-39912.94	1.83100	29.887	0.00
0.00	-30299.75	-39912.75	1.82999	-30299.75	-39912.75	1.82999	32.155	0.00
0.00	-30299.80	-39912.56	1.82884	-30299.80	-39912.56	1.82884	28.934	0.00
0.00	-30299.85	-39912.37	1.82761	-30299.85	-39912.37	1.82761	29.913	0.00
0.00	-30299.91	-39912.15	1.82627	-30299.91	-39912.15	1.82627	29.962	0.00
0.00	-30299.96	-39911.95	1.82497	-30299.96	-39911.95	1.82497	30.192	0.00
0.00	-30300.00	-39911.79	1.82374	-30300.00	-39911.79	1.82374	30.413	0.00
0.00	-30300.05	-39911.59	1.82245	-30300.05	-39911.59	1.82245	29.568	0.00
0.00	-30300.11	-39911.39	1.82122	-30300.11	-39911.39	1.82122	31.574	0.00
0.00	-30300.15	-39911.20	1.82004	-30300.15	-39911.20	1.82004	30.549	0.00
0.00	-30300.19	-39911.04	1.81883	-30300.19	-39911.04	1.81883	30.668	0.00
0.00	-30300.23	-39910.89	1.81757	-30300.23	-39910.89	1.81757	30.842	0.00
0.00	-30300.27	-39910.73	1.81621	-30300.27	-39910.73	1.81621	31.793	0.00
0.00	-30300.31	-39910.55	1.81492	-30300.31	-39910.55	1.81492	30.446	0.00
0.00	-30300.36	-39910.38	1.81371	-30300.36	-39910.38	1.81371	30.734	0.00
0.00	-30300.40	-39910.20	1.81253	-30300.40	-39910.20	1.81253	31.693	0.00
0.00	-30300.45	-39910.01	1.81131	-30300.45	-39910.01	1.81131	32.016	0.00
0.00	-30300.49	-39909.83	1.81004	-30300.49	-39909.83	1.81004	30.883	0.00
0.00	-30300.54	-39909.64	1.80879	-30300.54	-39909.64	1.80879	30.723	0.00
0.00	-30300.59	-39909.41	1.80762	-30300.59	-39909.41	1.80762	31.734	0.00
0.00	-30300.64	-39909.19	1.80647	-30300.64	-39909.19	1.80647	31.245	0.00
0.00	-30300.69	-39908.98	1.80532	-30300.69	-39908.98	1.80532	31.242	0.00
0.00	-30300.73	-39908.80	1.80419	-30300.73	-39908.80	1.80419	31.490	0.00
0.00	-30300.78	-39908.59	1.80294	-30300.78	-39908.59	1.80294	32.420	0.00
0.00	-30300.83	-39908.39	1.80193	-30300.83	-39908.39	1.80193	32.058	0.00
0.00	-30300.88	-39908.19	1.80112	-30300.88	-39908.19	1.80112	31.773	0.00
0.00	-30300.93	-39907.95	1.80044	-30300.93	-39907.95	1.80044	33.876	0.00
0.00	-30300.98	-39907.75	1.79991	-30300.98	-39907.75	1.79991	32.893	0.00
0.00	-30301.01	-39907.59	1.79936	-30301.01	-39907.59	1.79936	32.241	0.00
0.00	-30301.05	-39907.43	1.79881	-30301.05	-39907.43	1.79881	32.333	0.00
0.00	-30301.09	-39907.25	1.79833	-30301.09	-39907.25	1.79833	32.934	0.00
0.00	-30301.13	-39907.07	1.79794	-30301.13	-39907.07	1.79794	33.023	0.00
0.00	-30301.18	-39906.87	1.79763	-30301.18	-39906.87	1.79763	32.852	0.00
0.00	-30301.23	-39906.65	1.79735	-30301.23	-39906.65	1.79735	32.542	0.00
0.00	-30301.28	-39906.43	1.79717	-30301.28	-39906.43	1.79717	33.106	0.00
0.00	-30301.32	-39906.25	1.79704	-30301.32	-39906.25	1.79704	33.163	0.00
0.00	-30301.37	-39906.01	1.79686	-30301.37	-39906.01	1.79686	33.007	0.00
0.00	-30301.42	-39905.80	1.79656	-30301.42	-39905.80	1.79656	33.990	0.00
0.00	-30301.46	-39905.61	1.79619	-30301.46	-39905.61	1.79619	33.141	0.00
0.00	-30301.51	-39905.40	1.79584	-30301.51	-39905.40	1.79584	34.610	0.00
0.00	-30301.56	-39905.19	1.79554	-30301.56	-39905.19	1.79554	33.830	0.00
0.00	-30301.61	-39904.96	1.79526	-30301.61	-39904.96	1.79526	34.056	0.00
0.00	-30301.66	-39904.73	1.79505	-30301.66	-39904.73	1.79505	34.093	0.00
0.00	-30301.70	-39904.56	1.79478	-30301.70	-39904.56	1.79478	33.779	0.00
0.00	-30301.74	-39904.36	1.79448	-30301.74	-39904.36	1.79448	34.250	0.00
0.00	-30301.80	-39904.12	1.79422	-30301.80	-39904.12	1.79422	34.302	0.00
0.00	-30301.83	-39903.95	1.79396	-30301.83	-39903.95	1.79396	34.234	0.00
0.00	-30301.87	-39903.78	1.79364	-30301.87	-39903.78	1.79364	34.673	0.00
0.00	-30301.91	-39903.60	1.79335	-30301.91	-39903.60	1.79335	34.185	0.00
0.00	-30301.95	-39903.40	1.79312	-30301.95	-39903.40	1.79312	34.674	0.00
0.00	-30302.01	-39903.14	1.79287	-30302.01	-39903.14	1.79287	34.612	0.00
0.00	-30302.07	-39902.90	1.79260	-30302.07	-39902.90	1.79260	34.249	0.00
0.00	-30302.12	-39902.66	1.79224	-30302.12	-39902.66	1.79224	34.071	0.00
0.00	-30302.17	-39902.42	1.79183	-30302.17	-39902.42	1.79183	34.128	0.00
0.00	-30302.21	-39902.21	1.79138	-30302.21	-39902.21	1.79138	34.855	0.00
0.00	-30302.25	-39902.03	1.79086	-30302.25	-39902.03	1.79086	37.257	0.00
0.00	-30302.30	-39901.82	1.79039	-30302.30	-39901.82	1.79039	36.958	0.00
0.00	-30302.34	-39901.62	1.79000	-30302.34	-39901.62	1.79000	36.107	0.00
0.00	-30302.38	-39901.45	1.78969	-30302.38	-39901.45	1.78969	40.396	0.00
0.00	-30302.42	-39901.27	1.78944	-30302.42	-39901.27	1.78944	36.787	0.00
0.00	-30302.46	-39901.08	1.78921	-30302.46	-39901.08	1.78921	34.537	0.00
0.00	-30302.50	-39900.89	1.78898	-30302.50	-39900.89	1.78898	36.902	0.00
0.00	-30302.55	-39900.66	1.78865	-30302.55	-39900.66	1.78865	35.668	0.00
0.00	-30302.60	-39900.43	1.78816	-30302.60	-39900.43	1.78816	38.070	0.00
0.00	-30302.65	-39900.19	1.78762	-30302.65	-39900.19	1.78762	41.271	0.00
0.00	-30302.69	-39900.01	1.78723	-30302.69	-39900.01	1.78723	41.500	0.00
0.00	-30302.74	-39899.77	1.78699	-30302.74	-39899.77	1.78699	40.902	0.00
0.00	-30302.78	-39899.59	1.78699	-30302.78	-39899.59	1.78699	42.588	0.00
0.00	-30302.82	-39899.38	1.78703	-30302.82	-39899.38	1.78703	35.947	0.00
0.00	-30302.87	-39899.14	1.78709	-30302.87	-39899.14	1.78709	35.768	0.00
0.00	-30302.92	-39898.91	1.78722	-30302.92	-39898.91	1.78722	36.967	0.00
0.00	-30302.97	-39898.70	1.78739	-30302.97	-39898.70	1.78739	36.687	0.00
0.00	-30303.01	-39898.51	1.78752	-30303.01	-39898.51	1.78752	36.262	0.00
0.00	-30303.05	-39898.32	1.78770	-30303.05	-39898.32	1.78770	36.054	0.00
0.00	-30303.10	-39898.07	1.78788	-30303.10	-39898.07	1.78788	37.253	0.00
0.00	-30303.14	-39897.87	1.78824	-30303.14	-39897.87	1.78824	36.984	0.00
0.00	-30303.18	-39897.69	1.78873	-30303.18	-39897.69	1.78873	36.708	0.00
0.00	-30303.22	-39897.50	1.78933	-30303.22	-39897.50	1.78933	37.254	0.00
0.00	-30303.27	-39897.29	1.78994	-30303.27	-39897.29	1.78994	36.960	0.00
0.00	-30303.31	-39897.06	1.79052	-30303.31	-39897.06	1.79052	37.266	0.00
0.00	-30303.36	-39896.86	1.79104	-30303.36	-39896.86	1.79104	35.804	0.00
0.00	-30303.40	-39896.67	1.79150	-30303.40	-39896.67	1.79150	42.132	0.00
0.00	-30303.43	-39896.50	1.79181	-30303.43	-39896.50	1.79181	42.565	0.00
0.00	-30303.48	-39896.27	1.79210	-30303.48	-39896.27	1.79210	40.689	0.00
0.00	-30303.53	-39896.03	1.79238	-30303.53	-39896.03	1.79238	41.433	0.00
0.00	-30303.58	-39895.80	1.79268	-30303.58	-39895.80	1.79268	43.085	0.00
0.00	-30303.63	-39895.57	1.79300	-30303.63	-39895.57	1.79300	38.342	0.00
0.00	-30303.67	-39895.37	1.79344	-30303.67	-39895.37	1.79344	37.818	0.00
0.00	-30303.71	-39895.20	1.79389	-30303.71	-39895.20	1.79389	37.886	0.00
0.00	-30303.75	-39895.00	1.79432	-30303.75	-39895.00	1.79432	37.329	0.00
0.00	-30303.80	-39894.78	1.79482	-30303.80	-39894.78	1.79482	38.134	0.00
0.00	-30303.83	-39894.62	1.79550	-30303.83	-39894.62	1.79550	38.076	0.00
0.00	-30303.87	-39894.43	1.79623	-30303.87	-39894.43	1.79623	37.881	0.00
0.00	-30303.92	-39894.21	1.79697	-30303.92	-39894.21	1.79697	38.207	0.00
0.00	-30303.97	-39893.99	1.79776	-30303.97	-39893.99	1.79776	38.467	0.00
0.00	-30304.02	-39893.79	1.79864	-30304.02	-39893.79	1.79864	38.067	0.00
0.00	-30304.06	-39893.60	1.79961	-30304.06	-39893.60	1.79961	37.900	0.00
0.00	-30304.10	-39893.43	1.80079	-30304.10	-39893.43	1.80079	37.323	0.00
0.00	-30304.14	-39893.26	1.80205	-30304.14	-39893.26	1.80205	39.155	0.00
0.00	-30304.19	-39893.05	1.80339	-30304.19	-39893.05	1.80339	40.327	0.00
0.00	-30304.25	-39892.82	1.80480	-30304.25	-39892.82	1.80480	39.468	0.00
0.00	-30304.30	-39892.60	1.80630	-30304.30	-39892.60	1.80630	39.526	0.00
0.00	-30304.35	-39892.39	1.80783	-30304.35	-39892.39	1.80783	40.226	0.00
0.00	-30304.41	-39892.17	1.80934	-30304.41	-39892.17	1.80934	40.116	0.00
0.00	-30304.45	-39892.00	1.81094	-30304.45	-39892.00	1.81094	39.781	0.00
0.00	-30304.50	-39891.83	1.81271	-30304.50	-39891.83	1.81271	39.305	0.00
0.00	-30304.55	-39891.64	1.81456	-30304.55	-39891.64	1.81456	40.084	0.00
0.00	-30304.60	-39891.45	1.81647	-30304.60	-39891.45	1.81647	40.548	0.00
0.00	-30304.65	-39891.25	1.81845	-30304.65	-39891.25	1.81845	39.660	0.00
0.00	-30304.70	-39891.06	1.82042	-30304.70	-39891.06	1.82042	39.624	0.00
0.00	-30304.76	-39890.86	1.82253	-30304.76	-39890.86	1.82253	40.607	0.00
0.00	-30304.81	-39890.67	1.82468	-30304.81	-39890.67	1.82468	40.283	0.00
0.00	-30304.86	-39890.49	1.82679	-30304.86	-39890.49	1.82679	39.803	0.00
0.00	-30304.93	-39890.24	1.82888	-30304.93	-39890.24	1.82888	39.830	0.00
0.00	-30304.99	-39890.04	1.83085	-30304.99	-39890.04	1.83085	40.638	0.00
0.00	-30305.04	-39889.86	1.83281	-30305.04	-39889.86	1.83281	41.562	0.00
0.00	-30305.09	-39889.68	1.83476	-30305.09	-39889.68	1.83476	40.213	0.00
0.00	-30305.14	-39889.51	1.83666	-30305.14	-39889.51	1.83666	40.623	0.00
0.00	-30305.20	-39889.32	1.83843	-30305.20	-39889.32	1.83843	40.704	0.00
0.00	-30305.25	-39889.12	1.84027	-30305.25	-39889.12	1.84027	40.716	0.00
0.00	-30305.31	-39888.93	1.84209	-30305.31	-39888.93	1.84209	40.537	0.00
0.00	-30305.37	-39888.73	1.84385	-30305.37	-39888.73	1.84385	41.977	0.00
0.00	-30305.44	-39888.49	1.84589	-30305.44	-39888.49	1.84589	41.583	0.00
0.00	-30305.51	-39888.26	1.84781	-30305.51	-39888.26	1.84781	46.695	0.00
0.00	-30305.57	-39888.04	1.84947	-30305.57	-39888.04	1.84947	41.247	0.00
0.00	-30305.63	-39887.85	1.85089	-30305.63	-39887.85	1.85089	42.095	0.00
0.00	-30305.69	-39887.64	1.85217	-30305.69	-39887.64	1.85217	41.055	0.00
0.00	-30305.76	-39887.42	1.85330	-30305.76	-39887.42	1.85330	41.187	0.00
0.00	-30305.81	-39887.24	1.85429	-30305.81	-39887.24	1.85429	40.889	0.00
0.00	-30305.87	-39887.04	1.85516	-30305.87	-39887.04	1.85516	41.781	0.00
0.00	-30305.93	-39886.83	1.85602	-30305.93	-39886.83	1.85602	42.332	0.00
0.00	-30305.98	-39886.66	1.85699	-30305.98	-39886.66	1.85699	42.324	0.00
0.00	-30306.03	-39886.49	1.85802	-30306.03	-39886.49	1.85802	41.533	0.00
0.00	-30306.08	-39886.32	1.85903	-30306.08	-39886.32	1.85903	42.089	0.00
0.00	-30306.13	-39886.14	1.86000	-30306.13	-39886.14	1.86000	41.950	0.00
0.00	-30306.19	-39885.95	1.86093	-30306.19	-39885.95	1.86093	42.270	0.00
0.00	-30306.25	-39885.76	1.86178	-30306.25	-39885.76	1.86178	41.876	0.00
0.00	-30306.31	-39885.55	1.86250	-30306.31	-39885.55	1.86250	42.719	0.00
0.00	-30306.37	-39885.36	1.86306	-30306.37	-39885.36	1.86306	43.096	0.00
0.00	-30306.42	-39885.16	1.86347	-30306.42	-39885.16	1.86347	41.582	0.00
0.00	-30306.48	-39884.96	1.86383	-30306.48	-39884.96	1.86383	42.162	0.00
0.00	-30306.54	-39884.77	1.86425	-30306.54	-39884.77	1.86425	43.089	0.00
0.00	-30306.60	-39884.55	1.86482	-30306.60	-39884.55	1.86482	41.977	0.00
0.00	-30306.67	-39884.32	1.86541	-30306.67	-39884.32	1.86541	43.287	0.00
0.00	-30306.74	-39884.09	1.86608	-30306.74	-39884.09	1.86608	50.613	0.00
0.00	-30306.79	-39883.91	1.86668	-30306.79	-39883.91	1.86668	43.820	0.00
0.00	-30306.85	-39883.73	1.86721	-30306.85	-39883.73	1.86721	43.656	0.00
0.00	-30306.90	-39883.55	1.86769	-30306.90	-39883.55	1.86769	44.122	0.00
0.00	-30306.96	-39883.36	1.86809	-30306.96	-39883.36	1.86809	43.203	0.00
0.00	-30307.02	-39883.17	1.86850	-30307.02	-39883.17	1.86850	44.631	0.00
0.00	-30307.07	-39882.98	1.86895	-30307.07	-39882.98	1.86895	43.478	0.00
0.00	-30307.13	-39882.79	1.86946	-30307.13	-39882.79	1.86946	43.945	0.00
0.00	-30307.19	-39882.60	1.87001	-30307.19	-39882.60	1.87001	43.234	0.00
0.00	-30307.25	-39882.40	1.87060	-30307.25	-39882.40	1.87060	44.061	0.00
0.00	-30307.31	-39882.21	1.87134	-30307.31	-39882.21	1.87134	43.547	0.00
0.00	-30307.37	-39882.02	1.87211	-30307.37	-39882.02	1.87211	46.074	0.00
0.00	-30307.43	-39881.83	1.87273	-30307.43	-39881.83	1.87273	44.999	0.00
0.00	-30307.49	-39881.64	1.87309	-30307.49	-39881.64	1.87309	43.267	0.00
0.00	-30307.55	-39881.44	1.87328	-30307.55	-39881.44	1.87328	44.225	0.00
0.00	-30307.62	-39881.25	1.87349	-30307.62	-39881.25	1.87349	45.197	0.00
0.00	-30307.69	-39881.01	1.87383	-30307.69	-39881.01	1.87383	50.792	0.00
0.00	-30307.75	-39880.84	1.87421	-30307.75	-39880.84	1.87421	45.509	0.00
0.00	-30307.82	-39880.61	1.87467	-30307.82	-39880.61	1.87467	45.748	0.00
0.00	-30307.89	-39880.39	1.87514	-30307.89	-39880.39	1.87514	45.932	0.00
0.00	-30307.96	-39880.17	1.87556	-30307.96	-39880.17	1.87556	45.954	0.00
0.00	-30308.02	-39880.00	1.87588	-30308.02	-39880.00	1.87588	44.986	0.00
0.00	-30308.07	-39879.83	1.87608	-30308.07	-39879.83	1.87608	45.876	0.00
0.00	-30308.13	-39879.65	1.87623	-30308.13	-39879.65	1.87623	45.610	0.00
0.00	-30308.19	-39879.46	1.87653	-30308.19	-39879.46	1.87653	44.729	0.00
0.00	-30308.26	-39879.27	1.87690	-30308.26	-39879.27	1.87690	52.085	0.00
0.00	-30308.32	-39879.07	1.87740	-30308.32	-39879.07	1.87740	44.636	0.00
0.00	-30308.38	-39878.88	1.87802	-30308.38	-39878.88	1.87802	53.464	0.00
0.00	-30308.46	-39878.65	1.87864	-30308.46	-39878.65	1.87864	46.638	0.00
0.00	-30308.51	-39878.50	1.87907	-30308.51	-39878.50	1.87907	46.348	0.00
0.00	-30308.57	-39878.31	1.87941	-30308.57	-39878.31	1.87941	46.751	0.00
0.00	-30308.64	-39878.11	1.87961	-30308.64	-39878.11	1.87961	52.456	0.00
0.00	-30308.71	-39877.88	1.87978	-30308.71	-39877.88	1.87978	45.757	0.00
0.00	-30308.76	-39877.73	1.88002	-30308.76	-39877.73	1.88002	45.905	0.00
0.00	-30308.82	-39877.53	1.88041	-30308.82	-39877.53	1.88041	53.702	0.00
0.00	-30308.90	-39877.30	1.88081	-30308.90	-39877.30	1.88081	46.307	0.00
0.00	-30308.96	-39877.11	1.88109	-30308.96	-39877.11	1.88109	46.215	0.00
0.00	-30309.02	-39876.94	1.88134	-30309.02	-39876.94	1.88134	46.797	0.00
0.00	-30309.08	-39876.75	1.88157	-30309.08	-39876.75	1.88157	47.309	0.00
0.00	-30309.17	-39876.47	1.88177	-30309.17	-39876.47	1.88177	53.449	0.00
0.00	-30309.25	-39876.23	1.88181	-30309.25	-39876.23	1.88181	46.526	0.00
0.00	-30309.32	-39876.01	1.88171	-30309.32	-39876.01	1.88171	47.297	0.00
0.00	-30309.38	-39875.81	1.88159	-30309.38	-39875.81	1.88159	47.196	0.00
0.00	-30309.45	-39875.62	1.88151	-30309.45	-39875.62	1.88151	47.241	0.00
0.00	-30309.50	-39875.44	1.88136	-30309.50	-39875.44	1.88136	48.131	0.00
0.00	-30309.56	-39875.26	1.88126	-30309.56	-39875.26	1.88126	48.918	0.00
0.00	-30309.62	-39875.07	1.88126	-30309.62	-39875.07	1.88126	54.475	0.00
0.00	-30309.69	-39874.86	1.88121	-30309.69	-39874.86	1.88121	48.832	0.00
0.00	-30309.75	-39874.67	1.88106	-30309.75	-39874.67	1.88106	46.609	0.00
0.00	-30309.80	-39874.50	1.88089	-30309.80	-39874.50	1.88089	48.548	0.00
0.00	-30309.86	-39874.32	1.88074	-30309.86	-39874.32	1.88074	48.462	0.00
0.00	-30309.92	-39874.14	1.88062	-30309.92	-39874.14	1.88062	48.422	0.00
0.00	-30309.98	-39873.95	1.88055	-30309.98	-39873.95	1.88055	48.336	0.00
0.00	-30310.04	-39873.75	1.88047	-30310.04	-39873.75	1.88047	54.452	0.00
0.00	-30310.11	-39873.52	1.88049	-30310.11	-39873.52	1.88049	54.789	0.00
0.00	-30310.18	-39873.29	1.88054	-30310.18	-39873.29	1.88054	49.133	0.00
0.00	-30310.26	-39873.05	1.88058	-30310.26	-39873.05	1.88058	47.708	0.00
0.00	-30310.32	-39872.86	1.88056	-30310.32	-39872.86	1.88056	48.416	0.00
0.00	-30310.37	-39872.69	1.88047	-30310.37	-39872.69	1.88047	48.299	0.00
0.00	-30310.43	-39872.51	1.88037	-30310.43	-39872.51	1.88037	50.257	0.00
0.00	-30310.49	-39872.33	1.88021	-30310.49	-39872.33	1.88021	49.400	0.00
0.00	-30310.55	-39872.14	1.88004	-30310.55	-39872.14	1.88004	51.047	0.00
0.00	-30310.63	-39871.87	1.87987	-30310.63	-39871.87	1.87987	49.697	0.00
0.00	-30310.71	-39871.64	1.87981	-30310.71	-39871.64	1.87981	51.052	0.00
0.00	-30310.78	-39871.41	1.87984	-30310.78	-39871.41	1.87984	49.393	0.00
0.00	-30310.84	-39871.21	1.87985	-30310.84	-39871.21	1.87985	49.161	0.00
0.00	-30310.90	-39871.04	1.87983	-30310.90	-39871.04	1.87983	48.840	0.00
0.00	-30310.95	-39870.88	1.87974	-30310.95	-39870.88	1.87974	50.916	0.00
0.00	-30311.00	-39870.71	1.87959	-30311.00	-39870.71	1.87959	52.240	0.00
0.00	-30311.07	-39870.49	1.87959	-30311.07	-39870.49	1.87959	49.895	0.00
0.00	-30311.13	-39870.30	1.87977	-30311.13	-39870.30	1.87977	50.336	0.00
0.00	-30311.21	-39870.05	1.87998	-30311.21	-39870.05	1.87998	52.564	0.00
0.00	-30311.28	-39869.83	1.88014	-30311.28	-39869.83	1.88014	49.450	0.00
0.00	-30311.36	-39869.59	1.88022	-30311.36	-39869.59	1.88022	50.219	0.00
0.00	-30311.41	-39869.43	1.88030	-30311.41	-39869.43	1.88030	50.915	0.00
0.00	-30311.46	-39869.26	1.88043	-30311.46	-39869.26	1.88043	56.962	0.00
0.00	-30311.52	-39869.07	1.88061	-30311.52	-39869.07	1.88061	51.119	0.00
0.00	-30311.60	-39868.84	1.88080	-30311.60	-39868.84	1.88080	57.439	0.00
0.00	-30311.68	-39868.60	1.88098	-30311.68	-39868.60	1.88098	50.951	0.00
0.00	-30311.73	-39868.43	1.88122	-30311.73	-39868.43	1.88122	57.426	0.00
0.00	-30311.81	-39868.20	1.88165	-30311.81	-39868.20	1.88165	52.312	0.00
0.00	-30311.86	-39868.02	1.88206	-30311.86	-39868.02	1.88206	54.472	0.00
0.00	-30311.94	-39867.78	1.88250	-30311.94	-39867.78	1.88250	52.297	0.00
0.00	-30312.01	-39867.57	1.88294	-30312.01	-39867.57	1.88294	58.513	0.00
0.00	-30312.10	-39867.30	1.88341	-30312.10	-39867.30	1.88341	58.123	0.00
0.00	-30312.19	-39867.03	1.88381	-30312.19	-39867.03	1.88381	55.076	0.00
0.00	-30312.26	-39866.81	1.88416	-30312.26	-39866.81	1.88416	51.639	0.00
0.00	-30312.32	-39866.64	1.88446	-30312.32	-39866.64	1.88446	59.090	0.00
0.00	-30312.40	-39866.40	1.88484	-30312.40	-39866.40	1.88484	57.227	0.00
0.00	-30312.48	-39866.15	1.88516	-30312.48	-39866.15	1.88516	56.308	0.00
0.00	-30312.56	-39865.92	1.88547	-30312.56	-39865.92	1.88547	58.422	0.00
0.00	-30312.62	-39865.72	1.88582	-30312.62	-39865.72	1.88582	56.380	0.00
0.00	-30312.68	-39865.55	1.88608	-30312.68	-39865.55	1.88608	54.639	0.00
0.00	-30312.74	-39865.37	1.88624	-30312.74	-39865.37	1.88624	59.945	0.00
0.00	-30312.81	-39865.15	1.88628	-30312.81	-39865.15	1.88628	56.342	0.00
0.00	-30312.89	-39864.90	1.88623	-30312.89	-39864.90	1.88623	60.323	0.00
0.00	-30312.97	-39864.65	1.88610	-30312.97	-39864.65	1.88610	53.641	0.00
0.00	-30313.04	-39864.43	1.88600	-30313.04	-39864.43	1.88600	59.187	0.00
0.00	-30313.12	-39864.19	1.88597	-30313.12	-39864.19	1.88597	60.228	0.00
0.00	-30313.20	-39863.95	1.88609	-30313.20	-39863.95	1.88609	54.673	0.00
0.00	-30313.28	-39863.71	1.88637	-30313.28	-39863.71	1.88637	53.340	0.00
0.00	-30313.32	-39863.58	1.88675	-30313.32	-39863.58	1.88675	54.921	0.00
0.00	-30313.39	-39863.37	1.88711	-30313.39	-39863.37	1.88711	57.529	0.00
0.00	-30313.46	-39863.16	1.88748	-30313.46	-39863.16	1.88748	61.485	0.00
0.00	-30313.54	-39862.92	1.88782	-30313.54	-39862.92	1.88782	63.564	0.00
0.00	-30313.63	-39862.63	1.88805	-30313.63	-39862.63	1.88805	57.444	0.00
0.00	-30313.71	-39862.40	1.88811	-30313.71	-39862.40	1.88811	59.733	0.00
0.00	-30313.76	-39862.23	1.88813	-30313.76	-39862.23	1.88813	60.050	0.00
0.00	-30313.83	-39862.04	1.88816	-30313.83	-39862.04	1.88816	60.125	0.00
0.00	-30313.90	-39861.83	1.88815	-30313.90	-39861.83	1.88815	53.568	0.00
0.00	-30313.96	-39861.64	1.88820	-30313.96	-39861.64	1.88820	53.382	0.00
0.00	-30314.02	-39861.45	1.88834	-30314.02	-39861.45	1.88834	54.767	0.00
0.00	-30314.10	-39861.20	1.88847	-30314.10	-39861.20	1.88847	53.791	0.00
0.00	-30314.17	-39861.00	1.88844	-30314.17	-39861.00	1.88844	57.827	0.00
0.00	-30314.26	-39860.73	1.88822	-30314.26	-39860.73	1.88822	56.131	0.00
0.00	-30314.34	-39860.47	1.88806	-30314.34	-39860.47	1.88806	56.306	0.00
0.00	-30314.43	-39860.21	1.88807	-30314.43	-39860.21	1.88807	59.134	0.00
0.00	-30314.49	-39860.02	1.88817	-30314.49	-39860.02	1.88817	59.808	0.00
0.00	-30314.55	-39859.84	1.88820	-30314.55	-39859.84	1.88820	57.123	0.00
0.00	-30314.61	-39859.64	1.88820	-30314.61	-39859.64	1.88820	62.278	0.00
0.00	-30314.68	-39859.42	1.88820	-30314.68	-39859.42	1.88820	62.266	0.00
0.00	-30314.77	-39859.16	1.88831	-30314.77	-39859.16	1.88831	63.633	0.00
0.00	-30314.84	-39858.94	1.88854	-30314.84	-39858.94	1.88854	61.570	0.00
0.00	-30314.92	-39858.72	1.88877	-30314.92	-39858.72	1.88877	60.540	0.00
0.00	-30315.00	-39858.45	1.88897	-30315.00	-39858.45	1.88897	58.329	0.00
0.00	-30315.08	-39858.20	1.88909	-30315.08	-39858.20	1.88909	54.406	0.00
0.00	-30315.15	-39858.00	1.88917	-30315.15	-39858.00	1.88917	60.670	0.00
0.00	-30315.23	-39857.75	1.88920	-30315.23	-39857.75	1.88920	55.082	0.00
0.00	-30315.31	-39857.52	1.88927	-30315.31	-39857.52	1.88927	61.569	0.00
0.00	-30315.39	-39857.28	1.88949	-30315.39	-39857.28	1.88949	54.062	0.00
0.00	-30315.45	-39857.09	1.88975	-30315.45	-39857.09	1.88975	61.079	0.00
0.00	-30315.53	-39856.85	1.88997	-30315.53	-39856.85	1.88997	61.527	0.00
0.00	-30315.61	-39856.62	1.89010	-30315.61	-39856.62	1.89010	57.065	0.00
0.00	-30315.67	-39856.44	1.89014	-30315.67	-39856.44	1.89014	61.175	0.00
0.00	-30315.74	-39856.20	1.89018	-30315.74	-39856.20	1.89018	61.736	0.00
0.00	-30315.82	-39855.96	1.89015	-30315.82	-39855.96	1.89015	61.438	0.00
0.00	-30315.90	-39855.73	1.89007	-30315.90	-39855.73	1.89007	62.353	0.00
0.00	-30315.97	-39855.50	1.88999	-30315.97	-39855.50	1.88999	62.575	0.00
0.00	-30316.05	-39855.27	1.88997	-30316.05	-39855.27	1.88997	59.853	0.00
0.00	-30316.13	-39855.01	1.89001	-30316.13	-39855.01	1.89001	57.637	0.00
0.00	-30316.21	-39854.77	1.89009	-30316.21	-39854.77	1.89009	64.468	0.00
0.00	-30316.30	-39854.49	1.88990	-30316.30	-39854.49	1.88990	59.635	0.00
0.00	-30316.36	-39854.30	1.88944	-30316.36	-39854.30	1.88944	64.307	0.00
0.00	-30316.41	-39854.14	1.88881	-30316.41	-39854.14	1.88881	61.781	0.00
0.00	-30316.49	-39853.90	1.88836	-30316.49	-39853.90	1.88836	57.943	0.00
0.00	-30316.55	-39853.70	1.88817	-30316.55	-39853.70	1.88817	56.033	0.00
0.00	-30316.64	-39853.44	1.88796	-30316.64	-39853.44	1.88796	60.398	0.00
0.00	-30316.72	-39853.19	1.88765	-30316.72	-39853.19	1.88765	57.814	0.00
0.00	-30316.78	-39853.00	1.88720	-30316.78	-39853.00	1.88720	66.201	0.00
0.00	-30316.85	-39852.78	1.88674	-30316.85	-39852.78	1.88674	64.507	0.00
0.00	-30316.92	-39852.56	1.88659	-30316.92	-39852.56	1.88659	57.630	0.00
0.00	-30316.98	-39852.36	1.88661	-30316.98	-39852.36	1.88661	56.895	0.00
0.00	-30317.04	-39852.18	1.88662	-30317.04	-39852.18	1.88662	56.397	0.00
0.00	-30317.12	-39851.94	1.88653	-30317.12	-39851.94	1.88653	64.971	0.00
0.00	-30317.20	-39851.68	1.88639	-30317.20	-39851.68	1.88639	59.460	0.00
0.00	-30317.28	-39851.44	1.88624	-30317.28	-39851.44	1.88624	57.889	0.00
0.00	-30317.36	-39851.19	1.88612	-30317.36	-39851.19	1.88612	67.292	0.00
0.00	-30317.40	-39851.06	1.88614	-30317.40	-39851.06	1.88614	67.743	0.00
0.00	-30317.40	-39851.06	1.88614	-30317.40	-39851.06	1.88614	60.966	0.00
