0.00	81871.97	-33288.79	0.35000	81871.97	-33288.79	0.35000	21.616	0.00
0.00	81871.96	-33288.61	0.35000	81871.96	-33288.61	0.35000	2.070	0.00
0.00	81872.15	-33288.44	0.34963	81872.15	-33288.44	0.34963	1.670	0.00
0.00	81871.99	-33288.02	1.66938	81871.99	-33288.02	1.66938	1.643	0.00
0.00	81871.93	-33287.85	1.72919	81871.93	-33287.85	1.72919	2.027	0.00
0.00	81871.90	-33287.63	1.73215	81871.90	-33287.63	1.73215	1.742	0.00
0.00	81871.89	-33287.45	1.69761	81871.89	-33287.45	1.69761	1.859	0.00
0.00	81871.89	-33287.26	1.67756	81871.89	-33287.26	1.67756	1.798	0.00
0.00	81871.88	-33287.07	1.66145	81871.88	-33287.07	1.66145	1.684	0.00
0.00	81871.88	-33286.86	1.65038	81871.88	-33286.86	1.65038	1.781	0.00
0.00	81871.88	-33286.67	1.64093	81871.88	-33286.67	1.64093	1.748	0.00
0.00	81871.87	-33286.45	1.63415	81871.87	-33286.45	1.63415	1.670	0.00
0.00	81871.87	-33286.26	1.62813	81871.87	-33286.26	1.62813	1.736	0.00
0.00	81871.86	-33286.08	1.62408	81871.86	-33286.08	1.62408	2.192	0.00
0.00	81871.86	-33285.89	1.62025	81871.86	-33285.89	1.62025	2.007	0.00
0.00	81871.85	-33285.69	1.61747	81871.85	-33285.69	1.61747	1.723	0.00
0.00	81871.85	-33285.50	1.61469	81871.85	-33285.50	1.61469	1.653	0.00
0.00	81871.84	-33285.22	1.61250	81871.84	-33285.22	1.61250	1.939	0.00
0.00	81871.84	-33285.09	1.61060	81871.84	-33285.09	1.61060	2.299	0.00
0.00	81871.83	-33284.87	1.60904	81871.83	-33284.87	1.60904	1.687	0.00
0.00	81871.83	-33284.73	1.60765	81871.83	-33284.73	1.60765	1.722	0.00
0.00	81871.82	-33284.47	1.60600	81871.82	-33284.47	1.60600	1.763	0.00
0.00	81871.82	-33284.29	1.60474	81871.82	-33284.29	1.60474	1.703	0.00
0.00	81871.81	-33284.05	1.60354	81871.81	-33284.05	1.60354	1.648	0.00
0.00	81871.81	-33283.87	1.60201	81871.81	-33283.87	1.60201	1.659	0.00
0.00	81871.81	-33283.70	1.60047	81871.81	-33283.70	1.60047	1.743	0.00
0.00	81871.80	-33283.50	1.59896	81871.80	-33283.50	1.59896	1.770	0.00
0.00	81871.79	-33283.24	1.59953	81871.79	-33283.24	1.59953	1.665	0.00
0.00	81871.78	-33283.04	1.60017	81871.78	-33283.04	1.60017	1.734	0.00
0.00	81871.77	-33282.82	1.60060	81871.77	-33282.82	1.60060	1.626	0.00
0.00	81871.76	-33282.62	1.60111	81871.76	-33282.62	1.60111	1.711	0.00
0.00	81871.75	-33282.58	1.60082	81871.75	-33282.58	1.60082	1.715	0.00
0.00	81871.73	-33282.18	1.60145	81871.73	-33282.18	1.60145	1.717	0.00
0.00	81871.72	-33282.01	1.60150	81871.72	-33282.01	1.60150	1.632	0.00
0.00	81871.71	-33281.84	1.60158	81871.71	-33281.84	1.60158	1.742	0.00
0.00	81871.71	-33281.66	1.60133	81871.71	-33281.66	1.60133	1.694	0.00
0.00	81871.70	-33281.48	1.60096	81871.70	-33281.48	1.60096	1.656	0.00
0.00	81871.69	-33281.26	1.60024	81871.69	-33281.26	1.60024	1.704	0.00
0.00	81871.68	-33281.07	1.59958	81871.68	-33281.07	1.59958	1.733	0.00
0.00	81871.68	-33280.87	1.59876	81871.68	-33280.87	1.59876	1.707	0.00
0.00	81871.67	-33280.68	1.59781	81871.67	-33280.68	1.59781	1.711	0.00
0.00	81871.66	-33280.44	1.59671	81871.66	-33280.44	1.59671	1.801	0.00
0.00	81871.66	-33280.29	1.59548	81871.66	-33280.29	1.59548	1.699	0.00
0.00	81871.65	-33280.01	1.59438	81871.65	-33280.01	1.59438	1.755	0.00
0.00	81871.64	-33279.67	1.59267	81871.64	-33279.67	1.59267	1.669	0.00
0.00	81871.64	-33279.61	1.59218	81871.64	-33279.61	1.59218	1.710	0.00
0.00	81871.63	-33279.42	1.59096	81871.63	-33279.42	1.59096	1.633	0.00
0.00	81871.63	-33279.22	1.58953	81871.63	-33279.22	1.58953	1.716	0.00
0.00	81871.62	-33279.04	1.58846	81871.62	-33279.04	1.58846	1.724	0.00
0.00	81871.61	-33278.80	1.58729	81871.61	-33278.80	1.58729	1.768	0.00
0.00	81871.61	-33278.62	1.58598	81871.61	-33278.62	1.58598	1.996	0.00
0.00	81871.60	-33278.42	1.58450	81871.60	-33278.42	1.58450	1.684	0.00
0.00	81871.60	-33278.22	1.58326	81871.60	-33278.22	1.58326	1.826	0.00
0.00	81871.59	-33278.02	1.58199	81871.59	-33278.02	1.58199	1.793	0.00
0.00	81871.59	-33277.82	1.58063	81871.59	-33277.82	1.58063	1.842	0.00
0.00	81871.59	-33277.76	1.57817	81871.59	-33277.76	1.57817	1.829	0.00
0.00	81871.58	-33277.33	1.57731	81871.58	-33277.33	1.57731	1.821	0.00
0.00	81871.58	-33277.15	1.57562	81871.58	-33277.15	1.57562	1.762	0.00
0.00	81871.58	-33276.99	1.57413	81871.58	-33276.99	1.57413	1.812	0.00
0.00	81871.57	-33276.81	1.57271	81871.57	-33276.81	1.57271	1.848	0.00
0.00	81871.57	-33276.63	1.57127	81871.57	-33276.63	1.57127	1.848	0.00
0.00	81871.57	-33276.43	1.56975	81871.57	-33276.43	1.56975	1.845	0.00
0.00	81871.57	-33276.26	1.56828	81871.57	-33276.26	1.56828	1.681	0.00
0.00	81871.57	-33276.01	1.56670	81871.57	-33276.01	1.56670	1.797	0.00
0.00	81871.57	-33275.87	1.56511	81871.57	-33275.87	1.56511	1.907	0.00
0.00	81871.57	-33275.62	1.56362	81871.57	-33275.62	1.56362	1.856	0.00
0.00	81871.56	-33275.47	1.56215	81871.56	-33275.47	1.56215	1.832	0.00
0.00	81871.56	-33275.21	1.56067	81871.56	-33275.21	1.56067	1.761	0.00
0.00	81871.57	-33275.03	1.55926	81871.57	-33275.03	1.55926	1.819	0.00
0.00	81871.57	-33274.84	1.55775	81871.57	-33274.84	1.55775	1.722	0.00
0.00	81871.57	-33274.67	1.55634	81871.57	-33274.67	1.55634	1.694	0.00
0.00	81871.57	-33274.49	1.55498	81871.57	-33274.49	1.55498	1.800	0.00
0.00	81871.57	-33274.31	1.55350	81871.57	-33274.31	1.55350	1.690	0.00
0.00	81871.57	-33274.11	1.55164	81871.57	-33274.11	1.55164	1.833	0.00
0.00	81871.57	-33273.92	1.55013	81871.57	-33273.92	1.55013	1.876	0.00
0.00	81871.58	-33273.71	1.54873	81871.58	-33273.71	1.54873	1.748	0.00
0.00	81871.58	-33273.54	1.54727	81871.58	-33273.54	1.54727	1.860	0.00
0.00	81871.58	-33273.32	1.54544	81871.58	-33273.32	1.54544	1.838	0.00
0.00	81871.59	-33273.09	1.54410	81871.59	-33273.09	1.54410	1.856	0.00
0.00	81871.59	-33272.92	1.54309	81871.59	-33272.92	1.54309	1.824	0.00
0.00	81871.59	-33272.73	1.54192	81871.59	-33272.73	1.54192	1.805	0.00
0.00	81871.60	-33272.53	1.54065	81871.60	-33272.53	1.54065	1.811	0.00
0.00	81871.60	-33272.35	1.53954	81871.60	-33272.35	1.53954	1.770	0.00
0.00	81871.61	-33272.16	1.53845	81871.61	-33272.16	1.53845	1.804	0.00
0.00	81871.61	-33271.99	1.53762	81871.61	-33271.99	1.53762	2.422	0.00
0.00	81871.61	-33271.76	1.53679	81871.61	-33271.76	1.53679	1.802	0.00
0.00	81871.62	-33271.63	1.53601	81871.62	-33271.63	1.53601	1.787	0.00
0.00	81871.62	-33271.38	1.53517	81871.62	-33271.38	1.53517	2.139	0.00
0.00	81871.62	-33271.24	1.53435	81871.62	-33271.24	1.53435	1.786	0.00
0.00	81871.63	-33271.01	1.53331	81871.63	-33271.01	1.53331	1.733	0.00
0.00	81871.63	-33270.85	1.53264	81871.63	-33270.85	1.53264	1.718	0.00
0.00	81871.64	-33270.63	1.53207	81871.64	-33270.63	1.53207	1.786	0.00
0.00	81871.65	-33270.45	1.53152	81871.65	-33270.45	1.53152	1.811	0.00
0.00	81871.65	-33270.28	1.53074	81871.65	-33270.28	1.53074	1.851	0.00
0.00	81871.66	-33270.09	1.53043	81871.66	-33270.09	1.53043	2.254	0.00
0.00	81871.66	-33269.89	1.52995	81871.66	-33269.89	1.52995	1.818	0.00
0.00	81871.67	-33269.72	1.52972	81871.67	-33269.72	1.52972	1.858	0.00
0.00	81871.67	-33269.48	1.52947	81871.67	-33269.48	1.52947	1.796	0.00
0.00	81871.68	-33269.26	1.52941	81871.68	-33269.26	1.52941	1.814	0.00
0.00	81871.68	-33269.08	1.52937	81871.68	-33269.08	1.52937	1.827	0.00
0.00	81871.69	-33268.91	1.52950	81871.69	-33268.91	1.52950	1.822	0.00
0.00	81871.69	-33268.72	1.52963	81871.69	-33268.72	1.52963	1.731	0.00
0.00	81871.70	-33268.55	1.53007	81871.70	-33268.55	1.53007	1.879	0.00
0.00	81871.70	-33268.38	1.53046	81871.70	-33268.38	1.53046	1.812	0.00
0.00	81871.71	-33268.20	1.53094	81871.71	-33268.20	1.53094	1.872	0.00
0.00	81871.71	-33268.00	1.53141	81871.71	-33268.00	1.53141	1.943	0.00
0.00	81871.72	-33267.82	1.53204	81871.72	-33267.82	1.53204	1.886	0.00
0.00	81871.72	-33267.66	1.53246	81871.72	-33267.66	1.53246	1.909	0.00
0.00	81871.73	-33267.48	1.53306	81871.73	-33267.48	1.53306	1.906	0.00
0.00	81871.74	-33267.23	1.53360	81871.74	-33267.23	1.53360	1.901	0.00
0.00	81871.74	-33267.05	1.53414	81871.74	-33267.05	1.53414	1.920	0.00
0.00	81871.75	-33266.84	1.53449	81871.75	-33266.84	1.53449	1.910	0.00
0.00	81871.75	-33266.67	1.53506	81871.75	-33266.67	1.53506	1.933	0.00
0.00	81871.76	-33266.43	1.53559	81871.76	-33266.43	1.53559	1.939	0.00
0.00	81871.77	-33266.25	1.53611	81871.77	-33266.25	1.53611	1.955	0.00
0.00	81871.77	-33266.09	1.53654	81871.77	-33266.09	1.53654	1.919	0.00
0.00	81871.77	-33265.94	1.53699	81871.77	-33265.94	1.53699	1.912	0.00
0.00	81871.78	-33265.70	1.53744	81871.78	-33265.70	1.53744	1.966	0.00
0.00	81871.78	-33265.52	1.53803	81871.78	-33265.52	1.53803	1.834	0.00
0.00	81871.79	-33265.34	1.53822	81871.79	-33265.34	1.53822	2.644	0.00
0.00	81871.79	-33265.15	1.53868	81871.79	-33265.15	1.53868	1.980	0.00
0.00	81871.80	-33264.95	1.53905	81871.80	-33264.95	1.53905	1.918	0.00
0.00	81871.80	-33264.77	1.53955	81871.80	-33264.77	1.53955	1.957	0.00
0.00	81871.81	-33264.57	1.53982	81871.81	-33264.57	1.53982	1.934	0.00
0.00	81871.81	-33264.40	1.54036	81871.81	-33264.40	1.54036	1.878	0.00
0.00	81871.81	-33264.22	1.54088	81871.81	-33264.22	1.54088	1.796	0.00
0.00	81871.82	-33264.04	1.54170	81871.82	-33264.04	1.54170	1.935	0.00
0.00	81871.82	-33263.84	1.54247	81871.82	-33263.84	1.54247	2.029	0.00
0.00	81871.83	-33263.67	1.54340	81871.83	-33263.67	1.54340	2.015	0.00
0.00	81871.83	-33263.47	1.54437	81871.83	-33263.47	1.54437	1.950	0.00
0.00	81871.83	-33263.30	1.54543	81871.83	-33263.30	1.54543	1.816	0.00
0.00	81871.84	-33263.13	1.54629	81871.84	-33263.13	1.54629	1.687	0.00
0.00	81871.84	-33262.96	1.54735	81871.84	-33262.96	1.54735	1.978	0.00
0.00	81871.84	-33262.73	1.54853	81871.84	-33262.73	1.54853	1.924	0.00
0.00	81871.85	-33262.61	1.54993	81871.85	-33262.61	1.54993	1.922	0.00
0.00	81871.85	-33262.43	1.55164	81871.85	-33262.43	1.55164	1.928	0.00
0.00	81871.85	-33262.15	1.55461	81871.85	-33262.15	1.55461	1.917	0.00
0.00	81871.85	-33262.08	1.55539	81871.85	-33262.08	1.55539	1.980	0.00
0.00	81871.85	-33261.89	1.55757	81871.85	-33261.89	1.55757	1.844	0.00
0.00	81871.85	-33261.70	1.55973	81871.85	-33261.70	1.55973	1.877	0.00
0.00	81871.85	-33261.51	1.56246	81871.85	-33261.51	1.56246	1.974	0.00
0.00	81871.86	-33261.32	1.56531	81871.86	-33261.32	1.56531	1.899	0.00
0.00	81871.85	-33261.15	1.56850	81871.85	-33261.15	1.56850	1.868	0.00
0.00	81871.85	-33260.98	1.57154	81871.85	-33260.98	1.57154	1.813	0.00
0.00	81871.85	-33260.81	1.57497	81871.85	-33260.81	1.57497	1.772	0.00
0.00	81871.85	-33260.64	1.57880	81871.85	-33260.64	1.57880	1.832	0.00
0.00	81871.84	-33260.47	1.58282	81871.84	-33260.47	1.58282	1.871	0.00
0.00	81871.84	-33260.26	1.58754	81871.84	-33260.26	1.58754	1.999	0.00
0.00	81871.83	-33260.09	1.59238	81871.83	-33260.09	1.59238	1.960	0.00
0.00	81871.83	-33259.92	1.59732	81871.83	-33259.92	1.59732	1.888	0.00
0.00	81871.82	-33259.75	1.60277	81871.82	-33259.75	1.60277	1.888	0.00
0.00	81871.82	-33259.59	1.60782	81871.82	-33259.59	1.60782	1.923	0.00
0.00	81871.81	-33259.44	1.61358	81871.81	-33259.44	1.61358	1.825	0.00
0.00	81871.80	-33259.24	1.61963	81871.80	-33259.24	1.61963	1.866	0.00
0.00	81871.79	-33259.13	1.62612	81871.79	-33259.13	1.62612	1.853	0.00
0.00	81871.78	-33258.92	1.63311	81871.78	-33258.92	1.63311	1.818	0.00
0.00	81871.77	-33258.81	1.64014	81871.77	-33258.81	1.64014	1.866	0.00
0.00	81871.75	-33258.59	1.64763	81871.75	-33258.59	1.64763	1.897	0.00
0.00	81871.74	-33258.48	1.65501	81871.74	-33258.48	1.65501	1.840	0.00
0.00	81871.72	-33258.31	1.66172	81871.72	-33258.31	1.66172	1.831	0.00
0.00	81871.70	-33258.06	1.67359	81871.70	-33258.06	1.67359	1.863	0.00
0.00	81871.69	-33258.02	1.67665	81871.69	-33258.02	1.67665	1.723	0.00
0.00	81871.68	-33257.87	1.68447	81871.68	-33257.87	1.68447	1.846	0.00
0.00	81871.66	-33257.72	1.69296	81871.66	-33257.72	1.69296	1.809	0.00
0.00	81871.64	-33257.60	1.70101	81871.64	-33257.60	1.70101	1.675	0.00
0.00	81871.62	-33257.47	1.70996	81871.62	-33257.47	1.70996	1.777	0.00
0.00	81871.60	-33257.33	1.71829	81871.60	-33257.33	1.71829	1.814	0.00
0.00	81871.58	-33257.18	1.72561	81871.58	-33257.18	1.72561	1.727	0.00
0.00	81871.56	-33257.05	1.73423	81871.56	-33257.05	1.73423	1.740	0.00
0.00	81871.54	-33256.94	1.74319	81871.54	-33256.94	1.74319	1.761	0.00
0.00	81871.51	-33256.81	1.75229	81871.51	-33256.81	1.75229	1.729	0.00
0.00	81871.48	-33256.65	1.76235	81871.48	-33256.65	1.76235	1.868	0.00
0.00	81871.45	-33256.52	1.77186	81871.45	-33256.52	1.77186	1.772	0.00
0.00	81871.42	-33256.39	1.78092	81871.42	-33256.39	1.78092	1.720	0.00
0.00	81871.39	-33256.25	1.79075	81871.39	-33256.25	1.79075	1.778	0.00
0.00	81871.36	-33256.08	1.80043	81871.36	-33256.08	1.80043	1.796	0.00
0.00	81871.32	-33255.93	1.81041	81871.32	-33255.93	1.81041	1.761	0.00
0.00	81871.28	-33255.76	1.82024	81871.28	-33255.76	1.82024	1.776	0.00
0.00	81871.25	-33255.66	1.83058	81871.25	-33255.66	1.83058	1.779	0.00
0.00	81871.21	-33255.52	1.84141	81871.21	-33255.52	1.84141	1.769	0.00
0.00	81871.18	-33255.44	1.85250	81871.18	-33255.44	1.85250	1.789	0.00
0.00	81871.14	-33255.29	1.86531	81871.14	-33255.29	1.86531	1.802	0.00
0.00	81871.12	-33255.22	1.87461	81871.12	-33255.22	1.87461	1.653	0.00
0.00	81871.06	-33255.05	1.88712	81871.06	-33255.05	1.88712	1.721	0.00
0.00	81871.02	-33254.93	1.89921	81871.02	-33254.93	1.89921	1.691	0.00
0.00	81870.98	-33254.82	1.91321	81870.98	-33254.82	1.91321	1.813	0.00
0.00	81870.94	-33254.70	1.92581	81870.94	-33254.70	1.92581	1.713	0.00
0.00	81870.88	-33254.56	1.93665	81870.88	-33254.56	1.93665	1.706	0.00
0.00	81870.83	-33254.43	1.94955	81870.83	-33254.43	1.94955	1.678	0.00
0.00	81870.79	-33254.32	1.96384	81870.79	-33254.32	1.96384	1.639	0.00
0.00	81870.73	-33254.20	1.97672	81870.73	-33254.20	1.97672	1.651	0.00
0.00	81870.68	-33254.08	1.98933	81870.68	-33254.08	1.98933	1.633	0.00
0.00	81870.63	-33253.96	2.00213	81870.63	-33253.96	2.00213	1.670	0.00
0.00	81870.57	-33253.84	2.01522	81870.57	-33253.84	2.01522	1.746	0.00
0.00	81870.51	-33253.73	2.02568	81870.51	-33253.73	2.02568	1.647	0.00
0.00	81870.44	-33253.58	2.04077	81870.44	-33253.58	2.04077	1.665	0.00
0.00	81870.36	-33253.43	2.05423	81870.36	-33253.43	2.05423	1.781	0.00
0.00	81870.29	-33253.30	2.06715	81870.29	-33253.30	2.06715	1.650	0.00
0.00	81870.22	-33253.17	2.08067	81870.22	-33253.17	2.08067	1.562	0.00
0.00	81870.17	-33253.08	2.09467	81870.17	-33253.08	2.09467	1.611	0.00
0.00	81870.12	-33253.00	2.10811	81870.12	-33253.00	2.10811	1.667	0.00
0.00	81870.06	-33252.91	2.12087	81870.06	-33252.91	2.12087	1.650	0.00
0.00	81870.00	-33252.80	2.13444	81870.00	-33252.80	2.13444	1.639	0.00
0.00	81869.91	-33252.67	2.15033	81869.91	-33252.67	2.15033	1.831	0.00
0.00	81869.86	-33252.60	2.16135	81869.86	-33252.60	2.16135	1.647	0.00
0.00	81869.76	-33252.45	2.17633	81869.76	-33252.45	2.17633	1.679	0.00
0.00	81869.70	-33252.38	2.19005	81869.70	-33252.38	2.19005	1.612	0.00
0.00	81869.63	-33252.28	2.20518	81869.63	-33252.28	2.20518	1.635	0.00
0.00	81869.55	-33252.17	2.21894	81869.55	-33252.17	2.21894	1.631	0.00
0.00	81869.45	-33252.04	2.23156	81869.45	-33252.04	2.23156	1.605	0.00
0.00	81869.37	-33251.94	2.24520	81869.37	-33251.94	2.24520	1.580	0.00
0.00	81869.29	-33251.85	2.25940	81869.29	-33251.85	2.25940	1.538	0.00
0.00	81869.21	-33251.75	2.27301	81869.21	-33251.75	2.27301	1.514	0.00
0.00	81869.11	-33251.64	2.28612	81869.11	-33251.64	2.28612	1.650	0.00
0.00	81869.02	-33251.54	2.29940	81869.02	-33251.54	2.29940	1.522	0.00
0.00	81868.88	-33251.38	2.31180	81868.88	-33251.38	2.31180	1.555	0.00
0.00	81868.80	-33251.29	2.32480	81868.80	-33251.29	2.32480	1.633	0.00
0.00	81868.68	-33251.17	2.33815	81868.68	-33251.17	2.33815	1.649	0.00
0.00	81868.58	-33251.06	2.35115	81868.58	-33251.06	2.35115	1.619	0.00
0.00	81868.45	-33250.94	2.36313	81868.45	-33250.94	2.36313	1.586	0.00
0.00	81868.29	-33250.77	2.38287	81868.29	-33250.77	2.38287	1.594	0.00
0.00	81868.27	-33250.76	2.39052	81868.27	-33250.76	2.39052	1.551	0.00
0.00	81868.17	-33250.67	2.40322	81868.17	-33250.67	2.40322	1.541	0.00
0.00	81868.06	-33250.57	2.41633	81868.06	-33250.57	2.41633	1.576	0.00
0.00	81867.97	-33250.49	2.42871	81867.97	-33250.49	2.42871	1.547	0.00
0.00	81867.86	-33250.40	2.44092	81867.86	-33250.40	2.44092	1.634	0.00
0.00	81867.77	-33250.32	2.45063	81867.77	-33250.32	2.45063	1.487	0.00
0.00	81867.62	-33250.20	2.46492	81867.62	-33250.20	2.46492	1.555	0.00
0.00	81867.53	-33250.13	2.47432	81867.53	-33250.13	2.47432	1.487	0.00
0.00	81867.37	-33250.01	2.48689	81867.37	-33250.01	2.48689	1.549	0.00
0.00	81867.26	-33249.92	2.49812	81867.26	-33249.92	2.49812	1.559	0.00
0.00	81867.14	-33249.83	2.50915	81867.14	-33249.83	2.50915	1.542	0.00
0.00	81867.03	-33249.76	2.52030	81867.03	-33249.76	2.52030	1.532	0.00
0.00	81866.91	-33249.67	2.53089	81866.91	-33249.67	2.53089	1.540	0.00
0.00	81866.79	-33249.59	2.54190	81866.79	-33249.59	2.54190	1.484	0.00
0.00	81866.65	-33249.50	2.55384	81866.65	-33249.50	2.55384	1.511	0.00
0.00	81866.51	-33249.41	2.56455	81866.51	-33249.41	2.56455	1.483	0.00
0.00	81866.37	-33249.32	2.57364	81866.37	-33249.32	2.57364	1.531	0.00
0.00	81866.25	-33249.25	2.58382	81866.25	-33249.25	2.58382	1.474	0.00
0.00	81866.13	-33249.18	2.59516	81866.13	-33249.18	2.59516	1.490	0.00
0.00	81866.00	-33249.11	2.60519	81866.00	-33249.11	2.60519	1.441	0.00
0.00	81865.87	-33249.03	2.61492	81865.87	-33249.03	2.61492	1.493	0.00
0.00	81865.74	-33248.96	2.62482	81865.74	-33248.96	2.62482	1.563	0.00
0.00	81865.61	-33248.88	2.63410	81865.61	-33248.88	2.63410	1.473	0.00
0.00	81865.48	-33248.82	2.64381	81865.48	-33248.82	2.64381	1.458	0.00
0.00	81865.34	-33248.74	2.65327	81865.34	-33248.74	2.65327	1.516	0.00
0.00	81865.21	-33248.67	2.66267	81865.21	-33248.67	2.66267	1.494	0.00
0.00	81865.03	-33248.58	2.67292	81865.03	-33248.58	2.67292	1.544	0.00
0.00	81864.94	-33248.54	2.68031	81864.94	-33248.54	2.68031	1.532	0.00
0.00	81864.79	-33248.47	2.69116	81864.79	-33248.47	2.69116	1.529	0.00
0.00	81864.55	-33248.35	2.70373	81864.55	-33248.35	2.70373	1.549	0.00
0.00	81864.49	-33248.33	2.70929	81864.49	-33248.33	2.70929	2.173	0.00
0.00	81864.35	-33248.26	2.71871	81864.35	-33248.26	2.71871	1.422	0.00
0.00	81864.22	-33248.21	2.72846	81864.22	-33248.21	2.72846	1.496	0.00
0.00	81864.08	-33248.14	2.73800	81864.08	-33248.14	2.73800	1.513	0.00
0.00	81863.93	-33248.08	2.74714	81863.93	-33248.08	2.74714	1.513	0.00
0.00	81863.78	-33248.02	2.75659	81863.78	-33248.02	2.75659	1.497	0.00
0.00	81863.63	-33247.96	2.76628	81863.63	-33247.96	2.76628	1.514	0.00
0.00	81863.49	-33247.91	2.77378	81863.49	-33247.91	2.77378	1.476	0.00
0.00	81863.33	-33247.85	2.78365	81863.33	-33247.85	2.78365	1.503	0.00
0.00	81863.20	-33247.80	2.79373	81863.20	-33247.80	2.79373	1.456	0.00
0.00	81863.06	-33247.76	2.80484	81863.06	-33247.76	2.80484	1.476	0.00
0.00	81862.93	-33247.72	2.81558	81862.93	-33247.72	2.81558	1.565	0.00
0.00	81862.78	-33247.67	2.82571	81862.78	-33247.67	2.82571	1.439	0.00
0.00	81862.62	-33247.63	2.83600	81862.62	-33247.63	2.83600	1.468	0.00
0.00	81862.49	-33247.59	2.84627	81862.49	-33247.59	2.84627	1.497	0.00
0.00	81862.33	-33247.54	2.85629	81862.33	-33247.54	2.85629	1.490	0.00
0.00	81862.13	-33247.49	2.86740	81862.13	-33247.49	2.86740	1.530	0.00
0.00	81861.98	-33247.45	2.87708	81861.98	-33247.45	2.87708	1.527	0.00
0.00	81861.83	-33247.41	2.88571	81861.83	-33247.41	2.88571	1.492	0.00
0.00	81861.66	-33247.37	2.89513	81861.66	-33247.37	2.89513	1.477	0.00
0.00	81861.48	-33247.32	2.90323	81861.48	-33247.32	2.90323	1.618	0.00
0.00	81861.35	-33247.30	2.91143	81861.35	-33247.30	2.91143	1.492	0.00
0.00	81861.14	-33247.25	2.92057	81861.14	-33247.25	2.92057	1.530	0.00
0.00	81860.86	-33247.19	2.93088	81860.86	-33247.19	2.93088	1.528	0.00
0.00	81860.82	-33247.18	2.93513	81860.82	-33247.18	2.93513	1.528	0.00
0.00	81860.66	-33247.15	2.94217	81860.66	-33247.15	2.94217	1.513	0.00
0.00	81860.46	-33247.12	2.94940	81860.46	-33247.12	2.94940	1.524	0.00
0.00	81860.32	-33247.10	2.95724	81860.32	-33247.10	2.95724	1.507	0.00
0.00	81860.15	-33247.07	2.96452	81860.15	-33247.07	2.96452	1.529	0.00
0.00	81859.99	-33247.05	2.97187	81859.99	-33247.05	2.97187	1.532	0.00
0.00	81859.81	-33247.03	2.97835	81859.81	-33247.03	2.97835	1.488	0.00
0.00	81859.64	-33247.01	2.98534	81859.64	-33247.01	2.98534	1.562	0.00
0.00	81859.47	-33246.99	2.99106	81859.47	-33246.99	2.99106	1.597	0.00
0.00	81859.31	-33246.97	2.99715	81859.31	-33246.97	2.99715	1.536	0.00
0.00	81859.14	-33246.95	3.00355	81859.14	-33246.95	3.00355	1.558	0.00
0.00	81858.97	-33246.94	3.00921	81858.97	-33246.94	3.00921	1.554	0.00
0.00	81858.80	-33246.92	3.01364	81858.80	-33246.92	3.01364	1.564	0.00
0.00	81858.65	-33246.91	3.01862	81858.65	-33246.91	3.01862	1.590	0.00
0.00	81858.46	-33246.89	3.02346	81858.46	-33246.89	3.02346	1.554	0.00
0.00	81858.30	-33246.88	3.02766	81858.30	-33246.88	3.02766	1.595	0.00
0.00	81858.11	-33246.86	3.03097	81858.11	-33246.86	3.03097	1.441	0.00
0.00	81857.94	-33246.85	3.03437	81857.94	-33246.85	3.03437	1.521	0.00
0.00	81857.76	-33246.83	3.03788	81857.76	-33246.83	3.03788	1.564	0.00
0.00	81857.63	-33246.82	3.04083	81857.63	-33246.82	3.04083	1.571	0.00
0.00	81857.42	-33246.80	3.04398	81857.42	-33246.80	3.04398	1.621	0.00
0.00	81857.29	-33246.79	3.04614	81857.29	-33246.79	3.04614	1.637	0.00
0.00	81857.04	-33246.77	3.04921	81857.04	-33246.77	3.04921	1.624	0.00
0.00	81856.88	-33246.76	3.05164	81856.88	-33246.76	3.05164	1.554	0.00
0.00	81856.73	-33246.75	3.05362	81856.73	-33246.75	3.05362	1.652	0.00
0.00	81856.57	-33246.74	3.05620	81856.57	-33246.74	3.05620	1.722	0.00
0.00	81856.40	-33246.73	3.05903	81856.40	-33246.73	3.05903	1.583	0.00
0.00	81856.24	-33246.72	3.06167	81856.24	-33246.72	3.06167	1.779	0.00
0.00	81856.08	-33246.71	3.06405	81856.08	-33246.71	3.06405	1.756	0.00
0.00	81855.91	-33246.71	3.06657	81855.91	-33246.71	3.06657	1.871	0.00
0.00	81855.74	-33246.70	3.06908	81855.74	-33246.70	3.06908	1.735	0.00
0.00	81855.56	-33246.69	3.07166	81855.56	-33246.69	3.07166	1.787	0.00
0.00	81855.41	-33246.68	3.07400	81855.41	-33246.68	3.07400	1.721	0.00
0.00	81855.24	-33246.67	3.07643	81855.24	-33246.67	3.07643	1.840	0.00
0.00	81855.06	-33246.67	3.07873	81855.06	-33246.67	3.07873	1.770	0.00
0.00	81854.88	-33246.66	3.08135	81854.88	-33246.66	3.08135	1.878	0.00
0.00	81854.71	-33246.65	3.08375	81854.71	-33246.65	3.08375	1.689	0.00
0.00	81854.58	-33246.65	3.08601	81854.58	-33246.65	3.08601	1.878	0.00
0.00	81854.54	-33246.65	3.08772	81854.54	-33246.65	3.08772	1.915	0.00
0.00	81854.15	-33246.63	3.09008	81854.15	-33246.63	3.09008	2.097	0.00
0.00	81853.96	-33246.63	3.09221	81853.96	-33246.63	3.09221	2.071	0.00
0.00	81853.78	-33246.62	3.09441	81853.78	-33246.62	3.09441	1.953	0.00
0.00	81853.58	-33246.62	3.09672	81853.58	-33246.62	3.09672	2.037	0.00
0.00	81853.47	-33246.62	3.09835	81853.47	-33246.62	3.09835	2.027	0.00
0.00	81853.24	-33246.61	3.10011	81853.24	-33246.61	3.10011	2.264	0.00
0.00	81853.14	-33246.61	3.10196	81853.14	-33246.61	3.10196	2.161	0.00
0.00	81852.93	-33246.60	3.10399	81852.93	-33246.60	3.10399	1.887	0.00
0.00	81852.76	-33246.60	3.10593	81852.76	-33246.60	3.10593	2.500	0.00
0.00	81852.56	-33246.60	3.10755	81852.56	-33246.60	3.10755	2.204	0.00
0.00	81852.39	-33246.59	3.10902	81852.39	-33246.59	3.10902	2.116	0.00
0.00	81852.22	-33246.59	3.10987	81852.22	-33246.59	3.10987	2.257	0.00
0.00	81852.05	-33246.59	3.11090	81852.05	-33246.59	3.11090	2.369	0.00
0.00	81851.85	-33246.59	3.11190	81851.85	-33246.59	3.11190	2.326	0.00
0.00	81851.67	-33246.58	3.11279	81851.67	-33246.58	3.11279	2.079	0.00
0.00	81851.47	-33246.58	3.11345	81851.47	-33246.58	3.11345	2.479	0.00
0.00	81851.29	-33246.58	3.11452	81851.29	-33246.58	3.11452	2.421	0.00
0.00	81851.11	-33246.58	3.11565	81851.11	-33246.58	3.11565	2.313	0.00
0.00	81850.92	-33246.57	3.11681	81850.92	-33246.57	3.11681	2.113	0.00
0.00	81850.71	-33246.57	3.11783	81850.71	-33246.57	3.11783	2.577	0.00
0.00	81850.53	-33246.57	3.11885	81850.53	-33246.57	3.11885	2.468	0.00
0.00	81850.26	-33246.57	3.11968	81850.26	-33246.57	3.11968	2.399	0.00
0.00	81850.04	-33246.56	3.12054	81850.04	-33246.56	3.12054	2.337	0.00
0.00	81849.86	-33246.56	3.12103	81849.86	-33246.56	3.12103	2.630	0.00
0.00	81849.67	-33246.56	3.12213	81849.67	-33246.56	3.12213	2.552	0.00
0.00	81849.43	-33246.56	3.12282	81849.43	-33246.56	3.12282	2.637	0.00
0.00	81849.29	-33246.56	3.12353	81849.29	-33246.56	3.12353	2.812	0.00
0.00	81849.06	-33246.55	3.12414	81849.06	-33246.55	3.12414	2.759	0.00
0.00	81848.91	-33246.55	3.12472	81848.91	-33246.55	3.12472	2.811	0.00
0.00	81848.66	-33246.55	3.12542	81848.66	-33246.55	3.12542	2.841	0.00
0.00	81848.47	-33246.55	3.12608	81848.47	-33246.55	3.12608	3.034	0.00
0.00	81848.26	-33246.55	3.12656	81848.26	-33246.55	3.12656	2.809	0.00
0.00	81848.06	-33246.55	3.12702	81848.06	-33246.55	3.12702	2.537	0.00
0.00	81847.84	-33246.54	3.12750	81847.84	-33246.54	3.12750	2.890	0.00
0.00	81847.63	-33246.54	3.12791	81847.63	-33246.54	3.12791	2.844	0.00
0.00	81847.42	-33246.54	3.12816	81847.42	-33246.54	3.12816	2.786	0.00
0.00	81847.21	-33246.54	3.12837	81847.21	-33246.54	3.12837	2.585	0.00
0.00	81846.96	-33246.54	3.12859	81846.96	-33246.54	3.12859	3.355	0.00
0.00	81846.76	-33246.54	3.12885	81846.76	-33246.54	3.12885	3.319	0.00
0.00	81846.61	-33246.53	3.12918	81846.61	-33246.53	3.12918	2.515	0.00
0.00	81846.44	-33246.53	3.12950	81846.44	-33246.53	3.12950	2.455	0.00
0.00	81846.23	-33246.53	3.12963	81846.23	-33246.53	3.12963	3.079	0.00
0.00	81846.03	-33246.53	3.12976	81846.03	-33246.53	3.12976	2.467	0.00
0.00	81845.77	-33246.53	3.12975	81845.77	-33246.53	3.12975	2.920	0.00
0.00	81845.46	-33246.53	3.12994	81845.46	-33246.53	3.12994	3.277	0.00
0.00	81845.22	-33246.53	3.13004	81845.22	-33246.53	3.13004	2.578	0.00
0.00	81844.99	-33246.53	3.13017	81844.99	-33246.53	3.13017	3.226	0.00
0.00	81844.76	-33246.53	3.13022	81844.76	-33246.53	3.13022	3.351	0.00
0.00	81844.54	-33246.52	3.13025	81844.54	-33246.52	3.13025	3.345	0.00
0.00	81844.29	-33246.52	3.13023	81844.29	-33246.52	3.13023	2.986	0.00
0.00	81844.15	-33246.52	3.13025	81844.15	-33246.52	3.13025	3.526	0.00
0.00	81843.89	-33246.52	3.13024	81843.89	-33246.52	3.13024	2.605	0.00
0.00	81843.74	-33246.52	3.13021	81843.74	-33246.52	3.13021	3.420	0.00
0.00	81843.48	-33246.52	3.13018	81843.48	-33246.52	3.13018	3.133	0.00
0.00	81843.27	-33246.52	3.13018	81843.27	-33246.52	3.13018	3.641	0.00
0.00	81843.05	-33246.51	3.13016	81843.05	-33246.51	3.13016	3.420	0.00
0.00	81842.85	-33246.51	3.13017	81842.85	-33246.51	3.13017	2.825	0.00
0.00	81842.67	-33246.51	3.13011	81842.67	-33246.51	3.13011	2.753	0.00
0.00	81842.25	-33246.51	3.12994	81842.25	-33246.51	3.12994	3.889	0.00
0.00	81842.24	-33246.51	3.12988	81842.24	-33246.51	3.12988	3.714	0.00
0.00	81842.04	-33246.51	3.12977	81842.04	-33246.51	3.12977	3.743	0.00
0.00	81841.74	-33246.50	3.12964	81841.74	-33246.50	3.12964	3.983	0.00
0.00	81841.57	-33246.50	3.12950	81841.57	-33246.50	3.12950	2.920	0.00
0.00	81841.38	-33246.50	3.12934	81841.38	-33246.50	3.12934	3.865	0.00
0.00	81841.17	-33246.50	3.12918	81841.17	-33246.50	3.12918	3.312	0.00
0.00	81840.93	-33246.49	3.12895	81840.93	-33246.49	3.12895	4.112	0.00
0.00	81840.73	-33246.49	3.12871	81840.73	-33246.49	3.12871	4.133	0.00
0.00	81840.50	-33246.49	3.12897	81840.50	-33246.49	3.12897	4.044	0.00
0.00	81840.30	-33246.49	3.12957	81840.30	-33246.49	3.12957	4.145	0.00
0.00	81840.09	-33246.49	3.12998	81840.09	-33246.49	3.12998	3.531	0.00
0.00	81839.88	-33246.49	3.13047	81839.88	-33246.49	3.13047	4.671	0.00
0.00	81839.61	-33246.49	3.13084	81839.61	-33246.49	3.13084	4.346	0.00
0.00	81839.45	-33246.50	3.13132	81839.45	-33246.50	3.13132	4.205	0.00
0.00	81839.16	-33246.50	3.13163	81839.16	-33246.50	3.13163	3.629	0.00
0.00	81839.01	-33246.50	3.13203	81839.01	-33246.50	3.13203	4.340	0.00
0.00	81838.76	-33246.50	3.13221	81838.76	-33246.50	3.13221	4.285	0.00
0.00	81838.37	-33246.50	3.13250	81838.37	-33246.50	3.13250	4.582	0.00
0.00	81838.32	-33246.50	3.13252	81838.32	-33246.50	3.13252	4.398	0.00
0.00	81838.11	-33246.50	3.13271	81838.11	-33246.50	3.13271	7.246	0.00
0.00	81837.86	-33246.50	3.13286	81837.86	-33246.50	3.13286	3.658	0.00
0.00	81837.62	-33246.50	3.13309	81837.62	-33246.50	3.13309	4.609	0.00
0.00	81837.43	-33246.50	3.13310	81837.43	-33246.50	3.13310	4.395	0.00
0.00	81837.26	-33246.50	3.13366	81837.26	-33246.50	3.13366	4.683	0.00
0.00	81837.05	-33246.50	3.13390	81837.05	-33246.50	3.13390	3.828	0.00
0.00	81836.83	-33246.50	3.13424	81836.83	-33246.50	3.13424	4.801	0.00
0.00	81836.63	-33246.50	3.13453	81836.63	-33246.50	3.13453	4.481	0.00
0.00	81836.44	-33246.50	3.13484	81836.44	-33246.50	3.13484	4.533	0.00
0.00	81836.23	-33246.50	3.13481	81836.23	-33246.50	3.13481	4.933	0.00
0.00	81836.05	-33246.51	3.13481	81836.05	-33246.51	3.13481	4.645	0.00
0.00	81835.77	-33246.51	3.13469	81835.77	-33246.51	3.13469	4.595	0.00
0.00	81835.53	-33246.51	3.13460	81835.53	-33246.51	3.13460	4.733	0.00
0.00	81835.30	-33246.51	3.13442	81835.30	-33246.51	3.13442	4.690	0.00
0.00	81835.08	-33246.51	3.13440	81835.08	-33246.51	3.13440	4.858	0.00
0.00	81834.76	-33246.51	3.13432	81834.76	-33246.51	3.13432	5.158	0.00
0.00	81834.59	-33246.51	3.13415	81834.59	-33246.51	3.13415	5.287	0.00
0.00	81834.39	-33246.51	3.13407	81834.39	-33246.51	3.13407	4.932	0.00
0.00	81834.25	-33246.51	3.13392	81834.25	-33246.51	3.13392	5.178	0.00
0.00	81833.98	-33246.51	3.13367	81833.98	-33246.51	3.13367	4.979	0.00
0.00	81833.79	-33246.51	3.13339	81833.79	-33246.51	3.13339	5.175	0.00
0.00	81833.59	-33246.51	3.13304	81833.59	-33246.51	3.13304	14.509	0.00
0.00	81833.39	-33246.51	3.13282	81833.39	-33246.51	3.13282	4.288	0.00
0.00	81833.19	-33246.51	3.13271	81833.19	-33246.51	3.13271	5.280	0.00
0.00	81833.00	-33246.51	3.13281	81833.00	-33246.51	3.13281	5.170	0.00
0.00	81832.79	-33246.51	3.13278	81832.79	-33246.51	3.13278	5.258	0.00
0.00	81832.59	-33246.51	3.13293	81832.59	-33246.51	3.13293	5.346	0.00
0.00	81832.37	-33246.51	3.13306	81832.37	-33246.51	3.13306	4.354	0.00
0.00	81832.18	-33246.51	3.13346	81832.18	-33246.51	3.13346	4.283	0.00
0.00	81831.96	-33246.51	3.13363	81831.96	-33246.51	3.13363	3.793	0.00
0.00	81831.74	-33246.51	3.13377	81831.74	-33246.51	3.13377	4.104	0.00
0.00	81831.49	-33246.51	3.13368	81831.49	-33246.51	3.13368	10.568	0.00
0.00	81831.33	-33246.52	3.13405	81831.33	-33246.52	3.13405	7.519	0.00
0.00	81831.12	-33246.52	3.13397	81831.12	-33246.52	3.13397	7.197	0.00
0.00	81830.92	-33246.52	3.13436	81830.92	-33246.52	3.13436	8.623	0.00
0.00	81830.68	-33246.52	3.13472	81830.68	-33246.52	3.13472	9.334	0.00
0.00	81830.47	-33246.52	3.13530	81830.47	-33246.52	3.13530	7.370	0.00
0.00	81830.25	-33246.52	3.13547	81830.25	-33246.52	3.13547	8.500	0.00
0.00	81830.04	-33246.53	3.13587	81830.04	-33246.53	3.13587	8.722	0.00
0.00	81829.77	-33246.53	3.13606	81829.77	-33246.53	3.13606	8.252	0.00
0.00	81829.62	-33246.53	3.13624	81829.62	-33246.53	3.13624	7.650	0.00
0.00	81829.31	-33246.53	3.13651	81829.31	-33246.53	3.13651	8.438	0.00
0.00	81828.90	-33246.54	3.13688	81828.90	-33246.54	3.13688	7.013	0.00
0.00	81828.86	-33246.54	3.13681	81828.86	-33246.54	3.13681	8.999	0.00
0.00	81828.62	-33246.54	3.13736	81828.62	-33246.54	3.13736	7.073	0.00
0.00	81828.41	-33246.54	3.13741	81828.41	-33246.54	3.13741	7.734	0.00
0.00	81828.19	-33246.54	3.13770	81828.19	-33246.54	3.13770	7.280	0.00
0.00	81827.95	-33246.54	3.13789	81827.95	-33246.54	3.13789	7.143	0.00
0.00	81827.79	-33246.55	3.13804	81827.79	-33246.55	3.13804	7.870	0.00
0.00	81827.54	-33246.55	3.13804	81827.54	-33246.55	3.13804	7.411	0.00
0.00	81827.34	-33246.55	3.13825	81827.34	-33246.55	3.13825	7.802	0.00
0.00	81827.09	-33246.55	3.13821	81827.09	-33246.55	3.13821	7.701	0.00
0.00	81826.89	-33246.55	3.13827	81826.89	-33246.55	3.13827	8.190	0.00
0.00	81826.70	-33246.55	3.13831	81826.70	-33246.55	3.13831	9.111	0.00
0.00	81826.49	-33246.55	3.13842	81826.49	-33246.55	3.13842	7.243	0.00
0.00	81826.26	-33246.55	3.13833	81826.26	-33246.55	3.13833	8.225	0.00
0.00	81826.06	-33246.56	3.13829	81826.06	-33246.56	3.13829	7.928	0.00
0.00	81825.84	-33246.56	3.13822	81825.84	-33246.56	3.13822	7.626	0.00
0.00	81825.64	-33246.56	3.13817	81825.64	-33246.56	3.13817	9.255	0.00
0.00	81825.42	-33246.56	3.13807	81825.42	-33246.56	3.13807	8.855	0.00
0.00	81825.22	-33246.56	3.13797	81825.22	-33246.56	3.13797	8.409	0.00
0.00	81824.97	-33246.56	3.13806	81824.97	-33246.56	3.13806	8.641	0.00
0.00	81824.80	-33246.56	3.13836	81824.80	-33246.56	3.13836	8.688	0.00
0.00	81824.50	-33246.56	3.13875	81824.50	-33246.56	3.13875	8.315	0.00
0.00	81824.08	-33246.57	3.13935	81824.08	-33246.57	3.13935	9.154	0.00
0.00	81824.04	-33246.57	3.13931	81824.04	-33246.57	3.13931	8.585	0.00
0.00	81823.73	-33246.57	3.14007	81823.73	-33246.57	3.14007	9.184	0.00
0.00	81823.68	-33246.57	3.14015	81823.68	-33246.57	3.14015	9.259	0.00
0.00	81823.48	-33246.58	3.14066	81823.48	-33246.58	3.14066	9.207	0.00
0.00	81823.26	-33246.58	3.14094	81823.26	-33246.58	3.14094	9.008	0.00
0.00	81823.06	-33246.58	3.14134	81823.06	-33246.58	3.14134	9.061	0.00
0.00	81822.82	-33246.59	3.14151	81822.82	-33246.59	3.14151	10.059	0.00
0.00	81822.62	-33246.59	-3.14138	81822.62	-33246.59	-3.14138	9.958	0.00
0.00	81822.41	-33246.59	-3.14113	81822.41	-33246.59	-3.14113	8.860	0.00
0.00	81822.22	-33246.59	-3.14091	81822.22	-33246.59	-3.14091	9.717	0.00
0.00	81822.00	-33246.60	-3.14052	81822.00	-33246.60	-3.14052	10.355	0.00
0.00	81821.81	-33246.60	-3.14003	81821.81	-33246.60	-3.14003	9.264	0.00
0.00	81821.60	-33246.60	-3.13985	81821.60	-33246.60	-3.13985	10.281	0.00
0.00	81821.40	-33246.61	-3.13949	81821.40	-33246.61	-3.13949	9.945	0.00
0.00	81821.18	-33246.61	-3.13940	81821.18	-33246.61	-3.13940	9.155	0.00
0.00	81821.03	-33246.61	-3.13904	81821.03	-33246.61	-3.13904	10.267	0.00
0.00	81820.81	-33246.62	-3.13875	81820.81	-33246.62	-3.13875	10.051	0.00
0.00	81820.60	-33246.62	-3.13836	81820.60	-33246.62	-3.13836	9.219	0.00
0.00	81820.36	-33246.63	-3.13803	81820.36	-33246.63	-3.13803	9.688	0.00
0.00	81820.15	-33246.63	-3.13768	81820.15	-33246.63	-3.13768	10.143	0.00
0.00	81819.91	-33246.63	-3.13763	81819.91	-33246.63	-3.13763	11.204	0.00
0.00	81819.76	-33246.64	-3.13750	81819.76	-33246.64	-3.13750	10.063	0.00
0.00	81819.48	-33246.64	-3.13743	81819.48	-33246.64	-3.13743	10.573	0.00
0.00	81819.33	-33246.64	-3.13736	81819.33	-33246.64	-3.13736	10.049	0.00
0.00	81819.06	-33246.65	-3.13715	81819.06	-33246.65	-3.13715	10.287	0.00
0.00	81818.87	-33246.65	-3.13700	81818.87	-33246.65	-3.13700	11.026	0.00
0.00	81818.64	-33246.65	-3.13707	81818.64	-33246.65	-3.13707	10.438	0.00
0.00	81818.49	-33246.65	-3.13700	81818.49	-33246.65	-3.13700	10.477	0.00
0.00	81818.25	-33246.66	-3.13715	81818.25	-33246.66	-3.13715	11.292	0.00
0.00	81818.07	-33246.66	-3.13702	81818.07	-33246.66	-3.13702	10.561	0.00
0.00	81817.89	-33246.66	-3.13693	81817.89	-33246.66	-3.13693	11.150	0.00
0.00	81817.70	-33246.67	-3.13663	81817.70	-33246.67	-3.13663	14.081	0.00
0.00	81817.47	-33246.67	-3.13662	81817.47	-33246.67	-3.13662	11.600	0.00
0.00	81817.27	-33246.67	-3.13658	81817.27	-33246.67	-3.13658	11.751	0.00
0.00	81817.06	-33246.68	-3.13668	81817.06	-33246.68	-3.13668	11.249	0.00
0.00	81816.87	-33246.68	-3.13673	81816.87	-33246.68	-3.13673	12.007	0.00
0.00	81816.66	-33246.68	-3.13689	81816.66	-33246.68	-3.13689	11.558	0.00
0.00	81816.47	-33246.68	-3.13703	81816.47	-33246.68	-3.13703	10.836	0.00
0.00	81816.24	-33246.69	-3.13730	81816.24	-33246.69	-3.13730	12.141	0.00
0.00	81816.05	-33246.69	-3.13752	81816.05	-33246.69	-3.13752	11.276	0.00
0.00	81815.82	-33246.69	-3.13779	81815.82	-33246.69	-3.13779	12.077	0.00
0.00	81815.63	-33246.69	-3.13800	81815.63	-33246.69	-3.13800	11.447	0.00
0.00	81815.37	-33246.69	-3.13821	81815.37	-33246.69	-3.13821	10.761	0.00
0.00	81815.23	-33246.69	-3.13847	81815.23	-33246.69	-3.13847	13.022	0.00
0.00	81814.97	-33246.69	-3.13880	81814.97	-33246.69	-3.13880	12.171	0.00
0.00	81814.82	-33246.70	-3.13917	81814.82	-33246.70	-3.13917	12.185	0.00
0.00	81814.56	-33246.70	-3.13955	81814.56	-33246.70	-3.13955	12.763	0.00
0.00	81814.22	-33246.70	-3.13992	81814.22	-33246.70	-3.13992	12.576	0.00
0.00	81814.15	-33246.70	-3.13995	81814.15	-33246.70	-3.13995	12.979	0.00
0.00	81813.94	-33246.70	-3.13987	81813.94	-33246.70	-3.13987	11.775	0.00
0.00	81813.70	-33246.70	-3.13995	81813.70	-33246.70	-3.13995	12.505	0.00
0.00	81813.55	-33246.71	-3.13993	81813.55	-33246.71	-3.13993	11.713	0.00
0.00	81813.30	-33246.71	-3.13994	81813.30	-33246.71	-3.13994	12.909	0.00
0.00	81813.15	-33246.71	-3.13997	81813.15	-33246.71	-3.13997	13.179	0.00
0.00	81812.87	-33246.71	-3.14009	81812.87	-33246.71	-3.14009	12.762	0.00
0.00	81812.68	-33246.71	-3.14021	81812.68	-33246.71	-3.14021	13.173	0.00
0.00	81812.49	-33246.72	-3.14018	81812.49	-33246.72	-3.14018	13.765	0.00
0.00	81812.31	-33246.72	-3.13987	81812.31	-33246.72	-3.13987	13.285	0.00
0.00	81812.08	-33246.72	-3.13980	81812.08	-33246.72	-3.13980	14.113	0.00
0.00	81811.90	-33246.72	-3.13970	81811.90	-33246.72	-3.13970	13.092	0.00
0.00	81811.69	-33246.73	-3.13969	81811.69	-33246.73	-3.13969	13.792	0.00
0.00	81811.48	-33246.73	-3.13954	81811.48	-33246.73	-3.13954	12.883	0.00
0.00	81811.29	-33246.73	-3.13958	81811.29	-33246.73	-3.13958	13.072	0.00
0.00	81811.09	-33246.73	-3.13949	81811.09	-33246.73	-3.13949	13.251	0.00
0.00	81810.85	-33246.74	-3.13956	81810.85	-33246.74	-3.13956	17.562	0.00
0.00	81810.65	-33246.74	-3.13962	81810.65	-33246.74	-3.13962	13.280	0.00
0.00	81810.45	-33246.74	-3.13984	81810.45	-33246.74	-3.13984	13.293	0.00
0.00	81810.26	-33246.74	-3.14005	81810.26	-33246.74	-3.14005	15.106	0.00
0.00	81810.04	-33246.74	-3.14020	81810.04	-33246.74	-3.14020	13.229	0.00
0.00	81809.86	-33246.74	-3.14030	81809.86	-33246.74	-3.14030	14.151	0.00
0.00	81809.61	-33246.74	-3.14055	81809.61	-33246.74	-3.14055	15.223	0.00
0.00	81809.42	-33246.75	-3.14072	81809.42	-33246.75	-3.14072	13.217	0.00
0.00	81809.22	-33246.75	-3.14085	81809.22	-33246.75	-3.14085	14.362	0.00
0.00	81809.00	-33246.75	-3.14026	81809.00	-33246.75	-3.14026	13.887	0.00
0.00	81808.76	-33246.76	-3.13991	81808.76	-33246.76	-3.13991	13.665	0.00
0.00	81808.57	-33246.76	-3.13943	81808.57	-33246.76	-3.13943	14.380	0.00
0.00	81808.37	-33246.76	-3.13923	81808.37	-33246.76	-3.13923	14.152	0.00
0.00	81808.17	-33246.77	-3.13879	81808.17	-33246.77	-3.13879	14.883	0.00
0.00	81807.99	-33246.77	-3.13872	81807.99	-33246.77	-3.13872	14.854	0.00
0.00	81807.79	-33246.78	-3.13834	81807.79	-33246.78	-3.13834	14.596	0.00
0.00	81807.55	-33246.78	-3.13821	81807.55	-33246.78	-3.13821	15.525	0.00
0.00	81807.37	-33246.78	-3.13802	81807.37	-33246.78	-3.13802	15.258	0.00
0.00	81807.15	-33246.79	-3.13772	81807.15	-33246.79	-3.13772	15.511	0.00
0.00	81806.96	-33246.79	-3.13737	81806.96	-33246.79	-3.13737	15.261	0.00
0.00	81806.70	-33246.79	-3.13714	81806.70	-33246.79	-3.13714	14.944	0.00
0.00	81806.47	-33246.80	-3.13657	81806.47	-33246.80	-3.13657	15.307	0.00
0.00	81806.24	-33246.80	-3.13622	81806.24	-33246.80	-3.13622	15.665	0.00
0.00	81806.04	-33246.81	-3.13578	81806.04	-33246.81	-3.13578	14.834	0.00
0.00	81805.80	-33246.81	-3.13560	81805.80	-33246.81	-3.13560	15.603	0.00
0.00	81805.64	-33246.81	-3.13503	81805.64	-33246.81	-3.13503	15.974	0.00
0.00	81805.38	-33246.82	-3.13461	81805.38	-33246.82	-3.13461	16.364	0.00
0.00	81805.24	-33246.82	-3.13403	81805.24	-33246.82	-3.13403	15.673	0.00
0.00	81804.93	-33246.83	-3.13325	81804.93	-33246.83	-3.13325	15.190	0.00
0.00	81804.78	-33246.83	-3.13235	81804.78	-33246.83	-3.13235	16.100	0.00
0.00	81804.59	-33246.84	-3.13135	81804.59	-33246.84	-3.13135	16.201	0.00
0.00	81804.42	-33246.84	-3.13020	81804.42	-33246.84	-3.13020	15.858	0.00
0.00	81804.22	-33246.84	-3.12937	81804.22	-33246.84	-3.12937	15.967	0.00
0.00	81804.05	-33246.85	-3.12806	81804.05	-33246.85	-3.12806	15.300	0.00
0.00	81803.86	-33246.85	-3.12694	81803.86	-33246.85	-3.12694	16.087	0.00
0.00	81803.67	-33246.86	-3.12527	81803.67	-33246.86	-3.12527	16.598	0.00
0.00	81803.47	-33246.86	-3.12370	81803.47	-33246.86	-3.12370	19.727	0.00
0.00	81803.28	-33246.87	-3.12189	81803.28	-33246.87	-3.12189	16.241	0.00
0.00	81803.06	-33246.88	-3.12006	81803.06	-33246.88	-3.12006	15.900	0.00
0.00	81802.88	-33246.88	-3.11808	81802.88	-33246.88	-3.11808	16.745	0.00
0.00	81802.66	-33246.89	-3.11595	81802.66	-33246.89	-3.11595	15.982	0.00
0.00	81802.49	-33246.89	-3.11414	81802.49	-33246.89	-3.11414	16.499	0.00
0.00	81802.29	-33246.90	-3.11169	81802.29	-33246.90	-3.11169	16.799	0.00
0.00	81802.06	-33246.91	-3.10889	81802.06	-33246.91	-3.10889	20.751	0.00
0.00	81801.81	-33246.92	-3.10617	81801.81	-33246.92	-3.10617	17.578	0.00
0.00	81801.66	-33246.93	-3.10300	81801.66	-33246.93	-3.10300	17.647	0.00
0.00	81801.45	-33246.94	-3.09985	81801.45	-33246.94	-3.09985	17.571	0.00
0.00	81801.27	-33246.95	-3.09637	81801.27	-33246.95	-3.09637	19.653	0.00
0.00	81801.00	-33246.96	-3.09251	81801.00	-33246.96	-3.09251	18.332	0.00
0.00	81800.87	-33246.97	-3.08879	81800.87	-33246.97	-3.08879	16.459	0.00
0.00	81800.60	-33246.98	-3.08469	81800.60	-33246.98	-3.08469	17.148	0.00
0.00	81800.49	-33246.99	-3.08130	81800.49	-33246.99	-3.08130	17.166	0.00
0.00	81800.26	-33247.01	-3.07641	81800.26	-33247.01	-3.07641	17.989	0.00
0.00	81799.92	-33247.03	-3.06840	81799.92	-33247.03	-3.06840	18.428	0.00
0.00	81799.87	-33247.04	-3.06626	81799.87	-33247.04	-3.06626	17.297	0.00
0.00	81799.68	-33247.05	-3.06049	81799.68	-33247.05	-3.06049	17.315	0.00
0.00	81799.48	-33247.07	-3.05390	81799.48	-33247.07	-3.05390	17.440	0.00
0.00	81799.31	-33247.09	-3.04746	81799.31	-33247.09	-3.04746	17.737	0.00
0.00	81799.09	-33247.11	-3.04152	81799.09	-33247.11	-3.04152	18.714	0.00
0.00	81798.91	-33247.13	-3.03435	81798.91	-33247.13	-3.03435	18.825	0.00
0.00	81798.73	-33247.15	-3.02599	81798.73	-33247.15	-3.02599	18.406	0.00
0.00	81798.52	-33247.18	-3.01807	81798.52	-33247.18	-3.01807	19.135	0.00
0.00	81798.30	-33247.21	-3.01131	81798.30	-33247.21	-3.01131	18.090	0.00
0.00	81798.12	-33247.24	-3.00322	81798.12	-33247.24	-3.00322	18.082	0.00
0.00	81797.94	-33247.27	-2.99378	81797.94	-33247.27	-2.99378	20.379	0.00
0.00	81797.76	-33247.29	-2.98682	81797.76	-33247.29	-2.98682	19.337	0.00
0.00	81797.56	-33247.33	-2.97751	81797.56	-33247.33	-2.97751	20.769	0.00
0.00	81797.46	-33247.35	-2.96882	81797.46	-33247.35	-2.96882	18.903	0.00
0.00	81797.27	-33247.39	-2.95979	81797.27	-33247.39	-2.95979	18.029	0.00
0.00	81797.10	-33247.42	-2.95048	81797.10	-33247.42	-2.95048	19.722	0.00
0.00	81796.87	-33247.47	-2.94120	81796.87	-33247.47	-2.94120	18.801	0.00
0.00	81796.74	-33247.49	-2.93187	81796.74	-33247.49	-2.93187	19.249	0.00
0.00	81796.53	-33247.54	-2.92293	81796.53	-33247.54	-2.92293	19.586	0.00
0.00	81796.40	-33247.58	-2.91345	81796.40	-33247.58	-2.91345	18.573	0.00
0.00	81796.16	-33247.63	-2.90400	81796.16	-33247.63	-2.90400	18.294	0.00
0.00	81795.99	-33247.68	-2.89431	81795.99	-33247.68	-2.89431	19.511	0.00
0.00	81795.81	-33247.73	-2.88447	81795.81	-33247.73	-2.88447	18.720	0.00
0.00	81795.63	-33247.77	-2.87466	81795.63	-33247.77	-2.87466	19.549	0.00
0.00	81795.47	-33247.82	-2.86428	81795.47	-33247.82	-2.86428	19.029	0.00
0.00	81795.29	-33247.87	-2.85424	81795.29	-33247.87	-2.85424	19.480	0.00
0.00	81795.10	-33247.93	-2.84511	81795.10	-33247.93	-2.84511	18.578	0.00
0.00	81794.94	-33247.98	-2.83479	81794.94	-33247.98	-2.83479	19.390	0.00
0.00	81794.78	-33248.04	-2.82434	81794.78	-33248.04	-2.82434	18.765	0.00
0.00	81794.62	-33248.09	-2.81341	81794.62	-33248.09	-2.81341	19.150	0.00
0.00	81794.44	-33248.16	-2.80036	81794.44	-33248.16	-2.80036	20.362	0.00
0.00	81794.28	-33248.22	-2.79123	81794.28	-33248.22	-2.79123	20.301	0.00
0.00	81794.11	-33248.28	-2.77835	81794.11	-33248.28	-2.77835	20.215	0.00
0.00	81793.95	-33248.35	-2.76726	81793.95	-33248.35	-2.76726	19.433	0.00
0.00	81793.77	-33248.42	-2.75653	81793.77	-33248.42	-2.75653	19.436	0.00
0.00	81793.61	-33248.49	-2.74571	81793.61	-33248.49	-2.74571	19.368	0.00
0.00	81793.45	-33248.55	-2.73586	81793.45	-33248.55	-2.73586	19.443	0.00
0.00	81793.29	-33248.62	-2.72503	81793.29	-33248.62	-2.72503	21.686	0.00
0.00	81793.10	-33248.71	-2.71345	81793.10	-33248.71	-2.71345	23.705	0.00
0.00	81792.91	-33248.80	-2.70246	81792.91	-33248.80	-2.70246	20.585	0.00
0.00	81792.70	-33248.90	-2.69200	81792.70	-33248.90	-2.69200	20.553	0.00
0.00	81792.58	-33248.96	-2.68102	81792.58	-33248.96	-2.68102	19.840	0.00
0.00	81792.40	-33249.05	-2.66953	81792.40	-33249.05	-2.66953	21.295	0.00
0.00	81792.30	-33249.10	-2.65845	81792.30	-33249.10	-2.65845	21.053	0.00
0.00	81792.13	-33249.20	-2.64669	81792.13	-33249.20	-2.64669	19.210	0.00
0.00	81791.99	-33249.27	-2.63766	81791.99	-33249.27	-2.63766	20.629	0.00
0.00	81791.81	-33249.38	-2.62444	81791.81	-33249.38	-2.62444	20.254	0.00
0.00	81791.67	-33249.46	-2.61288	81791.67	-33249.46	-2.61288	21.308	0.00
0.00	81791.54	-33249.54	-2.60240	81791.54	-33249.54	-2.60240	21.037	0.00
0.00	81791.40	-33249.63	-2.59063	81791.40	-33249.63	-2.59063	20.305	0.00
0.00	81791.26	-33249.71	-2.57655	81791.26	-33249.71	-2.57655	22.083	0.00
0.00	81791.12	-33249.80	-2.56443	81791.12	-33249.80	-2.56443	20.227	0.00
0.00	81791.07	-33249.83	-2.55258	81791.07	-33249.83	-2.55258	21.601	0.00
0.00	81790.76	-33250.04	-2.54032	81790.76	-33250.04	-2.54032	21.294	0.00
0.00	81790.60	-33250.15	-2.52803	81790.60	-33250.15	-2.52803	21.818	0.00
0.00	81790.46	-33250.26	-2.51580	81790.46	-33250.26	-2.51580	21.113	0.00
0.00	81790.34	-33250.35	-2.50388	81790.34	-33250.35	-2.50388	22.333	0.00
0.00	81790.23	-33250.43	-2.49164	81790.23	-33250.43	-2.49164	22.127	0.00
0.00	81790.10	-33250.54	-2.48117	81790.10	-33250.54	-2.48117	21.640	0.00
0.00	81790.00	-33250.62	-2.46873	81790.00	-33250.62	-2.46873	21.889	0.00
0.00	81789.85	-33250.74	-2.45468	81789.85	-33250.74	-2.45468	21.280	0.00
0.00	81789.69	-33250.87	-2.44224	81789.69	-33250.87	-2.44224	21.841	0.00
0.00	81789.57	-33250.97	-2.43046	81789.57	-33250.97	-2.43046	22.144	0.00
0.00	81789.46	-33251.07	-2.41814	81789.46	-33251.07	-2.41814	21.160	0.00
0.00	81789.30	-33251.22	-2.40565	81789.30	-33251.22	-2.40565	22.724	0.00
0.00	81789.21	-33251.30	-2.39328	81789.21	-33251.30	-2.39328	21.875	0.00
0.00	81789.01	-33251.48	-2.38113	81789.01	-33251.48	-2.38113	22.477	0.00
0.00	81788.90	-33251.60	-2.36867	81788.90	-33251.60	-2.36867	21.628	0.00
0.00	81788.73	-33251.76	-2.35673	81788.73	-33251.76	-2.35673	22.249	0.00
0.00	81788.61	-33251.89	-2.34437	81788.61	-33251.89	-2.34437	23.143	0.00
0.00	81788.52	-33251.99	-2.33208	81788.52	-33251.99	-2.33208	22.381	0.00
0.00	81788.42	-33252.09	-2.31964	81788.42	-33252.09	-2.31964	23.000	0.00
0.00	81788.31	-33252.21	-2.30754	81788.31	-33252.21	-2.30754	23.024	0.00
0.00	81788.21	-33252.33	-2.29255	81788.21	-33252.33	-2.29255	21.568	0.00
0.00	81788.10	-33252.46	-2.28186	81788.10	-33252.46	-2.28186	23.004	0.00
0.00	81788.00	-33252.58	-2.26921	81788.00	-33252.58	-2.26921	22.535	0.00
0.00	81787.89	-33252.71	-2.25484	81787.89	-33252.71	-2.25484	22.465	0.00
0.00	81787.79	-33252.84	-2.24235	81787.79	-33252.84	-2.24235	23.702	0.00
0.00	81787.68	-33252.98	-2.23010	81787.68	-33252.98	-2.23010	22.868	0.00
0.00	81787.58	-33253.12	-2.21746	81787.58	-33253.12	-2.21746	22.423	0.00
0.00	81787.47	-33253.27	-2.20480	81787.47	-33253.27	-2.20480	22.013	0.00
0.00	81787.37	-33253.40	-2.19211	81787.37	-33253.40	-2.19211	23.390	0.00
0.00	81787.24	-33253.59	-2.18009	81787.24	-33253.59	-2.18009	24.050	0.00
0.00	81787.12	-33253.76	-2.16718	81787.12	-33253.76	-2.16718	22.514	0.00
