-0.70527	1.45130	7.10108	-0.01545	-0.00357	0.01571
-0.72349	1.51109	7.31552	-0.01521	-0.00469	0.01884
-0.74137	1.53083	7.48190	-0.01611	-0.00475	0.01893
-0.72788	1.59891	7.67633	-0.01659	-0.00395	0.02042
-0.74177	1.62645	7.84944	-0.01699	-0.00380	0.02015
-0.73127	1.70006	8.07592	-0.01784	-0.00480	0.02076
-0.75034	1.75907	8.29710	-0.01738	-0.00610	0.02365
-0.75316	1.77030	8.48357	-0.01832	-0.00857	0.02430
-0.76372	1.78745	8.65786	-0.01947	-0.00936	0.02494
-0.78599	1.80794	8.83519	-0.02012	-0.01042	0.02385
-0.82507	1.86007	8.99746	-0.02011	-0.00974	0.02329
-0.84658	1.87701	9.16568	-0.02225	-0.01095	0.02111
-0.88462	1.95659	9.38385	-0.02287	-0.00987	0.01846
-0.89652	2.03522	9.60756	-0.02533	-0.00908	0.01858
-0.91699	2.05870	9.79757	-0.02687	-0.01071	0.01753
-0.93883	2.08401	9.99430	-0.02786	-0.01213	0.01649
-0.93894	2.13434	10.19556	-0.02580	-0.01117	0.02040
-0.93895	2.20053	10.34122	-0.02264	-0.00855	0.02234
-0.94536	2.21625	10.50765	-0.02198	-0.01025	0.02220
-0.95205	2.23238	10.67445	-0.02131	-0.01180	0.02215
-0.94472	2.28410	10.85957	-0.01908	-0.01220	0.02330
-0.96735	2.35630	11.08070	-0.02063	-0.00931	0.02309
-0.97825	2.36970	11.25002	-0.02073	-0.00982	0.02356
-0.99560	2.39165	11.42985	-0.02106	-0.01039	0.02370
-1.03243	2.46278	11.63417	-0.02403	-0.00901	0.02187
-1.03795	2.48075	11.80308	-0.02271	-0.01045	0.02142
-1.06120	2.56226	11.99266	-0.02267	-0.00994	0.01981
-1.09866	2.63095	12.16272	-0.02029	-0.01018	0.02156
-1.12073	2.64077	12.33478	-0.02261	-0.01191	0.02138
-1.13322	2.65619	12.50677	-0.02390	-0.01294	0.02154
-1.15738	2.71638	12.72668	-0.02441	-0.01503	0.02029
-1.16042	2.78555	12.95174	-0.02425	-0.01374	0.01848
-1.18764	2.80794	13.13219	-0.02456	-0.01548	0.01821
-1.22228	2.88978	13.31049	-0.02229	-0.01494	0.01823
-1.23413	2.90806	13.46840	-0.02086	-0.01690	0.01939
-1.24616	2.92598	13.62656	-0.01964	-0.01885	0.02045
-1.23154	3.00417	13.80617	-0.01157	-0.01775	0.02372
-1.23349	3.02931	13.97067	-0.00952	-0.01760	0.02477
-1.23364	3.10783	14.16931	-0.00807	-0.01433	0.02408
-1.25187	3.17359	14.39186	-0.01180	-0.01283	0.02220
-1.25819	3.20289	14.56809	-0.01121	-0.01244	0.02218
-1.27090	3.23636	14.74699	-0.00892	-0.00933	0.02337
-1.32479	3.30898	14.95863	-0.00838	-0.00699	0.02314
-1.33437	3.33704	15.13880	-0.00557	-0.00490	0.02438
-1.35904	3.39068	15.34220	-0.00002	-0.00190	0.02806
-1.37808	3.44472	15.53633	-0.00223	-0.00741	0.02680
-1.38097	3.47138	15.71044	-0.00137	-0.00622	0.02770
-1.39762	3.53861	15.91748	-0.00630	-0.00924	0.02733
-1.40327	3.55827	16.09428	-0.00654	-0.00902	0.02773
-1.42308	3.63434	16.30611	-0.00591	-0.00824	0.02874
-1.43479	3.66304	16.49069	-0.00399	-0.00678	0.03003
-1.45903	3.74300	16.70022	-0.00152	-0.00519	0.02967
-1.46368	3.76543	16.89755	0.00062	-0.00498	0.02976
-1.48914	3.82859	17.09928	-0.00150	-0.01006	0.03123
-1.49465	3.85454	17.28186	0.00058	-0.01035	0.03309
-1.50047	3.87171	17.47697	0.00147	-0.01110	0.03394
-1.52595	3.92111	17.69011	-0.00051	-0.01462	0.03581
-1.53624	3.94596	17.88592	0.00000	-0.01471	0.03822
-1.57332	4.00880	18.10747	-0.00457	-0.01440	0.03809
-1.58340	4.02979	18.30787	-0.00395	-0.01482	0.03931
-1.61458	4.11248	18.51450	-0.00826	-0.01257	0.03951
-1.62711	4.13791	18.71661	-0.00829	-0.01192	0.04133
-1.64404	4.22175	18.93688	-0.00820	-0.00855	0.03960
-1.65530	4.24749	19.15934	-0.00647	-0.00903	0.04102
-1.66213	4.31372	19.40268	-0.00526	-0.01026	0.03973
-1.67179	4.33379	19.61774	-0.00270	-0.01085	0.04027
-1.69917	4.39587	19.83750	-0.00139	-0.01337	0.03808
-1.71144	4.41463	20.04969	0.00061	-0.01454	0.03859
-1.74160	4.50000	20.26246	-0.00386	-0.01299	0.03680
-1.76916	4.58230	20.50181	-0.00957	-0.01321	0.03476
-1.78583	4.60119	20.72128	-0.00972	-0.01579	0.03421
-1.80245	4.62145	20.94124	-0.00985	-0.01837	0.03352
-1.81371	4.70551	21.19003	-0.00840	-0.01646	0.03166
-1.82715	4.80536	21.41818	-0.00745	-0.01330	0.03117
-1.84255	4.82043	21.62436	-0.00650	-0.01477	0.03016
-1.85698	4.83284	21.82564	-0.00533	-0.01703	0.02872
-1.88335	4.90654	22.03674	-0.00788	-0.01615	0.02744
-1.89626	4.92043	22.23945	-0.00819	-0.01885	0.02511
-1.92481	5.00248	22.48447	-0.01215	-0.01891	0.02357
-1.94304	5.01370	22.69356	-0.01245	-0.02187	0.02214
-1.97596	5.11364	22.94187	-0.01392	-0.01790	0.02405
-1.99318	5.12834	23.15229	-0.01492	-0.01945	0.02272
-2.00421	5.22466	23.41985	-0.01492	-0.01457	0.02258
-2.01618	5.23965	23.62950	-0.01610	-0.01655	0.02075
-2.01764	5.33628	23.88282	-0.01534	-0.01354	0.02039
-2.02074	5.35719	24.08672	-0.01524	-0.01427	0.01919
-2.04564	5.47495	24.33771	-0.00799	-0.00991	0.01999
-2.05223	5.50997	24.54931	-0.00693	-0.00952	0.01863
-2.08032	5.61271	24.81445	-0.00845	-0.00909	0.02055
-2.07901	5.65328	25.03741	-0.00572	-0.00863	0.01857
-2.11765	5.74052	25.33070	-0.01059	-0.01152	0.01842
-2.12881	5.76721	25.53079	-0.01204	-0.01352	0.01696
-2.16614	5.85233	25.78851	-0.01568	-0.01494	0.01607
-2.17684	5.88787	26.00448	-0.01535	-0.01571	0.01395
-2.18875	5.92334	26.22043	-0.01506	-0.01642	0.01186
-2.23408	6.00194	26.49043	-0.01622	-0.01709	0.01185
-2.24101	6.03400	26.70190	-0.01457	-0.01828	0.00970
-2.26555	6.06536	26.93766	-0.01486	-0.01945	0.00916
-2.31427	6.17584	27.32197	-0.01716	-0.01979	0.01562
-2.33486	6.19548	27.57118	-0.01677	-0.02388	0.01605
-2.35642	6.22303	27.82641	-0.01604	-0.02700	0.01550
-2.40504	6.30668	28.14718	-0.01597	-0.02851	0.01884
-2.43096	6.32842	28.39856	-0.01599	-0.03265	0.01881
-2.45474	6.35677	28.64622	-0.01534	-0.03534	0.01863
-2.48039	6.51471	28.89849	-0.01585	-0.02361	0.01794
-2.49851	6.54333	29.14985	-0.01514	-0.02551	0.01714
-2.51439	6.65900	29.40051	-0.01777	-0.01957	0.01603
-2.53723	6.69115	29.64065	-0.01839	-0.02149	0.01517
-2.56486	6.76363	29.90462	-0.02298	-0.02004	0.01431
-2.59149	6.78866	30.15504	-0.02388	-0.02354	0.01412
-2.61750	6.81335	30.41287	-0.02547	-0.02755	0.01373
-2.64698	6.89808	30.68493	-0.02679	-0.03051	0.01597
-2.66174	6.92350	30.93730	-0.02729	-0.03456	0.01592
-2.68633	6.96063	31.17977	-0.02674	-0.03636	0.01799
-2.70095	7.12859	31.43038	-0.02074	-0.02074	0.01814
-2.71552	7.16415	31.67119	-0.02069	-0.02147	0.01770
-2.74350	7.28193	31.91675	-0.01973	-0.01405	0.01467
-2.76135	7.31042	32.15515	-0.01965	-0.01556	0.01391
-2.79451	7.39789	32.40299	-0.02031	-0.01301	0.00913
-2.81088	7.42916	32.64159	-0.01924	-0.01335	0.00800
-2.84225	7.52800	32.90416	-0.01667	-0.01206	0.00632
-2.86409	7.55683	33.13930	-0.01569	-0.01296	0.00489
-2.90248	7.64860	33.40470	-0.01537	-0.01117	0.00359
-2.92441	7.67716	33.62650	-0.01512	-0.01109	0.00218
-2.96344	7.77032	33.86763	-0.01751	-0.00978	0.00171
-2.98878	7.80281	34.08805	-0.01745	-0.00950	0.00004
-3.01651	7.88290	34.35832	-0.01851	-0.01105	0.00081
-3.04091	7.91959	34.58858	-0.01797	-0.01100	0.00065
-3.08071	7.99828	34.88148	-0.01706	-0.01383	0.00258
-3.11054	8.02534	35.12224	-0.01646	-0.01567	0.00358
-3.15270	8.10659	35.40839	-0.01580	-0.01817	0.00419
-3.18036	8.14023	35.64064	-0.01353	-0.01962	0.00522
-3.20770	8.17179	35.87646	-0.01163	-0.02154	0.00631
-3.23421	8.25876	36.13186	-0.00994	-0.01969	0.00535
-3.25929	8.28511	36.37004	-0.00924	-0.02134	0.00507
-3.28513	8.41862	36.59015	-0.01027	-0.01368	-0.00160
-3.31010	8.45036	36.81398	-0.00864	-0.01327	-0.00156
-3.33386	8.47872	37.02996	-0.00826	-0.01324	-0.00220
-3.35517	8.55657	37.19958	-0.00981	-0.01166	-0.00292
-3.37506	8.61979	37.38072	-0.01387	-0.01450	-0.00405
-3.39709	8.64557	37.58160	-0.01321	-0.01539	-0.00416
-3.42023	8.70567	37.74567	-0.01398	-0.01585	-0.00563
-3.43906	8.73291	37.91140	-0.01238	-0.01655	-0.00594
-3.45388	8.80728	38.03997	-0.01101	-0.01535	-0.00694
-3.47274	8.83140	38.19342	-0.01009	-0.01640	-0.00743
-3.49168	8.85524	38.34737	-0.00924	-0.01738	-0.00794
-3.51263	8.91449	38.50793	-0.01106	-0.01752	-0.00737
-3.53486	8.93204	38.66766	-0.01125	-0.02000	-0.00696
-3.55489	8.97127	38.83962	-0.01415	-0.01983	-0.00695
-3.58020	8.98833	38.99838	-0.01578	-0.02249	-0.00746
-3.59202	9.07774	39.08280	-0.01135	-0.01391	-0.00911
-3.60656	9.09093	39.22348	-0.01096	-0.01536	-0.00991
-3.62656	9.10580	39.36370	-0.01068	-0.01640	-0.00961
-3.63492	9.14627	39.45056	-0.00996	-0.01456	-0.00974
-3.66365	9.17827	39.65810	-0.00781	-0.01530	-0.01116
-3.68015	9.21322	39.76597	-0.00652	-0.01480	-0.01134
-3.70395	9.26321	39.97250	-0.00952	-0.01368	-0.01258
-3.73232	9.28264	40.18795	-0.00864	-0.01333	-0.01324
-3.74390	9.29243	40.32802	-0.00774	-0.01482	-0.01312
-3.75585	9.30250	40.46843	-0.00660	-0.01627	-0.01301
-3.77355	9.38617	40.68411	-0.00624	-0.01528	-0.01146
-3.78653	9.39147	40.78842	-0.00563	-0.01755	-0.01212
-3.79926	9.43204	40.80331	-0.00641	-0.01729	-0.01304
-3.81245	9.44490	40.90794	-0.00549	-0.01813	-0.01378
-3.82768	9.45230	41.02311	-0.00494	-0.02029	-0.01508
-3.84439	9.48547	41.10400	-0.00599	-0.02068	-0.01649
-3.85839	9.49264	41.23458	-0.00604	-0.02362	-0.01734
-3.87187	9.55351	41.34129	-0.00778	-0.01686	-0.01554
-3.88400	9.55973	41.45076	-0.00842	-0.01792	-0.01664
-3.89787	9.56259	41.57077	-0.00915	-0.01980	-0.01773
-3.91236	9.61788	41.67203	-0.00980	-0.01618	-0.01900
-3.92741	9.62937	41.79555	-0.00986	-0.01670	-0.02011
-3.94784	9.67674	41.94567	-0.00977	-0.01580	-0.01995
-3.96454	9.68718	42.07625	-0.01027	-0.01713	-0.02145
-3.99369	9.73972	42.21636	-0.00981	-0.01703	-0.02127
-4.01211	9.74668	42.35343	-0.01039	-0.01950	-0.02259
-4.02566	9.79490	42.48059	-0.00974	-0.02051	-0.02173
-4.05484	9.84629	42.61184	-0.00770	-0.01998	-0.02073
-4.07507	9.85864	42.75827	-0.00745	-0.02222	-0.02164
-4.09519	9.87165	42.90500	-0.00725	-0.02436	-0.02255
-4.11774	9.95555	43.11476	-0.00635	-0.02130	-0.01945
-4.14095	10.03169	43.35735	-0.00920	-0.01929	-0.01674
-4.16565	10.04651	43.53075	-0.01120	-0.01829	-0.01685
-4.19601	10.13722	43.78579	-0.01080	-0.01915	-0.01419
-4.22840	10.16768	43.99202	-0.01002	-0.02256	-0.01312
-4.25885	10.19627	44.20771	-0.00955	-0.02540	-0.01324
-4.28562	10.22511	44.42859	-0.00815	-0.02857	-0.01269
-4.30507	10.32889	44.68907	-0.00393	-0.02997	-0.01071
-4.32290	10.41114	44.94542	-0.00638	-0.02519	-0.01104
-4.34907	10.44750	45.17765	-0.00911	-0.02746	-0.01130
-4.36501	10.52594	45.46581	-0.01440	-0.02415	-0.01038
-4.39031	10.55368	45.73201	-0.01618	-0.02707	-0.00987
-4.41341	10.63581	46.06573	-0.01571	-0.02368	-0.00632
-4.43678	10.66482	46.33894	-0.01794	-0.02568	-0.00569
-4.45996	10.69442	46.61280	-0.02010	-0.02799	-0.00497
-4.49428	10.79006	46.92606	-0.01821	-0.02556	-0.00212
-4.51814	10.82073	47.19292	-0.01970	-0.02749	-0.00158
-4.53853	10.85542	47.45716	-0.02131	-0.02957	-0.00053
-4.55921	10.89079	47.72101	-0.02282	-0.03168	0.00039
-4.59916	11.07107	47.99896	-0.01778	-0.02448	0.00305
-4.62049	11.09762	48.26719	-0.02220	-0.02809	0.00242
-4.64328	11.12616	48.53143	-0.02662	-0.03132	0.00158
-4.70515	11.29579	48.83714	-0.02407	-0.02430	0.00141
-4.73197	11.32166	49.09933	-0.02546	-0.02706	0.00137
-4.77108	11.43666	49.38380	-0.01849	-0.02302	0.00289
-4.79781	11.46263	49.64724	-0.01996	-0.02581	0.00289
-4.82546	11.56159	49.93441	-0.01546	-0.02422	0.00488
-4.85192	11.58798	50.19682	-0.01675	-0.02692	0.00543
-4.88662	11.70167	50.51701	-0.01459	-0.02367	0.00654
-4.91689	11.73886	50.78975	-0.01451	-0.02572	0.00662
-4.95460	11.87156	51.12521	-0.01162	-0.02150	0.00702
-4.98257	11.91535	51.39819	-0.01038	-0.02469	0.00880
-5.00944	11.96037	51.67136	-0.00915	-0.02781	0.01058
-5.03652	12.00948	51.94836	-0.00792	-0.02885	0.01221
-5.07447	12.14564	52.29535	-0.00457	-0.02548	0.01425
-5.10151	12.19801	52.57425	-0.00391	-0.02546	0.01569
-5.14784	12.34494	53.01823	-0.00775	-0.01998	0.01149
-5.18940	12.43766	53.37831	-0.01127	-0.02165	0.00904
-5.21976	12.47371	53.68446	-0.01202	-0.02452	0.00879
-5.25467	12.51482	54.00422	-0.01256	-0.02735	0.00848
-5.28919	12.55664	54.32363	-0.01276	-0.03017	0.00830
-5.31244	12.66636	54.67992	-0.01133	-0.02897	0.00970
-5.34531	12.69141	55.01289	-0.01182	-0.03473	0.00989
-5.37498	12.72504	55.34381	-0.01245	-0.03857	0.01000
-5.40071	12.92086	55.72070	-0.00555	-0.03061	0.01374
-5.42908	12.95686	56.05159	-0.00565	-0.03300	0.01484
-5.44433	13.08848	56.39170	-0.00468	-0.02541	0.01539
-5.47245	13.13698	56.73460	-0.00499	-0.02674	0.01564
-5.49628	13.25592	57.08932	-0.00404	-0.02272	0.01689
-5.52714	13.30486	57.43008	-0.00514	-0.02414	0.01648
-5.56225	13.35394	57.77684	-0.00630	-0.02534	0.01670
-5.60784	13.48792	58.14166	-0.00862	-0.02290	0.01650
-5.63790	13.53670	58.49269	-0.00875	-0.02503	0.01639
-5.66551	13.58130	58.84824	-0.00842	-0.02844	0.01529
-5.70349	13.76239	59.21032	-0.00795	-0.02567	0.01436
-5.73399	13.79814	59.56838	-0.00738	-0.02877	0.01376
-5.77771	13.92748	59.91486	-0.00716	-0.02798	0.01527
-5.81112	14.04814	60.25481	-0.00683	-0.02386	0.01743
-5.83792	14.09657	60.61471	-0.00554	-0.02491	0.01809
-5.86960	14.14658	60.96818	-0.00583	-0.02680	0.01797
-5.90121	14.19682	61.32184	-0.00635	-0.02871	0.01774
-5.93830	14.33022	61.67651	-0.00916	-0.02693	0.01535
-5.97320	14.37769	62.03785	-0.01014	-0.02985	0.01443
-6.00668	14.42494	62.39724	-0.01082	-0.03362	0.01251
-6.05694	14.60157	62.75010	-0.01012	-0.02981	0.01051
-6.08650	14.65359	63.12000	-0.00953	-0.03161	0.00944
-6.12080	14.78573	63.46536	-0.00705	-0.02784	0.01098
-6.15407	14.83825	63.84156	-0.00724	-0.02931	0.01069
-6.18526	14.94814	64.20259	-0.00992	-0.02639	0.01181
-6.22837	15.07066	64.53478	-0.01253	-0.02481	0.01240
-6.26714	15.12539	64.91640	-0.01264	-0.02725	0.01182
-6.30739	15.17205	65.30841	-0.01249	-0.03092	0.01206
-6.35126	15.29221	65.66912	-0.00982	-0.02851	0.01263
-6.39283	15.34596	66.06287	-0.00907	-0.03135	0.01207
-6.42714	15.47767	66.39742	-0.00729	-0.02833	0.01126
-6.46625	15.51963	66.80206	-0.00409	-0.03126	0.01028
-6.49191	15.64447	67.12646	-0.00141	-0.02967	0.00723
-6.53079	15.69343	67.53574	0.00162	-0.03270	0.00605
-6.57293	15.74397	67.95551	0.00277	-0.03572	0.00396
-6.59872	15.83985	68.27190	-0.00330	-0.03839	0.00388
-6.64478	15.88683	68.65958	-0.00669	-0.04223	0.00454
-6.68870	15.93451	69.05609	-0.00829	-0.04665	0.00462
-6.73151	15.98297	69.45148	-0.00957	-0.05191	0.00432
-6.73766	16.17433	69.56581	-0.01693	-0.04078	0.00783
-6.76469	16.23630	69.92007	-0.01542	-0.04031	0.00681
-6.79159	16.29381	70.26937	-0.01398	-0.04102	0.00609
-6.82689	16.34816	70.62976	-0.01163	-0.04322	0.00547
-6.86468	16.57764	70.82262	-0.00418	-0.02585	0.00320
-6.89587	16.62444	71.16752	-0.00231	-0.02847	0.00249
-6.93105	16.67632	71.52338	0.00107	-0.03140	0.00178
-6.96560	16.73009	71.88647	0.00322	-0.03447	0.00142
-7.01772	16.94296	72.19449	-0.00427	-0.03361	0.00224
-7.04961	17.00054	72.56161	-0.00275	-0.03574	0.00170
-7.09402	17.17989	72.87069	-0.01180	-0.02840	0.00419
-7.12336	17.23348	73.23017	-0.00981	-0.03108	0.00456
-7.15708	17.28466	73.56868	-0.00859	-0.03257	0.00461
-7.18511	17.39807	73.86152	-0.01246	-0.03022	0.00611
-7.21831	17.44840	74.20091	-0.01117	-0.03179	0.00633
-7.26004	17.54858	74.49509	-0.01523	-0.02929	0.00914
-7.29125	17.58854	74.83209	-0.01507	-0.03189	0.01014
-7.32306	17.62929	75.16330	-0.01515	-0.03467	0.01040
-7.35295	17.74018	75.50494	-0.01664	-0.03503	0.01276
-7.38011	17.77643	75.82882	-0.01639	-0.03785	0.01336
-7.41134	17.80838	76.14841	-0.01753	-0.04193	0.01304
-7.43581	18.00559	76.49039	-0.02038	-0.03425	0.01514
-7.46678	18.03691	76.81086	-0.02166	-0.03823	0.01476
-7.50459	18.06981	77.15453	-0.02329	-0.04317	0.01598
-7.54954	18.21315	77.51561	-0.02604	-0.04024	0.01766
-7.58920	18.25873	77.84541	-0.02778	-0.04438	0.01735
-7.62839	18.30620	78.17525	-0.02937	-0.04838	0.01704
-7.66661	18.35248	78.51231	-0.03089	-0.05297	0.01689
-7.65559	18.58280	78.86836	-0.02708	-0.03644	0.01829
-7.67988	18.63161	79.18655	-0.02873	-0.03769	0.01811
-7.70445	18.68051	79.50487	-0.03021	-0.03907	0.01777
-7.72818	18.72924	79.83131	-0.03034	-0.04114	0.01681
-7.72789	18.93813	80.16343	-0.02510	-0.02750	0.01735
-7.75211	18.98404	80.48421	-0.02638	-0.02956	0.01674
-7.77939	19.02619	80.80806	-0.02810	-0.03168	0.01588
-7.81322	19.22280	81.16330	-0.02586	-0.02710	0.01683
-7.84068	19.26607	81.48557	-0.02743	-0.02886	0.01586
-7.87382	19.31241	81.79879	-0.02905	-0.03054	0.01453
-7.92749	19.42618	82.09969	-0.02713	-0.02964	0.01414
-7.95824	19.46408	82.36797	-0.02756	-0.03020	0.01202
-7.98207	19.62861	82.59868	-0.01868	-0.02068	0.01097
-8.01383	19.66033	82.86089	-0.01747	-0.02200	0.00884
-8.05053	19.69038	83.11699	-0.01861	-0.02336	0.00631
-8.08744	19.72096	83.37328	-0.01979	-0.02478	0.00382
-8.10005	19.81554	83.58770	-0.01954	-0.02369	0.00368
-8.12618	19.86076	83.93684	-0.01848	-0.02290	0.00069
-8.11486	20.01789	84.14882	-0.02012	-0.01798	0.00312
-8.16816	20.07148	84.48626	-0.01979	-0.02007	0.00039
-8.21092	20.13145	84.83658	-0.02041	-0.02246	-0.00218
-8.24795	20.23806	85.11602	-0.02298	-0.02345	-0.00137
-8.26119	20.24799	85.28847	-0.02354	-0.02702	-0.00268
-8.28244	20.36832	85.62923	-0.01884	-0.02561	-0.00255
-8.30269	20.39868	85.86448	-0.01728	-0.02673	-0.00424
-8.29204	20.43228	85.86295	-0.01753	-0.02299	-0.00405
-8.30677	20.45522	86.07909	-0.01755	-0.02510	-0.00538
-8.34655	20.57671	86.41085	-0.01702	-0.02464	-0.00608
-8.35214	20.59678	86.52787	-0.01717	-0.02539	-0.00650
-8.38035	20.67180	86.68427	-0.02430	-0.02574	-0.00806
-8.39486	20.69673	86.85643	-0.02704	-0.02781	-0.01027
-8.43314	20.73733	86.89665	-0.02479	-0.02800	-0.00894
-8.44630	20.75201	86.99829	-0.02408	-0.02909	-0.00896
-8.46474	20.76586	87.09358	-0.02368	-0.03034	-0.00922
-8.49268	20.82787	87.27165	-0.02127	-0.02981	-0.00627
-8.50143	20.83600	87.36449	-0.02059	-0.03056	-0.00633
-8.51101	20.84515	87.44930	-0.02027	-0.03139	-0.00653
-8.52306	20.85863	87.53772	-0.01909	-0.03159	-0.00720
-8.53387	20.87103	87.62341	-0.01798	-0.03204	-0.00773
-8.53380	20.91784	87.65229	-0.01389	-0.02903	-0.00694
-8.54419	20.92936	87.72974	-0.01305	-0.02970	-0.00769
-8.54602	20.97275	87.78819	-0.01612	-0.02836	-0.00771
-8.55623	20.97930	87.86506	-0.01487	-0.03074	-0.00829
-8.56628	20.98579	87.94180	-0.01372	-0.03326	-0.00883
-8.57360	21.01027	88.01730	-0.01522	-0.03407	-0.00778
-8.57803	21.01608	88.09553	-0.01509	-0.03635	-0.00822
-8.58264	21.02260	88.17319	-0.01517	-0.03853	-0.00860
-8.57923	21.06825	88.20146	-0.02096	-0.03091	-0.00839
-8.58174	21.07837	88.26186	-0.02158	-0.03062	-0.01016
-8.58413	21.11096	88.29820	-0.02566	-0.02475	-0.01017
-8.59277	21.11908	88.35917	-0.02622	-0.02485	-0.01024
-8.60591	21.12862	88.42175	-0.02645	-0.02435	-0.00942
-8.61898	21.14368	88.48354	-0.02875	-0.02232	-0.00571
-8.62417	21.14925	88.55272	-0.02939	-0.02386	-0.00530
-8.62903	21.15477	88.62128	-0.02997	-0.02518	-0.00493
-8.62440	21.18421	88.66407	-0.02886	-0.02754	-0.00465
-8.63262	21.19068	88.73665	-0.02909	-0.02813	-0.00363
-8.63430	21.20172	88.78197	-0.02907	-0.02668	-0.00421
-8.64202	21.20893	88.85239	-0.02911	-0.02731	-0.00389
-8.65090	21.22623	88.89052	-0.02838	-0.02546	-0.00415
-8.65611	21.23118	88.96246	-0.02887	-0.02652	-0.00405
-8.65172	21.24528	89.02042	-0.02572	-0.02737	-0.00408
-8.65745	21.24600	89.09454	-0.02553	-0.02909	-0.00396
-8.66278	21.24475	89.16638	-0.02484	-0.03084	-0.00364
-8.66913	21.25827	89.20329	-0.02376	-0.03095	-0.00351
-8.68153	21.26919	89.25620	-0.02454	-0.03136	-0.00303
-8.69166	21.28360	89.30970	-0.02519	-0.03179	-0.00278
-8.70154	21.29693	89.36492	-0.02573	-0.03269	-0.00255
-8.71712	21.36155	89.33496	-0.02791	-0.02771	-0.00252
-8.72590	21.37665	89.39937	-0.02869	-0.02825	-0.00252
-8.73392	21.38659	89.46033	-0.02856	-0.02833	-0.00215
-8.73049	21.41168	89.51696	-0.02569	-0.02590	-0.00156
-8.73812	21.42124	89.57700	-0.02531	-0.02608	-0.00129
-8.74236	21.43792	89.63190	-0.02320	-0.02497	-0.00019
-8.74374	21.44522	89.70344	-0.02315	-0.02742	0.00083
-8.74467	21.46391	89.77842	-0.02308	-0.02988	0.00120
-8.74663	21.47133	89.85043	-0.02330	-0.03214	0.00198
-8.75479	21.48915	89.92348	-0.02372	-0.03245	0.00083
-8.76061	21.50146	89.98772	-0.02371	-0.03303	0.00122
-8.77561	21.53653	90.03445	-0.02280	-0.02818	-0.00015
-8.78366	21.54936	90.09621	-0.02255	-0.02837	-0.00003
-8.79161	21.56159	90.15790	-0.02226	-0.02858	0.00011
-8.80017	21.59531	90.20656	-0.02237	-0.02479	0.00108
-8.80891	21.60599	90.26403	-0.02315	-0.02536	0.00154
-8.81611	21.62843	90.32222	-0.02656	-0.02528	0.00171
-8.82240	21.63774	90.38836	-0.02735	-0.02574	0.00042
-8.82882	21.64674	90.45459	-0.02806	-0.02622	-0.00074
-8.83113	21.65127	90.50496	-0.02604	-0.02833	-0.00246
-8.83509	21.65663	90.55640	-0.02598	-0.02878	-0.00357
-8.84223	21.67402	90.57835	-0.02241	-0.02824	-0.00239
-8.84861	21.67386	90.61300	-0.02241	-0.02891	-0.00392
-8.85468	21.67453	90.64747	-0.02236	-0.02946	-0.00537
-8.85833	21.69010	90.67188	-0.02241	-0.02762	-0.00427
-8.86365	21.69078	90.70535	-0.02229	-0.02808	-0.00550
-8.86840	21.69624	90.73490	-0.02259	-0.02818	-0.00662
-8.86233	21.73029	90.76001	-0.02372	-0.02567	-0.00206
-8.86837	21.73636	90.78546	-0.02432	-0.02548	-0.00349
-8.87024	21.75854	90.78648	-0.02511	-0.02375	-0.00176
-8.87807	21.76515	90.80225	-0.02545	-0.02300	-0.00228
-8.88546	21.77137	90.81728	-0.02566	-0.02218	-0.00279
-8.88609	21.76933	90.81594	-0.02490	-0.02260	-0.00054
-8.89335	21.77050	90.82506	-0.02500	-0.02285	-0.00125
-8.90128	21.76938	90.83217	-0.02485	-0.02340	-0.00185
-8.88758	21.75224	90.81384	-0.02311	-0.02645	0.00011
-8.89518	21.75095	90.82032	-0.02298	-0.02692	-0.00057
-8.90032	21.74960	90.83165	-0.02344	-0.02778	-0.00081
-8.89214	21.74964	90.82787	-0.02391	-0.02792	0.00039
-8.89591	21.74993	90.82857	-0.02402	-0.02890	-0.00008
-8.89993	21.75002	90.82909	-0.02418	-0.02992	-0.00049
-8.87505	21.75740	90.79608	-0.02386	-0.02799	0.00105
-8.87904	21.75870	90.79687	-0.02397	-0.02867	0.00054
-8.87542	21.75641	90.78148	-0.02352	-0.02736	0.00085
-8.87821	21.75882	90.77791	-0.02264	-0.02743	0.00079
-8.88138	21.76098	90.77493	-0.02194	-0.02772	0.00076
-8.87443	21.75949	90.76524	-0.02136	-0.02447	0.00144
-8.87501	21.76174	90.75531	-0.02101	-0.02330	0.00092
-8.87656	21.76881	90.75182	-0.02100	-0.02186	0.00135
-8.86291	21.77394	90.76615	-0.02266	-0.02043	0.00283
-8.86461	21.78074	90.76212	-0.02260	-0.01880	0.00297
-8.86643	21.78753	90.75761	-0.02259	-0.01722	0.00311
-8.86736	21.78302	90.77271	-0.02303	-0.01824	0.00370
-8.86718	21.78426	90.77052	-0.02276	-0.01696	0.00385
-8.86691	21.78461	90.76794	-0.02250	-0.01584	0.00391
-8.86105	21.75726	90.78154	-0.02235	-0.02079	0.00315
-8.86035	21.75724	90.77876	-0.02214	-0.02005	0.00316
-8.85931	21.75813	90.77680	-0.02260	-0.02125	0.00253
-8.86217	21.75774	90.78323	-0.02332	-0.02336	0.00241
-8.86223	21.75801	90.77970	-0.02294	-0.02352	0.00230
-8.86021	21.75352	90.78143	-0.02227	-0.02426	0.00289
-8.85785	21.74477	90.79250	-0.02163	-0.02684	0.00364
-8.85408	21.74359	90.80087	-0.02121	-0.02775	0.00430
-8.85183	21.73895	90.79906	-0.02154	-0.02744	0.00374
-8.85155	21.73543	90.79780	-0.02135	-0.02776	0.00344
-8.85110	21.73187	90.79625	-0.02111	-0.02810	0.00326
-8.85539	21.74026	90.78449	-0.02297	-0.02655	0.00172
-8.85624	21.73960	90.77673	-0.02339	-0.02670	0.00115
-8.85632	21.73422	90.76569	-0.02286	-0.02669	0.00054
-8.85508	21.74577	90.76304	-0.02254	-0.02482	0.00127
-8.85244	21.74489	90.75456	-0.02187	-0.02461	0.00115
-8.84784	21.74439	90.75888	-0.02090	-0.02437	0.00202
-8.84528	21.74248	90.75175	-0.02022	-0.02409	0.00189
-8.84841	21.74566	90.76808	-0.02103	-0.02377	0.00200
-8.84565	21.74966	90.77205	-0.02177	-0.02394	0.00226
-8.84233	21.75285	90.77601	-0.02230	-0.02419	0.00266
-8.84458	21.75812	90.79871	-0.02393	-0.02470	0.00348
-8.84050	21.76147	90.80234	-0.02412	-0.02471	0.00395
-8.84198	21.76099	90.80555	-0.02391	-0.02508	0.00427
-8.85032	21.75072	90.80774	-0.02323	-0.02584	0.00416
-8.84948	21.74754	90.80717	-0.02238	-0.02647	0.00464
-8.85480	21.74302	90.80103	-0.02123	-0.02673	0.00436
-8.85066	21.73718	90.80730	-0.02065	-0.02784	0.00506
-8.84512	21.73191	90.80861	-0.02070	-0.02804	0.00476
-8.84124	21.72640	90.81530	-0.01995	-0.02926	0.00539
-8.84282	21.72786	90.82536	-0.02067	-0.02872	0.00494
-8.84092	21.72397	90.83406	-0.01996	-0.02949	0.00543
-8.84351	21.74024	90.84042	-0.02121	-0.02685	0.00522
-8.83692	21.73974	90.85558	-0.02068	-0.02766	0.00619
-8.83053	21.73831	90.86768	-0.02028	-0.02835	0.00713
-8.83423	21.74834	90.86233	-0.02145	-0.02531	0.00692
-8.83416	21.74793	90.86942	-0.02048	-0.02422	0.00728
-8.83429	21.74715	90.87445	-0.02026	-0.02375	0.00776
-8.83416	21.74905	90.87631	-0.01956	-0.02211	0.00820
-8.85839	21.74101	90.83109	-0.01980	-0.02087	0.00529
-8.85664	21.73851	90.83841	-0.01781	-0.01940	0.00552
-8.85818	21.73886	90.84174	-0.01610	-0.01784	0.00594
-8.85877	21.73445	90.84785	-0.01451	-0.01786	0.00627
-8.85560	21.73182	90.82925	-0.01521	-0.02097	0.00440
-8.85361	21.72923	90.83099	-0.01372	-0.02045	0.00442
-8.85210	21.72715	90.83298	-0.01241	-0.01984	0.00452
-8.84787	21.73320	90.80953	-0.01796	-0.02299	0.00225
-8.84502	21.73090	90.80505	-0.01707	-0.02247	0.00143
-8.84214	21.72874	90.79989	-0.01616	-0.02187	0.00044
-8.84399	21.73895	90.78670	-0.01851	-0.02199	-0.00039
-8.84191	21.74324	90.78021	-0.01753	-0.02096	-0.00100
-8.83972	21.74730	90.77436	-0.01648	-0.02019	-0.00150
-8.85047	21.75492	90.78380	-0.01999	-0.02172	0.00103
-8.84877	21.75533	90.78197	-0.01886	-0.02171	0.00054
-8.84721	21.75625	90.77940	-0.01781	-0.02162	-0.00001
-8.85128	21.74967	90.78068	-0.01901	-0.02397	0.00038
-8.85235	21.74922	90.77292	-0.01822	-0.02418	-0.00039
-8.85355	21.74885	90.76578	-0.01744	-0.02451	-0.00109
-8.85907	21.73916	90.77136	-0.02007	-0.02653	0.00033
-8.85900	21.74056	90.76781	-0.01948	-0.02766	0.00001
-8.85658	21.74397	90.78045	-0.02034	-0.02814	0.00122
-8.85623	21.74570	90.77730	-0.01972	-0.02893	0.00091
-8.85590	21.75488	90.77736	-0.02069	-0.02659	0.00181
-8.85826	21.75646	90.77355	-0.02004	-0.02670	0.00193
-8.86004	21.76151	90.76516	-0.01916	-0.02608	0.00134
-8.86458	21.75990	90.77104	-0.01981	-0.02455	0.00136
-8.86467	21.75415	90.76428	-0.01845	-0.02677	0.00147
-8.86510	21.74860	90.75709	-0.01703	-0.02886	0.00156
-8.85803	21.72781	90.77217	-0.01865	-0.03164	0.00251
-8.85865	21.72328	90.76501	-0.01742	-0.03345	0.00241
-8.86276	21.73328	90.76267	-0.01940	-0.03073	0.00168
-8.86570	21.73445	90.75245	-0.01893	-0.03147	0.00091
-8.86922	21.73662	90.73685	-0.01843	-0.03221	-0.00005
-8.87173	21.74432	90.74197	-0.02055	-0.02993	-0.00043
-8.87022	21.73736	90.73959	-0.01942	-0.03284	-0.00023
-8.86841	21.73450	90.73748	-0.01823	-0.03524	0.00003
-8.86699	21.73185	90.73528	-0.01711	-0.03772	0.00033
-8.85582	21.72988	90.77879	-0.01851	-0.03449	0.00341
-8.85469	21.72859	90.77751	-0.01726	-0.03600	0.00363
-8.85483	21.73271	90.77840	-0.01624	-0.03618	0.00385
-8.85710	21.74951	90.79470	-0.01942	-0.02745	0.00322
-8.85722	21.75477	90.79581	-0.01846	-0.02735	0.00327
-8.86382	21.75841	90.81620	-0.02093	-0.02670	0.00279
-8.86721	21.76098	90.82153	-0.02116	-0.02772	0.00247
-8.86882	21.77238	90.84467	-0.02075	-0.02805	0.00210
-8.87213	21.77868	90.88512	-0.02238	-0.02811	0.00164
-8.88019	21.77868	90.91431	-0.02295	-0.03008	0.00172
-8.88224	21.78157	90.94624	-0.02325	-0.03174	0.00205
-8.88906	21.78133	90.98579	-0.02491	-0.02917	0.00352
-8.89589	21.78788	91.00149	-0.02562	-0.02907	0.00396
-8.89468	21.80669	91.00761	-0.02530	-0.02555	0.00388
-8.90136	21.81549	91.03179	-0.02588	-0.02577	0.00346
-8.90271	21.83121	91.06676	-0.02610	-0.02399	0.00218
-8.89804	21.84472	91.12045	-0.02546	-0.02190	-0.00143
-8.90284	21.86292	91.16293	-0.02665	-0.02052	-0.00283
-8.90890	21.88222	91.21280	-0.02672	-0.01933	-0.00425
-8.92240	21.88376	91.32117	-0.02567	-0.02301	-0.00774
-8.93103	21.89639	91.37886	-0.02477	-0.02272	-0.00992
-8.93794	21.90634	91.42941	-0.02402	-0.02238	-0.01251
-8.95545	21.90987	91.49799	-0.02195	-0.02538	-0.01605
-8.96269	21.92918	91.56543	-0.02159	-0.02577	-0.01776
-8.97092	21.94878	91.63277	-0.02141	-0.02619	-0.01957
-9.00243	21.98565	91.72243	-0.02168	-0.02713	-0.02269
-9.01905	22.00556	91.78566	-0.01986	-0.02700	-0.02620
-9.02893	22.02148	91.84452	-0.01945	-0.02732	-0.03003
-9.06530	22.04531	91.97264	-0.01778	-0.02844	-0.03564
-9.08533	22.06169	92.07399	-0.01757	-0.02918	-0.03843
-9.10201	22.07102	92.18362	-0.01617	-0.03117	-0.04028
-9.11872	22.08050	92.29414	-0.01477	-0.03340	-0.04225
-9.13710	22.08795	92.40607	-0.01385	-0.03607	-0.04439
-9.18017	22.13510	92.66045	-0.01174	-0.04014	-0.04510
-9.20970	22.15850	92.80111	-0.01180	-0.04118	-0.04689
-9.24168	22.18764	92.95308	-0.01052	-0.04275	-0.04860
-9.29536	22.30153	93.20232	-0.00814	-0.03924	-0.05243
-9.32558	22.32623	93.37599	-0.00609	-0.04088	-0.05350
-9.35225	22.34694	93.55344	-0.00405	-0.04135	-0.05473
-9.37734	22.37339	93.73652	-0.00205	-0.04050	-0.05525
-9.42280	22.49306	94.04835	0.00000	-0.03165	-0.05226
-9.45356	22.51973	94.23933	0.00057	-0.03227	-0.05234
-9.48805	22.54820	94.43449	-0.00277	-0.03383	-0.05164
-9.51994	22.58603	94.63577	-0.00398	-0.03304	-0.05062
-9.55611	22.62188	94.84043	-0.00443	-0.03383	-0.04871
-9.59662	22.75731	95.15821	-0.01261	-0.02872	-0.04239
-9.62516	22.80067	95.36657	-0.01200	-0.02787	-0.04208
-9.65382	22.84353	95.57471	-0.01135	-0.02705	-0.04179
-9.68597	22.88212	95.79018	-0.01054	-0.02715	-0.04086
-9.72818	23.00620	96.12814	-0.00865	-0.02906	-0.03761
-9.76134	23.02811	96.37025	-0.00914	-0.03377	-0.03639
-9.79105	23.05750	96.60741	-0.01087	-0.03767	-0.03646
-9.81091	23.18602	96.98146	-0.01415	-0.04109	-0.03123
-9.83094	23.23606	97.22590	-0.01442	-0.04295	-0.03002
-9.86054	23.28887	97.47620	-0.01536	-0.04410	-0.02796
-9.89289	23.32025	97.74421	-0.01701	-0.04693	-0.02746
-9.93849	23.48792	98.09892	-0.01414	-0.04052	-0.01951
-9.96985	23.52853	98.36557	-0.01345	-0.04229	-0.01676
-9.99636	23.57193	98.63456	-0.01360	-0.04378	-0.01390
-10.02517	23.61486	98.90028	-0.01322	-0.04497	-0.01198
-10.06068	23.74403	99.26860	-0.01438	-0.03875	-0.00734
-10.09105	23.76193	99.55587	-0.01397	-0.04418	-0.00603
-10.12761	23.78246	99.84386	-0.01385	-0.04967	-0.00258
-10.16257	23.81453	100.13480	-0.01503	-0.05367	0.00002
-10.20526	23.97873	100.48888	-0.01367	-0.05407	0.00319
-10.23991	24.02081	100.81382	-0.01455	-0.05877	0.00792
-10.26196	24.07649	101.13158	-0.01514	-0.06171	0.01079
-10.28833	24.13229	101.44569	-0.01540	-0.06309	0.01379
-10.31322	24.18834	101.76006	-0.01566	-0.06459	0.01684
-10.31947	24.41863	102.12573	-0.02019	-0.04521	0.01639
-10.34071	24.47041	102.45306	-0.02132	-0.04758	0.01893
-10.36002	24.67326	102.75109	-0.02133	-0.03869	0.01717
-10.37541	24.72911	103.07616	-0.02210	-0.04082	0.01879
-10.39674	24.77722	103.40348	-0.02306	-0.04380	0.02043
-10.42891	24.88781	103.72170	-0.02133	-0.04171	0.02037
-10.44956	24.93382	104.05740	-0.02151	-0.04531	0.02233
-10.46995	24.98928	104.40040	-0.02209	-0.04853	0.02460
-10.51499	25.17163	104.74215	-0.01970	-0.04205	0.02466
-10.54050	25.22297	105.07142	-0.02129	-0.04542	0.02505
-10.56595	25.27531	105.40012	-0.02316	-0.04881	0.02526
-10.60997	25.39887	105.72617	-0.02153	-0.04627	0.02337
-10.63522	25.45450	106.08510	-0.02317	-0.04768	0.02308
-10.66198	25.51077	106.44997	-0.02542	-0.05020	0.02288
-10.68470	25.56523	106.80741	-0.02919	-0.05303	0.02241
-10.71391	25.73205	107.20534	-0.02497	-0.04277	0.02156
-10.73005	25.77531	107.56763	-0.02485	-0.04523	0.02261
-10.75091	25.83164	107.93428	-0.02505	-0.04484	0.02375
-10.77111	25.88709	108.29790	-0.02432	-0.04530	0.02544
-10.81426	26.09049	108.64837	-0.01831	-0.03706	0.02837
-10.83259	26.14670	109.01648	-0.01810	-0.04001	0.02876
-10.84630	26.20993	109.38689	-0.01585	-0.04233	0.02864
-10.91325	26.45824	109.77909	-0.01309	-0.03890	0.02527
-10.93082	26.51502	110.15028	-0.01269	-0.04184	0.02427
-10.94896	26.57324	110.52133	-0.01203	-0.04478	0.02331
-10.99220	26.70309	110.90382	-0.01156	-0.04563	0.02121
-11.01537	26.76023	111.26885	-0.00948	-0.04859	0.02036
-11.03770	26.82764	111.64216	-0.00763	-0.05207	0.02134
-11.06032	26.89858	112.00446	-0.00589	-0.05252	0.02169
-11.14041	27.13011	112.43207	-0.00900	-0.04430	0.02571
-11.16508	27.18754	112.79931	-0.00678	-0.04619	0.02672
-11.18873	27.25804	113.20354	-0.00525	-0.04918	0.02783
-11.21385	27.33471	113.60442	-0.00523	-0.04980	0.02839
-11.23819	27.41221	114.00553	-0.00474	-0.05032	0.02889
-11.31064	27.62713	114.52995	-0.00749	-0.04279	0.03005
-11.33945	27.68385	114.91765	-0.00535	-0.04517	0.02932
-11.39069	27.77887	115.49126	-0.00495	-0.05024	0.02785
-11.49261	28.05203	116.27318	-0.01040	-0.05049	0.02393
-11.55939	28.19617	117.06037	-0.01211	-0.05369	0.02449
-11.63202	28.35707	117.89646	-0.01436	-0.05655	0.02338
-11.74728	28.83556	119.26814	-0.02434	-0.05152	0.02458
-11.80064	28.95259	119.84509	-0.02507	-0.05367	0.02582
-11.86935	29.22933	120.67736	-0.02384	-0.04804	0.02400
-11.95040	29.39941	121.60576	-0.02604	-0.05458	0.01706
-11.96540	29.57881	122.15050	-0.02901	-0.05524	0.01613
-12.06479	29.77135	123.18252	-0.03307	-0.06053	0.00989
-12.18347	30.16880	124.58736	-0.03499	-0.05983	0.01110
-12.26630	30.34393	125.44548	-0.03990	-0.06582	0.00797
-12.36441	30.73236	126.57691	-0.03112	-0.05687	0.00913
-12.44052	30.90820	127.42447	-0.03241	-0.06115	0.00993
-12.48004	31.11384	127.98957	-0.02092	-0.05142	0.01509
-12.52398	31.22639	128.56445	-0.02175	-0.05330	0.01612
-12.58255	31.53426	129.40154	-0.02032	-0.05149	0.01772
-12.64784	31.71230	130.17795	-0.02260	-0.05578	0.01475
-12.73614	31.92021	130.82979	-0.02537	-0.05162	0.00712
-12.81426	32.10966	131.72647	-0.02724	-0.05340	0.00619
-12.97581	32.53209	133.08565	-0.02307	-0.05333	0.00731
-13.03027	32.63694	133.68095	-0.02515	-0.05821	0.00618
-13.13942	32.91843	134.56570	-0.02011	-0.05511	0.00736
-13.21319	33.07853	135.36781	-0.01950	-0.06046	0.00720
-13.25558	33.22732	135.75742	-0.01673	-0.05979	0.00853
-13.31016	33.33310	136.27277	-0.02075	-0.06576	0.00879
-13.39214	33.63031	137.09142	-0.02787	-0.05965	0.00837
-13.46175	33.78950	137.82851	-0.02865	-0.06639	0.00770
-13.52383	33.96402	138.32222	-0.03140	-0.06325	0.00279
-13.59972	34.13684	139.13794	-0.03433	-0.06708	-0.00004
-13.73028	34.43812	140.19344	-0.02479	-0.06282	-0.00162
-13.85145	34.76172	141.26546	-0.02235	-0.05801	-0.00241
-13.93707	34.95264	142.15726	-0.02485	-0.06262	-0.00241
-14.01472	35.13625	142.98274	-0.02671	-0.06769	-0.00069
-14.15800	35.50417	143.99368	-0.02040	-0.06282	0.00149
-14.21128	35.60498	144.56670	-0.02233	-0.06900	0.00424
-14.24351	35.76606	144.99866	-0.02189	-0.06517	0.01011
-14.31991	35.97544	145.56277	-0.02161	-0.05903	0.00615
-14.38179	36.15996	146.41072	-0.02527	-0.06288	0.00415
-14.45940	36.34299	147.24272	-0.02829	-0.06517	0.00324
-14.58232	36.73863	148.50465	-0.02149	-0.06051	0.00362
-14.64962	36.87049	149.11722	-0.02574	-0.06676	0.00897
-14.73400	37.10667	149.76456	-0.03448	-0.06219	0.00422
-14.83272	37.29197	150.69376	-0.03437	-0.06809	-0.00086
-14.89337	37.44672	151.16356	-0.02459	-0.06464	-0.00086
-15.00438	37.64343	152.13908	-0.02477	-0.07082	-0.00214
-15.15133	38.13438	153.68671	-0.01999	-0.07103	-0.00091
-15.22256	38.31018	154.49168	-0.02468	-0.07329	-0.00587
-15.31165	38.64579	155.41019	-0.02330	-0.06804	-0.00486
-15.42713	38.81911	156.28447	-0.02423	-0.07230	-0.00610
-15.51541	39.06019	157.01849	-0.02343	-0.07062	-0.00477
-15.62175	39.22547	157.91905	-0.02651	-0.07802	-0.00844
-15.69646	39.43588	158.39024	-0.01913	-0.07745	-0.00167
-15.75539	39.75105	159.08794	-0.02053	-0.06928	-0.00056
-15.85604	39.96695	159.91324	-0.02481	-0.07391	-0.00333
-15.92038	40.07256	160.48270	-0.02845	-0.07966	-0.00441
-15.99402	40.37113	161.26668	-0.02129	-0.06728	-0.00219
-16.05081	40.60426	161.92999	-0.02116	-0.06017	-0.00129
-16.14216	40.78503	162.84106	-0.02409	-0.06353	-0.00414
-16.20370	40.88192	163.42305	-0.02514	-0.06643	-0.00464
-16.34760	41.30700	164.76009	-0.01383	-0.06568	-0.00543
-16.45230	41.48567	165.65646	-0.01357	-0.07312	-0.00862
-16.53859	41.71186	166.19862	-0.02438	-0.07352	-0.01586
-16.69955	42.11205	167.25493	-0.02699	-0.07281	-0.01376
-16.82541	42.31451	168.15666	-0.03009	-0.08379	-0.01267
-16.88562	42.42937	168.72751	-0.03126	-0.08444	-0.01268
-16.90343	42.67499	169.36522	-0.02911	-0.07783	-0.00766
-16.99611	42.86066	170.23941	-0.03118	-0.08372	-0.00863
-17.03529	43.06223	170.76823	-0.01779	-0.06855	-0.00855
-17.12964	43.26386	171.66774	-0.01682	-0.07090	-0.00774
-17.20608	43.53246	172.37094	-0.01424	-0.06893	-0.00727
-17.29909	43.69946	173.12906	-0.01772	-0.06990	-0.01341
-17.40686	43.96807	173.88025	-0.01201	-0.06688	-0.01669
-17.51213	44.22684	174.70407	-0.01544	-0.06716	-0.01715
-17.64381	44.42060	175.61906	-0.01979	-0.07345	-0.01674
-17.74642	44.79007	176.58940	-0.01866	-0.07271	-0.00851
-17.86300	44.97998	177.46193	-0.02117	-0.08063	-0.00582
-17.88461	45.21564	177.88939	-0.01934	-0.07177	-0.00229
-17.98643	45.40828	178.66940	-0.02226	-0.07216	-0.01054
-18.09922	45.63713	179.55295	-0.02550	-0.07317	-0.01389
-18.14455	45.80856	179.88718	-0.02885	-0.06169	-0.01703
-18.25125	45.97643	180.69159	-0.03012	-0.06477	-0.02177
-18.42429	46.45154	182.34380	-0.02086	-0.06779	-0.02012
-18.53091	46.71188	183.26474	-0.00926	-0.06880	-0.02094
-18.66349	46.90808	184.23611	-0.00224	-0.07390	-0.02225
-18.75084	47.05337	184.88875	-0.00167	-0.07803	-0.02540
-18.85405	47.43315	185.73285	-0.00944	-0.07164	-0.02421
-18.92583	47.54821	186.28012	-0.01073	-0.07364	-0.02486
-18.97154	47.71238	186.57028	-0.01716	-0.07267	-0.01736
-19.06425	47.96334	187.42152	-0.01619	-0.07448	-0.01163
-19.19383	48.15332	188.27522	-0.01487	-0.07720	-0.01060
-19.31594	48.37613	189.19518	-0.01389	-0.08211	-0.01322
-19.47257	48.85120	190.68840	-0.01160	-0.07538	-0.01618
-19.54414	49.20080	191.58473	-0.01227	-0.07122	-0.02210
-19.73104	49.38411	192.49622	-0.01303	-0.07902	-0.02485
-19.77275	49.55027	192.84177	-0.01469	-0.07203	-0.02227
-19.91014	49.72630	193.65833	-0.01387	-0.07472	-0.02445
-20.04828	49.89720	194.54636	-0.00938	-0.08549	-0.02788
-20.17883	50.31676	195.88795	-0.00765	-0.08495	-0.03149
-20.28078	50.45199	196.60281	-0.00761	-0.09476	-0.03240
-20.43108	50.85922	197.77121	-0.00243	-0.09416	-0.03750
-20.57495	51.04584	198.68132	0.00252	-0.10238	-0.04006
-20.65129	51.31579	199.31244	0.00438	-0.09102	-0.04255
-20.80644	51.52624	200.26003	0.00887	-0.09937	-0.04675
-20.95563	51.89966	201.26175	0.00780	-0.08467	-0.04650
-21.09054	52.05652	202.09053	0.01587	-0.09234	-0.04850
-21.26571	52.44659	203.17137	0.00958	-0.08294	-0.05198
-21.37173	52.56688	203.78778	0.00908	-0.08971	-0.05372
-21.52698	52.84293	204.45799	0.00974	-0.08480	-0.05402
-21.62342	52.95565	205.01100	0.01074	-0.09023	-0.05523
-21.71832	53.24051	205.54529	0.00511	-0.08637	-0.05295
-21.85888	53.42004	206.35143	0.00678	-0.09374	-0.05053
-22.00974	53.58770	207.15536	0.00758	-0.10233	-0.04905
-22.09635	53.86954	207.85112	0.00405	-0.09544	-0.04693
-22.24527	54.01711	208.57452	0.00459	-0.10181	-0.04638
-22.33068	54.13450	209.13252	0.00474	-0.10578	-0.04602
-22.50221	54.60886	210.30435	0.00522	-0.08517	-0.05321
-22.59358	54.71223	210.82954	0.00758	-0.09004	-0.05343
-22.72951	54.86942	211.56465	0.01117	-0.09518	-0.05587
-22.80515	55.14599	212.23964	0.01187	-0.08613	-0.05684
-22.95728	55.31983	213.00298	0.01610	-0.09189	-0.05816
-23.06332	55.45150	213.58734	0.01213	-0.09440	-0.05950
-23.22609	55.95071	214.63184	0.01110	-0.07851	-0.05751
-23.37609	56.15025	215.50754	0.01691	-0.08214	-0.05478
-23.50524	56.45385	216.45082	0.01854	-0.07759	-0.05123
-23.59898	56.58076	217.14607	0.02053	-0.08434	-0.04899
-23.74219	56.73341	217.95309	0.02420	-0.09099	-0.05342
-23.83175	57.01337	218.86450	0.02196	-0.09039	-0.04525
-23.96867	57.16607	219.65997	0.02386	-0.09442	-0.04907
-24.05694	57.33438	219.94492	0.01459	-0.09097	-0.05364
-24.21066	57.48589	220.74124	0.00895	-0.10507	-0.05840
-24.32382	57.62199	221.36879	0.00659	-0.11469	-0.05891
-24.42047	58.04472	222.03328	-0.00463	-0.09633	-0.04746
-24.52420	58.20047	222.69566	-0.00519	-0.09944	-0.04576
-24.59996	58.48402	223.48640	-0.00248	-0.09167	-0.02167
-24.70756	58.61171	224.10439	-0.00036	-0.09699	-0.01575
-24.81618	58.78819	224.88557	0.00142	-0.11317	-0.00973
-24.85922	59.05165	225.52660	0.00293	-0.10236	-0.00649
-24.92756	59.22007	226.12135	-0.00342	-0.10389	-0.00844
-25.03824	59.41964	226.84787	-0.00529	-0.10349	-0.00825
-25.15773	59.85048	227.36412	-0.00276	-0.07648	-0.02459
-25.27102	60.02848	228.09892	-0.00352	-0.08075	-0.02548
-25.28018	60.17032	228.50101	0.00292	-0.07952	-0.02643
-25.35084	60.31475	229.19391	-0.00580	-0.08556	-0.02393
-25.43300	60.52822	229.94987	-0.00615	-0.08954	-0.01896
-25.50383	60.63417	230.53400	-0.00835	-0.09781	-0.01602
-25.58340	60.84788	231.26674	-0.01821	-0.10222	-0.00747
-25.65580	61.03288	232.09155	-0.02890	-0.10937	0.00013
-25.71338	61.23100	232.91241	-0.03617	-0.11326	0.01180
-25.75348	61.40889	233.33412	-0.02603	-0.10884	0.01842
-25.77412	61.55927	234.03697	-0.02965	-0.11631	0.02849
-25.78746	61.65465	234.55470	-0.02985	-0.12375	0.03930
-25.75939	62.01131	234.96376	-0.01653	-0.10277	0.05558
-25.74962	62.16798	235.68855	-0.02106	-0.11002	0.07079
-25.69522	62.39489	236.38966	-0.03564	-0.09674	0.09107
-25.65713	62.55611	237.21109	-0.04281	-0.10652	0.10535
-25.65809	62.95037	238.43005	-0.04555	-0.10650	0.11904
-25.61548	63.16525	239.30533	-0.05323	-0.11024	0.12753
-25.56971	63.53888	240.43109	-0.06197	-0.09810	0.13778
-25.53362	63.77932	241.39468	-0.06752	-0.10803	0.14088
-25.51520	64.11922	242.30818	-0.06577	-0.10095	0.13302
-25.46792	64.39222	243.23468	-0.06606	-0.10373	0.12893
-25.42266	64.65177	244.15578	-0.06956	-0.10710	0.12547
-25.59722	64.99625	245.09988	-0.06432	-0.10528	0.10662
-25.59557	65.21957	245.94022	-0.06485	-0.10748	0.09961
-25.59400	65.36633	246.54770	-0.06869	-0.11091	0.09817
-25.66079	65.44521	246.76747	-0.05154	-0.10070	0.09449
-25.65563	65.68459	247.63771	-0.04689	-0.10172	0.09253
-25.67064	65.92523	248.51907	-0.04449	-0.10736	0.09052
-25.72119	66.08394	248.96027	-0.03777	-0.10565	0.08169
-25.71557	66.27848	249.77078	-0.02044	-0.11481	0.08004
-25.73780	66.43372	250.33583	-0.01504	-0.11594	0.07523
-25.82107	66.92292	251.53923	-0.00674	-0.10811	0.05653
-25.86227	67.14397	252.37589	0.00259	-0.11686	0.04982
-25.93513	67.38829	253.29449	0.00948	-0.12266	0.04260
-26.02006	67.85929	254.68497	-0.00600	-0.12817	0.03568
-26.07954	68.10735	255.62944	-0.00845	-0.13551	0.03252
-26.13833	68.28429	256.31152	-0.00675	-0.14781	0.02757
-26.19200	68.48911	257.18378	0.00281	-0.15414	0.03196
-26.32048	69.16476	258.89194	-0.02085	-0.13578	0.03468
-26.40444	69.45325	259.72903	-0.02225	-0.13208	0.03327
-26.46927	69.73255	260.57971	-0.01942	-0.13538	0.03309
-26.64490	70.27024	261.51941	-0.02183	-0.10137	0.02607
-26.69559	70.52216	262.42099	-0.02681	-0.10564	0.02271
-26.78537	70.89294	263.46490	-0.02593	-0.10902	0.01874
-26.85761	71.12601	264.34192	-0.02269	-0.11404	0.02138
-26.92307	71.36358	265.19717	-0.02158	-0.11752	0.02316
-26.87789	71.53275	265.66388	-0.03135	-0.11495	0.02298
-26.89429	71.71281	266.33795	-0.03595	-0.11668	0.03035
-26.91102	71.90323	267.02536	-0.03505	-0.11920	0.04933
-26.87848	72.10805	267.77051	-0.03510	-0.12370	0.07278
-26.85048	72.30953	268.50256	-0.03871	-0.12593	0.09762
-26.63898	72.47434	268.54202	-0.04421	-0.10579	0.13548
-26.54446	72.62385	269.12189	-0.04985	-0.10679	0.16642
-26.42337	72.77741	269.73892	-0.05713	-0.10416	0.20511
-26.20058	73.15491	270.51242	-0.08828	-0.08532	0.26155
-25.99856	73.31679	271.14029	-0.10035	-0.07592	0.30408
-25.83577	73.43196	271.54108	-0.10246	-0.06828	0.33888
-25.65415	73.57333	272.02994	-0.12460	-0.06131	0.37320
-25.34805	73.92423	272.60757	-0.15857	-0.05254	0.42379
-25.02144	74.06318	273.15289	-0.16901	-0.05579	0.48296
-24.78486	74.13546	273.49136	-0.17575	-0.05590	0.52815
-24.47199	74.23065	273.92245	-0.17938	-0.05662	0.59431
-23.82158	74.36447	274.22601	-0.20692	-0.04652	0.66399
-23.31044	74.42662	274.61203	-0.23160	-0.03368	0.72025
-22.88124	74.44765	274.87955	-0.24195	-0.02574	0.76717
-22.42610	74.51095	275.16269	-0.25682	-0.00541	0.82074
-21.85593	74.71948	275.38092	-0.25620	0.03089	0.87689
-21.37775	74.77822	275.62787	-0.25844	0.05534	0.93895
-20.94801	74.73698	275.83051	-0.26513	0.06093	0.98750
-20.58173	74.73593	275.99496	-0.26830	0.06933	1.02372
-20.11267	74.75660	276.19885	-0.26258	0.07749	1.07292
-19.82076	74.90228	276.29333	-0.25877	0.09286	1.08884
-19.37835	74.87495	276.45508	-0.25295	0.09945	1.13014
-18.82841	74.88234	276.64328	-0.25653	0.11290	1.17068
-18.22319	74.93519	276.85928	-0.25320	0.12074	1.21767
-17.67788	75.12812	277.04395	-0.26766	0.11800	1.21051
-17.16715	75.10513	277.21545	-0.25709	0.11858	1.24712
-16.57453	75.10806	277.38055	-0.25571	0.12135	1.27388
-16.06821	75.09744	277.50354	-0.25041	0.12074	1.29982
-15.04652	75.26019	277.71268	-0.26629	0.13577	1.31371
-14.35274	75.25007	277.87836	-0.25877	0.13640	1.32641
-13.59124	75.22408	278.03738	-0.25516	0.12487	1.33993
-13.10108	75.33270	278.17914	-0.27391	0.13950	1.31484
-12.42935	75.31446	278.36020	-0.26800	0.13157	1.31768
-11.91532	75.30067	278.51093	-0.26295	0.12391	1.32613
-11.30233	75.29381	278.67111	-0.25562	0.12112	1.33193
-10.36590	75.50459	278.79086	-0.26397	0.14545	1.33046
-9.58941	75.47626	278.97202	-0.24961	0.13667	1.34067
-8.98331	75.44616	279.12952	-0.23842	0.13032	1.34837
-8.26223	75.41062	279.28088	-0.24342	0.12483	1.34682
-6.72522	75.59483	279.48151	-0.26187	0.14616	1.35663
-5.83829	75.55238	279.69415	-0.25246	0.13141	1.35565
-5.11915	75.52534	279.90021	-0.25149	0.11979	1.35764
-4.28996	75.54102	280.09485	-0.25102	0.11361	1.35526
-2.74337	75.83047	280.42337	-0.27939	0.13480	1.34392
-1.97817	75.81818	280.59882	-0.27567	0.12684	1.34641
-1.13885	75.82647	280.82257	-0.27207	0.11797	1.34599
-0.25040	75.87460	281.02936	-0.28105	0.11320	1.34531
0.99804	76.13707	281.24408	-0.29444	0.14554	1.35683
1.96047	76.15068	281.46701	-0.29626	0.13868	1.36697
2.72925	76.13100	281.64685	-0.29867	0.12568	1.38155
3.60519	76.11447	281.82022	-0.29528	0.11475	1.38977
4.64354	76.28660	281.91830	-0.29641	0.14504	1.40278
5.69046	76.25822	282.08780	-0.30915	0.13897	1.40757
6.53400	76.23064	282.21835	-0.31378	0.13509	1.42353
7.50585	76.25672	282.36676	-0.31747	0.13478	1.43890
8.38096	76.41792	282.34418	-0.32468	0.17343	1.45495
9.39445	76.38925	282.41394	-0.32906	0.17790	1.47789
10.18989	76.33326	282.48135	-0.33536	0.17837	1.49880
11.10261	76.28644	282.56937	-0.33586	0.18207	1.52477
11.81075	76.43800	282.48700	-0.31703	0.21195	1.56129
13.07673	76.32033	282.48410	-0.31888	0.21559	1.60898
14.19205	76.18887	282.43835	-0.31226	0.21227	1.63445
15.44953	76.03107	282.40543	-0.31405	0.20354	1.66131
16.41211	76.16555	282.33456	-0.30105	0.21585	1.68658
17.50597	76.15099	282.32678	-0.30051	0.22094	1.71791
18.57217	76.09831	282.25458	-0.30172	0.22252	1.75382
19.65811	76.03967	282.13690	-0.30924	0.22401	1.79289
20.45101	76.32070	281.81485	-0.31979	0.25876	1.85094
21.55480	76.24780	281.62268	-0.32195	0.26556	1.88090
22.41758	76.14053	281.46536	-0.32291	0.26364	1.91100
23.36368	76.05666	281.26700	-0.31956	0.26450	1.93203
24.06451	75.98169	280.85764	-0.31143	0.27442	1.94298
25.05924	75.84370	280.62921	-0.31157	0.26893	1.96529
26.08173	75.74508	280.39166	-0.31083	0.26693	1.99122
27.09441	75.63755	280.13364	-0.30701	0.26487	2.01537
27.93701	75.53157	279.91458	-0.30133	0.26094	2.03105
29.04601	75.54169	279.58893	-0.29840	0.27318	2.04025
30.00456	75.43790	279.33508	-0.29438	0.27133	2.06190
30.74285	75.34146	279.16220	-0.29285	0.26620	2.08681
31.50961	75.22095	278.92178	-0.28379	0.25997	2.09847
31.91923	75.31354	278.74222	-0.28444	0.28116	2.11391
32.75700	75.19736	278.44235	-0.28486	0.27917	2.13447
33.60041	75.07316	278.10434	-0.29079	0.27576	2.15433
34.39534	75.10850	277.68250	-0.29661	0.29549	2.17241
35.10733	74.97875	277.40701	-0.29787	0.29141	2.19415
35.67001	74.87643	277.19220	-0.29540	0.28918	2.21672
36.32992	74.77975	276.94586	-0.29818	0.29165	2.25414
37.12493	74.84052	276.53452	-0.29269	0.32064	2.30181
37.75108	74.72273	276.24582	-0.28805	0.32381	2.33184
38.27896	74.63790	275.98343	-0.28499	0.32529	2.35497
38.97578	74.49956	275.61307	-0.28971	0.32533	2.38674
40.36756	74.41832	274.78305	-0.28295	0.34268	2.42546
41.01527	74.27417	274.43561	-0.28461	0.34081	2.44619
41.51976	74.14329	274.17114	-0.28300	0.33594	2.45697
42.03941	74.00756	273.86011	-0.28054	0.33323	2.47047
42.48631	73.90617	273.59680	-0.27419	0.33191	2.48528
43.88968	73.79001	272.73517	-0.25520	0.34279	2.51044
44.56729	73.60812	272.34076	-0.24965	0.33633	2.52089
45.31604	73.43747	271.87292	-0.24210	0.33416	2.53379
47.08851	73.23521	270.76959	-0.22996	0.35678	2.55201
47.83946	73.04509	270.26022	-0.21907	0.35657	2.56108
48.39884	72.90021	269.88358	-0.21673	0.35525	2.57364
48.86644	72.77340	269.56461	-0.22026	0.34971	2.58419
49.37442	72.58595	269.18332	-0.21372	0.34721	2.59562
50.86053	72.39965	268.02908	-0.22406	0.36914	2.63464
51.48196	72.20346	267.57053	-0.22107	0.36170	2.63412
52.17341	71.98208	267.04025	-0.21516	0.35241	2.63438
53.57827	71.78179	265.91321	-0.21594	0.36332	2.66121
54.36400	71.59184	265.32339	-0.20662	0.35936	2.66103
55.21569	71.39525	264.66226	-0.20044	0.35401	2.66374
56.17107	71.19296	263.89804	-0.19560	0.35259	2.66674
57.10686	70.98905	263.15848	-0.19220	0.35085	2.67031
59.08695	70.70068	261.65491	-0.20075	0.35591	2.68493
59.82070	70.48305	261.07639	-0.19095	0.34807	2.67945
60.63167	70.31506	260.44824	-0.18811	0.34603	2.68018
61.98553	70.19923	259.23572	-0.20332	0.36431	2.70593
63.00558	69.96968	258.37198	-0.19822	0.36889	2.71461
64.00350	69.71988	257.51678	-0.19593	0.36343	2.70638
65.07254	69.41968	256.59921	-0.19903	0.35158	2.69835
66.10507	69.15594	255.73668	-0.20750	0.34250	2.68837
67.33079	69.06054	254.74759	-0.23214	0.35485	2.69130
68.30906	68.86326	253.95979	-0.23280	0.34874	2.68069
69.32983	68.64993	253.14250	-0.23319	0.33857	2.66097
71.03732	68.56780	252.01202	-0.23473	0.35237	2.65589
72.04815	68.37724	251.25868	-0.23872	0.34874	2.64538
72.98254	68.19794	250.56418	-0.23939	0.34644	2.63663
73.94519	67.99290	249.85907	-0.23990	0.33738	2.62027
75.20387	68.12796	248.90698	-0.23360	0.33260	2.60442
76.20683	67.93082	248.20981	-0.23461	0.32522	2.58875
76.89508	67.80777	247.76408	-0.23577	0.32142	2.57722
77.66618	67.67535	247.23604	-0.23379	0.32053	2.56489
78.39689	67.67681	246.78827	-0.21852	0.32736	2.54307
79.25852	67.54065	246.23955	-0.21899	0.32054	2.52468
80.13627	67.42481	245.69312	-0.21939	0.31675	2.50370
81.08801	67.28867	245.11514	-0.22128	0.31387	2.48420
82.35719	67.24718	244.32458	-0.21936	0.32310	2.46286
83.24685	67.12134	243.81177	-0.22394	0.32048	2.44659
84.14918	67.00719	243.29472	-0.22766	0.31896	2.42916
85.03675	66.87502	242.80438	-0.23093	0.31606	2.41125
85.66313	66.76665	242.47751	-0.23582	0.31154	2.40008
87.09342	66.66653	241.73566	-0.24043	0.31900	2.37379
87.96319	66.57403	241.30794	-0.23942	0.31839	2.36209
88.82780	66.42789	240.89258	-0.23875	0.31035	2.34108
89.50590	66.47212	240.58582	-0.23281	0.31201	2.32833
90.35642	66.34630	240.17139	-0.23580	0.30894	2.30815
91.20616	66.21460	239.75900	-0.24059	0.30495	2.28781
92.06421	66.12651	239.38345	-0.24774	0.30271	2.27146
92.93137	66.00948	239.01717	-0.25193	0.29858	2.25274
94.62986	66.09627	238.31662	-0.25051	0.29362	2.22383
95.37390	66.00923	238.04839	-0.25366	0.28756	2.20365
96.17037	65.89116	237.74170	-0.25906	0.27903	2.17796
97.31953	65.98470	237.40775	-0.25350	0.27788	2.14045
98.04314	65.92289	237.17429	-0.25571	0.26933	2.11257
98.73455	65.85981	236.96552	-0.25915	0.26221	2.08409
99.23767	65.79609	236.82100	-0.25948	0.25442	2.06167
100.36111	65.94446	236.58029	-0.25436	0.25186	2.02166
101.18214	65.88677	236.36827	-0.26042	0.24525	1.98541
102.06483	65.77131	236.17401	-0.26782	0.23053	1.94423
103.03442	65.72869	236.00037	-0.27157	0.21928	1.90431
104.80717	65.88734	235.68683	-0.26791	0.20846	1.84945
105.82326	65.86096	235.59062	-0.27220	0.19199	1.80591
106.80962	65.87375	235.52255	-0.27298	0.17635	1.76472
107.69100	65.86918	235.51860	-0.27156	0.16413	1.72795
108.58482	65.88059	235.54971	-0.27309	0.15102	1.68856
109.80492	66.11267	235.57005	-0.26781	0.15837	1.65406
110.47610	66.08031	235.60393	-0.26509	0.13775	1.61000
111.27621	66.11425	235.66011	-0.26840	0.12178	1.55676
112.29279	66.41080	235.72090	-0.26806	0.12806	1.49730
113.16274	66.43843	235.88292	-0.27030	0.11033	1.44699
113.74067	66.46262	236.03149	-0.27073	0.09701	1.42243
114.37405	66.51477	236.21397	-0.26685	0.08470	1.39081
115.77660	66.78026	236.51874	-0.24468	0.09084	1.35656
116.62335	66.86948	236.79318	-0.23963	0.07652	1.31557
117.10023	66.92310	236.93051	-0.23439	0.07333	1.28677
118.22231	67.34509	237.33153	-0.22801	0.09476	1.24640
118.76651	67.40253	237.56812	-0.23191	0.08567	1.21390
119.37272	67.48785	237.83319	-0.23455	0.07929	1.18369
120.08720	67.62346	238.15054	-0.23169	0.07572	1.15040
120.82648	67.76958	238.46509	-0.24024	0.08641	1.13533
121.65755	67.87910	238.89081	-0.23849	0.07439	1.10763
122.46658	67.98849	239.35268	-0.23911	0.06549	1.08106
122.98520	68.05795	239.66165	-0.23643	0.05719	1.06989
125.15643	68.59920	240.75629	-0.21224	0.03735	1.05466
125.66106	68.68079	241.08659	-0.20887	0.03024	1.04651
126.28536	68.77573	241.51808	-0.21149	0.01924	1.02608
127.28951	69.12412	242.08818	-0.20585	0.02047	1.01650
128.06514	69.26170	242.64981	-0.20882	0.01282	0.99318
128.55426	69.36605	243.02161	-0.21090	0.00756	0.97818
129.76608	69.81451	243.87396	-0.20787	0.01286	0.95031
130.45868	69.98088	244.42569	-0.20746	0.00632	0.92843
131.07346	70.24339	244.94742	-0.19509	-0.00238	0.91133
131.55415	70.37931	245.36885	-0.19181	-0.01099	0.89694
132.19781	70.53511	245.98784	-0.19155	-0.02831	0.87334
132.68213	70.65990	246.43376	-0.19019	-0.03568	0.85625
133.69609	71.07150	247.45724	-0.16872	-0.03947	0.82374
134.38034	71.29906	248.19688	-0.16040	-0.04090	0.79858
135.01901	71.64179	248.89680	-0.15498	-0.03700	0.78235
135.37314	71.77429	249.37447	-0.15324	-0.04349	0.77341
135.92427	71.95029	250.04659	-0.14455	-0.05066	0.75670
136.48112	72.30670	250.86012	-0.13378	-0.04768	0.73348
136.78343	72.39752	251.25523	-0.13376	-0.05458	0.72025
137.22314	72.54409	251.81746	-0.13078	-0.06109	0.70288
137.36926	72.80180	252.12460	-0.13317	-0.05946	0.68420
137.65724	72.88868	252.53883	-0.13349	-0.06598	0.66933
138.07721	73.01369	253.15355	-0.13220	-0.07799	0.64773
138.37669	73.10661	253.63029	-0.12730	-0.08858	0.63666
138.97203	73.51425	254.64774	-0.11751	-0.09018	0.61435
139.27502	73.67216	255.14764	-0.11478	-0.09552	0.59752
139.68263	73.87940	255.85071	-0.11252	-0.10374	0.58338
139.97246	74.03680	256.39832	-0.11048	-0.11207	0.57209
140.25780	74.41179	256.96497	-0.10173	-0.09872	0.57063
140.48198	74.53438	257.36304	-0.10310	-0.10779	0.56330
140.66476	74.65858	257.74139	-0.10357	-0.11745	0.55453
140.95781	75.08784	258.46243	-0.09852	-0.11209	0.55383
141.29015	75.24098	259.12936	-0.08707	-0.11831	0.54722
141.52223	75.36214	259.62918	-0.08254	-0.11959	0.54047
141.75835	75.51267	260.12094	-0.08183	-0.11573	0.53420
142.14229	75.96406	260.91055	-0.07738	-0.12498	0.53416
142.37958	76.15410	261.39090	-0.07872	-0.12653	0.52702
142.59792	76.29135	261.85385	-0.07769	-0.13002	0.52344
142.87752	76.45760	262.49817	-0.07891	-0.13614	0.52318
143.36667	76.99976	263.58728	-0.08131	-0.11624	0.51710
143.69016	77.19662	264.30170	-0.08352	-0.12561	0.51753
143.93529	77.35485	264.82855	-0.08343	-0.13207	0.51583
144.14931	77.48295	265.31696	-0.08178	-0.14235	0.51757
144.44725	77.86956	266.10876	-0.07959	-0.13504	0.51779
144.67599	78.00206	266.61255	-0.07629	-0.14283	0.51910
144.84839	78.12715	267.03876	-0.07928	-0.14332	0.52435
145.06978	78.22324	267.56699	-0.09403	-0.15070	0.52510
145.29526	78.37011	268.05423	-0.09533	-0.15374	0.52649
145.72298	78.88531	269.06305	-0.08982	-0.13613	0.51477
145.92339	79.05867	269.50592	-0.08349	-0.14723	0.51910
146.11987	79.20025	269.98874	-0.07796	-0.16452	0.52591
146.52531	79.67416	270.91739	-0.04903	-0.14665	0.51536
146.70963	79.77928	271.34393	-0.05253	-0.12643	0.51042
146.88632	79.89214	271.76065	-0.05775	-0.12016	0.51340
147.05373	80.00808	272.18704	-0.06578	-0.11536	0.51914
147.45959	80.46641	273.03979	-0.08404	-0.07894	0.51047
147.62631	80.54875	273.44037	-0.08673	-0.08281	0.51265
147.79933	80.63252	273.86438	-0.09154	-0.08111	0.51401
147.99751	80.73183	274.31439	-0.09445	-0.08060	0.51530
148.21420	80.84460	274.76868	-0.10103	-0.07924	0.51420
148.43547	80.94451	275.22787	-0.10353	-0.07802	0.51203
148.99750	81.42918	276.45670	-0.08979	-0.07494	0.51046
149.19073	81.48969	276.88440	-0.08800	-0.08534	0.51430
149.38538	81.56840	277.33093	-0.08634	-0.09247	0.51898
149.55042	81.65006	277.71860	-0.08311	-0.09399	0.52383
149.72459	81.71525	278.09607	-0.08533	-0.10064	0.52671
150.04265	82.33857	278.75937	-0.06241	-0.10711	0.52848
150.20889	82.41947	279.15085	-0.06045	-0.11024	0.53713
150.40440	82.50311	279.56052	-0.05891	-0.11658	0.54384
150.60646	82.59261	279.98517	-0.05436	-0.12313	0.54894
150.81633	82.71915	280.42810	-0.04612	-0.12675	0.55486
151.18434	83.08117	281.21432	-0.05425	-0.10240	0.53781
151.39288	83.21835	281.63760	-0.05971	-0.10031	0.53797
151.60141	83.32953	282.07733	-0.06142	-0.10243	0.53987
151.81148	83.44448	282.53137	-0.06199	-0.10507	0.54164
152.02635	83.55480	283.01700	-0.06142	-0.10894	0.54606
152.44847	84.07011	284.13965	-0.06228	-0.09107	0.52237
152.68005	84.19736	284.66345	-0.06515	-0.09647	0.52464
152.91002	84.33395	285.18979	-0.06669	-0.10187	0.52872
153.14842	84.47952	285.71539	-0.06535	-0.10442	0.53209
153.38905	84.60979	286.23810	-0.06136	-0.10969	0.53551
153.72652	84.97240	287.02570	-0.05662	-0.10388	0.53348
153.96724	85.08974	287.52945	-0.06055	-0.10455	0.53272
154.19266	85.20973	288.01929	-0.06207	-0.10395	0.53243
154.41928	85.32001	288.50906	-0.06241	-0.10537	0.53338
154.69200	85.74306	289.03302	-0.07044	-0.07284	0.51749
154.91403	85.83688	289.50354	-0.07332	-0.07445	0.51543
155.12630	85.93909	289.96707	-0.07208	-0.07324	0.51117
155.33783	86.05455	290.41830	-0.07035	-0.07085	0.50816
155.58356	86.19415	290.90576	-0.07201	-0.07610	0.50846
155.88950	86.55537	291.62143	-0.06384	-0.06513	0.50652
156.11841	86.66756	292.09351	-0.06764	-0.06811	0.50404
156.34695	86.79294	292.59943	-0.06730	-0.07033	0.50389
156.57487	86.89375	293.10477	-0.06713	-0.07438	0.50481
156.78795	87.00792	293.60184	-0.06752	-0.07461	0.50574
157.14195	87.43283	294.40701	-0.06773	-0.08389	0.51722
157.36461	87.53856	294.91226	-0.06519	-0.08778	0.51820
157.61591	87.64363	295.43265	-0.06376	-0.09416	0.51305
157.84705	87.78449	295.95068	-0.06588	-0.09462	0.51003
158.09167	87.90685	296.47922	-0.06700	-0.10073	0.50668
158.48190	88.32186	297.47144	-0.06395	-0.08941	0.50408
158.70985	88.41688	297.98630	-0.06941	-0.09332	0.50560
158.93434	88.53976	298.50970	-0.07262	-0.09312	0.50696
159.16504	88.65646	299.03857	-0.07647	-0.09425	0.50486
159.38824	88.78034	299.55536	-0.08016	-0.09504	0.50131
159.75366	89.23598	300.28775	-0.08323	-0.07501	0.51223
159.96858	89.37064	300.82187	-0.08184	-0.08016	0.51781
160.21556	89.52277	301.36383	-0.08197	-0.08071	0.51897
160.48206	89.64809	301.92889	-0.07999	-0.08879	0.51949
160.87646	90.27279	302.86020	-0.06099	-0.07353	0.51478
161.14427	90.38831	303.42545	-0.05942	-0.08005	0.51532
161.40836	90.50453	303.99432	-0.05452	-0.08359	0.51400
161.65607	90.62632	304.56284	-0.04862	-0.08675	0.51567
161.89270	90.75865	305.10132	-0.04864	-0.08870	0.51507
162.12849	91.10755	305.79507	-0.04424	-0.07933	0.50947
162.35512	91.23418	306.34012	-0.04286	-0.08219	0.51157
162.58897	91.35149	306.88629	-0.04431	-0.08903	0.51048
162.82458	91.49769	307.42093	-0.04583	-0.09201	0.50704
163.05125	91.62951	307.96545	-0.05068	-0.09794	0.50414
163.32426	91.98960	308.60773	-0.06100	-0.07526	0.50153
163.54951	92.10741	309.14075	-0.05926	-0.07824	0.50125
163.76466	92.21916	309.66541	-0.05630	-0.08291	0.50144
163.98006	92.32422	310.18982	-0.05288	-0.08835	0.50151
164.19594	92.43480	310.74265	-0.05312	-0.09177	0.50176
164.42311	92.54653	311.28299	-0.05079	-0.09567	0.50050
164.82291	92.92204	312.16516	-0.03930	-0.08210	0.50153
165.06366	93.00847	312.71924	-0.03486	-0.08948	0.50001
165.30556	93.09977	313.32800	-0.02986	-0.10034	0.50070
165.56055	93.22643	313.92148	-0.02705	-0.10181	0.49809
165.78433	93.34779	314.49203	-0.02281	-0.10574	0.49832
166.23920	93.98125	315.46024	-0.01826	-0.08240	0.49802
166.46539	94.09219	316.03421	-0.01178	-0.08760	0.49622
166.67143	94.21998	316.59253	-0.00752	-0.08944	0.49606
166.91962	94.34634	317.17685	-0.00516	-0.08918	0.49557
167.20946	94.81387	317.90472	-0.02132	-0.03987	0.51037
167.42848	94.93923	318.48978	-0.02355	-0.02706	0.52045
167.66202	95.02544	319.05505	-0.02612	-0.02960	0.52485
167.82628	95.14966	319.55557	-0.02092	-0.04032	0.54808
168.49335	95.74022	320.83142	-0.04805	-0.01751	0.55693
168.70483	95.81059	321.30438	-0.04819	-0.02062	0.56355
168.96381	95.89083	321.82098	-0.05013	-0.02027	0.56535
169.29156	95.98380	322.40802	-0.04576	-0.02003	0.56437
170.07466	96.74511	324.34357	-0.04759	-0.03323	0.53324
170.35413	96.86109	324.91336	-0.04474	-0.03788	0.53369
170.62869	96.98921	325.48923	-0.04088	-0.04005	0.53179
170.92851	97.10348	326.04327	-0.03812	-0.04464	0.52778
171.21060	97.20171	326.62512	-0.02809	-0.04604	0.53091
172.05713	97.82229	328.46964	-0.03741	-0.04148	0.50541
172.34949	97.94953	329.14761	-0.04188	-0.04625	0.50398
172.63176	98.05169	329.75449	-0.04159	-0.04944	0.50507
172.95561	98.21231	330.49963	-0.04174	-0.05052	0.50754
173.57451	98.87549	331.82184	-0.07134	-0.04413	0.51754
173.76814	98.99071	332.29675	-0.07258	-0.05729	0.52854
173.94691	99.06370	332.71494	-0.07041	-0.06803	0.53948
174.14528	99.17188	333.20337	-0.06614	-0.06983	0.55172
174.81001	99.75270	334.54300	-0.07780	-0.05410	0.55580
175.19598	99.88064	335.19940	-0.07265	-0.06428	0.56338
175.51515	99.99831	335.75125	-0.07309	-0.07529	0.56748
175.82565	100.15413	336.35419	-0.07410	-0.07712	0.57650
176.77699	100.77511	338.17429	-0.08790	-0.05616	0.57320
177.18120	100.96544	338.90192	-0.07853	-0.05815	0.58890
177.54588	101.09585	339.47394	-0.07624	-0.06415	0.59659
177.91014	101.22941	340.08307	-0.07257	-0.07076	0.60777
178.71732	101.75565	341.38699	-0.07794	-0.05405	0.60918
179.06792	101.89736	341.95346	-0.07591	-0.05867	0.61566
179.36903	102.01685	342.46671	-0.07514	-0.06439	0.62337
179.65358	102.12897	342.93494	-0.07242	-0.06758	0.63024
179.98318	102.24038	343.48151	-0.06718	-0.07395	0.64157
180.61279	102.68643	344.54425	-0.09916	-0.05437	0.63061
180.99930	102.82441	345.12915	-0.09285	-0.05782	0.63880
181.41882	102.98106	345.83200	-0.08460	-0.05419	0.65161
182.28210	103.47713	347.09003	-0.10685	-0.03967	0.65185
182.65639	103.61382	347.66586	-0.10033	-0.04866	0.65747
183.05333	103.76698	348.26633	-0.09821	-0.05958	0.67102
183.50250	103.93481	348.92337	-0.09078	-0.06299	0.67914
184.27147	104.40428	349.96967	-0.11702	-0.04985	0.66188
184.68257	104.53477	350.57086	-0.10652	-0.05435	0.67023
185.05064	104.65583	351.08344	-0.10491	-0.06019	0.67447
185.51671	104.80890	351.74789	-0.10767	-0.06688	0.68039
186.38972	105.31503	352.94791	-0.13193	-0.04967	0.67004
186.81035	105.47455	353.56772	-0.12749	-0.05111	0.68306
187.28029	105.64075	354.26138	-0.12632	-0.05365	0.70151
187.70796	105.75935	354.80209	-0.12687	-0.05636	0.71151
188.81126	106.39380	356.13568	-0.14922	-0.03422	0.71803
189.36159	106.53757	356.80215	-0.15166	-0.03454	0.73120
189.85066	106.63953	357.35797	-0.14973	-0.04170	0.74333
190.40202	106.73614	358.01184	-0.15579	-0.05171	0.75556
190.89250	106.83799	358.54828	-0.15835	-0.05896	0.76563
191.95215	107.28158	359.61575	-0.18063	-0.05388	0.75519
192.58334	107.46578	360.24905	-0.17685	-0.05909	0.77161
193.24574	107.65561	360.88947	-0.17286	-0.06563	0.79340
193.62848	108.05473	361.23422	-0.17338	-0.04220	0.79561
194.21292	108.21164	361.79355	-0.17554	-0.04376	0.81244
194.83109	108.38394	362.35693	-0.17949	-0.04338	0.82791
195.30847	108.49824	362.76532	-0.18464	-0.04486	0.84125
195.93094	108.90666	363.28619	-0.19894	-0.01405	0.85490
196.54997	109.03073	363.83276	-0.19992	-0.01722	0.87160
197.15511	109.17856	364.36725	-0.20049	-0.01443	0.88969
197.63782	109.27843	364.77563	-0.19942	-0.01384	0.90552
198.55342	109.60670	365.44788	-0.20372	-0.00759	0.92645
199.16472	109.68497	365.91440	-0.20711	-0.01323	0.94246
199.83783	109.78113	366.39252	-0.20823	-0.02115	0.95725
200.52286	109.88567	366.86911	-0.20732	-0.02833	0.97265
201.45183	110.27690	367.43405	-0.21491	-0.01388	0.97461
202.05339	110.36164	367.85715	-0.21441	-0.02015	0.98453
202.68718	110.46881	368.30533	-0.21977	-0.02507	0.99014
203.68343	110.94650	368.90463	-0.22884	-0.00095	0.98448
204.37779	111.05840	369.36514	-0.23007	-0.00887	0.98978
204.91972	111.13832	369.72885	-0.23082	-0.01869	0.99773
205.50395	111.22385	370.11197	-0.22946	-0.03164	1.01118
206.58183	111.54240	370.73230	-0.22715	-0.01742	1.01739
207.27269	111.64463	371.15134	-0.21968	-0.01477	1.02840
208.31493	112.10679	371.63715	-0.23192	0.02754	1.04052
209.07169	112.21189	372.06854	-0.23413	0.02174	1.05770
209.85043	112.35246	372.51242	-0.23599	0.01462	1.07983
211.07893	112.65773	373.12540	-0.24039	0.02989	1.10084
211.97659	112.78394	373.55368	-0.24006	0.03004	1.11687
212.75609	112.85349	373.94077	-0.24589	0.02139	1.13139
213.59424	112.88934	374.33508	-0.25669	0.01061	1.14526
214.72856	113.22224	374.81290	-0.25344	0.02406	1.15294
215.48567	113.32953	375.12692	-0.24968	0.02079	1.17332
216.27908	113.41911	375.43497	-0.25328	0.01681	1.18931
216.83630	113.68820	375.53992	-0.24361	0.04337	1.19569
217.64452	113.74721	375.84375	-0.24613	0.03794	1.20702
218.29799	113.79688	376.10571	-0.24475	0.03186	1.22560
219.20775	113.98307	376.45270	-0.25183	0.04077	1.23389
219.76607	114.01876	376.66418	-0.25000	0.03766	1.24771
220.37390	114.06656	376.89587	-0.24490	0.03635	1.26012
221.26328	114.37006	377.14417	-0.24746	0.06151	1.25470
221.97896	114.39655	377.40134	-0.25064	0.05691	1.26165
222.69341	114.42687	377.65143	-0.25090	0.05212	1.27191
223.50092	114.60719	377.88861	-0.24890	0.06066	1.27298
224.13141	114.64441	378.08362	-0.24567	0.05886	1.28504
224.64963	114.68593	378.24326	-0.24906	0.05592	1.29199
225.15796	114.71329	378.38824	-0.25282	0.05207	1.30032
226.31055	115.12028	378.57434	-0.25368	0.07202	1.31328
226.80568	115.14877	378.71289	-0.25784	0.06903	1.32189
227.37668	115.19859	378.85495	-0.26627	0.07014	1.32578
229.01408	115.61073	379.24390	-0.28518	0.08660	1.31517
229.49821	115.65987	379.36398	-0.28784	0.08695	1.32171
230.48177	115.80705	379.58334	-0.28246	0.09428	1.32997
231.13193	115.87029	379.74170	-0.28046	0.09696	1.34111
231.87329	115.94162	379.89331	-0.27777	0.10314	1.35157
233.34290	116.17841	380.22375	-0.25412	0.10610	1.38101
233.96346	116.18363	380.34164	-0.25511	0.10285	1.39869
234.68492	116.20687	380.46765	-0.25597	0.10090	1.41595
236.38167	116.54316	380.69119	-0.28443	0.10521	1.43503
237.24338	116.56313	380.81662	-0.28886	0.09930	1.45817
238.15959	116.60794	380.91458	-0.29579	0.09765	1.48376
239.99741	116.81859	381.09869	-0.29198	0.10729	1.51539
241.02448	116.89014	381.17429	-0.29382	0.10912	1.54077
242.08139	116.97386	381.21893	-0.29932	0.11244	1.56854
243.83078	117.30869	381.28632	-0.29141	0.13666	1.59690
244.64879	117.33378	381.32324	-0.29457	0.13299	1.61854
245.59833	117.40618	381.27777	-0.29144	0.13421	1.63524
246.58669	117.40379	381.25366	-0.29801	0.13034	1.65278
247.59065	117.43060	381.23151	-0.30317	0.12765	1.67304
248.35240	117.55864	381.21100	-0.29182	0.12197	1.66914
249.45142	117.62028	381.16367	-0.29385	0.12276	1.68918
250.35425	117.64342	381.11942	-0.29674	0.11976	1.70482
251.31401	117.66060	381.06198	-0.29647	0.11643	1.72279
253.09010	117.90714	380.83810	-0.29131	0.13558	1.73198
253.71970	117.88976	380.77582	-0.29091	0.13058	1.73977
254.27261	117.89772	380.71481	-0.29127	0.12518	1.74711
254.86018	117.92773	380.71924	-0.28693	0.12628	1.76407
255.25476	118.15395	380.65439	-0.27079	0.14883	1.78482
255.86464	118.19406	380.61340	-0.27020	0.15029	1.79819
256.58105	118.20996	380.56265	-0.26834	0.14858	1.81345
257.36121	118.23232	380.53979	-0.26910	0.14909	1.83845
258.63403	118.41001	380.27448	-0.27257	0.16847	1.86010
259.34003	118.42994	380.19412	-0.27280	0.16609	1.86880
260.12949	118.45970	380.09338	-0.27278	0.16555	1.87638
261.02844	118.46546	379.96552	-0.27770	0.16262	1.88951
262.60498	118.61884	379.66870	-0.27168	0.16291	1.85341
263.39066	118.62232	379.57617	-0.27913	0.16234	1.86210
264.26929	118.67477	379.47577	-0.27794	0.16286	1.87678
264.99438	118.67964	379.33447	-0.27381	0.16065	1.88259
266.44971	118.88092	379.03397	-0.26479	0.17005	1.88448
267.35620	118.90398	378.94879	-0.26196	0.17547	1.91222
268.07199	118.89865	378.81723	-0.25685	0.17723	1.92228
268.85800	118.87976	378.66815	-0.25435	0.17000	1.93406
270.07913	119.04260	378.37479	-0.25673	0.17212	1.93220
270.75961	119.03184	378.25565	-0.25748	0.16494	1.94859
271.49783	119.02700	378.12070	-0.25231	0.16887	1.96532
272.07825	119.01421	377.99686	-0.24961	0.16778	1.97283
273.21497	119.25629	377.71457	-0.27150	0.17603	1.94012
273.82501	119.25216	377.59738	-0.27791	0.17610	1.94928
274.35870	119.23959	377.47400	-0.28270	0.16608	1.95515
274.96985	119.24171	377.34241	-0.28174	0.16332	1.96777
276.22971	119.41624	377.07178	-0.25897	0.18485	1.93873
276.97940	119.39251	376.92230	-0.26435	0.18042	1.93963
277.84988	119.36200	376.73645	-0.27465	0.17157	1.93712
280.11258	119.64932	376.23880	-0.26825	0.16509	1.92352
281.10602	119.66740	376.04205	-0.26941	0.16091	1.92842
282.13010	119.69302	375.82495	-0.27216	0.15570	1.93050
283.55832	119.87511	375.49701	-0.27521	0.15467	1.93073
284.53644	119.89706	375.29187	-0.27260	0.15903	1.94603
285.32648	119.92182	375.12924	-0.27301	0.15681	1.94430
286.18890	119.96291	374.92484	-0.27900	0.15627	1.94421
287.25201	120.17644	374.67090	-0.26928	0.17357	1.93756
288.03424	120.19234	374.49841	-0.26797	0.17514	1.95412
288.92761	120.20560	374.28571	-0.26708	0.17774	1.97058
289.92062	120.20455	374.04889	-0.27183	0.17416	1.97501
291.67670	120.43699	373.63870	-0.27097	0.17339	1.97088
292.41608	120.43516	373.40445	-0.27257	0.17033	1.98165
293.17752	120.46016	373.19052	-0.27251	0.17136	1.98698
294.51132	120.72200	372.98691	-0.26885	0.17429	1.94832
295.37708	120.73014	372.76831	-0.26785	0.16969	1.94987
296.29352	120.77232	372.53387	-0.27034	0.16826	1.95358
298.31079	120.93605	372.16525	-0.27227	0.16591	1.93517
299.13092	120.95927	371.98978	-0.27266	0.16596	1.94406
300.06592	120.96384	371.79761	-0.27085	0.16210	1.94973
301.09229	120.96202	371.57706	-0.26907	0.15461	1.94686
302.17770	120.98592	371.35760	-0.26438	0.14863	1.93909
303.61957	121.13326	370.86060	-0.26564	0.15120	1.94713
304.74603	121.15154	370.55609	-0.26538	0.14612	1.96089
305.59021	121.16093	370.35233	-0.26279	0.13420	1.96252
306.51852	121.20913	370.12140	-0.26361	0.12747	1.97239
307.53464	121.31921	369.91821	-0.25853	0.13260	1.97288
308.57321	121.36922	369.62857	-0.25872	0.13275	1.97033
309.64557	121.42329	369.35172	-0.25855	0.12596	1.96598
310.53403	121.70641	369.25598	-0.26095	0.13685	1.94210
311.65717	121.78085	369.00375	-0.25719	0.13583	1.93922
312.56290	121.82084	368.78491	-0.25941	0.12974	1.93313
313.65485	121.88535	368.54416	-0.26335	0.12600	1.93311
314.78156	121.95894	368.28232	-0.26642	0.12294	1.93608
316.20212	122.18746	368.06265	-0.27967	0.11871	1.93397
317.42139	122.25554	367.79587	-0.27660	0.11160	1.93487
318.83121	122.36024	367.49875	-0.27406	0.10237	1.94642
320.40646	122.46398	367.11765	-0.27233	0.09298	1.95940
321.92981	122.64999	366.66663	-0.27432	0.09509	1.97188
323.14737	122.76868	366.33301	-0.27115	0.08925	1.96915
324.50266	122.92077	365.98953	-0.27532	0.08704	1.97994
325.98553	123.09061	365.62225	-0.27110	0.08957	2.00048
327.90845	123.36032	365.28168	-0.27572	0.09279	1.99026
329.37381	123.50760	364.90894	-0.28131	0.08566	1.99278
330.60355	123.62701	364.55933	-0.28152	0.07759	1.98824
332.14359	123.92194	364.19006	-0.28306	0.09642	1.95516
333.32535	124.01443	363.89383	-0.29050	0.08507	1.94861
334.49530	124.14217	363.63101	-0.29353	0.07720	1.94976
335.68274	124.26289	363.32715	-0.29888	0.07082	1.95293
336.65375	124.46741	363.10739	-0.29780	0.09193	1.93991
337.81628	124.57414	362.78699	-0.29554	0.08931	1.94269
338.80255	124.65376	362.53497	-0.29055	0.08395	1.93744
339.84808	124.79416	362.28656	-0.28679	0.08038	1.93260
340.80713	124.99915	362.10779	-0.27321	0.09990	1.92531
342.04062	125.10924	361.80197	-0.27243	0.09476	1.92132
343.24008	125.23304	361.54449	-0.26939	0.08879	1.92171
344.43442	125.35772	361.29810	-0.26709	0.08317	1.92064
346.08582	125.71452	360.91348	-0.27827	0.08910	1.93613
347.28745	125.85023	360.65695	-0.27830	0.08846	1.94174
348.46042	125.97118	360.37131	-0.27184	0.08212	1.93775
349.73181	126.09698	360.10266	-0.26521	0.07615	1.94064
350.67697	126.31064	359.78897	-0.27344	0.09354	1.95456
351.85889	126.43408	359.48184	-0.27031	0.08782	1.95441
353.07199	126.56042	359.17984	-0.26915	0.08175	1.95530
354.28000	126.68458	358.88501	-0.26698	0.07381	1.95621
356.18710	126.98313	358.41650	-0.27026	0.07882	1.94939
357.25165	127.05544	358.15604	-0.26991	0.07246	1.95942
358.39850	127.16833	357.90140	-0.26649	0.06571	1.96752
359.39035	127.43219	357.69586	-0.27804	0.08135	1.95833
360.63181	127.55242	357.39291	-0.27586	0.07633	1.97261
361.79926	127.67460	357.09302	-0.27197	0.07113	1.97503
362.93344	127.80327	356.79358	-0.27160	0.06443	1.97370
364.36227	127.97060	356.48685	-0.27009	0.06751	1.95578
365.39505	128.08955	356.26767	-0.27442	0.06171	1.95668
366.45511	128.20566	356.02524	-0.28140	0.05352	1.95829
367.32617	128.32268	355.85376	-0.28072	0.04774	1.95581
368.40070	128.56110	355.67770	-0.27695	0.04327	1.93207
369.41803	128.70512	355.44821	-0.27379	0.03706	1.92849
370.44894	128.83589	355.19901	-0.27782	0.03322	1.92762
371.59415	129.07704	354.79568	-0.27039	0.05556	1.93566
372.61218	129.21669	354.56970	-0.27012	0.05177	1.93830
373.66895	129.38176	354.34787	-0.27312	0.04799	1.94089
374.64731	129.43770	354.11197	-0.30864	0.03185	1.94843
375.86362	129.62167	353.82712	-0.31722	0.02229	1.95015
377.14771	129.85431	353.51114	-0.32498	0.01211	1.96141
378.35309	130.15945	353.25879	-0.33204	0.01320	1.96183
379.53513	130.36101	352.94427	-0.33825	0.01018	1.97779
380.46555	130.52621	352.65869	-0.33710	0.00946	1.99406
381.45081	130.72395	352.32071	-0.33827	0.00821	2.00618
383.15369	131.10374	351.74689	-0.31722	0.03058	1.99192
384.29968	131.29344	351.41812	-0.31253	0.02156	1.98721
385.44217	131.49179	351.07056	-0.30894	0.01262	1.98125
386.66696	131.69974	350.72839	-0.29866	0.00332	1.96901
387.94955	132.11342	350.62558	-0.28167	0.00054	1.91771
388.97784	132.30542	350.37872	-0.27630	-0.00042	1.90827
389.78241	132.46445	350.22101	-0.27030	-0.00415	1.90375
390.68500	132.60875	350.01099	-0.27018	-0.00967	1.90938
392.02231	132.91064	349.58194	-0.27642	0.00616	1.93671
393.03979	133.12495	349.27090	-0.27976	0.00463	1.94186
394.09555	133.34743	349.00644	-0.28230	0.00016	1.94099
395.19791	133.56107	348.71460	-0.28194	-0.00546	1.93957
396.99295	134.03191	348.10318	-0.30104	0.00157	1.94844
398.18448	134.27182	347.78018	-0.30341	-0.00907	1.94394
399.37604	134.50607	347.46228	-0.30661	-0.01717	1.94205
400.57275	134.74086	347.14789	-0.30827	-0.02526	1.93927
401.55536	134.93990	346.88272	-0.30785	-0.03223	1.93970
402.79175	135.30882	346.56235	-0.30184	-0.02497	1.93473
403.86575	135.55515	346.27615	-0.30420	-0.03001	1.93443
404.96631	135.82388	346.00574	-0.30542	-0.03298	1.93485
405.43976	136.00500	345.93475	-0.29830	-0.00968	1.94223
406.62903	136.23650	345.61517	-0.29515	-0.02113	1.93712
407.86310	136.49966	345.28250	-0.29833	-0.03027	1.94034
409.05463	136.77065	344.94791	-0.29607	-0.03783	1.93822
410.87198	137.32335	344.44778	-0.29107	-0.02527	1.94145
412.14029	137.59087	344.10446	-0.29237	-0.02687	1.93022
413.42209	137.80592	343.77002	-0.30009	-0.03764	1.91521
414.71176	138.05057	343.46033	-0.30920	-0.04913	1.91131
416.09106	138.52264	343.11441	-0.31913	-0.02717	1.92384
417.36432	138.84816	342.81616	-0.31972	-0.02265	1.93285
418.55386	139.12025	342.48288	-0.31451	-0.02087	1.93421
419.73724	139.38547	342.15903	-0.31040	-0.01971	1.93458
420.82999	139.92365	341.66241	-0.29014	-0.00196	1.95979
422.00717	140.12631	341.34283	-0.29308	-0.01521	1.95475
422.91840	140.28755	341.09653	-0.29673	-0.02539	1.95510
423.95148	140.49263	340.76160	-0.29443	-0.02987	1.95783
425.49399	141.05269	340.36206	-0.30941	-0.03698	1.93885
426.79813	141.35063	339.91895	-0.30357	-0.06115	1.90579
427.93188	141.64304	339.64212	-0.30043	-0.07756	1.87924
429.05093	141.94995	339.39148	-0.29666	-0.09144	1.85262
429.84521	142.16858	339.24078	-0.29503	-0.10421	1.83648
431.55731	142.68581	338.92084	-0.28965	-0.07389	1.82426
432.69952	143.01886	338.72620	-0.28688	-0.07996	1.80606
433.82785	143.35194	338.51501	-0.28860	-0.08386	1.79647
435.39270	143.75497	337.87125	-0.30174	-0.04601	1.86632
436.54227	144.05801	337.66895	-0.30476	-0.05325	1.86758
437.78387	144.40750	337.41568	-0.30786	-0.05386	1.86970
439.11685	144.75537	337.13251	-0.31294	-0.06138	1.86233
440.64908	145.28036	336.66251	-0.30772	-0.06666	1.86624
441.95990	145.63155	336.38803	-0.30729	-0.07702	1.85367
443.43274	146.04189	336.07773	-0.30766	-0.09019	1.84309
444.98166	146.48235	335.79337	-0.31040	-0.10584	1.83279
446.20435	146.87627	335.37817	-0.30313	-0.09926	1.85342
447.59332	147.35336	335.11301	-0.29943	-0.10034	1.85183
449.07129	147.82040	334.79990	-0.30115	-0.10937	1.84956
450.52359	148.28252	334.32687	-0.29519	-0.08396	1.87351
452.30591	148.81111	333.98260	-0.29525	-0.09612	1.87629
453.81134	149.27596	333.66708	-0.29032	-0.09602	1.88048
455.64746	149.81932	333.10968	-0.30126	-0.08738	1.90163
457.02341	150.24001	332.78790	-0.30248	-0.09513	1.90405
458.39691	150.68481	332.43362	-0.30068	-0.10029	1.90361
459.57571	151.12631	332.14297	-0.30603	-0.08723	1.87785
460.77151	151.45961	331.87097	-0.31072	-0.09506	1.87466
462.01541	151.83609	331.58044	-0.31376	-0.10159	1.87001
463.05377	152.19437	331.34674	-0.32121	-0.09802	1.86974
464.34528	152.56607	331.08096	-0.32239	-0.10790	1.86998
465.58289	152.92813	330.83417	-0.32445	-0.11335	1.87519
466.82819	153.36266	330.56323	-0.32383	-0.11639	1.87415
467.32932	153.65060	330.42874	-0.32010	-0.09282	1.88476
468.52292	154.01779	330.14700	-0.31652	-0.09858	1.87868
469.37509	154.26901	329.97296	-0.31754	-0.10855	1.87965
470.37842	154.56696	329.74817	-0.31759	-0.11906	1.87832
471.43631	154.88855	329.50381	-0.31663	-0.12840	1.87399
472.13107	155.17952	329.27454	-0.31543	-0.11032	1.87914
473.15976	155.50508	329.04373	-0.31637	-0.11597	1.87737
473.17352	155.61288	329.03546	-0.31399	-0.08910	1.87819
474.27768	155.91364	328.80954	-0.31270	-0.10065	1.86169
475.20801	156.22479	328.60385	-0.31253	-0.09862	1.85008
475.97455	156.45926	328.44836	-0.31061	-0.10622	1.84988
476.84073	156.82092	328.22949	-0.30740	-0.09951	1.85052
477.65762	157.08601	328.07318	-0.30782	-0.09924	1.85321
478.46014	157.34398	327.91241	-0.30722	-0.10534	1.85451
478.25693	157.28818	327.93845	-0.30861	-0.09483	1.86892
478.74899	157.41385	327.82382	-0.30949	-0.10123	1.86534
479.07532	157.49684	327.75232	-0.30914	-0.10515	1.86452
479.23599	157.53374	327.71506	-0.30789	-0.10728	1.86599
478.75861	157.46172	327.79779	-0.30991	-0.09040	1.86912
478.74805	157.46498	327.80042	-0.31001	-0.09199	1.86900
478.74899	157.45834	327.79852	-0.30933	-0.09406	1.86769
